Particle       ,data/QEXT_96IR_84_VIS_NC5v2_2umrod
Ncase          ,  14
dt (sols)      ,  0.020833
Qext 0.67um    ,  1.509038
Alb sfc        ,  0.220000
Conrath nu     ,  0.002000
Sun Flux (W/m2),148.393084
BWN IR (cm-1)  ,     10.0000,     34.1670,     58.3330,     82.5000,    106.6670,    130.8330,    155.0000,    179.1670,    203.3330,    227.5000,    251.6670,    275.8330,    300.0000,    320.7880,    341.5750,    362.3630,    383.1500,    403.9380,    424.7250,    445.5130,    466.3010,    487.0880,    507.8760,    528.6630,    549.4510,    556.7420,    564.0330,    571.3240,    578.6150,    585.9060,    593.1970,    600.4880,    607.7790,    615.0700,    622.3610,    629.6520,    636.9430,    642.5500,    648.1570,    653.7640,    659.3700,    664.9770,    670.5840,    676.1910,    681.7980,    687.4050,    693.0110,    698.6180,    704.2250,    710.1390,    716.0530,    721.9670,    727.8810,    733.7950,    739.7090,    745.6240,    751.5380,    757.4520,    763.3660,    769.2800,    775.1940,    791.5010,    807.8070,    824.1140,    840.4210,    856.7270,    873.0340,    889.3410,    905.6470,    921.9540,    938.2610,    954.5670,    970.8740,    996.8050,   1022.7370,   1048.6680,   1074.6000,   1100.5310,   1126.4630,   1152.3940,   1178.3250,   1204.2570,   1230.1880,   1256.1200,   1282.0510,   1360.3990,   1438.7460,   1517.0940,   1595.4410,   1673.7890,   1752.1370,   1830.4840,   1908.8320,   1987.1790,   2065.5270,   2143.8740,   2222.2220
BWN VIS (cm-1) ,   2222.2200,   2294.3160,   2366.4120,   2438.5080,   2510.6030,   2582.6990,   2654.7950,   2726.8910,   2798.9870,   2871.0820,   2943.1780,   3015.2740,   3087.3700,   3165.9750,   3244.5800,   3323.1850,   3401.7900,   3480.3950,   3559.0000,   3637.6050,   3716.2100,   3794.8150,   3873.4200,   3952.0250,   4030.6300,   4142.2920,   4253.9530,   4365.6150,   4477.2770,   4588.9380,   4700.6000,   4812.2620,   4923.9230,   5035.5850,   5147.2470,   5258.9080,   5370.5700,   5560.6150,   5750.6600,   5940.7050,   6130.7500,   6320.7950,   6510.8400,   6700.8850,   6890.9300,   7080.9750,   7271.0200,   7461.0650,   7651.1100,   8055.1840,   8459.2580,   8863.3330,   9267.4070,   9671.4810,  10075.5550,  10479.6290,  10883.7030,  11287.7780,  11691.8520,  12095.9260,  12500.0000,  13541.6670,  14583.3330,  15625.0000,  16666.6670,  17708.3330,  18750.0000,  19791.6670,  20833.3330,  21875.0000,  22916.6670,  23958.3330,  25000.0000,  26388.8890,  27777.7780,  29166.6670,  30555.5570,  31944.4460,  33333.3350,  34722.2240,  36111.1130,  37500.0030,  38888.8920,  40277.7810,  41666.6700
SUN VIS (W/m2) ,      0.1008,      0.0862,      0.0968,      0.1089,      0.1224,      0.1136,      0.1248,      0.1400,      0.1233,      0.1698,      0.1502,      0.1645,      0.1814,      0.1477,      0.2144,      0.2377,      0.1946,      0.2106,      0.2276,      0.2472,      0.2683,      0.1918,      0.3072,      0.3239,      0.3986,      0.4261,      0.4410,      0.4688,      0.4810,      0.5017,      0.5013,      0.5485,      0.5772,      0.5665,      0.6183,      0.6303,      1.0809,      1.1806,      1.2379,      1.2751,      1.2949,      1.4092,      1.3262,      1.4132,      1.3634,      1.4505,      1.3747,      1.4716,      3.1730,      3.1258,      3.2038,      3.2543,      3.2846,      3.1576,      3.2685,      3.3520,      3.4202,      3.1800,      3.1347,      3.2554,      8.2299,      7.8425,      7.7561,      7.5237,      6.9524,      6.5235,      5.7299,      5.2748,      5.0739,      4.4511,      3.4228,      3.1828,      2.4579,      2.2644,      1.7312,      1.6575,      1.1215,      0.8173,      0.6634,      0.2677,      0.2374,      0.1697,      0.0593,      0.0486
================
wavelenght [um],    0.244068,    0.252632,    0.261818,    0.271698,    0.282353,    0.293878,    0.306383,    0.320000,    0.334884,    0.351220,    0.369231,    0.389189,    0.408511,    0.426667,    0.446512,    0.468293,    0.492308,    0.518919,    0.548571,    0.581818,    0.619355,    0.662069,    0.711111,    0.768000,    0.813143,    0.840768,    0.870336,    0.902060,    0.936184,    0.972991,    1.012810,    1.056028,    1.103099,    1.154562,    1.211061,    1.273375,    1.323436,    1.357581,    1.393534,    1.431444,    1.471474,    1.513807,    1.558648,    1.606226,    1.656801,    1.710664,    1.768147,    1.829628,    1.881560,    1.921939,    1.964090,    2.008131,    2.054193,    2.102417,    2.152960,    2.205992,    2.261704,    2.320302,    2.382017,    2.447105,    2.505432,    2.555765,    2.608162,    2.662752,    2.719677,    2.779088,    2.841153,    2.906054,    2.973989,    3.045176,    3.119855,    3.198288,    3.277268,    3.356577,    3.439819,    3.527294,    3.619334,    3.716307,    3.818620,    3.926726,    4.041130,    4.162400,    4.291175,    4.428172,    4.580751,    4.751270,    4.934974,    5.133456,    5.348572,    5.582505,    5.837838,    6.117648,    6.425631,    6.766266,    7.145039,    7.568734,    7.879690,    8.044056,    8.215425,    8.394255,    8.581043,    8.776330,    8.980716,    9.194848,    9.419442,    9.655282,    9.903235,   10.164260,   10.387231,   10.566200,   10.751445,   10.943308,   11.142136,   11.348323,   11.562291,   11.784476,   12.015368,   12.255495,   12.505409,   12.765727,   12.949392,   13.049328,   13.150818,   13.253898,   13.358608,   13.464994,   13.573088,   13.682923,   13.794549,   13.908012,   14.023357,   14.140631,   14.256763,   14.371646,   14.488386,   14.607038,   14.727660,   14.850291,   14.974981,   15.101782,   15.230738,   15.361915,   15.495384,   15.631191,   15.790367,   15.974275,   16.162517,   16.355249,   16.552633,   16.754839,   16.962047,   17.174443,   17.392227,   17.615605,   17.844795,   18.080028,   18.550914,   19.294981,   20.101230,   20.977796,   21.934298,   22.982219,   24.135264,   25.410119,   26.827165,   28.411593,   30.194923,   32.217118,   34.732292,   37.914692,   41.739101,   46.421699,   52.287582,   59.850314,   69.970927,   84.210526,  105.726686,  142.012170,  216.216216,  452.826771
Qext           ,      1.1807,      1.1807,      1.1807,      1.1807,      1.1807,      1.1807,      1.1807,      1.1807,      1.1807,      1.1807,      1.1807,      1.5090,      1.5090,      1.5090,      1.5090,      1.5090,      1.5090,      1.5090,      1.5090,      1.5090,      1.5090,      1.5090,      1.5090,      1.2139,      1.2139,      1.2139,      1.2139,      1.2139,      1.2139,      1.2139,      1.2139,      1.2139,      1.2139,      1.0066,      1.0066,      1.0066,      1.0066,      1.0066,      1.0066,      1.0066,      1.0066,      1.2524,      1.2524,      1.2524,      1.2524,      1.2524,      1.2524,      1.2524,      1.5638,      1.5638,      1.5638,      1.5638,      1.5638,      1.5638,      1.5638,      1.5638,      2.2045,      2.2045,      2.2045,      2.2045,      2.2045,      2.2045,      1.4666,      1.4666,      1.4666,      1.4666,      1.4666,      1.4666,      1.6873,      1.6873,      1.6873,      1.6873,      1.6873,      2.3392,      2.3392,      2.3392,      2.3392,      1.7707,      1.7707,      1.7707,      1.7707,      2.3233,      2.3233,      2.3233,      3.9703,      3.9703,      6.3713,      6.3713,      6.8303,      5.0297,      5.0297,      2.9020,      1.5400,      0.8825,      0.6014,      0.5137,      0.5549,      0.5549,      0.6836,      0.6836,      0.8493,      0.8493,      1.0015,      1.0015,      1.1043,      1.1426,      1.1426,      1.1183,      1.0441,      1.0441,      0.9365,      0.9365,      0.8118,      0.8118,      0.6832,      0.5603,      0.5603,      0.4489,      0.4489,      0.3523,      0.2712,      0.2712,      0.2712,      0.2712,      0.2052,      0.2052,      0.2052,      0.1529,      0.1529,      0.1529,      0.1125,      0.1125,      0.1125,      0.0821,      0.0821,      0.0821,      0.0598,      0.0598,      0.0598,      0.0440,      0.0440,      0.0440,      0.0331,      0.0331,      0.0331,      0.0261,      0.0261,      0.0218,      0.0218,      0.0195,      0.0186,      0.0186,      0.0186,      0.0186,      0.0191,      0.0199,      0.0204,      0.0221,      0.0234,      0.0236,      0.0228,      0.0209,      0.0185,      0.0155,      0.0123,      0.0093,      0.0067,      0.0047,      0.0032,      0.0023,      0.0021,      0.0023,      0.0026,      0.0028,      0.0028,      0.0028,      0.0028,      0.0028,      0.0028,      0.0028
Qscat          ,      0.6066,      0.6066,      0.6066,      0.6066,      0.6066,      0.6066,      0.6066,      0.6066,      0.6066,      0.6066,      0.6066,      0.4177,      0.4177,      0.4177,      0.4177,      0.4177,      0.4177,      0.4177,      0.4177,      0.4177,      0.4177,      0.4177,      0.4177,      0.1798,      0.1798,      0.1798,      0.1798,      0.1798,      0.1798,      0.1798,      0.1798,      0.1798,      0.1798,      0.1060,      0.1060,      0.1060,      0.1060,      0.1060,      0.1060,      0.1060,      0.1060,      0.1105,      0.1105,      0.1105,      0.1105,      0.1105,      0.1105,      0.1105,      0.1013,      0.1013,      0.1013,      0.1013,      0.1013,      0.1013,      0.1013,      0.1013,      0.1602,      0.1602,      0.1602,      0.1602,      0.1602,      0.1602,      0.0724,      0.0724,      0.0724,      0.0724,      0.0724,      0.0724,      0.0696,      0.0696,      0.0696,      0.0696,      0.0696,      0.1763,      0.1763,      0.1763,      0.1763,      0.1796,      0.1796,      0.1796,      0.1796,      0.1498,      0.1498,      0.1498,      0.3860,      0.3860,      0.3341,      0.3341,      0.6828,      0.7032,      0.7032,      0.4460,      0.2902,      0.2163,      0.1544,      0.1051,      0.1115,      0.1115,      0.1926,      0.1926,      0.3208,      0.3208,      0.4546,      0.4546,      0.5664,      0.6423,      0.6423,      0.6730,      0.6507,      0.6507,      0.5729,      0.5729,      0.4458,      0.4458,      0.2851,      0.1116,      0.1116,     -0.0531,     -0.0531,     -0.1911,     -0.2904,     -0.2904,     -0.2904,     -0.2904,     -0.3460,     -0.3460,     -0.3460,     -0.3586,     -0.3586,     -0.3586,     -0.3333,     -0.3333,     -0.3333,     -0.2782,     -0.2782,     -0.2782,     -0.2021,     -0.2021,     -0.2021,     -0.1139,     -0.1139,     -0.1139,     -0.0218,     -0.0218,     -0.0218,      0.0261,      0.0261,      0.0218,      0.0218,      0.0195,      0.0186,      0.0186,      0.0186,      0.0186,      0.0191,      0.0199,      0.0204,      0.0220,      0.0234,      0.0236,      0.0228,     -0.0766,     -0.1840,     -0.2724,     -0.3267,     -0.3351,     -0.2987,     -0.2239,     -0.1078,      0.0023,      0.0021,      0.0023,      0.0026,      0.0028,      0.0028,      0.0028,      0.0028,      0.0028,      0.0028,      0.0028
G factor       ,      0.5150,      0.5150,      0.5150,      0.5150,      0.5150,      0.5150,      0.5150,      0.5150,      0.5150,      0.5150,      0.5150,      0.3320,      0.3320,      0.3320,      0.3320,      0.3320,      0.3320,      0.3320,      0.3320,      0.3320,      0.3320,      0.3320,      0.3320,      0.1970,      0.1970,      0.1970,      0.1970,      0.1970,      0.1970,      0.1970,      0.1970,      0.1970,      0.1970,      0.1700,      0.1700,      0.1700,      0.1700,      0.1700,      0.1700,      0.1700,      0.1700,      0.2520,      0.2520,      0.2520,      0.2520,      0.2520,      0.2520,      0.2520,      0.1550,      0.1550,      0.1550,      0.1550,      0.1550,      0.1550,      0.1550,      0.1550,      0.0930,      0.0930,      0.0930,      0.0930,      0.0930,      0.0930,      0.0250,      0.0250,      0.0250,      0.0250,      0.0250,      0.0250,      0.0990,      0.0990,      0.0990,      0.0990,      0.0990,      0.0960,      0.0960,      0.0960,      0.0960,      0.0080,      0.0080,      0.0080,      0.0080,      0.0780,      0.0780,      0.0780,      0.1390,      0.1390,      0.0940,      0.0940,      0.0590,      0.0560,      0.0560,      0.0770,      0.0980,      0.0870,      0.0570,      0.0500,      0.0610,      0.0610,      0.0640,      0.0640,      0.0560,      0.0560,      0.0450,      0.0450,      0.0370,      0.0300,      0.0300,      0.0250,      0.0220,      0.0220,      0.0200,      0.0200,      0.0190,      0.0190,      0.0190,      0.0200,      0.0200,      0.0200,      0.0200,      0.0210,      0.0210,      0.0210,      0.0210,      0.0210,      0.0210,      0.0210,      0.0210,      0.0200,      0.0200,      0.0200,      0.0170,      0.0170,      0.0170,      0.0120,      0.0120,      0.0120,      0.0040,      0.0040,      0.0040,     -0.0070,     -0.0070,     -0.0070,     -0.0220,     -0.0220,     -0.0220,     -0.0390,     -0.0390,     -0.0540,     -0.0540,     -0.0640,     -0.0670,     -0.0670,     -0.0640,     -0.0640,     -0.0580,     -0.0490,     -0.0450,     -0.0300,     -0.0160,     -0.0060,     -0.0000,      0.0050,      0.0080,      0.0120,      0.0150,      0.0180,      0.0220,      0.0280,      0.0370,      0.0430,      0.0200,     -0.0080,     -0.0150,     -0.0150,     -0.0150,     -0.0150,     -0.0150,     -0.0150,     -0.0150,     -0.0150
================
P [mbar]       ,    0.1004,    0.1015,    0.1034,    0.1069,    0.1130,    0.1239,    0.1432,    0.1740,    0.2226,    0.3028,    0.4349,    0.6529,    1.0121,    1.6044,    2.4646,    3.4606,    4.3994,    5.2226,    5.8426,    6.2132,    6.3980,    6.4686,    6.5039,    6.5168
Temp initial[K],  155.0000,  155.0000,  155.0000,  155.0000,  155.0000,  155.0000,  155.0000,  155.0000,  155.0000,  155.0000,  155.0000,  155.0000,  158.8233,  165.4041,  173.2716,  181.4436,  190.2788,  198.8130,  204.5783,  207.8249,  209.4219,  210.0497,  210.3719,  210.4891
================
it   ,   tau    ,  Tsfc    ,   alb    ,   OLR    ,    ASR   ,  NET top ,  NET bot , T lev  01, T lev  02, T lev  03, T lev  04, T lev  05, T lev  06, T lev  07, T lev  08, T lev  09, T lev  10, T lev  11, T lev  12, T lev  13, T lev  14, T lev  15, T lev  16, T lev  17, T lev  18, T lev  19, T lev  20, T lev  21, T lev  22, T lev  23, T lev  24, T lev  25,  OLR IR01,  OLR IR02,  OLR IR03,  OLR IR04,  OLR IR05,  OLR IR06,  OLR IR07,  OLR IR08,  OLR IR09,  OLR IR10,  OLR IR11,  OLR IR12,  OLR IR13,  OLR IR14,  OLR IR15,  OLR IR16,  OLR IR17,  OLR IR18,  OLR IR19,  OLR IR20,  OLR IR21,  OLR IR22,  OLR IR23,  OLR IR24,  OLR IR25,  OLR IR26,  OLR IR27,  OLR IR28,  OLR IR29,  OLR IR30,  OLR IR31,  OLR IR32,  OLR IR33,  OLR IR34,  OLR IR35,  OLR IR36,  OLR IR37,  OLR IR38,  OLR IR39,  OLR IR40,  OLR IR41,  OLR IR42,  OLR IR43,  OLR IR44,  OLR IR45,  OLR IR46,  OLR IR47,  OLR IR48,  OLR IR49,  OLR IR50,  OLR IR51,  OLR IR52,  OLR IR53,  OLR IR54,  OLR IR55,  OLR IR56,  OLR IR57,  OLR IR58,  OLR IR59,  OLR IR60,  OLR IR61,  OLR IR62,  OLR IR63,  OLR IR64,  OLR IR65,  OLR IR66,  OLR IR67,  OLR IR68,  OLR IR69,  OLR IR70,  OLR IR71,  OLR IR72,  OLR IR73,  OLR IR74,  OLR IR75,  OLR IR76,  OLR IR77,  OLR IR78,  OLR IR79,  OLR IR80,  OLR IR81,  OLR IR82,  OLR IR83,  OLR IR84,  OLR IR85,  OLR IR86,  OLR IR87,  OLR IR88,  OLR IR89,  OLR IR90,  OLR IR91,  OLR IR92,  OLR IR93,  OLR IR94,  OLR IR95,  OLR IR96, ASR VIS01, ASR VIS02, ASR VIS03, ASR VIS04, ASR VIS05, ASR VIS06, ASR VIS07, ASR VIS08, ASR VIS09, ASR VIS10, ASR VIS11, ASR VIS12, ASR VIS13, ASR VIS14, ASR VIS15, ASR VIS16, ASR VIS17, ASR VIS18, ASR VIS19, ASR VIS20, ASR VIS21, ASR VIS22, ASR VIS23, ASR VIS24, ASR VIS25, ASR VIS26, ASR VIS27, ASR VIS28, ASR VIS29, ASR VIS30, ASR VIS31, ASR VIS32, ASR VIS33, ASR VIS34, ASR VIS35, ASR VIS36, ASR VIS37, ASR VIS38, ASR VIS39, ASR VIS40, ASR VIS41, ASR VIS42, ASR VIS43, ASR VIS44, ASR VIS45, ASR VIS46, ASR VIS47, ASR VIS48, ASR VIS49, ASR VIS50, ASR VIS51, ASR VIS52, ASR VIS53, ASR VIS54, ASR VIS55, ASR VIS56, ASR VIS57, ASR VIS58, ASR VIS59, ASR VIS60, ASR VIS61, ASR VIS62, ASR VIS63, ASR VIS64, ASR VIS65, ASR VIS66, ASR VIS67, ASR VIS68, ASR VIS69, ASR VIS70, ASR VIS71, ASR VIS72, ASR VIS73, ASR VIS74, ASR VIS75, ASR VIS76, ASR VIS77, ASR VIS78, ASR VIS79, ASR VIS80, ASR VIS81, ASR VIS82, ASR VIS83, ASR VIS84, SFC DIR01, SFC DIR02, SFC DIR03, SFC DIR04, SFC DIR05, SFC DIR06, SFC DIR07, SFC DIR08, SFC DIR09, SFC DIR10, SFC DIR11, SFC DIR12, SFC DIR13, SFC DIR14, SFC DIR15, SFC DIR16, SFC DIR17, SFC DIR18, SFC DIR19, SFC DIR20, SFC DIR21, SFC DIR22, SFC DIR23, SFC DIR24, SFC DIR25, SFC DIR26, SFC DIR27, SFC DIR28, SFC DIR29, SFC DIR30, SFC DIR31, SFC DIR32, SFC DIR33, SFC DIR34, SFC DIR35, SFC DIR36, SFC DIR37, SFC DIR38, SFC DIR39, SFC DIR40, SFC DIR41, SFC DIR42, SFC DIR43, SFC DIR44, SFC DIR45, SFC DIR46, SFC DIR47, SFC DIR48, SFC DIR49, SFC DIR50, SFC DIR51, SFC DIR52, SFC DIR53, SFC DIR54, SFC DIR55, SFC DIR56, SFC DIR57, SFC DIR58, SFC DIR59, SFC DIR60, SFC DIR61, SFC DIR62, SFC DIR63, SFC DIR64, SFC DIR65, SFC DIR66, SFC DIR67, SFC DIR68, SFC DIR69, SFC DIR70, SFC DIR71, SFC DIR72, SFC DIR73, SFC DIR74, SFC DIR75, SFC DIR76, SFC DIR77, SFC DIR78, SFC DIR79, SFC DIR80, SFC DIR81, SFC DIR82, SFC DIR83, SFC DIR84, SFC DIR85, SFC DIR86, SFC DIR87, SFC DIR88, SFC DIR89, SFC DIR90, SFC DIR91, SFC DIR92, SFC DIR93, SFC DIR94, SFC DIR95, SFC DIR96,SFC DVIS01,SFC DVIS02,SFC DVIS03,SFC DVIS04,SFC DVIS05,SFC DVIS06,SFC DVIS07,SFC DVIS08,SFC DVIS09,SFC DVIS10,SFC DVIS11,SFC DVIS12,SFC DVIS13,SFC DVIS14,SFC DVIS15,SFC DVIS16,SFC DVIS17,SFC DVIS18,SFC DVIS19,SFC DVIS20,SFC DVIS21,SFC DVIS22,SFC DVIS23,SFC DVIS24,SFC DVIS25,SFC DVIS26,SFC DVIS27,SFC DVIS28,SFC DVIS29,SFC DVIS30,SFC DVIS31,SFC DVIS32,SFC DVIS33,SFC DVIS34,SFC DVIS35,SFC DVIS36,SFC DVIS37,SFC DVIS38,SFC DVIS39,SFC DVIS40,SFC DVIS41,SFC DVIS42,SFC DVIS43,SFC DVIS44,SFC DVIS45,SFC DVIS46,SFC DVIS47,SFC DVIS48,SFC DVIS49,SFC DVIS50,SFC DVIS51,SFC DVIS52,SFC DVIS53,SFC DVIS54,SFC DVIS55,SFC DVIS56,SFC DVIS57,SFC DVIS58,SFC DVIS59,SFC DVIS60,SFC DVIS61,SFC DVIS62,SFC DVIS63,SFC DVIS64,SFC DVIS65,SFC DVIS66,SFC DVIS67,SFC DVIS68,SFC DVIS69,SFC DVIS70,SFC DVIS71,SFC DVIS72,SFC DVIS73,SFC DVIS74,SFC DVIS75,SFC DVIS76,SFC DVIS77,SFC DVIS78,SFC DVIS79,SFC DVIS80,SFC DVIS81,SFC DVIS82,SFC DVIS83,SFC DVIS84
 1007,    0.0000,  218.8983,    0.2194,  117.0969,  115.8380,   -0.8625,   -0.7595,  158.4330,  155.0000,  155.0000,  155.0000,  155.0000,  155.0000,  155.0000,  155.0000,  155.0000,  155.0000,  155.0000,  155.0000,  155.0000,  158.8202,  165.3996,  173.2672,  181.4393,  190.2764,  198.8104,  204.5754,  207.8212,  209.4182,  210.0462,  210.3680,  210.4855,    0.0676,    0.2556,    0.5389,    0.8888,    1.2804,    1.6928,    2.1082,    2.5121,    2.8933,    3.2429,    3.5544,    3.8241,    3.4712,    3.6087,    3.7179,    3.7987,    3.8530,    3.8815,    3.8866,    3.8696,    3.8324,    3.7775,    3.7019,    3.5964,    1.2424,    1.2267,    1.2047,    1.1662,    1.1137,    1.0481,    0.8756,    0.8393,    0.7711,    0.6138,    0.5638,    0.3590,    0.1995,    0.1649,    0.1438,    0.1375,    0.1329,    0.1277,    0.1258,    0.1235,    0.1245,    0.1364,    0.1735,    0.2440,    0.3730,    0.4452,    0.3502,    0.5089,    0.4971,    0.5051,    0.5244,    0.6000,    0.6202,    0.6335,    0.6351,    0.6285,    1.6842,    1.6087,    1.5504,    1.4822,    1.4116,    1.3421,    1.2748,    1.2087,    1.1452,    1.0819,    1.0194,    0.9639,    1.4270,    1.3066,    1.1824,    1.0659,    0.9702,    0.8860,    0.8005,    0.7221,    0.6504,    0.5836,    0.5141,    0.4584,    1.1328,    0.8012,    0.5722,    0.3992,    0.2764,    0.1901,    0.1299,    0.0861,    0.0569,    0.0365,    0.0240,    0.0175,    0.0899,    0.0485,    0.0757,    0.0853,    0.0957,    0.0892,    0.0975,    0.1095,    0.0962,    0.1325,    0.1172,    0.1283,    0.1417,    0.1155,    0.1679,    0.1865,    0.1530,    0.1811,    0.2062,    0.2231,    0.2234,    0.1500,    0.2398,    0.2531,    0.3109,    0.3324,    0.3440,    0.3658,    0.3756,    0.3936,    0.3989,    0.4549,    0.4935,    0.4704,    0.4844,    0.4940,    0.8433,    0.9209,    0.9662,    0.9986,    1.0221,    1.1068,    1.0376,    1.1056,    1.0799,    1.1314,    1.0731,    1.1504,    2.4777,    2.4439,    2.4989,    2.5383,    2.5642,    2.4625,    2.5489,    2.6139,    2.6670,    2.4800,    2.4441,    2.5380,    6.4157,    6.1123,    6.0433,    5.8603,    5.4132,    5.0767,    4.4565,    4.0997,    3.9404,    3.4535,    2.6528,    2.4637,    1.8993,    1.7458,    1.3311,    1.2705,    0.8565,    0.6215,    0.5021,    0.2015,    0.1776,    0.1261,    0.0437,    0.0355,    0.0000,    0.0000,    0.0000,    0.0000,    0.0000,    0.0000,    0.0000,    0.0000,    0.0000,    0.0000,    0.0000,    0.0000,    0.0000,    0.0000,    0.0000,    0.0000,    0.0000,    0.0000,    0.0000,    0.0001,    0.0002,    0.0007,    0.0108,    0.0490,    0.0110,    0.0180,    0.0344,    0.0771,    0.1397,    0.2137,    0.4309,    0.4495,    0.5119,    0.6671,    0.7005,    0.8672,    0.6959,    0.7036,    0.7106,    0.6982,    0.6956,    0.7186,    0.6761,    0.6645,    0.6491,    0.6306,    0.6025,    0.5551,    0.4721,    0.3712,    0.4491,    0.2585,    0.2602,    0.2432,    0.2110,    0.1067,    0.0696,    0.0377,    0.0207,    0.0150,    0.0329,    0.0299,    0.0085,    0.0020,    0.0004,    0.0004,    0.0002,    0.0011,    0.0019,    0.0049,    0.0091,    0.0081,    0.0085,    0.0012,    0.0075,    0.0141,    0.0089,    0.0000,    0.0000,    0.0000,    0.0000,    0.0008,    0.0066,    0.0072,    0.0065,    0.0059,    0.0000,    0.0000,    0.0000,    0.0000,    0.0000,    0.0009,    0.0011,    0.0014,    0.0012,    0.0002,    0.0266,    0.0000,    0.0608,    0.1075,    0.1214,    0.1110,    0.1245,    0.1386,    0.1233,    0.1698,    0.1501,    0.1645,    0.1808,    0.1468,    0.2123,    0.2321,    0.1900,    0.1318,    0.0189,    0.0386,    0.1649,    0.1902,    0.3067,    0.3223,    0.3984,    0.4260,    0.4410,    0.4686,    0.4799,    0.4920,    0.4648,    0.4226,    0.3741,    0.4433,    0.6104,    0.6178,    1.0805,    1.1804,    1.2359,    1.2564,    1.2364,    1.3694,    1.3136,    1.3975,    1.2854,    1.4503,    1.3718,    1.4606,    3.1621,    3.0885,    3.2030,    3.2531,    3.2748,    3.1568,    3.2678,    3.3511,    3.4192,    3.1776,    3.1334,    3.2539,    8.2247,    7.8363,    7.7478,    7.5132,    6.9399,    6.5086,    5.7135,    5.2561,    5.0518,    4.4276,    3.4010,    3.1586,    2.4350,    2.2382,    1.7066,    1.6288,    1.0981,    0.7968,    0.6438,    0.2584,    0.2277,    0.1616,    0.0560,    0.0455
  910,    0.0500,  218.2973,    0.1964,  120.6157,  119.2417,   -0.8675,   -0.7706,  158.4330,  165.1612,  165.9362,  166.8450,  168.0992,  168.8962,  169.7985,  170.8979,  172.1998,  173.7985,  176.2996,  180.0806,  185.4974,  192.7994,  201.4985,  209.3828,  214.9708,  218.2988,  220.0977,  220.5977,  220.3036,  219.7910,  219.3735,  218.9491,  218.7526,    0.0674,    0.2548,    0.5370,    0.8854,    1.2752,    1.6855,    2.0985,    2.4998,    2.8783,    3.2250,    3.5336,    3.8119,    3.4696,    3.6128,    3.7241,    3.8027,    3.8500,    3.8682,    3.8612,    3.8332,    3.7950,    3.7394,    3.6659,    3.5722,    1.2318,    1.2176,    1.2006,    1.1763,    1.1476,    1.1154,    1.0276,    1.0198,    0.9809,    0.8628,    0.8629,    0.7129,    0.4557,    0.3860,    0.3193,    0.3075,    0.2875,    0.2442,    0.2793,    0.2821,    0.3000,    0.3391,    0.4050,    0.4736,    0.5769,    0.6114,    0.5229,    0.6293,    0.6216,    0.6146,    0.6101,    0.6411,    0.6403,    0.6400,    0.6349,    0.6263,    1.6725,    1.5912,    1.5240,    1.4470,    1.3773,    1.3026,    1.2309,    1.1670,    1.1011,    1.0411,    0.9804,    0.9268,    1.3675,    1.2488,    1.1326,    1.0267,    0.9346,    0.8492,    0.7702,    0.6944,    0.6280,    0.5639,    0.5040,    0.4510,    1.1020,    0.7783,    0.5471,    0.3764,    0.2534,    0.1668,    0.1136,    0.0735,    0.0497,    0.0326,    0.0225,    0.0156,    0.0913,    0.0481,    0.0787,    0.0892,    0.1001,    0.0932,    0.1020,    0.1163,    0.1023,    0.1408,    0.1245,    0.1348,    0.1488,    0.1212,    0.1763,    0.1957,    0.1599,    0.1865,    0.2065,    0.2240,    0.2300,    0.1566,    0.2542,    0.2683,    0.3296,    0.3523,    0.3647,    0.3877,    0.3925,    0.4111,    0.4164,    0.4694,    0.5060,    0.4854,    0.5063,    0.5158,    0.8731,    0.9535,    1.0004,    1.0337,    1.0567,    1.1450,    1.0742,    1.1365,    1.1074,    1.1629,    1.1029,    1.1822,    2.5464,    2.5115,    2.5682,    2.6156,    2.6420,    2.5375,    2.6265,    2.6935,    2.7482,    2.5554,    2.5185,    2.6153,    6.6111,    6.2863,    6.2154,    6.0273,    5.5676,    5.2217,    4.5840,    4.2171,    4.0534,    3.5528,    2.7292,    2.5349,    1.9544,    1.7657,    1.3464,    1.2852,    0.8666,    0.6289,    0.5082,    0.2040,    0.1798,    0.1277,    0.0443,    0.0360,    0.0000,    0.0000,    0.0001,    0.0001,    0.0001,    0.0002,    0.0002,    0.0002,    0.0002,    0.0002,    0.0003,    0.0120,    0.0218,    0.0300,    0.0347,    0.0350,    0.0305,    0.0225,    0.0123,    0.0033,    0.0042,    0.0068,    0.0316,    0.1139,    0.0313,    0.0506,    0.0863,    0.1767,    0.2876,    0.4003,    0.7135,    0.7389,    0.8184,    0.9498,    0.9995,    1.1022,    0.8387,    0.8260,    0.8127,    0.8033,    0.7930,    0.7796,    0.7741,    0.7651,    0.7569,    0.7497,    0.7440,    0.7318,    0.7114,    0.6059,    0.6463,    0.4520,    0.4564,    0.4448,    0.3828,    0.2288,    0.1706,    0.1023,    0.0658,    0.0533,    0.1194,    0.1087,    0.0613,    0.0509,    0.0412,    0.0428,    0.0440,    0.0451,    0.0509,    0.0553,    0.0659,    0.0590,    0.0855,    0.0641,    0.0749,    0.0856,    0.0672,    0.0370,    0.0290,    0.0261,    0.0197,    0.0205,    0.0277,    0.0267,    0.0414,    0.0361,    0.0218,    0.0264,    0.0336,    0.0381,    0.0259,    0.0252,    0.0172,    0.0131,    0.0073,    0.0034,    0.0200,    0.0000,    0.0515,    0.0959,    0.1085,    0.0992,    0.1113,    0.1192,    0.1061,    0.1462,    0.1292,    0.1473,    0.1617,    0.1313,    0.1896,    0.2070,    0.1707,    0.1108,    0.0134,    0.0297,    0.1443,    0.1724,    0.2661,    0.2793,    0.3457,    0.3697,    0.3828,    0.4067,    0.4336,    0.4438,    0.4135,    0.3759,    0.3312,    0.3957,    0.5494,    0.5573,    0.9981,    1.0904,    1.1417,    1.1585,    1.1378,    1.2619,    1.2119,    1.3096,    1.2039,    1.3616,    1.2876,    1.3702,    2.9678,    2.8962,    3.0071,    3.0220,    3.0417,    2.9324,    3.0357,    3.1131,    3.1763,    2.9519,    2.9109,    3.0227,    7.6405,    7.2231,    7.1415,    6.9253,    6.3968,    5.9992,    5.2663,    4.8446,    4.6563,    4.0809,    3.1347,    2.9112,    2.2443,    2.1344,    1.6274,    1.5532,    1.0471,    0.7598,    0.6139,    0.2464,    0.2171,    0.1541,    0.0534,    0.0434
  946,    0.1000,  217.1982,    0.1767,  123.6514,  122.1621,   -0.8289,   -0.7416,  158.4330,  175.6176,  176.4387,  177.4025,  178.6729,  179.7041,  181.1011,  182.7870,  184.6522,  186.9953,  190.1014,  194.3982,  200.3997,  208.3007,  217.0982,  224.3700,  228.7977,  230.6131,  230.6003,  228.8955,  226.2979,  223.4862,  221.6221,  219.9544,  219.3913,    0.0670,    0.2533,    0.5336,    0.8793,    1.2658,    1.6722,    2.0808,    2.4773,    2.8509,    3.1925,    3.4958,    3.7877,    3.4639,    3.6174,    3.7335,    3.8096,    3.8462,    3.8469,    3.8182,    3.7695,    3.7297,    3.6737,    3.6051,    3.5304,    1.2155,    1.2060,    1.1979,    1.1948,    1.1924,    1.1870,    1.1669,    1.1718,    1.1514,    1.0511,    1.0751,    0.9410,    0.6247,    0.5441,    0.4600,    0.4499,    0.4214,    0.3547,    0.4129,    0.4174,    0.4404,    0.4861,    0.5618,    0.6333,    0.7417,    0.7574,    0.6644,    0.7429,    0.7384,    0.7279,    0.7053,    0.7017,    0.6846,    0.6648,    0.6498,    0.6377,    1.6890,    1.5961,    1.5152,    1.4264,    1.3545,    1.2723,    1.1946,    1.1336,    1.0669,    1.0112,    0.9551,    0.9011,    1.3290,    1.2105,    1.1048,    1.0131,    0.9222,    0.8270,    0.7519,    0.6776,    0.6138,    0.5525,    0.4986,    0.4469,    1.0803,    0.7654,    0.5381,    0.3817,    0.2726,    0.1938,    0.1332,    0.0931,    0.0641,    0.0434,    0.0284,    0.0190,    0.0919,    0.0476,    0.0808,    0.0924,    0.1037,    0.0964,    0.1056,    0.1215,    0.1069,    0.1471,    0.1301,    0.1400,    0.1545,    0.1259,    0.1830,    0.2031,    0.1653,    0.1897,    0.2063,    0.2241,    0.2346,    0.1620,    0.2652,    0.2799,    0.3440,    0.3676,    0.3805,    0.4046,    0.4064,    0.4254,    0.4298,    0.4804,    0.5151,    0.4971,    0.5241,    0.5337,    0.8989,    0.9817,    1.0298,    1.0636,    1.0858,    1.1774,    1.1055,    1.1635,    1.1315,    1.1908,    1.1293,    1.2103,    2.6073,    2.5710,    2.6299,    2.6829,    2.7097,    2.6028,    2.6941,    2.7628,    2.8189,    2.6211,    2.5834,    2.6827,    6.7814,    6.4358,    6.3634,    6.1709,    5.7004,    5.3464,    4.6936,    4.3182,    4.1508,    3.6383,    2.7951,    2.5963,    2.0020,    1.7843,    1.3607,    1.2990,    0.8760,    0.6359,    0.5139,    0.2063,    0.1819,    0.1292,    0.0448,    0.0365,    0.0000,    0.0000,    0.0001,    0.0002,    0.0002,    0.0003,    0.0004,    0.0004,    0.0004,    0.0004,    0.0005,    0.0314,    0.0580,    0.0805,    0.0942,    0.0959,    0.0846,    0.0625,    0.0335,    0.0066,    0.0086,    0.0143,    0.0513,    0.1674,    0.0501,    0.0797,    0.1308,    0.2523,    0.3935,    0.5231,    0.8760,    0.9035,    0.9879,    1.0865,    1.1436,    1.1916,    0.8818,    0.8544,    0.8267,    0.8175,    0.8039,    0.7784,    0.7852,    0.7781,    0.7748,    0.7766,    0.7893,    0.8009,    0.8273,    0.7359,    0.7417,    0.5746,    0.5796,    0.5750,    0.4961,    0.3269,    0.2622,    0.1672,    0.1184,    0.1015,    0.2305,    0.2086,    0.1408,    0.1253,    0.1064,    0.1057,    0.1047,    0.1052,    0.1145,    0.1194,    0.1355,    0.1216,    0.1843,    0.1519,    0.1649,    0.1785,    0.1483,    0.0958,    0.0779,    0.0706,    0.0556,    0.0549,    0.0590,    0.0552,    0.1010,    0.0865,    0.0672,    0.0838,    0.1066,    0.1181,    0.0821,    0.0751,    0.0513,    0.0369,    0.0195,    0.0114,    0.0160,    0.0000,    0.0440,    0.0856,    0.0969,    0.0886,    0.0995,    0.1026,    0.0913,    0.1258,    0.1112,    0.1319,    0.1447,    0.1175,    0.1695,    0.1850,    0.1542,    0.0964,    0.0108,    0.0249,    0.1277,    0.1564,    0.2309,    0.2422,    0.3000,    0.3209,    0.3322,    0.3529,    0.3919,    0.4007,    0.3706,    0.3369,    0.2962,    0.3553,    0.4955,    0.5032,    0.9220,    1.0072,    1.0547,    1.0691,    1.0489,    1.1642,    1.1188,    1.2283,    1.1288,    1.2783,    1.2086,    1.2860,    2.7860,    2.7174,    2.8232,    2.8073,    2.8254,    2.7240,    2.8200,    2.8919,    2.9506,    2.7422,    2.7040,    2.8080,    7.0976,    6.6581,    6.5830,    6.3836,    5.8965,    5.5300,    4.8544,    4.4657,    4.2921,    3.7617,    2.8895,    2.6835,    2.0688,    2.0360,    1.5523,    1.4815,    0.9988,    0.7248,    0.5855,    0.2350,    0.2071,    0.1470,    0.0510,    0.0414
  983,    0.1500,  216.0974,    0.1597,  126.3167,  124.6754,   -0.8473,   -0.7454,  158.4330,  182.8532,  183.6970,  184.6897,  186.0002,  187.2538,  188.8973,  190.8439,  193.0995,  195.7674,  199.2022,  203.8964,  210.0030,  217.8798,  226.2965,  232.8098,  236.3983,  237.3348,  236.3988,  233.5466,  229.6951,  225.5668,  222.8706,  220.2686,  219.3859,    0.0667,    0.2517,    0.5301,    0.8732,    1.2564,    1.6589,    2.0632,    2.4550,    2.8235,    3.1600,    3.4581,    3.7667,    3.4638,    3.6299,    3.7526,    3.8268,    3.8521,    3.8333,    3.7795,    3.7064,    3.6653,    3.6092,    3.5454,    3.4877,    1.1997,    1.1950,    1.1950,    1.2095,    1.2280,    1.2410,    1.2688,    1.2798,    1.2720,    1.1836,    1.2214,    1.0987,    0.7455,    0.6610,    0.5681,    0.5610,    0.5269,    0.4436,    0.5185,    0.5238,    0.5490,    0.5964,    0.6755,    0.7462,    0.8594,    0.8645,    0.7687,    0.8299,    0.8273,    0.8161,    0.7817,    0.7559,    0.7287,    0.6928,    0.6701,    0.6552,    1.7210,    1.6155,    1.5229,    1.4220,    1.3476,    1.2568,    1.1724,    1.1138,    1.0464,    0.9946,    0.9431,    0.8880,    1.3124,    1.1949,    1.0983,    1.0189,    0.9288,    0.8228,    0.7492,    0.6756,    0.6122,    0.5525,    0.5013,    0.4499,    1.0787,    0.7691,    0.5486,    0.4112,    0.3197,    0.2460,    0.1713,    0.1255,    0.0876,    0.0602,    0.0383,    0.0258,    0.0921,    0.0473,    0.0824,    0.0950,    0.1066,    0.0990,    0.1086,    0.1253,    0.1103,    0.1519,    0.1343,    0.1443,    0.1592,    0.1297,    0.1885,    0.2090,    0.1698,    0.1920,    0.2060,    0.2240,    0.2380,    0.1665,    0.2737,    0.2887,    0.3550,    0.3794,    0.3927,    0.4175,    0.4180,    0.4372,    0.4406,    0.4893,    0.5224,    0.5064,    0.5387,    0.5485,    0.9211,    1.0059,    1.0552,    1.0893,    1.1106,    1.2052,    1.1324,    1.1875,    1.1528,    1.2156,    1.1528,    1.2353,    2.6613,    2.6238,    2.6847,    2.7415,    2.7687,    2.6597,    2.7530,    2.8232,    2.8806,    2.6784,    2.6399,    2.7414,    6.9298,    6.5642,    6.4905,    6.2943,    5.8144,    5.4535,    4.7878,    4.4050,    4.2344,    3.7118,    2.8518,    2.6491,    2.0429,    1.8015,    1.3739,    1.3118,    0.8847,    0.6423,    0.5192,    0.2085,    0.1839,    0.1306,    0.0453,    0.0369,    0.0000,    0.0001,    0.0002,    0.0003,    0.0004,    0.0005,    0.0006,    0.0007,    0.0007,    0.0007,    0.0008,    0.0537,    0.0996,    0.1388,    0.1630,    0.1669,    0.1478,    0.1096,    0.0585,    0.0098,    0.0131,    0.0216,    0.0682,    0.2088,    0.0652,    0.1029,    0.1658,    0.3074,    0.4684,    0.6067,    0.9798,    1.0075,    1.0934,    1.1682,    1.2286,    1.2412,    0.9048,    0.8681,    0.8309,    0.8219,    0.8062,    0.7726,    0.7877,    0.7819,    0.7819,    0.7895,    0.8139,    0.8394,    0.8950,    0.8170,    0.7997,    0.6577,    0.6628,    0.6632,    0.5755,    0.4033,    0.3379,    0.2254,    0.1695,    0.1498,    0.3452,    0.3126,    0.2301,    0.2085,    0.1818,    0.1769,    0.1723,    0.1714,    0.1824,    0.1870,    0.2075,    0.1873,    0.2898,    0.2500,    0.2625,    0.2771,    0.2367,    0.1655,    0.1372,    0.1248,    0.1004,    0.0972,    0.0956,    0.0884,    0.1747,    0.1483,    0.1274,    0.1594,    0.1993,    0.2126,    0.1499,    0.1310,    0.0905,    0.0641,    0.0346,    0.0222,    0.0132,    0.0000,    0.0377,    0.0765,    0.0867,    0.0792,    0.0889,    0.0883,    0.0786,    0.1083,    0.0957,    0.1180,    0.1295,    0.1051,    0.1516,    0.1654,    0.1395,    0.0854,    0.0091,    0.0215,    0.1141,    0.1420,    0.2003,    0.2101,    0.2604,    0.2785,    0.2883,    0.3063,    0.3542,    0.3620,    0.3333,    0.3029,    0.2661,    0.3199,    0.4473,    0.4546,    0.8518,    0.9304,    0.9743,    0.9871,    0.9678,    1.0746,    1.0331,    1.1524,    1.0589,    1.2001,    1.1346,    1.2071,    2.6153,    2.5502,    2.6505,    2.6078,    2.6245,    2.5305,    2.6196,    2.6864,    2.7410,    2.5473,    2.5119,    2.6085,    6.5933,    6.1376,    6.0684,    5.8846,    5.4356,    5.0977,    4.4749,    4.1166,    3.9566,    3.4677,    2.6637,    2.4738,    1.9071,    1.9424,    1.4809,    1.4134,    0.9529,    0.6915,    0.5586,    0.2242,    0.1976,    0.1403,    0.0486,    0.0395
 1025,    0.2000,  214.9975,    0.1451,  128.6016,  126.8415,   -0.8438,   -0.7741,  158.4330,  188.4749,  189.3393,  190.3621,  191.6938,  193.0865,  194.8036,  197.0059,  199.4946,  202.3974,  206.1015,  210.8009,  216.9149,  224.5006,  232.3978,  238.3000,  241.0993,  241.4000,  239.8869,  236.3787,  231.7974,  226.7761,  223.4516,  220.2621,  219.1323,    0.0663,    0.2502,    0.5267,    0.8671,    1.2470,    1.6456,    2.0455,    2.4326,    2.7962,    3.1276,    3.4205,    3.7472,    3.4665,    3.6461,    3.7759,    3.8487,    3.8626,    3.8235,    3.7432,    3.6438,    3.6015,    3.5453,    3.4856,    3.4421,    1.1833,    1.1829,    1.1898,    1.2182,    1.2530,    1.2793,    1.3433,    1.3574,    1.3590,    1.2810,    1.3276,    1.2159,    0.8381,    0.7526,    0.6552,    0.6507,    0.6129,    0.5179,    0.6048,    0.6105,    0.6365,    0.6836,    0.7634,    0.8314,    0.9468,    0.9446,    0.8485,    0.8966,    0.8951,    0.8841,    0.8419,    0.8011,    0.7674,    0.7194,    0.6911,    0.6741,    1.7581,    1.6405,    1.5386,    1.4261,    1.3494,    1.2501,    1.1591,    1.1025,    1.0343,    0.9857,    0.9385,    0.8822,    1.3085,    1.1933,    1.1035,    1.0343,    0.9449,    0.8296,    0.7562,    0.6824,    0.6181,    0.5594,    0.5087,    0.4571,    1.0893,    0.7829,    0.5710,    0.4539,    0.3786,    0.3039,    0.2140,    0.1583,    0.1116,    0.0774,    0.0495,    0.0338,    0.0923,    0.0470,    0.0835,    0.0970,    0.1089,    0.1012,    0.1110,    0.1282,    0.1129,    0.1554,    0.1375,    0.1478,    0.1630,    0.1328,    0.1929,    0.2138,    0.1734,    0.1937,    0.2057,    0.2238,    0.2408,    0.1702,    0.2801,    0.2955,    0.3634,    0.3884,    0.4020,    0.4274,    0.4275,    0.4469,    0.4493,    0.4965,    0.5282,    0.5140,    0.5507,    0.5607,    0.9402,    1.0269,    1.0770,    1.1114,    1.1319,    1.2291,    1.1555,    1.2086,    1.1716,    1.2377,    1.1736,    1.2574,    2.7093,    2.6705,    2.7334,    2.7925,    2.8200,    2.7093,    2.8043,    2.8758,    2.9343,    2.7283,    2.6891,    2.7925,    7.0591,    6.6746,    6.5996,    6.4002,    5.9124,    5.5455,    4.8687,    4.4796,    4.3063,    3.7750,    2.9005,    2.6945,    2.0781,    1.8173,    1.3861,    1.3235,    0.8928,    0.6482,    0.5241,    0.2105,    0.1857,    0.1319,    0.0458,    0.0373,    0.0000,    0.0001,    0.0002,    0.0003,    0.0005,    0.0006,    0.0008,    0.0009,    0.0009,    0.0009,    0.0010,    0.0775,    0.1438,    0.2006,    0.2359,    0.2422,    0.2153,    0.1601,    0.0853,    0.0129,    0.0173,    0.0283,    0.0818,    0.2402,    0.0770,    0.1208,    0.1922,    0.3469,    0.5209,    0.6640,    1.0475,    1.0749,    1.1609,    1.2182,    1.2801,    1.2685,    0.9162,    0.8734,    0.8297,    0.8209,    0.8035,    0.7641,    0.7852,    0.7804,    0.7827,    0.7944,    0.8264,    0.8609,    0.9356,    0.8689,    0.8356,    0.7153,    0.7202,    0.7241,    0.6323,    0.4627,    0.3990,    0.2761,    0.2164,    0.1951,    0.4563,    0.4144,    0.3216,    0.2936,    0.2607,    0.2506,    0.2416,    0.2389,    0.2502,    0.2538,    0.2777,    0.2522,    0.3949,    0.3504,    0.3602,    0.3741,    0.3252,    0.2392,    0.2009,    0.1831,    0.1493,    0.1428,    0.1343,    0.1235,    0.2552,    0.2153,    0.1949,    0.2424,    0.2953,    0.3020,    0.2146,    0.1800,    0.1257,    0.0886,    0.0497,    0.0333,    0.0110,    0.0000,    0.0324,    0.0683,    0.0775,    0.0708,    0.0795,    0.0760,    0.0676,    0.0932,    0.0823,    0.1057,    0.1159,    0.0941,    0.1357,    0.1480,    0.1264,    0.0763,    0.0079,    0.0189,    0.1024,    0.1289,    0.1738,    0.1823,    0.2259,    0.2417,    0.2502,    0.2658,    0.3202,    0.3271,    0.3003,    0.2729,    0.2395,    0.2885,    0.4039,    0.4108,    0.7869,    0.8595,    0.9001,    0.9115,    0.8934,    0.9923,    0.9541,    1.0814,    0.9937,    1.1267,    1.0652,    1.1331,    2.4552,    2.3936,    2.4884,    2.4225,    2.4379,    2.3507,    2.4335,    2.4955,    2.5462,    2.3663,    2.3334,    2.4231,    6.1248,    5.6582,    5.5943,    5.4249,    5.0110,    4.6995,    4.1254,    3.7951,    3.6476,    3.1969,    2.4556,    2.2806,    1.7581,    1.8532,    1.4130,    1.3486,    0.9092,    0.6598,    0.5330,    0.2139,    0.1885,    0.1338,    0.0464,    0.0377
 1115,    0.3000,  212.7977,    0.1216,  132.3119,  130.3241,   -0.8509,   -0.7720,  158.4330,  196.9784,  197.8933,  198.9375,  200.3014,  201.8148,  203.8000,  206.3042,  208.9965,  212.1304,  215.9024,  220.5579,  226.4008,  233.3004,  240.1996,  244.8003,  246.3938,  245.6967,  243.2987,  239.0989,  233.6995,  227.6848,  223.5804,  219.5774,  218.1404,    0.0655,    0.2472,    0.5198,    0.8550,    1.2283,    1.6191,    2.0104,    2.3881,    2.7418,    3.0629,    3.3455,    3.7109,    3.4755,    3.6830,    3.8277,    3.8983,    3.8897,    3.8099,    3.6749,    3.5201,    3.4754,    3.4189,    3.3653,    3.3435,    1.1484,    1.1548,    1.1724,    1.2211,    1.2797,    1.3245,    1.4416,    1.4576,    1.4735,    1.4152,    1.4722,    1.3830,    0.9743,    0.8910,    0.7910,    0.7910,    0.7490,    0.6390,    0.7413,    0.7471,    0.7727,    0.8170,    0.8938,    0.9547,    1.0697,    1.0568,    0.9645,    0.9917,    0.9913,    0.9810,    0.9299,    0.8705,    0.8291,    0.7656,    0.7301,    0.7105,    1.8348,    1.6958,    1.5814,    1.4479,    1.3677,    1.2520,    1.1489,    1.0951,    1.0254,    0.9813,    0.9419,    0.8837,    1.3229,    1.2151,    1.1337,    1.0797,    0.9910,    0.8618,    0.7864,    0.7114,    0.6431,    0.5846,    0.5315,    0.4787,    1.1319,    0.8276,    0.6352,    0.5561,    0.5017,    0.4089,    0.2916,    0.2121,    0.1517,    0.1061,    0.0707,    0.0493,    0.0923,    0.0466,    0.0849,    0.1000,    0.1123,    0.1043,    0.1145,    0.1321,    0.1164,    0.1602,    0.1417,    0.1529,    0.1686,    0.1373,    0.1994,    0.2209,    0.1790,    0.1960,    0.2052,    0.2235,    0.2447,    0.1759,    0.2889,    0.3047,    0.3748,    0.4006,    0.4147,    0.4409,    0.4420,    0.4615,    0.4623,    0.5071,    0.5368,    0.5253,    0.5687,    0.5791,    0.9710,    1.0604,    1.1121,    1.1467,    1.1660,    1.2673,    1.1926,    1.2440,    1.2031,    1.2747,    1.2086,    1.2946,    2.7899,    2.7489,    2.8152,    2.8758,    2.9037,    2.7901,    2.8880,    2.9616,    3.0218,    2.8097,    2.7694,    2.8759,    7.2699,    6.8506,    6.7739,    6.5694,    6.0689,    5.6926,    4.9981,    4.5989,    4.4213,    3.8761,    2.9784,    2.7672,    2.1345,    1.8451,    1.4076,    1.3443,    0.9070,    0.6587,    0.5327,    0.2140,    0.1889,    0.1343,    0.0466,    0.0380,    0.0000,    0.0001,    0.0003,    0.0005,    0.0007,    0.0009,    0.0012,    0.0013,    0.0013,    0.0013,    0.0015,    0.1272,    0.2354,    0.3279,    0.3859,    0.3975,    0.3553,    0.2657,    0.1416,    0.0187,    0.0248,    0.0391,    0.1012,    0.2817,    0.0929,    0.1447,    0.2267,    0.3959,    0.5841,    0.7313,    1.1222,    1.1489,    1.2335,    1.2674,    1.3303,    1.2884,    0.9197,    0.8690,    0.8169,    0.8082,    0.7889,    0.7419,    0.7710,    0.7675,    0.7730,    0.7900,    0.8318,    0.8773,    0.9748,    0.9256,    0.8717,    0.7867,    0.7909,    0.7987,    0.7056,    0.5481,    0.4903,    0.3601,    0.2982,    0.2759,    0.6625,    0.6054,    0.5012,    0.4599,    0.4180,    0.3957,    0.3772,    0.3700,    0.3796,    0.3797,    0.4074,    0.3739,    0.5932,    0.5452,    0.5448,    0.5543,    0.4919,    0.3861,    0.3297,    0.3015,    0.2499,    0.2361,    0.2122,    0.1945,    0.4217,    0.3529,    0.3355,    0.4076,    0.4669,    0.4371,    0.3134,    0.2444,    0.1732,    0.1215,    0.0743,    0.0520,    0.0079,    0.0000,    0.0239,    0.0546,    0.0619,    0.0565,    0.0635,    0.0563,    0.0501,    0.0690,    0.0610,    0.0847,    0.0929,    0.0754,    0.1087,    0.1185,    0.1040,    0.0617,    0.0062,    0.0151,    0.0834,    0.1063,    0.1309,    0.1373,    0.1702,    0.1821,    0.1885,    0.2002,    0.2617,    0.2671,    0.2444,    0.2222,    0.1949,    0.2351,    0.3297,    0.3355,    0.6715,    0.7335,    0.7682,    0.7775,    0.7617,    0.8463,    0.8140,    0.9526,    0.8753,    0.9930,    0.9388,    0.9985,    2.1639,    2.1090,    2.1933,    2.0905,    2.1038,    2.0285,    2.1000,    2.1536,    2.1973,    2.0421,    2.0137,    2.0911,    5.2856,    4.8098,    4.7555,    4.6116,    4.2597,    3.9949,    3.5069,    3.2262,    3.1008,    2.7176,    2.0875,    1.9388,    1.4946,    1.6874,    1.2866,    1.2280,    0.8280,    0.6009,    0.4854,    0.1948,    0.1717,    0.1219,    0.0423,    0.0344
 1164,    0.4000,  210.6979,    0.1041,  135.2012,  132.9256,   -0.9472,   -0.8630,  158.4330,  203.2850,  204.2089,  205.2890,  206.6778,  208.3070,  210.4091,  213.0057,  215.8935,  219.0895,  222.8012,  227.2014,  232.7022,  238.9963,  244.8984,  248.3508,  248.8212,  247.3883,  244.4003,  239.7805,  233.9973,  227.4961,  222.9763,  218.4812,  216.8675,    0.0648,    0.2443,    0.5132,    0.8433,    1.2104,    1.5939,    1.9768,    2.3456,    2.6900,    3.0015,    3.2743,    3.6796,    3.4889,    3.7239,    3.8834,    3.9524,    3.9229,    3.8039,    3.6148,    3.4036,    3.3567,    3.2996,    3.2499,    3.2428,    1.1130,    1.1241,    1.1490,    1.2114,    1.2858,    1.3429,    1.4978,    1.5131,    1.5396,    1.5002,    1.5627,    1.4961,    1.0700,    0.9910,    0.8927,    0.8959,    0.8519,    0.7339,    0.8445,    0.8502,    0.8743,    0.9147,    0.9864,    1.0400,    1.1508,    1.1297,    1.0441,    1.0544,    1.0544,    1.0447,    0.9896,    0.9197,    0.8744,    0.8031,    0.7640,    0.7431,    1.9085,    1.7522,    1.6309,    1.4795,    1.3973,    1.2669,    1.1534,    1.1012,    1.0303,    0.9888,    0.9555,    0.8961,    1.3549,    1.2561,    1.1778,    1.1335,    1.0449,    0.9072,    0.8282,    0.7510,    0.6771,    0.6176,    0.5596,    0.5052,    1.1900,    0.8838,    0.7096,    0.6598,    0.6095,    0.4871,    0.3498,    0.2489,    0.1795,    0.1260,    0.0876,    0.0617,    0.0922,    0.0463,    0.0857,    0.1020,    0.1146,    0.1063,    0.1168,    0.1343,    0.1184,    0.1629,    0.1441,    0.1562,    0.1723,    0.1403,    0.2037,    0.2256,    0.1828,    0.1975,    0.2047,    0.2231,    0.2472,    0.1799,    0.2941,    0.3101,    0.3815,    0.4078,    0.4222,    0.4488,    0.4519,    0.4716,    0.4711,    0.5143,    0.5425,    0.5330,    0.5811,    0.5917,    0.9938,    1.0854,    1.1383,    1.1730,    1.1912,    1.2957,    1.2202,    1.2719,    1.2279,    1.3039,    1.2362,    1.3238,    2.8534,    2.8106,    2.8797,    2.9389,    2.9671,    2.8514,    2.9514,    3.0267,    3.0883,    2.8714,    2.8303,    2.9391,    7.4298,    6.9805,    6.9024,    6.6942,    6.1844,    5.8011,    5.0936,    4.6870,    4.5062,    3.9509,    3.0361,    2.8211,    2.1762,    1.8687,    1.4258,    1.3619,    0.9191,    0.6677,    0.5401,    0.2171,    0.1916,    0.1363,    0.0473,    0.0386,    0.0001,    0.0002,    0.0004,    0.0006,    0.0009,    0.0012,    0.0015,    0.0017,    0.0017,    0.0017,    0.0020,    0.1776,    0.3272,    0.4545,    0.5346,    0.5516,    0.4950,    0.3721,    0.1989,    0.0238,    0.0312,    0.0473,    0.1134,    0.3045,    0.1017,    0.1576,    0.2446,    0.4197,    0.6133,    0.7612,    1.1511,    1.1773,    1.2599,    1.2798,    1.3425,    1.2835,    0.9095,    0.8543,    0.7977,    0.7890,    0.7686,    0.7175,    0.7510,    0.7483,    0.7557,    0.7760,    0.8231,    0.8747,    0.9841,    0.9475,    0.8819,    0.8239,    0.8272,    0.8367,    0.7470,    0.6048,    0.5535,    0.4260,    0.3661,    0.3440,    0.8441,    0.7756,    0.6674,    0.6134,    0.5655,    0.5304,    0.5022,    0.4900,    0.4960,    0.4914,    0.5203,    0.4813,    0.7684,    0.7207,    0.7072,    0.7100,    0.6376,    0.5212,    0.4500,    0.4123,    0.3455,    0.3240,    0.2854,    0.2612,    0.5814,    0.4832,    0.4677,    0.5503,    0.5899,    0.5074,    0.3651,    0.2679,    0.1916,    0.1341,    0.0887,    0.0633,    0.0057,    0.0000,    0.0177,    0.0436,    0.0495,    0.0452,    0.0508,    0.0417,    0.0371,    0.0511,    0.0452,    0.0679,    0.0744,    0.0604,    0.0871,    0.0949,    0.0857,    0.0505,    0.0050,    0.0122,    0.0684,    0.0878,    0.0987,    0.1034,    0.1282,    0.1372,    0.1420,    0.1509,    0.2139,    0.2183,    0.1994,    0.1813,    0.1589,    0.1919,    0.2693,    0.2742,    0.5732,    0.6260,    0.6557,    0.6635,    0.6498,    0.7222,    0.6947,    0.8393,    0.7713,    0.8753,    0.8274,    0.8800,    1.9073,    1.8586,    1.9332,    1.8043,    1.8157,    1.7507,    1.8124,    1.8587,    1.8964,    1.7624,    1.7379,    1.8047,    4.5617,    4.0903,    4.0441,    3.9217,    3.6225,    3.3973,    2.9823,    2.7436,    2.6370,    2.3112,    1.7753,    1.6488,    1.2711,    1.5371,    1.1720,    1.1187,    0.7543,    0.5474,    0.4423,    0.1775,    0.1565,    0.1111,    0.0385,    0.0313
 1242,    0.5000,  208.5985,    0.0909,  137.3210,  134.8748,   -0.9494,   -0.8711,  158.4330,  208.2431,  209.1654,  210.2892,  211.7174,  213.4029,  215.6038,  218.2962,  221.1014,  224.3097,  227.9933,  232.1922,  237.2307,  242.8011,  247.8971,  250.3008,  249.8782,  247.6645,  244.1961,  239.2876,  233.3911,  226.5974,  221.8484,  217.0425,  215.2947,    0.0641,    0.2414,    0.5066,    0.8317,    1.1925,    1.5687,    1.9434,    2.3033,    2.6384,    2.9404,    3.2036,    3.6486,    3.5011,    3.7618,    3.9351,    4.0026,    3.9535,    3.7976,    3.5561,    3.2890,    3.2399,    3.1818,    3.1345,    3.1373,    1.0759,    1.0903,    1.1201,    1.1922,    1.2776,    1.3434,    1.5278,    1.5412,    1.5764,    1.5558,    1.6214,    1.5778,    1.1418,    1.0678,    0.9732,    0.9787,    0.9339,    0.8117,    0.9267,    0.9321,    0.9542,    0.9907,    1.0564,    1.1028,    1.2072,    1.1788,    1.1018,    1.0967,    1.0966,    1.0874,    1.0309,    0.9544,    0.9069,    0.8324,    0.7917,    0.7702,    1.9726,    1.8026,    1.6779,    1.5120,    1.4286,    1.2857,    1.1638,    1.1126,    1.0407,    1.0005,    0.9725,    0.9126,    1.3924,    1.3029,    1.2247,    1.1863,    1.0973,    0.9549,    0.8717,    0.7923,    0.7124,    0.6512,    0.5876,    0.5316,    1.2497,    0.9402,    0.7819,    0.7523,    0.6946,    0.5422,    0.3908,    0.2743,    0.1988,    0.1400,    0.1000,    0.0709,    0.0919,    0.0460,    0.0861,    0.1033,    0.1161,    0.1076,    0.1184,    0.1356,    0.1195,    0.1645,    0.1454,    0.1585,    0.1747,    0.1423,    0.2066,    0.2286,    0.1855,    0.1985,    0.2043,    0.2227,    0.2489,    0.1827,    0.2971,    0.3133,    0.3855,    0.4121,    0.4265,    0.4534,    0.4587,    0.4785,    0.4771,    0.5191,    0.5463,    0.5381,    0.5895,    0.6003,    1.0108,    1.1039,    1.1577,    1.1925,    1.2099,    1.3167,    1.2406,    1.2939,    1.2475,    1.3269,    1.2580,    1.3470,    2.9036,    2.8594,    2.9307,    2.9868,    3.0153,    2.8979,    2.9996,    3.0762,    3.1387,    2.9182,    2.8765,    2.9871,    7.5512,    7.0763,    6.9973,    6.7864,    6.2697,    5.8812,    5.1641,    4.7521,    4.5690,    4.0061,    3.0788,    2.8609,    2.2072,    1.8885,    1.4411,    1.3768,    0.9293,    0.6752,    0.5463,    0.2196,    0.1939,    0.1380,    0.0479,    0.0391,    0.0001,    0.0002,    0.0005,    0.0008,    0.0011,    0.0015,    0.0019,    0.0021,    0.0020,    0.0020,    0.0024,    0.2277,    0.4170,    0.5772,    0.6781,    0.7004,    0.6306,    0.4763,    0.2555,    0.0284,    0.0364,    0.0533,    0.1206,    0.3150,    0.1059,    0.1633,    0.2517,    0.4278,    0.6219,    0.7683,    1.1532,    1.1791,    1.2594,    1.2707,    1.3324,    1.2635,    0.8907,    0.8331,    0.7742,    0.7654,    0.7444,    0.6911,    0.7272,    0.7249,    0.7335,    0.7557,    0.8056,    0.8606,    0.9763,    0.9494,    0.8767,    0.8406,    0.8429,    0.8528,    0.7686,    0.6426,    0.5978,    0.4783,    0.4223,    0.4012,    1.0011,    0.9237,    0.8157,    0.7500,    0.6980,    0.6503,    0.6127,    0.5955,    0.5968,    0.5870,    0.6152,    0.5725,    0.9167,    0.8710,    0.8434,    0.8385,    0.7590,    0.6380,    0.5556,    0.5094,    0.4306,    0.4017,    0.3502,    0.3203,    0.7248,    0.5984,    0.5815,    0.6602,    0.6614,    0.5261,    0.3786,    0.2644,    0.1900,    0.1326,    0.0939,    0.0676,    0.0042,    0.0000,    0.0131,    0.0349,    0.0395,    0.0361,    0.0406,    0.0309,    0.0275,    0.0379,    0.0335,    0.0544,    0.0596,    0.0484,    0.0698,    0.0761,    0.0707,    0.0416,    0.0041,    0.0101,    0.0563,    0.0724,    0.0744,    0.0779,    0.0967,    0.1034,    0.1071,    0.1137,    0.1748,    0.1784,    0.1628,    0.1481,    0.1298,    0.1568,    0.2201,    0.2241,    0.4893,    0.5344,    0.5597,    0.5663,    0.5545,    0.6163,    0.5929,    0.7397,    0.6798,    0.7715,    0.7293,    0.7757,    1.6812,    1.6382,    1.7041,    1.5574,    1.5672,    1.5112,    1.5645,    1.6044,    1.6369,    1.5213,    1.5001,    1.5578,    3.9376,    3.4799,    3.4407,    3.3365,    3.0820,    2.8904,    2.5374,    2.3343,    2.2436,    1.9664,    1.5105,    1.4029,    1.0816,    1.4006,    1.0680,    1.0194,    0.6874,    0.4989,    0.4031,    0.1618,    0.1426,    0.1013,    0.0351,    0.0286
 1401,    0.7500,  203.6916,    0.0705,  140.7248,  137.8882,   -0.9898,   -0.9619,  158.4330,  217.2293,  218.1833,  219.3429,  220.8235,  222.5874,  224.8641,  227.6035,  230.4000,  233.4872,  236.6993,  240.2997,  244.4044,  248.5973,  251.7154,  251.8986,  249.3009,  245.4989,  240.9660,  235.5962,  229.6902,  222.8619,  217.9468,  212.8436,  210.9901,    0.0624,    0.2346,    0.4913,    0.8047,    1.1509,    1.5100,    1.8657,    2.2051,    2.5188,    2.7988,    3.0398,    3.5816,    3.5324,    3.8493,    4.0518,    4.1163,    4.0258,    3.7889,    3.4282,    3.0280,    2.9738,    2.9132,    2.8681,    2.8831,    0.9866,    1.0048,    1.0407,    1.1263,    1.2272,    1.3061,    1.5425,    1.5494,    1.6011,    1.6245,    1.6930,    1.7045,    1.2597,    1.1986,    1.1165,    1.1252,    1.0810,    0.9578,    1.0742,    1.0781,    1.0953,    1.1225,    1.1733,    1.2042,    1.2900,    1.2462,    1.1921,    1.1547,    1.1536,    1.1451,    1.0902,    1.0055,    0.9566,    0.8830,    0.8424,    0.8208,    2.1005,    1.9086,    1.7829,    1.5918,    1.5076,    1.3418,    1.2054,    1.1546,    1.0815,    1.0413,    1.0226,    0.9623,    1.4943,    1.4245,    1.3398,    1.3064,    1.2149,    1.0691,    0.9751,    0.8898,    0.7959,    0.7296,    0.6518,    0.5917,    1.3906,    1.0691,    0.9372,    0.9267,    0.8313,    0.6249,    0.4526,    0.3155,    0.2298,    0.1629,    0.1194,    0.0852,    0.0913,    0.0454,    0.0865,    0.1049,    0.1179,    0.1093,    0.1203,    0.1368,    0.1206,    0.1660,    0.1468,    0.1613,    0.1778,    0.1448,    0.2101,    0.2325,    0.1891,    0.1996,    0.2035,    0.2218,    0.2509,    0.1865,    0.3003,    0.3166,    0.3896,    0.4165,    0.4311,    0.4583,    0.4678,    0.4876,    0.4850,    0.5254,    0.5510,    0.5448,    0.6007,    0.6118,    1.0366,    1.1321,    1.1871,    1.2220,    1.2382,    1.3486,    1.2717,    1.3307,    1.2802,    1.3656,    1.2944,    1.3856,    2.9876,    2.9409,    3.0160,    3.0620,    3.0907,    2.9708,    3.0751,    3.1536,    3.2177,    2.9917,    2.9490,    3.0624,    7.7416,    7.2200,    7.1396,    6.9246,    6.3977,    6.0016,    5.2702,    4.8501,    4.6637,    4.0896,    3.1433,    2.9213,    2.2542,    1.9258,    1.4700,    1.4048,    0.9486,    0.6895,    0.5582,    0.2245,    0.1984,    0.1412,    0.0491,    0.0401,    0.0001,    0.0003,    0.0007,    0.0012,    0.0016,    0.0022,    0.0027,    0.0030,    0.0029,    0.0029,    0.0034,    0.3479,    0.6272,    0.8599,    1.0057,    1.0399,    0.9425,    0.7196,    0.3901,    0.0381,    0.0465,    0.0630,    0.1271,    0.3135,    0.1058,    0.1610,    0.2455,    0.4142,    0.5992,    0.7382,    1.1034,    1.1285,    1.2035,    1.2056,    1.2633,    1.1847,    0.8275,    0.7688,    0.7093,    0.7001,    0.6792,    0.6260,    0.6629,    0.6610,    0.6705,    0.6945,    0.7457,    0.8037,    0.9239,    0.9139,    0.8339,    0.8383,    0.8380,    0.8470,    0.7793,    0.6918,    0.6613,    0.5686,    0.5251,    0.5072,    1.3013,    1.2075,    1.1078,    1.0173,    0.9599,    0.8842,    0.8256,    0.7974,    0.7851,    0.7630,    0.7843,    0.7369,    1.1793,    1.1382,    1.0790,    1.0547,    0.9666,    0.8463,    0.7488,    0.6867,    0.5904,    0.5464,    0.4721,    0.4312,    0.9996,    0.8119,    0.7756,    0.7986,    0.6782,    0.4586,    0.3278,    0.2102,    0.1510,    0.1044,    0.0835,    0.0604,    0.0020,    0.0000,    0.0062,    0.0199,    0.0226,    0.0207,    0.0232,    0.0147,    0.0131,    0.0180,    0.0159,    0.0313,    0.0343,    0.0279,    0.0402,    0.0438,    0.0438,    0.0258,    0.0026,    0.0063,    0.0350,    0.0449,    0.0368,    0.0385,    0.0478,    0.0511,    0.0529,    0.0562,    0.1057,    0.1079,    0.0985,    0.0896,    0.0786,    0.0949,    0.1331,    0.1355,    0.3296,    0.3600,    0.3770,    0.3814,    0.3735,    0.4152,    0.3994,    0.5398,    0.4961,    0.5630,    0.5322,    0.5660,    1.2268,    1.1954,    1.2435,    1.0789,    1.0857,    1.0469,    1.0838,    1.1115,    1.1340,    1.0539,    1.0393,    1.0792,    2.7279,    2.3286,    2.3024,    2.2327,    2.0624,    1.9343,    1.6980,    1.5622,    1.5015,    1.3160,    1.0110,    0.9390,    0.7239,    1.1119,    0.8479,    0.8095,    0.5459,    0.3962,    0.3202,    0.1285,    0.1133,    0.0805,    0.0279,    0.0227
 1602,    1.0000,  199.1981,    0.0604,  142.4176,  139.3858,   -0.9009,   -0.8450,  158.4330,  223.5369,  224.5158,  225.6815,  227.1789,  229.0059,  231.2057,  233.8876,  236.5964,  239.4009,  242.3051,  245.3041,  248.5955,  251.5982,  253.0665,  251.1941,  246.7020,  241.5713,  236.1100,  230.5003,  224.7931,  218.2148,  213.4951,  208.4674,  206.6441,    0.0609,    0.2284,    0.4773,    0.7799,    1.1127,    1.4563,    1.7947,    2.1155,    2.4098,    2.6701,    2.8914,    3.5235,    3.5583,    3.9199,    4.1442,    4.2057,    4.0828,    3.7806,    3.3183,    2.7967,    2.7384,    2.6754,    2.6304,    2.6489,    0.9046,    0.9237,    0.9614,    1.0529,    1.1602,    1.2457,    1.5164,    1.5159,    1.5797,    1.6426,    1.7104,    1.7729,    1.3308,    1.2818,    1.2132,    1.2231,    1.1810,    1.0624,    1.1743,    1.1766,    1.1894,    1.2088,    1.2456,    1.2636,    1.3302,    1.2744,    1.2427,    1.1788,    1.1763,    1.1687,    1.1178,    1.0298,    0.9821,    0.9136,    0.8749,    0.8540,    2.1903,    1.9876,    1.8645,    1.6599,    1.5758,    1.3964,    1.2520,    1.2005,    1.1271,    1.0851,    1.0719,    1.0117,    1.5877,    1.5311,    1.4376,    1.4025,    1.3078,    1.1623,    1.0592,    0.9688,    0.8634,    0.7924,    0.7027,    0.6392,    1.5045,    1.1704,    1.0506,    1.0364,    0.9072,    0.6764,    0.4912,    0.3458,    0.2524,    0.1796,    0.1314,    0.0938,    0.0908,    0.0450,    0.0865,    0.1055,    0.1185,    0.1099,    0.1209,    0.1371,    0.1209,    0.1664,    0.1472,    0.1623,    0.1789,    0.1456,    0.2114,    0.2339,    0.1906,    0.1998,    0.2028,    0.2211,    0.2516,    0.1881,    0.3012,    0.3175,    0.3908,    0.4177,    0.4324,    0.4596,    0.4713,    0.4911,    0.4879,    0.5276,    0.5525,    0.5472,    0.6050,    0.6163,    1.0488,    1.1455,    1.2011,    1.2361,    1.2516,    1.3638,    1.2864,    1.3510,    1.2982,    1.3869,    1.3146,    1.4070,    3.0341,    2.9860,    3.0632,    3.0997,    3.1286,    3.0074,    3.1131,    3.1925,    3.2574,    3.0286,    2.9854,    3.1002,    7.8373,    7.2875,    7.2064,    6.9897,    6.4580,    6.0584,    5.3203,    4.8965,    4.7086,    4.1292,    3.1740,    2.9502,    2.2768,    1.9504,    1.4890,    1.4234,    0.9614,    0.6991,    0.5662,    0.2278,    0.2014,    0.1435,    0.0499,    0.0408,    0.0001,    0.0004,    0.0009,    0.0015,    0.0021,    0.0028,    0.0034,    0.0038,    0.0037,    0.0037,    0.0044,    0.4592,    0.8144,    1.1058,    1.2869,    1.3309,    1.2128,    0.9349,    0.5125,    0.0460,    0.0540,    0.0690,    0.1268,    0.2968,    0.1000,    0.1501,    0.2270,    0.3831,    0.5538,    0.6831,    1.0248,    1.0492,    1.1190,    1.1190,    1.1719,    1.0925,    0.7582,    0.7014,    0.6450,    0.6354,    0.6155,    0.5656,    0.6000,    0.5980,    0.6071,    0.6306,    0.6795,    0.7368,    0.8554,    0.8577,    0.7765,    0.8097,    0.8071,    0.8145,    0.7628,    0.7086,    0.6893,    0.6222,    0.5902,    0.5755,    1.4965,    1.3897,    1.3003,    1.1910,    1.1310,    1.0337,    0.9586,    0.9222,    0.8964,    0.8649,    0.8757,    0.8266,    1.3157,    1.2742,    1.1931,    1.1530,    1.0645,    0.9510,    0.8517,    0.7804,    0.6809,    0.6269,    0.5424,    0.4946,    1.1627,    0.9287,    0.8573,    0.7966,    0.5808,    0.3492,    0.2467,    0.1507,    0.1072,    0.0733,    0.0625,    0.0448,    0.0010,    0.0000,    0.0030,    0.0114,    0.0130,    0.0119,    0.0133,    0.0070,    0.0062,    0.0086,    0.0076,    0.0180,    0.0198,    0.0161,    0.0231,    0.0252,    0.0272,    0.0162,    0.0017,    0.0040,    0.0219,    0.0278,    0.0182,    0.0191,    0.0237,    0.0254,    0.0262,    0.0279,    0.0640,    0.0653,    0.0597,    0.0544,    0.0478,    0.0576,    0.0806,    0.0821,    0.2222,    0.2427,    0.2542,    0.2572,    0.2519,    0.2800,    0.2693,    0.3942,    0.3623,    0.4111,    0.3886,    0.4133,    0.8958,    0.8729,    0.9080,    0.7485,    0.7532,    0.7263,    0.7519,    0.7711,    0.7867,    0.7312,    0.7210,    0.7487,    1.8925,    1.5637,    1.5461,    1.4993,    1.3850,    1.2989,    1.1403,    1.0491,    1.0084,    0.8839,    0.6790,    0.6307,    0.4863,    0.8848,    0.6748,    0.6442,    0.4345,    0.3154,    0.2549,    0.1023,    0.0902,    0.0641,    0.0222,    0.0181
 1741,    1.2500,  195.3068,    0.0553,  143.5007,  140.1421,   -0.9875,   -0.9797,  158.4330,  228.3437,  229.3585,  230.5186,  232.0039,  233.7978,  236.0056,  238.5983,  241.1057,  243.7085,  246.1959,  248.7111,  251.2939,  253.2062,  253.2000,  249.4992,  243.3972,  237.0955,  230.9995,  225.2956,  219.7983,  213.6970,  209.1793,  204.3205,  202.5866,    0.0596,    0.2231,    0.4654,    0.7589,    1.0805,    1.4111,    1.7349,    2.0402,    2.3185,    2.5625,    2.7674,    3.4838,    3.5883,    3.9848,    4.2252,    4.2845,    4.1373,    3.7841,    3.2370,    2.6070,    2.5457,    2.4810,    2.4354,    2.4539,    0.8365,    0.8553,    0.8929,    0.9861,    1.0951,    1.1835,    1.4765,    1.4687,    1.5413,    1.6381,    1.7030,    1.8107,    1.3764,    1.3385,    1.2833,    1.2931,    1.2536,    1.1421,    1.2471,    1.2478,    1.2570,    1.2695,    1.2939,    1.3010,    1.3503,    1.2855,    1.2739,    1.1890,    1.1851,    1.1786,    1.1322,    1.0433,    0.9977,    0.9348,    0.8983,    0.8782,    2.2593,    2.0516,    1.9318,    1.7203,    1.6362,    1.4488,    1.2996,    1.2468,    1.1733,    1.1290,    1.1185,    1.0580,    1.6700,    1.6207,    1.5189,    1.4799,    1.3821,    1.2371,    1.1270,    1.0322,    0.9181,    0.8428,    0.7438,    0.6775,    1.5978,    1.2509,    1.1339,    1.1087,    0.9582,    0.7176,    0.5224,    0.3720,    0.2720,    0.1942,    0.1407,    0.1005,    0.0904,    0.0447,    0.0864,    0.1057,    0.1188,    0.1101,    0.1212,    0.1372,    0.1209,    0.1665,    0.1472,    0.1626,    0.1793,    0.1460,    0.2119,    0.2343,    0.1912,    0.1996,    0.2023,    0.2204,    0.2516,    0.1887,    0.3014,    0.3177,    0.3911,    0.4180,    0.4327,    0.4600,    0.4727,    0.4925,    0.4890,    0.5283,    0.5528,    0.5479,    0.6066,    0.6180,    1.0547,    1.1519,    1.2078,    1.2428,    1.2579,    1.3710,    1.2935,    1.3622,    1.3080,    1.3988,    1.3258,    1.4189,    3.0599,    3.0110,    3.0894,    3.1186,    3.1476,    3.0259,    3.1321,    3.2121,    3.2774,    3.0471,    3.0037,    3.1193,    7.8854,    7.3193,    7.2380,    7.0204,    6.4865,    6.0854,    5.3441,    4.9186,    4.7301,    4.1483,    3.1889,    2.9642,    2.2878,    1.9666,    1.5017,    1.4358,    0.9700,    0.7056,    0.5716,    0.2301,    0.2035,    0.1450,    0.0505,    0.0413,    0.0001,    0.0005,    0.0011,    0.0018,    0.0026,    0.0034,    0.0041,    0.0046,    0.0045,    0.0044,    0.0052,    0.5607,    0.9787,    1.3162,    1.5242,    1.5759,    1.4428,    1.1221,    0.6221,    0.0528,    0.0602,    0.0736,    0.1248,    0.2779,    0.0935,    0.1382,    0.2074,    0.3504,    0.5063,    0.6260,    0.9450,    0.9683,    1.0335,    1.0344,    1.0827,    1.0060,    0.6947,    0.6409,    0.5885,    0.5787,    0.5601,    0.5147,    0.5452,    0.5430,    0.5514,    0.5734,    0.6189,    0.6743,    0.7895,    0.8013,    0.7210,    0.7754,    0.7707,    0.7766,    0.7384,    0.7107,    0.6995,    0.6527,    0.6297,    0.6175,    1.6144,    1.4968,    1.4159,    1.2932,    1.2318,    1.1195,    1.0324,    0.9902,    0.9528,    0.9147,    0.9143,    0.8649,    1.3656,    1.3195,    1.2254,    1.1738,    1.0891,    0.9832,    0.8899,    0.8141,    0.7201,    0.6604,    0.5748,    0.5232,    1.2423,    0.9758,    0.8639,    0.7241,    0.4617,    0.2569,    0.1790,    0.1065,    0.0748,    0.0505,    0.0440,    0.0312,    0.0005,    0.0000,    0.0014,    0.0066,    0.0075,    0.0068,    0.0077,    0.0033,    0.0030,    0.0041,    0.0036,    0.0104,    0.0114,    0.0093,    0.0134,    0.0146,    0.0169,    0.0102,    0.0011,    0.0026,    0.0137,    0.0173,    0.0091,    0.0095,    0.0118,    0.0126,    0.0131,    0.0139,    0.0388,    0.0396,    0.0363,    0.0330,    0.0291,    0.0350,    0.0489,    0.0498,    0.1500,    0.1639,    0.1716,    0.1737,    0.1702,    0.1891,    0.1818,    0.2881,    0.2648,    0.3004,    0.2840,    0.3021,    0.6546,    0.6380,    0.6635,    0.5201,    0.5234,    0.5047,    0.5225,    0.5358,    0.5467,    0.5080,    0.5010,    0.5202,    1.3150,    1.0538,    1.0419,    1.0104,    0.9334,    0.8754,    0.7685,    0.7071,    0.6796,    0.5957,    0.4577,    0.4251,    0.3278,    0.7056,    0.5381,    0.5138,    0.3466,    0.2516,    0.2034,    0.0817,    0.0720,    0.0512,    0.0177,    0.0144
 1867,    1.5000,  191.8986,    0.0527,  144.0891,  140.5305,   -0.9766,   -0.9900,  158.4330,  232.2212,  233.2673,  234.4123,  235.7896,  237.5701,  239.6990,  242.2027,  244.6097,  246.9870,  249.1128,  251.2057,  253.1049,  254.1002,  252.6057,  247.3001,  239.7977,  232.6025,  226.0992,  220.3965,  215.1091,  209.3976,  205.1868,  200.5848,  198.9608,    0.0584,    0.2184,    0.4547,    0.7402,    1.0518,    1.3707,    1.6817,    1.9732,    2.2373,    2.4670,    2.6577,    3.4520,    3.6147,    4.0378,    4.2897,    4.3467,    4.1811,    3.7878,    3.1697,    2.4421,    2.3786,    2.3128,    2.2667,    2.2839,    0.7773,    0.7956,    0.8323,    0.9257,    1.0342,    1.1236,    1.4320,    1.4175,    1.4966,    1.6226,    1.6833,    1.8311,    1.4071,    1.3795,    1.3371,    1.3464,    1.3097,    1.2065,    1.3032,    1.3024,    1.3084,    1.3150,    1.3280,    1.3259,    1.3600,    1.2884,    1.2948,    1.1927,    1.1875,    1.1823,    1.1400,    1.0509,    1.0080,    0.9497,    0.9152,    0.8958,    2.3116,    2.1025,    1.9855,    1.7710,    1.6868,    1.4947,    1.3429,    1.2887,    1.2150,    1.1684,    1.1592,    1.0982,    1.7386,    1.6929,    1.5843,    1.5411,    1.4407,    1.2960,    1.1806,    1.0822,    0.9617,    0.8829,    0.7767,    0.7079,    1.6729,    1.3146,    1.1962,    1.1605,    0.9990,    0.7545,    0.5504,    0.3962,    0.2900,    0.2077,    0.1491,    0.1066,    0.0901,    0.0444,    0.0864,    0.1057,    0.1188,    0.1101,    0.1212,    0.1372,    0.1210,    0.1665,    0.1473,    0.1628,    0.1794,    0.1461,    0.2120,    0.2345,    0.1914,    0.1993,    0.2018,    0.2199,    0.2515,    0.1890,    0.3014,    0.3178,    0.3911,    0.4181,    0.4328,    0.4601,    0.4732,    0.4931,    0.4894,    0.5285,    0.5527,    0.5480,    0.6072,    0.6187,    1.0575,    1.1550,    1.2110,    1.2459,    1.2609,    1.3744,    1.2968,    1.3685,    1.3134,    1.4054,    1.3320,    1.4255,    3.0742,    3.0248,    3.1040,    3.1282,    3.1572,    3.0351,    3.1417,    3.2219,    3.2875,    3.0565,    3.0129,    3.1289,    7.9097,    7.3344,    7.2530,    7.0351,    6.5002,    6.0983,    5.3556,    4.9293,    4.7406,    4.1577,    3.1962,    2.9712,    2.2934,    1.9775,    1.5102,    1.4442,    0.9758,    0.7099,    0.5752,    0.2316,    0.2049,    0.1461,    0.0509,    0.0416,    0.0002,    0.0006,    0.0013,    0.0021,    0.0030,    0.0039,    0.0048,    0.0053,    0.0052,    0.0051,    0.0060,    0.6536,    1.1233,    1.4970,    1.7253,    1.7830,    1.6391,    1.2854,    0.7207,    0.0587,    0.0656,    0.0775,    0.1228,    0.2604,    0.0876,    0.1276,    0.1898,    0.3208,    0.4629,    0.5735,    0.8713,    0.8933,    0.9543,    0.9571,    1.0011,    0.9285,    0.6388,    0.5886,    0.5403,    0.5305,    0.5131,    0.4716,    0.4988,    0.4965,    0.5039,    0.5242,    0.5657,    0.6185,    0.7299,    0.7494,    0.6708,    0.7409,    0.7345,    0.7390,    0.7117,    0.7048,    0.6988,    0.6671,    0.6508,    0.6405,    1.6757,    1.5487,    1.4745,    1.3422,    1.2802,    1.1581,    1.0626,    1.0169,    0.9698,    0.9277,    0.9163,    0.8675,    1.3572,    1.3043,    1.2042,    1.1450,    1.0664,    0.9679,    0.8844,    0.8077,    0.7240,    0.6619,    0.5809,    0.5278,    1.2633,    0.9758,    0.8255,    0.6255,    0.3561,    0.1889,    0.1298,    0.0761,    0.0527,    0.0351,    0.0306,    0.0214,    0.0002,    0.0000,    0.0007,    0.0038,    0.0043,    0.0039,    0.0044,    0.0016,    0.0014,    0.0020,    0.0017,    0.0060,    0.0066,    0.0054,    0.0077,    0.0084,    0.0105,    0.0064,    0.0007,    0.0016,    0.0086,    0.0107,    0.0045,    0.0047,    0.0059,    0.0063,    0.0065,    0.0069,    0.0236,    0.0241,    0.0221,    0.0201,    0.0177,    0.0213,    0.0297,    0.0302,    0.1014,    0.1107,    0.1160,    0.1174,    0.1151,    0.1278,    0.1229,    0.2108,    0.1938,    0.2197,    0.2077,    0.2209,    0.4788,    0.4667,    0.4853,    0.3620,    0.3643,    0.3513,    0.3636,    0.3729,    0.3805,    0.3536,    0.3487,    0.3621,    0.9153,    0.7127,    0.7047,    0.6833,    0.6312,    0.5921,    0.5198,    0.4782,    0.4597,    0.4029,    0.3096,    0.2876,    0.2217,    0.5639,    0.4301,    0.4107,    0.2770,    0.2011,    0.1626,    0.0653,    0.0576,    0.0409,    0.0142,    0.0116
 1931,    1.7500,  188.9907,    0.0513,  144.4857,  140.7338,   -0.9846,   -0.9582,  158.4330,  235.4259,  236.3923,  237.6010,  238.9536,  240.6685,  242.7754,  245.1090,  247.3839,  249.5024,  251.4037,  253.0896,  254.4029,  254.4947,  251.6970,  244.9003,  236.2966,  228.4015,  221.6861,  215.9445,  210.9935,  205.6056,  201.6385,  197.2413,  195.6596,    0.0574,    0.2142,    0.4453,    0.7237,    1.0264,    1.3351,    1.6348,    1.9144,    2.1662,    2.3834,    2.5618,    3.4286,    3.6400,    4.0836,    4.3434,    4.3985,    4.2190,    3.7943,    3.1165,    2.3004,    2.2352,    2.1688,    2.1223,    2.1380,    0.7267,    0.7444,    0.7800,    0.8726,    0.9796,    1.0690,    1.3880,    1.3674,    1.4516,    1.6025,    1.6582,    1.8412,    1.4282,    1.4100,    1.3795,    1.3878,    1.3539,    1.2593,    1.3475,    1.3452,    1.3486,    1.3501,    1.3530,    1.3433,    1.3645,    1.2881,    1.3098,    1.1942,    1.1878,    1.1840,    1.1451,    1.0564,    1.0162,    0.9616,    0.9288,    0.9099,    2.3550,    2.1461,    2.0314,    1.8157,    1.7313,    1.5364,    1.3826,    1.3272,    1.2529,    1.2044,    1.1952,    1.1337,    1.7972,    1.7532,    1.6389,    1.5919,    1.4894,    1.3445,    1.2252,    1.1237,    0.9983,    0.9165,    0.8047,    0.7338,    1.7373,    1.3685,    1.2468,    1.2027,    1.0356,    0.7888,    0.5765,    0.4186,    0.3068,    0.2203,    0.1569,    0.1123,    0.0898,    0.0442,    0.0863,    0.1057,    0.1189,    0.1102,    0.1213,    0.1372,    0.1210,    0.1665,    0.1473,    0.1628,    0.1795,    0.1461,    0.2121,    0.2346,    0.1915,    0.1991,    0.2014,    0.2194,    0.2513,    0.1891,    0.3015,    0.3178,    0.3912,    0.4181,    0.4328,    0.4601,    0.4734,    0.4933,    0.4895,    0.5284,    0.5525,    0.5480,    0.6075,    0.6189,    1.0588,    1.1564,    1.2126,    1.2475,    1.2623,    1.3760,    1.2984,    1.3719,    1.3163,    1.4090,    1.3354,    1.4291,    3.0821,    3.0325,    3.1121,    3.1330,    3.1620,    3.0398,    3.1466,    3.2269,    3.2925,    3.0612,    3.0176,    3.1337,    7.9220,    7.3416,    7.2602,    7.0422,    6.5068,    6.1046,    5.3613,    4.9346,    4.7458,    4.1624,    3.2000,    2.9747,    2.2963,    1.9847,    1.5159,    1.4498,    0.9798,    0.7130,    0.5778,    0.2327,    0.2059,    0.1469,    0.0512,    0.0418,    0.0002,    0.0007,    0.0015,    0.0024,    0.0034,    0.0045,    0.0055,    0.0060,    0.0058,    0.0058,    0.0068,    0.7391,    1.2514,    1.6535,    1.8971,    1.9594,    1.8079,    1.4288,    0.8099,    0.0640,    0.0705,    0.0809,    0.1212,    0.2454,    0.0826,    0.1186,    0.1749,    0.2953,    0.4253,    0.5279,    0.8069,    0.8275,    0.8848,    0.8894,    0.9297,    0.8611,    0.5903,    0.5432,    0.4987,    0.4889,    0.4727,    0.4349,    0.4590,    0.4564,    0.4629,    0.4816,    0.5199,    0.5704,    0.6785,    0.7044,    0.6271,    0.7092,    0.7015,    0.7045,    0.6857,    0.6946,    0.6915,    0.6707,    0.6592,    0.6502,    1.6977,    1.5628,    1.4934,    1.3549,    1.2928,    1.1648,    1.0638,    1.0161,    0.9613,    0.9170,    0.8959,    0.8482,    1.3141,    1.2543,    1.1528,    1.0891,    1.0173,    0.9257,    0.8534,    0.7779,    0.7064,    0.6441,    0.5708,    0.5176,    1.2478,    0.9481,    0.7650,    0.5265,    0.2738,    0.1417,    0.0961,    0.0559,    0.0382,    0.0251,    0.0216,    0.0148,    0.0001,    0.0000,    0.0003,    0.0022,    0.0025,    0.0023,    0.0026,    0.0008,    0.0007,    0.0009,    0.0008,    0.0035,    0.0038,    0.0031,    0.0045,    0.0049,    0.0066,    0.0040,    0.0005,    0.0010,    0.0054,    0.0067,    0.0023,    0.0024,    0.0030,    0.0032,    0.0033,    0.0035,    0.0143,    0.0146,    0.0135,    0.0123,    0.0108,    0.0130,    0.0181,    0.0184,    0.0686,    0.0750,    0.0785,    0.0795,    0.0779,    0.0865,    0.0832,    0.1543,    0.1419,    0.1608,    0.1521,    0.1617,    0.3505,    0.3417,    0.3552,    0.2524,    0.2540,    0.2449,    0.2535,    0.2600,    0.2653,    0.2465,    0.2431,    0.2525,    0.6381,    0.4836,    0.4781,    0.4637,    0.4283,    0.4017,    0.3527,    0.3245,    0.3119,    0.2734,    0.2101,    0.1952,    0.1505,    0.4515,    0.3444,    0.3289,    0.2218,    0.1611,    0.1302,    0.0523,    0.0461,    0.0328,    0.0114,    0.0093
 2074,    2.0000,  186.2978,    0.0505,  144.6785,  140.8425,   -0.9097,   -0.8680,  158.4330,  238.0470,  239.0374,  240.2227,  241.5411,  243.2146,  245.2937,  247.5095,  249.5968,  251.4985,  253.1867,  254.4994,  255.2967,  254.4975,  250.5969,  242.4040,  232.8327,  224.5220,  217.6011,  211.9965,  207.2923,  202.1947,  198.4808,  194.2976,  192.7865,    0.0564,    0.2105,    0.4369,    0.7088,    1.0036,    1.3032,    1.5928,    1.8617,    2.1025,    2.3087,    2.4763,    3.4107,    3.6629,    4.1217,    4.3868,    4.4400,    4.2502,    3.8009,    3.0727,    2.1758,    2.1096,    2.0428,    1.9962,    2.0103,    0.6825,    0.6996,    0.7341,    0.8255,    0.9304,    1.0192,    1.3453,    1.3194,    1.4073,    1.5794,    1.6295,    1.8432,    1.4419,    1.4323,    1.4132,    1.4205,    1.3893,    1.3030,    1.3830,    1.3793,    1.3804,    1.3773,    1.3710,    1.3547,    1.3651,    1.2853,    1.3204,    1.1939,    1.1865,    1.1842,    1.1482,    1.0601,    1.0226,    0.9711,    0.9396,    0.9213,    2.3909,    2.1829,    2.0702,    1.8543,    1.7695,    1.5727,    1.4175,    1.3609,    1.2859,    1.2357,    1.2259,    1.1639,    1.8457,    1.8022,    1.6834,    1.6332,    1.5291,    1.3838,    1.2616,    1.1577,    1.0286,    0.9443,    0.8281,    0.7555,    1.7915,    1.4133,    1.2875,    1.2373,    1.0679,    0.8201,    0.6004,    0.4393,    0.3224,    0.2320,    0.1641,    0.1175,    0.0895,    0.0440,    0.0862,    0.1058,    0.1189,    0.1102,    0.1213,    0.1372,    0.1210,    0.1665,    0.1473,    0.1628,    0.1795,    0.1461,    0.2121,    0.2346,    0.1915,    0.1988,    0.2011,    0.2190,    0.2511,    0.1891,    0.3015,    0.3178,    0.3912,    0.4181,    0.4328,    0.4601,    0.4735,    0.4933,    0.4895,    0.5283,    0.5523,    0.5478,    0.6075,    0.6190,    1.0595,    1.1571,    1.2133,    1.2482,    1.2629,    1.3767,    1.2992,    1.3738,    1.3179,    1.4111,    1.3373,    1.4311,    3.0865,    3.0367,    3.1165,    3.1354,    3.1645,    3.0422,    3.1490,    3.2294,    3.2951,    3.0636,    3.0200,    3.1362,    7.9283,    7.3451,    7.2637,    7.0456,    6.5101,    6.1078,    5.3641,    4.9373,    4.7484,    4.1648,    3.2019,    2.9767,    2.2978,    1.9896,    1.5198,    1.4537,    0.9825,    0.7151,    0.5796,    0.2335,    0.2067,    0.1474,    0.0514,    0.0420,    0.0002,    0.0008,    0.0017,    0.0027,    0.0038,    0.0050,    0.0061,    0.0067,    0.0065,    0.0064,    0.0075,    0.8181,    1.3655,    1.7896,    2.0444,    2.1104,    1.9536,    1.5551,    0.8911,    0.0688,    0.0748,    0.0841,    0.1200,    0.2328,    0.0785,    0.1111,    0.1623,    0.2737,    0.3930,    0.4887,    0.7511,    0.7704,    0.8245,    0.8309,    0.8682,    0.8036,    0.5492,    0.5047,    0.4629,    0.4533,    0.4381,    0.4033,    0.4248,    0.4222,    0.4281,    0.4456,    0.4813,    0.5297,    0.6348,    0.6658,    0.5897,    0.6804,    0.6716,    0.6731,    0.6609,    0.6815,    0.6793,    0.6663,    0.6581,    0.6500,    1.6912,    1.5498,    1.4842,    1.3418,    1.2802,    1.1492,    1.0452,    0.9966,    0.9360,    0.8908,    0.8614,    0.8152,    1.2505,    1.1846,    1.0846,    1.0189,    0.9539,    0.8686,    0.8074,    0.7346,    0.6755,    0.6143,    0.5501,    0.4979,    1.2080,    0.9030,    0.6948,    0.4372,    0.2126,    0.1090,    0.0730,    0.0423,    0.0285,    0.0185,    0.0156,    0.0105,    0.0001,    0.0000,    0.0002,    0.0013,    0.0014,    0.0013,    0.0015,    0.0004,    0.0003,    0.0005,    0.0004,    0.0020,    0.0022,    0.0018,    0.0026,    0.0028,    0.0041,    0.0025,    0.0003,    0.0007,    0.0034,    0.0042,    0.0011,    0.0012,    0.0015,    0.0016,    0.0016,    0.0017,    0.0087,    0.0089,    0.0082,    0.0075,    0.0066,    0.0079,    0.0110,    0.0112,    0.0465,    0.0508,    0.0532,    0.0539,    0.0528,    0.0587,    0.0564,    0.1131,    0.1040,    0.1178,    0.1114,    0.1185,    0.2568,    0.2504,    0.2603,    0.1763,    0.1774,    0.1710,    0.1771,    0.1816,    0.1853,    0.1722,    0.1698,    0.1763,    0.4457,    0.3292,    0.3255,    0.3156,    0.2916,    0.2735,    0.2401,    0.2209,    0.2123,    0.1861,    0.1430,    0.1329,    0.1025,    0.3622,    0.2763,    0.2638,    0.1780,    0.1293,    0.1045,    0.0420,    0.0370,    0.0263,    0.0091,    0.0074
