Particle       ,data/QEXT_96IR_84_VIS_RNC10_5_9umrod
Ncase          ,  14
dt (sols)      ,  0.020833
Qext 0.67um    ,  1.880725
Alb sfc        ,  0.220000
Conrath nu     ,  0.002000
Sun Flux (W/m2),148.393084
BWN IR (cm-1)  ,     10.0000,     34.1670,     58.3330,     82.5000,    106.6670,    130.8330,    155.0000,    179.1670,    203.3330,    227.5000,    251.6670,    275.8330,    300.0000,    320.7880,    341.5750,    362.3630,    383.1500,    403.9380,    424.7250,    445.5130,    466.3010,    487.0880,    507.8760,    528.6630,    549.4510,    556.7420,    564.0330,    571.3240,    578.6150,    585.9060,    593.1970,    600.4880,    607.7790,    615.0700,    622.3610,    629.6520,    636.9430,    642.5500,    648.1570,    653.7640,    659.3700,    664.9770,    670.5840,    676.1910,    681.7980,    687.4050,    693.0110,    698.6180,    704.2250,    710.1390,    716.0530,    721.9670,    727.8810,    733.7950,    739.7090,    745.6240,    751.5380,    757.4520,    763.3660,    769.2800,    775.1940,    791.5010,    807.8070,    824.1140,    840.4210,    856.7270,    873.0340,    889.3410,    905.6470,    921.9540,    938.2610,    954.5670,    970.8740,    996.8050,   1022.7370,   1048.6680,   1074.6000,   1100.5310,   1126.4630,   1152.3940,   1178.3250,   1204.2570,   1230.1880,   1256.1200,   1282.0510,   1360.3990,   1438.7460,   1517.0940,   1595.4410,   1673.7890,   1752.1370,   1830.4840,   1908.8320,   1987.1790,   2065.5270,   2143.8740,   2222.2220
BWN VIS (cm-1) ,   2222.2200,   2294.3160,   2366.4120,   2438.5080,   2510.6030,   2582.6990,   2654.7950,   2726.8910,   2798.9870,   2871.0820,   2943.1780,   3015.2740,   3087.3700,   3165.9750,   3244.5800,   3323.1850,   3401.7900,   3480.3950,   3559.0000,   3637.6050,   3716.2100,   3794.8150,   3873.4200,   3952.0250,   4030.6300,   4142.2920,   4253.9530,   4365.6150,   4477.2770,   4588.9380,   4700.6000,   4812.2620,   4923.9230,   5035.5850,   5147.2470,   5258.9080,   5370.5700,   5560.6150,   5750.6600,   5940.7050,   6130.7500,   6320.7950,   6510.8400,   6700.8850,   6890.9300,   7080.9750,   7271.0200,   7461.0650,   7651.1100,   8055.1840,   8459.2580,   8863.3330,   9267.4070,   9671.4810,  10075.5550,  10479.6290,  10883.7030,  11287.7780,  11691.8520,  12095.9260,  12500.0000,  13541.6670,  14583.3330,  15625.0000,  16666.6670,  17708.3330,  18750.0000,  19791.6670,  20833.3330,  21875.0000,  22916.6670,  23958.3330,  25000.0000,  26388.8890,  27777.7780,  29166.6670,  30555.5570,  31944.4460,  33333.3350,  34722.2240,  36111.1130,  37500.0030,  38888.8920,  40277.7810,  41666.6700
SUN VIS (W/m2) ,      0.1008,      0.0862,      0.0968,      0.1089,      0.1224,      0.1136,      0.1248,      0.1400,      0.1233,      0.1698,      0.1502,      0.1645,      0.1814,      0.1477,      0.2144,      0.2377,      0.1946,      0.2106,      0.2276,      0.2472,      0.2683,      0.1918,      0.3072,      0.3239,      0.3986,      0.4261,      0.4410,      0.4688,      0.4810,      0.5017,      0.5013,      0.5485,      0.5772,      0.5665,      0.6183,      0.6303,      1.0809,      1.1806,      1.2379,      1.2751,      1.2949,      1.4092,      1.3262,      1.4132,      1.3634,      1.4505,      1.3747,      1.4716,      3.1730,      3.1258,      3.2038,      3.2543,      3.2846,      3.1576,      3.2685,      3.3520,      3.4202,      3.1800,      3.1347,      3.2554,      8.2299,      7.8425,      7.7561,      7.5237,      6.9524,      6.5235,      5.7299,      5.2748,      5.0739,      4.4511,      3.4228,      3.1828,      2.4579,      2.2644,      1.7312,      1.6575,      1.1215,      0.8173,      0.6634,      0.2677,      0.2374,      0.1697,      0.0593,      0.0486
================
wavelenght [um],    0.244068,    0.252632,    0.261818,    0.271698,    0.282353,    0.293878,    0.306383,    0.320000,    0.334884,    0.351220,    0.369231,    0.389189,    0.408511,    0.426667,    0.446512,    0.468293,    0.492308,    0.518919,    0.548571,    0.581818,    0.619355,    0.662069,    0.711111,    0.768000,    0.813143,    0.840768,    0.870336,    0.902060,    0.936184,    0.972991,    1.012810,    1.056028,    1.103099,    1.154562,    1.211061,    1.273375,    1.323436,    1.357581,    1.393534,    1.431444,    1.471474,    1.513807,    1.558648,    1.606226,    1.656801,    1.710664,    1.768147,    1.829628,    1.881560,    1.921939,    1.964090,    2.008131,    2.054193,    2.102417,    2.152960,    2.205992,    2.261704,    2.320302,    2.382017,    2.447105,    2.505432,    2.555765,    2.608162,    2.662752,    2.719677,    2.779088,    2.841153,    2.906054,    2.973989,    3.045176,    3.119855,    3.198288,    3.277268,    3.356577,    3.439819,    3.527294,    3.619334,    3.716307,    3.818620,    3.926726,    4.041130,    4.162400,    4.291175,    4.428172,    4.580751,    4.751270,    4.934974,    5.133456,    5.348572,    5.582505,    5.837838,    6.117648,    6.425631,    6.766266,    7.145039,    7.568734,    7.879690,    8.044056,    8.215425,    8.394255,    8.581043,    8.776330,    8.980716,    9.194848,    9.419442,    9.655282,    9.903235,   10.164260,   10.387231,   10.566200,   10.751445,   10.943308,   11.142136,   11.348323,   11.562291,   11.784476,   12.015368,   12.255495,   12.505409,   12.765727,   12.949392,   13.049328,   13.150818,   13.253898,   13.358608,   13.464994,   13.573088,   13.682923,   13.794549,   13.908012,   14.023357,   14.140631,   14.256763,   14.371646,   14.488386,   14.607038,   14.727660,   14.850291,   14.974981,   15.101782,   15.230738,   15.361915,   15.495384,   15.631191,   15.790367,   15.974275,   16.162517,   16.355249,   16.552633,   16.754839,   16.962047,   17.174443,   17.392227,   17.615605,   17.844795,   18.080028,   18.550914,   19.294981,   20.101230,   20.977796,   21.934298,   22.982219,   24.135264,   25.410119,   26.827165,   28.411593,   30.194923,   32.217118,   34.732292,   37.914692,   41.739101,   46.421699,   52.287582,   59.850314,   69.970927,   84.210526,  105.726686,  142.012170,  216.216216,  452.826771
Qext           ,      2.1973,      2.1973,      2.1973,      2.1973,      2.1973,      2.1973,      2.1973,      2.1973,      2.1973,      2.1973,      2.1973,      2.1973,      2.1973,      2.1973,      2.1973,      2.1973,      1.8807,      1.8807,      1.8807,      1.8807,      1.8807,      1.8807,      1.8807,      1.8807,      1.8807,      1.8807,      1.8807,      1.8807,      1.8807,      1.8807,      1.8807,      1.4367,      1.4367,      1.4367,      1.4367,      1.4367,      1.4367,      1.4367,      1.4367,      1.4367,      1.4367,      1.4367,      1.4367,      1.5654,      1.5654,      1.5654,      1.5654,      1.5654,      1.5654,      1.5654,      1.5654,      1.5654,      1.5654,      1.5654,      1.7089,      1.7089,      1.7089,      1.7089,      1.7089,      1.7089,      1.7089,      1.7089,      1.7089,      1.7089,      1.9083,      1.9083,      1.9083,      1.9083,      1.9083,      1.9083,      1.9083,      1.9083,      2.1857,      2.1857,      2.1857,      2.1857,      2.1857,      2.1857,      2.9160,      2.9160,      2.9160,      2.9160,      2.9160,      2.9770,      2.9770,      2.9770,      2.4175,      2.4175,      2.4175,      2.7938,      2.7938,      2.8824,      2.8824,      3.1332,      3.4079,      3.4079,      4.2670,      4.2670,      4.1323,      4.1323,      4.1323,      3.7780,      3.7780,      3.7780,      3.5420,      3.5420,      3.8405,      3.8405,      4.2668,      4.2668,      4.2668,      5.2775,      5.2775,      5.2775,      5.9992,      5.9992,      6.1773,      6.1773,      6.1773,      6.5981,      6.5981,      6.5981,      7.0801,      7.0801,      7.0801,      7.0801,      7.0801,      5.5471,      5.5471,      5.5471,      5.5471,      5.5471,      4.4965,      4.4965,      4.4965,      4.4965,      4.2248,      4.2248,      4.2248,      4.2248,      4.2248,      4.3663,      4.3663,      4.3663,      4.3663,      4.6904,      4.6904,      4.6904,      5.2837,      5.2837,      6.4591,      6.4591,      6.4591,      8.1987,      8.1987,      9.6600,     10.0641,     11.4446,     14.4975,     17.0761,     15.0865,     10.7518,      8.8984,     15.2010,     14.6398,      6.2493,      8.1548,      9.0069,      3.3046,      1.9751,      2.5799,      3.4604,      2.1110,      2.9786,      2.9786,      2.9786,      2.9786,      2.9786,      2.9786,      2.9786
Qscat          ,      1.4142,      1.4142,      1.4142,      1.4142,      1.4142,      1.4142,      1.4142,      1.4142,      1.4142,      1.4142,      1.4142,      1.4142,      1.4142,      1.4142,      1.4142,      1.4142,      1.6354,      1.6354,      1.6354,      1.6354,      1.6354,      1.6354,      1.6354,      1.6354,      1.6354,      1.6354,      1.6354,      1.6354,      1.6354,      1.6354,      1.6354,      1.2971,      1.2971,      1.2971,      1.2971,      1.2971,      1.2971,      1.2971,      1.2971,      1.2971,      1.2971,      1.2971,      1.2971,      1.4094,      1.4094,      1.4094,      1.4094,      1.4094,      1.4094,      1.4094,      1.4094,      1.4094,      1.4094,      1.4094,      1.5684,      1.5684,      1.5684,      1.5684,      1.5684,      1.5684,      1.5684,      1.5684,      1.5684,      1.5684,      1.7499,      1.7499,      1.7499,      1.7499,      1.7499,      1.7499,      1.7499,      1.7499,      2.0161,      2.0161,      2.0161,      2.0161,      2.0161,      2.0161,      2.6828,      2.6828,      2.6828,      2.6828,      2.6828,      2.6986,      2.6986,      2.6986,      2.1685,      2.1685,      2.1685,      2.5001,      2.5001,      2.5442,      2.5442,      2.7832,      3.0185,      3.0185,      3.7384,      3.7384,      3.6924,      3.6924,      3.6924,      3.3291,      3.3291,      3.3291,      3.1082,      3.1082,      3.3922,      3.3922,      3.7925,      3.7925,      3.7925,      4.6403,      4.6403,      4.6403,      5.2058,      5.2058,      5.3459,      5.3459,      5.3459,      5.6214,      5.6214,      5.6214,      6.0247,      6.0247,      6.0247,      6.0247,      6.0247,      4.7236,      4.7236,      4.7236,      4.7236,      4.7236,      3.8256,      3.8256,      3.8256,      3.8256,      3.5799,      3.5799,      3.5799,      3.5799,      3.5799,      3.6550,      3.6550,      3.6550,      3.6550,      3.8370,      3.8370,      3.8370,      4.2031,      4.2031,      4.9152,      4.9152,      4.9152,      5.6074,      5.6074,      5.5472,      6.0105,      7.7762,     10.7194,     12.9190,     11.1482,      7.3840,      5.3014,      8.6756,      8.8317,      3.9226,      5.0334,      5.1957,      1.7411,      1.0933,      1.5324,      1.4121,      0.9600,      1.3927,      1.3927,      1.3927,      1.3927,      1.3927,      1.3927,      1.3927
G factor       ,      0.6910,      0.6910,      0.6910,      0.6910,      0.6910,      0.6910,      0.6910,      0.6910,      0.6910,      0.6910,      0.6910,      0.6910,      0.6910,      0.6910,      0.6910,      0.6910,      0.3690,      0.3690,      0.3690,      0.3690,      0.3690,      0.3690,      0.3690,      0.3690,      0.3690,      0.3690,      0.3690,      0.3690,      0.3690,      0.3690,      0.3690,      0.3460,      0.3460,      0.3460,      0.3460,      0.3460,      0.3460,      0.3460,      0.3460,      0.3460,      0.3460,      0.3460,      0.3460,      0.2770,      0.2770,      0.2770,      0.2770,      0.2770,      0.2770,      0.2770,      0.2770,      0.2770,      0.2770,      0.2770,      0.3500,      0.3500,      0.3500,      0.3500,      0.3500,      0.3500,      0.3500,      0.3500,      0.3500,      0.3500,      0.3040,      0.3040,      0.3040,      0.3040,      0.3040,      0.3040,      0.3040,      0.3040,      0.3200,      0.3200,      0.3200,      0.3200,      0.3200,      0.3200,      0.2190,      0.2190,      0.2190,      0.2190,      0.2190,      0.1300,      0.1300,      0.1300,      0.1490,      0.1490,      0.1490,      0.1730,      0.1730,      0.1730,      0.1730,      0.1490,      0.2440,      0.2440,      0.2100,      0.2100,      0.1130,      0.1130,      0.1130,      0.0580,      0.0580,      0.0580,      0.1430,      0.1430,      0.2080,      0.2080,      0.2460,      0.2460,      0.2460,      0.1400,      0.1400,      0.1400,      0.0860,      0.0860,      0.1910,      0.1910,      0.1910,      0.2950,      0.2950,      0.2950,      0.2320,      0.2320,      0.2320,      0.2320,      0.2320,      0.0850,      0.0850,      0.0850,      0.0850,      0.0850,      0.0090,      0.0090,      0.0090,      0.0090,      0.0010,      0.0010,      0.0010,      0.0010,      0.0010,      0.0250,      0.0250,      0.0250,      0.0250,      0.0720,      0.0720,      0.0720,      0.1490,      0.1490,      0.2150,      0.2150,      0.2150,      0.2630,      0.2630,      0.3270,      0.3130,      0.2450,      0.2370,      0.2580,      0.2900,      0.2760,      0.1890,      0.1680,      0.2450,      0.1480,      0.0240,      0.0880,      0.1990,      0.1930,      0.1130,      0.1200,      0.0130,     -0.0100,     -0.0100,     -0.0100,     -0.0100,     -0.0100,     -0.0100,     -0.0100
================
P [mbar]       ,    0.1004,    0.1015,    0.1034,    0.1069,    0.1130,    0.1239,    0.1432,    0.1740,    0.2226,    0.3028,    0.4349,    0.6529,    1.0121,    1.6044,    2.4646,    3.4606,    4.3994,    5.2226,    5.8426,    6.2132,    6.3980,    6.4686,    6.5039,    6.5168
Temp initial[K],  155.0000,  155.0000,  155.0000,  155.0000,  155.0000,  155.0000,  155.0000,  155.0000,  155.0000,  155.0000,  155.0000,  155.0000,  158.8233,  165.4041,  173.2716,  181.4436,  190.2788,  198.8130,  204.5783,  207.8249,  209.4219,  210.0497,  210.3719,  210.4891
================
it   ,   tau    ,  Tsfc    ,   alb    ,   OLR    ,    ASR   ,  NET top ,  NET bot , T lev  01, T lev  02, T lev  03, T lev  04, T lev  05, T lev  06, T lev  07, T lev  08, T lev  09, T lev  10, T lev  11, T lev  12, T lev  13, T lev  14, T lev  15, T lev  16, T lev  17, T lev  18, T lev  19, T lev  20, T lev  21, T lev  22, T lev  23, T lev  24, T lev  25,  OLR IR01,  OLR IR02,  OLR IR03,  OLR IR04,  OLR IR05,  OLR IR06,  OLR IR07,  OLR IR08,  OLR IR09,  OLR IR10,  OLR IR11,  OLR IR12,  OLR IR13,  OLR IR14,  OLR IR15,  OLR IR16,  OLR IR17,  OLR IR18,  OLR IR19,  OLR IR20,  OLR IR21,  OLR IR22,  OLR IR23,  OLR IR24,  OLR IR25,  OLR IR26,  OLR IR27,  OLR IR28,  OLR IR29,  OLR IR30,  OLR IR31,  OLR IR32,  OLR IR33,  OLR IR34,  OLR IR35,  OLR IR36,  OLR IR37,  OLR IR38,  OLR IR39,  OLR IR40,  OLR IR41,  OLR IR42,  OLR IR43,  OLR IR44,  OLR IR45,  OLR IR46,  OLR IR47,  OLR IR48,  OLR IR49,  OLR IR50,  OLR IR51,  OLR IR52,  OLR IR53,  OLR IR54,  OLR IR55,  OLR IR56,  OLR IR57,  OLR IR58,  OLR IR59,  OLR IR60,  OLR IR61,  OLR IR62,  OLR IR63,  OLR IR64,  OLR IR65,  OLR IR66,  OLR IR67,  OLR IR68,  OLR IR69,  OLR IR70,  OLR IR71,  OLR IR72,  OLR IR73,  OLR IR74,  OLR IR75,  OLR IR76,  OLR IR77,  OLR IR78,  OLR IR79,  OLR IR80,  OLR IR81,  OLR IR82,  OLR IR83,  OLR IR84,  OLR IR85,  OLR IR86,  OLR IR87,  OLR IR88,  OLR IR89,  OLR IR90,  OLR IR91,  OLR IR92,  OLR IR93,  OLR IR94,  OLR IR95,  OLR IR96, ASR VIS01, ASR VIS02, ASR VIS03, ASR VIS04, ASR VIS05, ASR VIS06, ASR VIS07, ASR VIS08, ASR VIS09, ASR VIS10, ASR VIS11, ASR VIS12, ASR VIS13, ASR VIS14, ASR VIS15, ASR VIS16, ASR VIS17, ASR VIS18, ASR VIS19, ASR VIS20, ASR VIS21, ASR VIS22, ASR VIS23, ASR VIS24, ASR VIS25, ASR VIS26, ASR VIS27, ASR VIS28, ASR VIS29, ASR VIS30, ASR VIS31, ASR VIS32, ASR VIS33, ASR VIS34, ASR VIS35, ASR VIS36, ASR VIS37, ASR VIS38, ASR VIS39, ASR VIS40, ASR VIS41, ASR VIS42, ASR VIS43, ASR VIS44, ASR VIS45, ASR VIS46, ASR VIS47, ASR VIS48, ASR VIS49, ASR VIS50, ASR VIS51, ASR VIS52, ASR VIS53, ASR VIS54, ASR VIS55, ASR VIS56, ASR VIS57, ASR VIS58, ASR VIS59, ASR VIS60, ASR VIS61, ASR VIS62, ASR VIS63, ASR VIS64, ASR VIS65, ASR VIS66, ASR VIS67, ASR VIS68, ASR VIS69, ASR VIS70, ASR VIS71, ASR VIS72, ASR VIS73, ASR VIS74, ASR VIS75, ASR VIS76, ASR VIS77, ASR VIS78, ASR VIS79, ASR VIS80, ASR VIS81, ASR VIS82, ASR VIS83, ASR VIS84, SFC DIR01, SFC DIR02, SFC DIR03, SFC DIR04, SFC DIR05, SFC DIR06, SFC DIR07, SFC DIR08, SFC DIR09, SFC DIR10, SFC DIR11, SFC DIR12, SFC DIR13, SFC DIR14, SFC DIR15, SFC DIR16, SFC DIR17, SFC DIR18, SFC DIR19, SFC DIR20, SFC DIR21, SFC DIR22, SFC DIR23, SFC DIR24, SFC DIR25, SFC DIR26, SFC DIR27, SFC DIR28, SFC DIR29, SFC DIR30, SFC DIR31, SFC DIR32, SFC DIR33, SFC DIR34, SFC DIR35, SFC DIR36, SFC DIR37, SFC DIR38, SFC DIR39, SFC DIR40, SFC DIR41, SFC DIR42, SFC DIR43, SFC DIR44, SFC DIR45, SFC DIR46, SFC DIR47, SFC DIR48, SFC DIR49, SFC DIR50, SFC DIR51, SFC DIR52, SFC DIR53, SFC DIR54, SFC DIR55, SFC DIR56, SFC DIR57, SFC DIR58, SFC DIR59, SFC DIR60, SFC DIR61, SFC DIR62, SFC DIR63, SFC DIR64, SFC DIR65, SFC DIR66, SFC DIR67, SFC DIR68, SFC DIR69, SFC DIR70, SFC DIR71, SFC DIR72, SFC DIR73, SFC DIR74, SFC DIR75, SFC DIR76, SFC DIR77, SFC DIR78, SFC DIR79, SFC DIR80, SFC DIR81, SFC DIR82, SFC DIR83, SFC DIR84, SFC DIR85, SFC DIR86, SFC DIR87, SFC DIR88, SFC DIR89, SFC DIR90, SFC DIR91, SFC DIR92, SFC DIR93, SFC DIR94, SFC DIR95, SFC DIR96,SFC DVIS01,SFC DVIS02,SFC DVIS03,SFC DVIS04,SFC DVIS05,SFC DVIS06,SFC DVIS07,SFC DVIS08,SFC DVIS09,SFC DVIS10,SFC DVIS11,SFC DVIS12,SFC DVIS13,SFC DVIS14,SFC DVIS15,SFC DVIS16,SFC DVIS17,SFC DVIS18,SFC DVIS19,SFC DVIS20,SFC DVIS21,SFC DVIS22,SFC DVIS23,SFC DVIS24,SFC DVIS25,SFC DVIS26,SFC DVIS27,SFC DVIS28,SFC DVIS29,SFC DVIS30,SFC DVIS31,SFC DVIS32,SFC DVIS33,SFC DVIS34,SFC DVIS35,SFC DVIS36,SFC DVIS37,SFC DVIS38,SFC DVIS39,SFC DVIS40,SFC DVIS41,SFC DVIS42,SFC DVIS43,SFC DVIS44,SFC DVIS45,SFC DVIS46,SFC DVIS47,SFC DVIS48,SFC DVIS49,SFC DVIS50,SFC DVIS51,SFC DVIS52,SFC DVIS53,SFC DVIS54,SFC DVIS55,SFC DVIS56,SFC DVIS57,SFC DVIS58,SFC DVIS59,SFC DVIS60,SFC DVIS61,SFC DVIS62,SFC DVIS63,SFC DVIS64,SFC DVIS65,SFC DVIS66,SFC DVIS67,SFC DVIS68,SFC DVIS69,SFC DVIS70,SFC DVIS71,SFC DVIS72,SFC DVIS73,SFC DVIS74,SFC DVIS75,SFC DVIS76,SFC DVIS77,SFC DVIS78,SFC DVIS79,SFC DVIS80,SFC DVIS81,SFC DVIS82,SFC DVIS83,SFC DVIS84
 1007,    0.0000,  218.8983,    0.2194,  117.0969,  115.8380,   -0.8625,   -0.7595,  158.4330,  155.0000,  155.0000,  155.0000,  155.0000,  155.0000,  155.0000,  155.0000,  155.0000,  155.0000,  155.0000,  155.0000,  155.0000,  158.8202,  165.3996,  173.2672,  181.4393,  190.2764,  198.8104,  204.5754,  207.8212,  209.4182,  210.0462,  210.3680,  210.4855,    0.0676,    0.2556,    0.5389,    0.8888,    1.2804,    1.6928,    2.1082,    2.5121,    2.8933,    3.2429,    3.5544,    3.8241,    3.4712,    3.6087,    3.7179,    3.7987,    3.8530,    3.8815,    3.8866,    3.8696,    3.8324,    3.7775,    3.7019,    3.5964,    1.2424,    1.2267,    1.2047,    1.1662,    1.1137,    1.0481,    0.8756,    0.8393,    0.7711,    0.6138,    0.5638,    0.3590,    0.1995,    0.1649,    0.1438,    0.1375,    0.1329,    0.1277,    0.1258,    0.1235,    0.1245,    0.1364,    0.1735,    0.2440,    0.3730,    0.4452,    0.3502,    0.5089,    0.4971,    0.5051,    0.5244,    0.6000,    0.6202,    0.6335,    0.6351,    0.6285,    1.6842,    1.6087,    1.5504,    1.4822,    1.4116,    1.3421,    1.2748,    1.2087,    1.1452,    1.0819,    1.0194,    0.9639,    1.4270,    1.3066,    1.1824,    1.0659,    0.9702,    0.8860,    0.8005,    0.7221,    0.6504,    0.5836,    0.5141,    0.4584,    1.1328,    0.8012,    0.5722,    0.3992,    0.2764,    0.1901,    0.1299,    0.0861,    0.0569,    0.0365,    0.0240,    0.0175,    0.0899,    0.0485,    0.0757,    0.0853,    0.0957,    0.0892,    0.0975,    0.1095,    0.0962,    0.1325,    0.1172,    0.1283,    0.1417,    0.1155,    0.1679,    0.1865,    0.1530,    0.1811,    0.2062,    0.2231,    0.2234,    0.1500,    0.2398,    0.2531,    0.3109,    0.3324,    0.3440,    0.3658,    0.3756,    0.3936,    0.3989,    0.4549,    0.4935,    0.4704,    0.4844,    0.4940,    0.8433,    0.9209,    0.9662,    0.9986,    1.0221,    1.1068,    1.0376,    1.1056,    1.0799,    1.1314,    1.0731,    1.1504,    2.4777,    2.4439,    2.4989,    2.5383,    2.5642,    2.4625,    2.5489,    2.6139,    2.6670,    2.4800,    2.4441,    2.5380,    6.4157,    6.1123,    6.0433,    5.8603,    5.4132,    5.0767,    4.4565,    4.0997,    3.9404,    3.4535,    2.6528,    2.4637,    1.8993,    1.7458,    1.3311,    1.2705,    0.8565,    0.6215,    0.5021,    0.2015,    0.1776,    0.1261,    0.0437,    0.0355,    0.0000,    0.0000,    0.0000,    0.0000,    0.0000,    0.0000,    0.0000,    0.0000,    0.0000,    0.0000,    0.0000,    0.0000,    0.0000,    0.0000,    0.0000,    0.0000,    0.0000,    0.0000,    0.0000,    0.0001,    0.0002,    0.0007,    0.0108,    0.0490,    0.0110,    0.0180,    0.0344,    0.0771,    0.1397,    0.2137,    0.4309,    0.4495,    0.5119,    0.6671,    0.7005,    0.8672,    0.6959,    0.7036,    0.7106,    0.6982,    0.6956,    0.7186,    0.6761,    0.6645,    0.6491,    0.6306,    0.6025,    0.5551,    0.4721,    0.3712,    0.4491,    0.2585,    0.2602,    0.2432,    0.2110,    0.1067,    0.0696,    0.0377,    0.0207,    0.0150,    0.0329,    0.0299,    0.0085,    0.0020,    0.0004,    0.0004,    0.0002,    0.0011,    0.0019,    0.0049,    0.0091,    0.0081,    0.0085,    0.0012,    0.0075,    0.0141,    0.0089,    0.0000,    0.0000,    0.0000,    0.0000,    0.0008,    0.0066,    0.0072,    0.0065,    0.0059,    0.0000,    0.0000,    0.0000,    0.0000,    0.0000,    0.0009,    0.0011,    0.0014,    0.0012,    0.0002,    0.0266,    0.0000,    0.0608,    0.1075,    0.1214,    0.1110,    0.1245,    0.1386,    0.1233,    0.1698,    0.1501,    0.1645,    0.1808,    0.1468,    0.2123,    0.2321,    0.1900,    0.1318,    0.0189,    0.0386,    0.1649,    0.1902,    0.3067,    0.3223,    0.3984,    0.4260,    0.4410,    0.4686,    0.4799,    0.4920,    0.4648,    0.4226,    0.3741,    0.4433,    0.6104,    0.6178,    1.0805,    1.1804,    1.2359,    1.2564,    1.2364,    1.3694,    1.3136,    1.3975,    1.2854,    1.4503,    1.3718,    1.4606,    3.1621,    3.0885,    3.2030,    3.2531,    3.2748,    3.1568,    3.2678,    3.3511,    3.4192,    3.1776,    3.1334,    3.2539,    8.2247,    7.8363,    7.7478,    7.5132,    6.9399,    6.5086,    5.7135,    5.2561,    5.0518,    4.4276,    3.4010,    3.1586,    2.4350,    2.2382,    1.7066,    1.6288,    1.0981,    0.7968,    0.6438,    0.2584,    0.2277,    0.1616,    0.0560,    0.0455
  641,    0.0500,  225.6973,    0.2282,  115.3783,  114.5343,   -0.4336,   -0.8953,  158.4330,  156.4249,  157.1015,  157.9200,  158.6970,  159.0021,  159.3001,  159.5154,  159.7963,  160.2873,  161.3851,  163.5530,  167.0922,  172.0872,  178.1766,  184.2254,  190.1202,  195.8537,  203.8061,  209.6889,  212.9855,  214.6442,  215.3004,  215.6462,  215.7721,    0.0665,    0.2519,    0.5317,    0.8784,    1.2675,    1.6788,    2.0946,    2.5440,    2.8798,    3.2713,    3.6486,    3.8433,    3.1290,    3.2747,    3.5429,    3.1988,    3.1736,    3.5558,    3.4978,    3.2703,    3.1233,    3.1893,    3.2899,    3.2969,    1.1482,    1.1627,    1.1422,    1.1394,    1.0890,    1.0285,    0.8817,    0.8516,    0.7927,    0.6484,    0.6090,    0.4351,    0.2670,    0.2267,    0.1926,    0.1838,    0.1741,    0.1566,    0.1667,    0.1663,    0.1732,    0.1923,    0.2299,    0.2851,    0.3917,    0.4575,    0.3720,    0.5194,    0.5076,    0.5060,    0.5234,    0.5968,    0.6167,    0.6321,    0.6470,    0.6414,    1.7240,    1.6449,    1.5911,    1.5256,    1.4444,    1.3773,    1.3431,    1.2770,    1.2131,    1.1879,    1.1222,    1.0646,    1.5908,    1.4647,    1.3323,    1.2056,    1.0896,    1.0019,    0.9097,    0.8221,    0.7442,    0.6708,    0.5971,    0.5355,    1.3648,    0.9799,    0.7100,    0.5066,    0.3562,    0.2494,    0.1731,    0.1172,    0.0788,    0.0513,    0.0336,    0.0250,    0.0883,    0.0483,    0.0736,    0.0821,    0.0921,    0.0858,    0.0950,    0.1068,    0.0938,    0.1291,    0.1142,    0.1251,    0.1385,    0.1129,    0.1642,    0.1824,    0.1497,    0.1783,    0.2047,    0.2211,    0.2209,    0.1472,    0.2353,    0.2484,    0.3051,    0.3261,    0.3375,    0.3589,    0.3685,    0.3864,    0.3924,    0.4479,    0.4865,    0.4630,    0.4758,    0.4851,    0.8279,    0.9041,    0.9487,    0.9807,    1.0042,    1.0905,    1.0221,    1.0891,    1.0640,    1.1143,    1.0569,    1.1331,    2.4403,    2.4073,    2.4609,    2.4998,    2.5254,    2.4224,    2.5074,    2.5713,    2.6235,    2.4396,    2.4043,    2.4967,    6.3113,    6.0128,    5.9450,    5.7650,    5.3251,    4.9942,    4.3842,    4.0332,    3.9838,    3.4915,    2.6820,    2.4908,    1.9203,    1.7651,    1.3459,    1.2847,    0.8662,    0.6286,    0.5079,    0.2039,    0.1797,    0.1276,    0.0443,    0.0360,    0.0071,    0.0267,    0.0558,    0.0912,    0.1303,    0.1708,    0.2107,    0.1792,    0.3200,    0.2486,    0.2053,    0.3603,    0.8128,    0.7845,    0.5990,    1.1806,    1.2802,    0.8227,    0.8768,    1.0988,    1.2055,    1.0684,    0.8903,    0.8079,    0.2635,    0.2364,    0.2502,    0.2565,    0.3171,    0.3861,    0.5835,    0.5963,    0.6523,    0.8001,    0.8262,    0.9788,    0.7795,    0.7888,    0.7986,    0.7844,    0.7830,    0.8144,    0.7625,    0.7497,    0.7327,    0.7125,    0.6821,    0.6369,    0.5686,    0.4711,    0.5445,    0.3575,    0.3575,    0.3461,    0.3139,    0.2109,    0.1737,    0.1393,    0.1092,    0.1017,    0.2628,    0.2584,    0.2257,    0.2089,    0.2111,    0.2009,    0.1630,    0.1559,    0.1491,    0.1093,    0.1087,    0.1021,    0.1399,    0.1200,    0.1161,    0.1142,    0.1125,    0.0925,    0.0838,    0.0785,    0.0710,    0.0650,    0.0605,    0.0556,    0.0997,    0.0730,    0.0485,    0.0307,    0.0215,    0.0147,    0.0101,    0.0073,    0.0056,    0.0047,    0.0039,    0.0019,    0.0240,    0.0000,    0.0571,    0.1013,    0.1144,    0.1047,    0.1196,    0.1331,    0.1184,    0.1631,    0.1442,    0.1581,    0.1743,    0.1415,    0.2046,    0.2236,    0.1827,    0.1247,    0.0170,    0.0357,    0.1586,    0.1843,    0.2973,    0.3124,    0.3863,    0.4131,    0.4276,    0.4544,    0.4653,    0.4768,    0.4485,    0.4078,    0.3606,    0.4281,    0.5908,    0.5983,    1.0471,    1.1439,    1.1976,    1.2169,    1.1969,    1.3321,    1.2783,    1.3597,    1.2505,    1.4118,    1.3353,    1.4215,    3.0778,    3.0055,    3.1179,    3.1667,    3.1877,    3.0425,    3.1496,    3.2299,    3.2955,    3.0627,    3.0201,    3.1362,    7.9272,    7.5528,    7.4676,    7.2415,    6.6889,    6.2732,    5.5069,    5.0660,    4.7905,    4.1984,    3.2248,    2.9948,    2.3086,    2.1219,    1.6178,    1.5439,    1.0408,    0.7552,    0.6101,    0.2448,    0.2158,    0.1532,    0.0531,    0.0432
  822,    0.1000,  230.5006,    0.2363,  112.8495,  113.3287,    0.9125,    0.1135,  158.4330,  158.6806,  159.4505,  160.3349,  161.5059,  162.0015,  162.5360,  163.0022,  163.5039,  164.2993,  165.5989,  167.8016,  171.3049,  176.2079,  182.3016,  188.6045,  195.0007,  201.0012,  208.1737,  214.1749,  217.5187,  219.2248,  219.9026,  220.2637,  220.3935,    0.0653,    0.2472,    0.5222,    0.8632,    1.2466,    1.6525,    2.0637,    2.5438,    2.8394,    3.2547,    3.6823,    3.8088,    2.8797,    3.0176,    3.3658,    2.8390,    2.7865,    3.2869,    3.1922,    2.8763,    2.6922,    2.7948,    2.9676,    3.0328,    1.0610,    1.0924,    1.0737,    1.0956,    1.0491,    0.9946,    0.8716,    0.8463,    0.7949,    0.6608,    0.6273,    0.4684,    0.2954,    0.2546,    0.2189,    0.2101,    0.1990,    0.1778,    0.1914,    0.1909,    0.1981,    0.2173,    0.2541,    0.3047,    0.3994,    0.4592,    0.3797,    0.5166,    0.5054,    0.4973,    0.5124,    0.5805,    0.5985,    0.6141,    0.6382,    0.6332,    1.7049,    1.6247,    1.5746,    1.5125,    1.4247,    1.3610,    1.3550,    1.2907,    1.2282,    1.2390,    1.1725,    1.1149,    1.6778,    1.5504,    1.4155,    1.2845,    1.1524,    1.0644,    0.9696,    0.8768,    0.7963,    0.7201,    0.6458,    0.5814,    1.5202,    1.1026,    0.8067,    0.5854,    0.4158,    0.2950,    0.2068,    0.1425,    0.0968,    0.0637,    0.0416,    0.0312,    0.0868,    0.0481,    0.0717,    0.0792,    0.0889,    0.0828,    0.0927,    0.1042,    0.0915,    0.1260,    0.1114,    0.1220,    0.1356,    0.1105,    0.1607,    0.1786,    0.1467,    0.1756,    0.2032,    0.2191,    0.2184,    0.1446,    0.2310,    0.2440,    0.2996,    0.3202,    0.3314,    0.3524,    0.3619,    0.3796,    0.3862,    0.4411,    0.4797,    0.4559,    0.4677,    0.4769,    0.8135,    0.8884,    0.9322,    0.9640,    0.9874,    1.0750,    1.0074,    1.0735,    1.0490,    1.0981,    1.0416,    1.1167,    2.4049,    2.3727,    2.4251,    2.4635,    2.4888,    2.3854,    2.4691,    2.5320,    2.5835,    2.4023,    2.3676,    2.4586,    6.2150,    5.9211,    5.8544,    5.6772,    5.2441,    4.9183,    4.3176,    3.9721,    4.0243,    3.5272,    2.7095,    2.5165,    1.9402,    1.7836,    1.3601,    1.2984,    0.8755,    0.6355,    0.5136,    0.2062,    0.1818,    0.1291,    0.0448,    0.0364,    0.0137,    0.0514,    0.1077,    0.1766,    0.2528,    0.3321,    0.4109,    0.3568,    0.6236,    0.4942,    0.4150,    0.7127,    1.4594,    1.4230,    1.1330,    2.0170,    2.1563,    1.5105,    1.5920,    1.9113,    2.0515,    1.8630,    1.6021,    1.4561,    0.4830,    0.4322,    0.4435,    0.4221,    0.4794,    0.5421,    0.7194,    0.7264,    0.7765,    0.9165,    0.9374,    1.0792,    0.8548,    0.8644,    0.8751,    0.8599,    0.8588,    0.8939,    0.8377,    0.8243,    0.8066,    0.7858,    0.7545,    0.7110,    0.6541,    0.5601,    0.6297,    0.4476,    0.4461,    0.4390,    0.4077,    0.3079,    0.2717,    0.2360,    0.1965,    0.1875,    0.4915,    0.4845,    0.4421,    0.4161,    0.4197,    0.4003,    0.3312,    0.3165,    0.3023,    0.2241,    0.2183,    0.2059,    0.2870,    0.2544,    0.2393,    0.2280,    0.2291,    0.1977,    0.1797,    0.1686,    0.1529,    0.1394,    0.1237,    0.1128,    0.2150,    0.1573,    0.1107,    0.0715,    0.0506,    0.0349,    0.0244,    0.0165,    0.0121,    0.0093,    0.0078,    0.0045,    0.0219,    0.0000,    0.0538,    0.0957,    0.1081,    0.0989,    0.1150,    0.1280,    0.1139,    0.1569,    0.1386,    0.1520,    0.1683,    0.1366,    0.1975,    0.2158,    0.1761,    0.1187,    0.0157,    0.0334,    0.1528,    0.1788,    0.2885,    0.3030,    0.3748,    0.4008,    0.4149,    0.4408,    0.4514,    0.4624,    0.4337,    0.3943,    0.3483,    0.4142,    0.5724,    0.5800,    1.0153,    1.1092,    1.1613,    1.1796,    1.1598,    1.2967,    1.2446,    1.3238,    1.2173,    1.3749,    1.3003,    1.3842,    2.9972,    2.9264,    3.0365,    3.0840,    3.1043,    2.9343,    3.0376,    3.1151,    3.1783,    2.9538,    2.9127,    3.0247,    7.6454,    7.2844,    7.2022,    6.9842,    6.4514,    6.0505,    5.3114,    4.8863,    4.5447,    3.9830,    3.0594,    2.8412,    2.1902,    2.0131,    1.5348,    1.4647,    0.9874,    0.7165,    0.5788,    0.2323,    0.2047,    0.1453,    0.0504,    0.0409
 1269,    0.1500,  235.1007,    0.2438,  111.6888,  112.2056,    0.9713,    0.1412,  158.4330,  160.5537,  161.3317,  162.2237,  163.4044,  163.9003,  164.5007,  165.0086,  165.6139,  166.5019,  167.8551,  170.2006,  173.8001,  178.8011,  185.2315,  192.3264,  199.6003,  206.2017,  213.0029,  219.1399,  222.5508,  224.2953,  224.9930,  225.3669,  225.4993,    0.0642,    0.2434,    0.5145,    0.8510,    1.2297,    1.6311,    2.0384,    2.5430,    2.8076,    3.2390,    3.7101,    3.7797,    2.7186,    2.8458,    3.2346,    2.6336,    2.5730,    3.1040,    2.9879,    2.6359,    2.4406,    2.5513,    2.7538,    2.8505,    0.9999,    1.0404,    1.0230,    1.0615,    1.0186,    0.9694,    0.8657,    0.8445,    0.7990,    0.6722,    0.6435,    0.4935,    0.3146,    0.2725,    0.2351,    0.2262,    0.2144,    0.1913,    0.2064,    0.2060,    0.2134,    0.2333,    0.2712,    0.3205,    0.4080,    0.4628,    0.3867,    0.5160,    0.5054,    0.4923,    0.5053,    0.5683,    0.5844,    0.5997,    0.6306,    0.6260,    1.6881,    1.6074,    1.5601,    1.5008,    1.4081,    1.3471,    1.3646,    1.3018,    1.2407,    1.2837,    1.2169,    1.1594,    1.7557,    1.6276,    1.4908,    1.3562,    1.2091,    1.1211,    1.0242,    0.9269,    0.8443,    0.7657,    0.6910,    0.6242,    1.6700,    1.2223,    0.9021,    0.6645,    0.4764,    0.3420,    0.2420,    0.1694,    0.1163,    0.0772,    0.0502,    0.0380,    0.0855,    0.0479,    0.0700,    0.0767,    0.0860,    0.0802,    0.0906,    0.1019,    0.0894,    0.1231,    0.1089,    0.1193,    0.1328,    0.1083,    0.1575,    0.1751,    0.1439,    0.1730,    0.2017,    0.2173,    0.2161,    0.1422,    0.2271,    0.2398,    0.2944,    0.3147,    0.3257,    0.3463,    0.3557,    0.3732,    0.3804,    0.4347,    0.4733,    0.4493,    0.4602,    0.4691,    0.8001,    0.8737,    0.9168,    0.9483,    0.9716,    1.0603,    0.9935,    1.0588,    1.0349,    1.0828,    1.0271,    1.1013,    2.3715,    2.3401,    2.3914,    2.4292,    2.4543,    2.3513,    2.4337,    2.4958,    2.5465,    2.3679,    2.3337,    2.4234,    6.1260,    5.8364,    5.7707,    5.5961,    5.1693,    4.8482,    4.2562,    3.9157,    4.0612,    3.5597,    2.7346,    2.5400,    1.9584,    1.8005,    1.3732,    1.3110,    0.8842,    0.6419,    0.5188,    0.2083,    0.1837,    0.1305,    0.0453,    0.0369,    0.0197,    0.0743,    0.1560,    0.2563,    0.3676,    0.4840,    0.6002,    0.5312,    0.9098,    0.7347,    0.6265,    1.0548,    1.9915,    1.9602,    1.6145,    2.6542,    2.8105,    2.1028,    2.1998,    2.5619,    2.7113,    2.5061,    2.2098,    2.0313,    0.6801,    0.6132,    0.6230,    0.5820,    0.6377,    0.6959,    0.8600,    0.8618,    0.9079,    1.0421,    1.0597,    1.1934,    0.9408,    0.9500,    0.9608,    0.9449,    0.9436,    0.9790,    0.9221,    0.9083,    0.8904,    0.8694,    0.8378,    0.7958,    0.7489,    0.6568,    0.7233,    0.5430,    0.5401,    0.5365,    0.5053,    0.4061,    0.3701,    0.3322,    0.2846,    0.2741,    0.7223,    0.7114,    0.6595,    0.6248,    0.6280,    0.6000,    0.5044,    0.4825,    0.4613,    0.3483,    0.3375,    0.3192,    0.4493,    0.4030,    0.3768,    0.3559,    0.3585,    0.3148,    0.2870,    0.2694,    0.2450,    0.2235,    0.1963,    0.1788,    0.3525,    0.2595,    0.1871,    0.1225,    0.0875,    0.0610,    0.0430,    0.0289,    0.0210,    0.0157,    0.0132,    0.0081,    0.0201,    0.0000,    0.0508,    0.0906,    0.1024,    0.0936,    0.1107,    0.1232,    0.1096,    0.1510,    0.1335,    0.1463,    0.1625,    0.1320,    0.1907,    0.2083,    0.1698,    0.1129,    0.0145,    0.0313,    0.1471,    0.1735,    0.2800,    0.2941,    0.3639,    0.3891,    0.4028,    0.4280,    0.4382,    0.4488,    0.4195,    0.3814,    0.3366,    0.4009,    0.5549,    0.5625,    0.9850,    1.0761,    1.1266,    1.1440,    1.1245,    1.2628,    1.2123,    1.2894,    1.1855,    1.3395,    1.2668,    1.3484,    2.9200,    2.8505,    2.9584,    3.0046,    3.0244,    2.8317,    2.9313,    3.0061,    3.0672,    2.8505,    2.8108,    2.9189,    7.3780,    7.0297,    6.9504,    6.7401,    6.2259,    5.8391,    5.1260,    4.7158,    4.3123,    3.7793,    2.9030,    2.6959,    2.0783,    1.9102,    1.4564,    1.3899,    0.9370,    0.6799,    0.5492,    0.2204,    0.1942,    0.1379,    0.0478,    0.0389
 1532,    0.2000,  239.1007,    0.2509,  110.7055,  111.1573,    0.9193,    0.0896,  158.4330,  161.6623,  162.4570,  163.3624,  164.4972,  165.1011,  165.6314,  166.2615,  166.9042,  167.8004,  169.2988,  171.7011,  175.4007,  180.6996,  187.6018,  195.5018,  203.7013,  210.8022,  217.4517,  223.7150,  227.1870,  228.9581,  229.6777,  230.0641,  230.1985,    0.0633,    0.2400,    0.5074,    0.8395,    1.2136,    1.6104,    2.0133,    2.5359,    2.7754,    3.2158,    3.7225,    3.7441,    2.6036,    2.7193,    3.1257,    2.5011,    2.4390,    2.9652,    2.8361,    2.4725,    2.2758,    2.3837,    2.5957,    2.7090,    0.9516,    0.9963,    0.9801,    1.0294,    0.9899,    0.9456,    0.8581,    0.8404,    0.8001,    0.6794,    0.6549,    0.5119,    0.3283,    0.2847,    0.2457,    0.2367,    0.2243,    0.2000,    0.2162,    0.2158,    0.2236,    0.2444,    0.2835,    0.3325,    0.4143,    0.4647,    0.3913,    0.5135,    0.5036,    0.4867,    0.4976,    0.5554,    0.5696,    0.5842,    0.6199,    0.6156,    1.6621,    1.5814,    1.5365,    1.4796,    1.3835,    1.3252,    1.3618,    1.3007,    1.2412,    1.3127,    1.2460,    1.1892,    1.8102,    1.6825,    1.5454,    1.4088,    1.2487,    1.1615,    1.0637,    0.9631,    0.8793,    0.7993,    0.7252,    0.6568,    1.7934,    1.3225,    0.9832,    0.7336,    0.5301,    0.3844,    0.2741,    0.1945,    0.1346,    0.0901,    0.0584,    0.0445,    0.0843,    0.0477,    0.0685,    0.0744,    0.0835,    0.0778,    0.0887,    0.0997,    0.0875,    0.1205,    0.1066,    0.1167,    0.1303,    0.1062,    0.1545,    0.1718,    0.1412,    0.1707,    0.2004,    0.2155,    0.2140,    0.1399,    0.2234,    0.2359,    0.2896,    0.3095,    0.3204,    0.3407,    0.3499,    0.3672,    0.3749,    0.4288,    0.4672,    0.4430,    0.4531,    0.4619,    0.7875,    0.8600,    0.9024,    0.9336,    0.9568,    1.0465,    0.9804,    1.0449,    1.0215,    1.0683,    1.0134,    1.0868,    2.3400,    2.3092,    2.3595,    2.3968,    2.4216,    2.3197,    2.4010,    2.4622,    2.5122,    2.3361,    2.3023,    2.3908,    6.0437,    5.7580,    5.6932,    5.5211,    5.1001,    4.7834,    4.1993,    3.8635,    4.0949,    3.5893,    2.7575,    2.5613,    1.9750,    1.8160,    1.3851,    1.3225,    0.8921,    0.6477,    0.5236,    0.2103,    0.1855,    0.1318,    0.0458,    0.0372,    0.0253,    0.0953,    0.2005,    0.3299,    0.4742,    0.6255,    0.7771,    0.7000,    1.1762,    0.9669,    0.8359,    1.3812,    2.4331,    2.4151,    2.0461,    3.1540,    3.3173,    2.6139,    2.7202,    3.0966,    3.2452,    3.0402,    2.7334,    2.5399,    0.8560,    0.7784,    0.7870,    0.7317,    0.7860,    0.8401,    0.9930,    0.9902,    1.0330,    1.1616,    1.1766,    1.3033,    1.0236,    1.0322,    1.0425,    1.0263,    1.0246,    1.0589,    1.0028,    0.9888,    0.9709,    0.9502,    0.9185,    0.8780,    0.8400,    0.7497,    0.8135,    0.6350,    0.6309,    0.6301,    0.5988,    0.5001,    0.4644,    0.4244,    0.3706,    0.3586,    0.9478,    0.9322,    0.8715,    0.8288,    0.8304,    0.7946,    0.6768,    0.6481,    0.6204,    0.4769,    0.4611,    0.4368,    0.6192,    0.5594,    0.5222,    0.4915,    0.4946,    0.4384,    0.4006,    0.3762,    0.3430,    0.3134,    0.2747,    0.2503,    0.5058,    0.3746,    0.2739,    0.1818,    0.1308,    0.0920,    0.0654,    0.0440,    0.0319,    0.0237,    0.0198,    0.0126,    0.0184,    0.0000,    0.0480,    0.0859,    0.0971,    0.0888,    0.1067,    0.1187,    0.1056,    0.1455,    0.1286,    0.1410,    0.1571,    0.1276,    0.1843,    0.2013,    0.1638,    0.1076,    0.0134,    0.0294,    0.1417,    0.1684,    0.2720,    0.2856,    0.3534,    0.3780,    0.3913,    0.4157,    0.4256,    0.4358,    0.4061,    0.3692,    0.3256,    0.3883,    0.5382,    0.5458,    0.9561,    1.0445,    1.0936,    1.1102,    1.0909,    1.2303,    1.1814,    1.2563,    1.1550,    1.3056,    1.2347,    1.3141,    2.8459,    2.7778,    2.8834,    2.9285,    2.9477,    2.7342,    2.8304,    2.9026,    2.9615,    2.7523,    2.7141,    2.8184,    7.1240,    6.7877,    6.7112,    6.5082,    6.0118,    5.6383,    4.9498,    4.5537,    4.0924,    3.5866,    2.7550,    2.5585,    1.9724,    1.8129,    1.3822,    1.3192,    0.8893,    0.6453,    0.5213,    0.2092,    0.1844,    0.1309,    0.0454,    0.0369
 1653,    0.3000,  245.6010,    0.2637,  108.7564,  109.2592,    0.9869,    0.2108,  158.4330,  162.9630,  163.7739,  164.6911,  165.8020,  166.3094,  166.9396,  167.6032,  168.3035,  169.3078,  170.9990,  173.6032,  177.7001,  183.6024,  191.6000,  201.0955,  210.5032,  218.5023,  225.0021,  231.4927,  235.0509,  236.8670,  237.6288,  238.0238,  238.1703,    0.0618,    0.2341,    0.4950,    0.8191,    1.1843,    1.5718,    1.9656,    2.5096,    2.7130,    3.1567,    3.7150,    3.6636,    2.4530,    2.5488,    2.9567,    2.3446,    2.2847,    2.7711,    2.6292,    2.2701,    2.0797,    2.1737,    2.3812,    2.5062,    0.8811,    0.9266,    0.9122,    0.9725,    0.9393,    0.9029,    0.8417,    0.8291,    0.7971,    0.6870,    0.6696,    0.5381,    0.3473,    0.3011,    0.2592,    0.2499,    0.2367,    0.2103,    0.2285,    0.2283,    0.2369,    0.2594,    0.3011,    0.3501,    0.4232,    0.4656,    0.3964,    0.5055,    0.4971,    0.4749,    0.4822,    0.5299,    0.5403,    0.5526,    0.5937,    0.5896,    1.5939,    1.5141,    1.4723,    1.4194,    1.3201,    1.2664,    1.3305,    1.2730,    1.2168,    1.3335,    1.2685,    1.2135,    1.8631,    1.7380,    1.6035,    1.4666,    1.2864,    1.2019,    1.1047,    1.0006,    0.9168,    0.8364,    0.7650,    0.6956,    1.9654,    1.4661,    1.1019,    0.8397,    0.6138,    0.4525,    0.3266,    0.2371,    0.1662,    0.1126,    0.0724,    0.0557,    0.0821,    0.0474,    0.0659,    0.0706,    0.0791,    0.0738,    0.0852,    0.0959,    0.0842,    0.1158,    0.1024,    0.1122,    0.1258,    0.1025,    0.1492,    0.1659,    0.1365,    0.1664,    0.1978,    0.2123,    0.2101,    0.1357,    0.2166,    0.2288,    0.2808,    0.3001,    0.3106,    0.3303,    0.3393,    0.3563,    0.3649,    0.4178,    0.4561,    0.4316,    0.4402,    0.4487,    0.7646,    0.8350,    0.8762,    0.9068,    0.9299,    1.0210,    0.9563,    1.0193,    0.9969,    1.0418,    0.9883,    1.0599,    2.2820,    2.2524,    2.3008,    2.3372,    2.3616,    2.2633,    2.3426,    2.4024,    2.4512,    2.2793,    2.2464,    2.3327,    5.8969,    5.6182,    5.5551,    5.3872,    4.9766,    4.6677,    4.0979,    3.7703,    4.1533,    3.6408,    2.7972,    2.5985,    2.0039,    1.8429,    1.4059,    1.3427,    0.9059,    0.6580,    0.5321,    0.2138,    0.1887,    0.1341,    0.0466,    0.0379,    0.0350,    0.1323,    0.2791,    0.4606,    0.6639,    0.8784,    1.0949,    1.0176,    1.6506,    1.4015,    1.2416,    1.9825,    3.1177,    3.1390,    2.7805,    3.8899,    4.0587,    3.4465,    3.5634,    3.9296,    4.0680,    3.8850,    3.5922,    3.3958,    1.1551,    1.0670,    1.0738,    1.0001,    1.0511,    1.0975,    1.2309,    1.2209,    1.2580,    1.3751,    1.3863,    1.5001,    1.1719,    1.1790,    1.1880,    1.1717,    1.1691,    1.1993,    1.1471,    1.1330,    1.1156,    1.0955,    1.0643,    1.0266,    1.0045,    0.9183,    0.9765,    0.8036,    0.7974,    0.8007,    0.7694,    0.6727,    0.6379,    0.5944,    0.5320,    0.5177,    1.3731,    1.3466,    1.2707,    1.2143,    1.2098,    1.1604,    1.0085,    0.9676,    0.9282,    0.7354,    0.7100,    0.6745,    0.9660,    0.8800,    0.8215,    0.7718,    0.7728,    0.6921,    0.6350,    0.5965,    0.5460,    0.5003,    0.4398,    0.4017,    0.8410,    0.6294,    0.4682,    0.3173,    0.2312,    0.1649,    0.1187,    0.0806,    0.0586,    0.0434,    0.0361,    0.0239,    0.0157,    0.0000,    0.0432,    0.0776,    0.0878,    0.0803,    0.0993,    0.1105,    0.0983,    0.1355,    0.1197,    0.1313,    0.1472,    0.1195,    0.1726,    0.1884,    0.1529,    0.0982,    0.0117,    0.0262,    0.1318,    0.1590,    0.2570,    0.2698,    0.3340,    0.3572,    0.3698,    0.3929,    0.4022,    0.4116,    0.3814,    0.3466,    0.3052,    0.3649,    0.5072,    0.5148,    0.9022,    0.9856,    1.0320,    1.0471,    1.0283,    1.1692,    1.1231,    1.1942,    1.0977,    1.2416,    1.1741,    1.2495,    2.7064,    2.6410,    2.7422,    2.7851,    2.8032,    2.5531,    2.6429,    2.7104,    2.7654,    2.5700,    2.5343,    2.6318,    6.6523,    6.3383,    6.2669,    6.0774,    5.6140,    5.2653,    4.6224,    4.2527,    3.6873,    3.2317,    2.4824,    2.3054,    1.7773,    1.6337,    1.2456,    1.1889,    0.8016,    0.5817,    0.4699,    0.1886,    0.1662,    0.1180,    0.0409,    0.0333
 1765,    0.4000,  250.8216,    0.2749,  107.0958,  107.5915,    0.9898,    0.4115,  158.4330,  163.6740,  164.4932,  165.4121,  166.5016,  167.1007,  167.7042,  168.3987,  169.2028,  170.3008,  172.1092,  175.0984,  179.6001,  186.1989,  195.2011,  205.9593,  216.4027,  225.0016,  231.8003,  237.7586,  241.4059,  243.2578,  244.0267,  244.4388,  244.5881,    0.0606,    0.2297,    0.4855,    0.8033,    1.1612,    1.5409,    1.9267,    2.4800,    2.6623,    3.0980,    3.6895,    3.5906,    2.3665,    2.4481,    2.8422,    2.2630,    2.2060,    2.6526,    2.5060,    2.1605,    1.9776,    2.0589,    2.2546,    2.3804,    0.8366,    0.8787,    0.8656,    0.9285,    0.9003,    0.8700,    0.8274,    0.8183,    0.7925,    0.6914,    0.6797,    0.5582,    0.3626,    0.3144,    0.2695,    0.2599,    0.2458,    0.2172,    0.2375,    0.2378,    0.2473,    0.2716,    0.3152,    0.3635,    0.4295,    0.4655,    0.3998,    0.4976,    0.4902,    0.4650,    0.4691,    0.5083,    0.5155,    0.5252,    0.5683,    0.5642,    1.5259,    1.4468,    1.4067,    1.3568,    1.2565,    1.2064,    1.2873,    1.2331,    1.1798,    1.3284,    1.2656,    1.2128,    1.8740,    1.7525,    1.6223,    1.4875,    1.2935,    1.2120,    1.1168,    1.0115,    0.9292,    0.8498,    0.7820,    0.7131,    2.0715,    1.5582,    1.1806,    0.9146,    0.6744,    0.5036,    0.3667,    0.2712,    0.1921,    0.1314,    0.0837,    0.0648,    0.0803,    0.0471,    0.0637,    0.0675,    0.0756,    0.0706,    0.0823,    0.0926,    0.0813,    0.1118,    0.0989,    0.1084,    0.1218,    0.0993,    0.1445,    0.1608,    0.1324,    0.1626,    0.1955,    0.2093,    0.2066,    0.1320,    0.2106,    0.2225,    0.2731,    0.2918,    0.3021,    0.3212,    0.3299,    0.3466,    0.3561,    0.4081,    0.4461,    0.4213,    0.4288,    0.4370,    0.7444,    0.8129,    0.8530,    0.8831,    0.9061,    0.9981,    0.9346,    0.9964,    0.9747,    1.0180,    0.9657,    1.0359,    2.2300,    2.2015,    2.2482,    2.2838,    2.3077,    2.2147,    2.2923,    2.3508,    2.3986,    2.2304,    2.1982,    2.2827,    5.7705,    5.4979,    5.4362,    5.2720,    4.8702,    4.5680,    4.0106,    3.6901,    4.2018,    3.6835,    2.8303,    2.6294,    2.0280,    1.8652,    1.4232,    1.3595,    0.9175,    0.6665,    0.5392,    0.2167,    0.1913,    0.1361,    0.0473,    0.0385,    0.0432,    0.1636,    0.3457,    0.5718,    0.8264,    1.0961,    1.3699,    1.3087,    2.0568,    1.7977,    1.6267,    2.5192,    3.6248,    3.6909,    3.3817,    4.4189,    4.5932,    4.1002,    4.2242,    4.5631,    4.6912,    4.5393,    4.2787,    4.0960,    1.4023,    1.3123,    1.3179,    1.2346,    1.2820,    1.3216,    1.4377,    1.4229,    1.4547,    1.5600,    1.5680,    1.6688,    1.2985,    1.3042,    1.3117,    1.2957,    1.2922,    1.3183,    1.2703,    1.2563,    1.2394,    1.2201,    1.1901,    1.1553,    1.1479,    1.0669,    1.1188,    0.9543,    0.9466,    0.9525,    0.9213,    0.8277,    0.7941,    0.7480,    0.6806,    0.6644,    1.7663,    1.7277,    1.6392,    1.5714,    1.5588,    1.4979,    1.3208,    1.2694,    1.2197,    0.9895,    0.9554,    0.9093,    1.3121,    1.2016,    1.1232,    1.0553,    1.0511,    0.9471,    0.8715,    0.8187,    0.7516,    0.6905,    0.6103,    0.5587,    1.2003,    0.9059,    0.6809,    0.4693,    0.3450,    0.2488,    0.1807,    0.1240,    0.0906,    0.0671,    0.0557,    0.0377,    0.0135,    0.0000,    0.0391,    0.0706,    0.0799,    0.0730,    0.0927,    0.1032,    0.0918,    0.1265,    0.1118,    0.1226,    0.1382,    0.1122,    0.1620,    0.1768,    0.1432,    0.0902,    0.0103,    0.0235,    0.1229,    0.1505,    0.2433,    0.2554,    0.3162,    0.3382,    0.3501,    0.3720,    0.3807,    0.3895,    0.3591,    0.3262,    0.2869,    0.3437,    0.4789,    0.4864,    0.8529,    0.9317,    0.9755,    0.9894,    0.9711,    1.1128,    1.0692,    1.1367,    1.0447,    1.1824,    1.1181,    1.1898,    2.5772,    2.5144,    2.6114,    2.6523,    2.6695,    2.3884,    2.4725,    2.5356,    2.5871,    2.4043,    2.3709,    2.4621,    6.2234,    5.9297,    5.8630,    5.6857,    5.2522,    4.9261,    4.3248,    3.9789,    3.3244,    2.9137,    2.2381,    2.0787,    1.6025,    1.4731,    1.1233,    1.0722,    0.7229,    0.5246,    0.4239,    0.1701,    0.1500,    0.1065,    0.0369,    0.0300
 1898,    0.5000,  255.2013,    0.2849,  105.6545,  106.1199,    0.9670,    0.2877,  158.4330,  164.1771,  165.0058,  165.9299,  167.0033,  167.5961,  168.2000,  168.8996,  169.8023,  171.0831,  173.0994,  176.3334,  181.3094,  188.6033,  198.6020,  210.3948,  221.5016,  230.4996,  237.5055,  242.9840,  246.7075,  248.5883,  249.3586,  249.7881,  249.9361,    0.0597,    0.2263,    0.4783,    0.7912,    1.1433,    1.5167,    1.8958,    2.4521,    2.6217,    3.0458,    3.6584,    3.5287,    2.3110,    2.3831,    2.7619,    2.2122,    2.1572,    2.5740,    2.4260,    2.0928,    1.9156,    1.9878,    2.1729,    2.2961,    0.8065,    0.8448,    0.8326,    0.8950,    0.8706,    0.8446,    0.8154,    0.8086,    0.7874,    0.6936,    0.6863,    0.5735,    0.3748,    0.3251,    0.2778,    0.2681,    0.2532,    0.2226,    0.2449,    0.2454,    0.2558,    0.2815,    0.3264,    0.3740,    0.4339,    0.4646,    0.4020,    0.4903,    0.4837,    0.4568,    0.4585,    0.4909,    0.4955,    0.5029,    0.5463,    0.5421,    1.4660,    1.3873,    1.3481,    1.3004,    1.2002,    1.1527,    1.2436,    1.1920,    1.1414,    1.3122,    1.2518,    1.2009,    1.8650,    1.7470,    1.6216,    1.4899,    1.2860,    1.2073,    1.1145,    1.0093,    0.9289,    0.8512,    0.7870,    0.7192,    2.1378,    1.6186,    1.2341,    0.9691,    0.7196,    0.5430,    0.3982,    0.2993,    0.2136,    0.1474,    0.0931,    0.0724,    0.0787,    0.0469,    0.0619,    0.0650,    0.0728,    0.0680,    0.0798,    0.0898,    0.0788,    0.1084,    0.0959,    0.1050,    0.1184,    0.0965,    0.1405,    0.1563,    0.1288,    0.1592,    0.1933,    0.2066,    0.2033,    0.1287,    0.2053,    0.2169,    0.2662,    0.2845,    0.2944,    0.3131,    0.3216,    0.3380,    0.3482,    0.3993,    0.4371,    0.4122,    0.4187,    0.4267,    0.7265,    0.7934,    0.8325,    0.8622,    0.8849,    0.9776,    0.9152,    0.9757,    0.9548,    0.9966,    0.9455,    1.0143,    2.1833,    2.1557,    2.2010,    2.2358,    2.2593,    2.1727,    2.2489,    2.3063,    2.3531,    2.1882,    2.1565,    2.2395,    5.6612,    5.3938,    5.3333,    5.1723,    4.7782,    4.4819,    3.9351,    3.6208,    4.2419,    3.7189,    2.8576,    2.6550,    2.0479,    1.8839,    1.4376,    1.3735,    0.9271,    0.6737,    0.5451,    0.2192,    0.1936,    0.1377,    0.0479,    0.0390,    0.0500,    0.1899,    0.4021,    0.6664,    0.9650,    1.2829,    1.6070,    1.5728,    2.4024,    2.1561,    1.9876,    2.9940,    4.0117,    4.1213,    3.8769,    4.8214,    5.0032,    4.6224,    4.7532,    5.0634,    5.1845,    5.0637,    4.8390,    4.6747,    1.6080,    1.5217,    1.5262,    1.4395,    1.4829,    1.5163,    1.6170,    1.5989,    1.6259,    1.7204,    1.7256,    1.8152,    1.4087,    1.4134,    1.4201,    1.4043,    1.4003,    1.4230,    1.3786,    1.3646,    1.3481,    1.3293,    1.3003,    1.2678,    1.2728,    1.1971,    1.2435,    1.0882,    1.0791,    1.0866,    1.0559,    0.9665,    0.9344,    0.8869,    0.8169,    0.7994,    2.1291,    2.0785,    1.9797,    1.9024,    1.8811,    1.8104,    1.6143,    1.5536,    1.4948,    1.2359,    1.1936,    1.1378,    1.6516,    1.5184,    1.4214,    1.3362,    1.3247,    1.1988,    1.1058,    1.0389,    0.9561,    0.8803,    0.7823,    0.7176,    1.5732,    1.1956,    0.9057,    0.6328,    0.4686,    0.3408,    0.2494,    0.1729,    0.1269,    0.0943,    0.0779,    0.0536,    0.0118,    0.0000,    0.0356,    0.0644,    0.0729,    0.0667,    0.0868,    0.0966,    0.0860,    0.1184,    0.1047,    0.1147,    0.1301,    0.1056,    0.1524,    0.1663,    0.1343,    0.0831,    0.0091,    0.0212,    0.1149,    0.1426,    0.2308,    0.2421,    0.2999,    0.3208,    0.3321,    0.3528,    0.3611,    0.3692,    0.3387,    0.3076,    0.2702,    0.3244,    0.4530,    0.4603,    0.8075,    0.8821,    0.9237,    0.9365,    0.9187,    1.0605,    1.0192,    1.0834,    0.9956,    1.1274,    1.0660,    1.1343,    2.4573,    2.3969,    2.4900,    2.5290,    2.5453,    2.2380,    2.3169,    2.3760,    2.4242,    2.2530,    2.2217,    2.3071,    5.8317,    5.5565,    5.4941,    5.3281,    4.9219,    4.6164,    4.0529,    3.7289,    2.9990,    2.6285,    2.0192,    1.8753,    1.4458,    1.3291,    1.0135,    0.9675,    0.6524,    0.4735,    0.3826,    0.1536,    0.1354,    0.0961,    0.0333,    0.0271
 2066,    0.7500,  263.5017,    0.3050,  102.6940,  103.1257,    0.9480,    0.4595,  158.4330,  165.0168,  165.8888,  166.8157,  167.8061,  168.4013,  169.0013,  169.8021,  170.9056,  172.5081,  175.1009,  179.2030,  185.4029,  194.3005,  206.2991,  219.8002,  232.0021,  241.3415,  248.4485,  253.4015,  256.8102,  258.7097,  259.5038,  259.9281,  260.0884,    0.0584,    0.2212,    0.4672,    0.7721,    1.1148,    1.4776,    1.8453,    2.3962,    2.5550,    2.9468,    3.5802,    3.4197,    2.2403,    2.2996,    2.6491,    2.1500,    2.0978,    2.4711,    2.3231,    2.0099,    1.8409,    1.9009,    2.0689,    2.1853,    0.7664,    0.7972,    0.7862,    0.8432,    0.8247,    0.8054,    0.7958,    0.7917,    0.7779,    0.6978,    0.6982,    0.6033,    0.4005,    0.3487,    0.2963,    0.2863,    0.2693,    0.2335,    0.2612,    0.2626,    0.2750,    0.3035,    0.3498,    0.3941,    0.4418,    0.4631,    0.4069,    0.4772,    0.4719,    0.4433,    0.4410,    0.4617,    0.4622,    0.4650,    0.5061,    0.5014,    1.3541,    1.2745,    1.2355,    1.1909,    1.0925,    1.0492,    1.1464,    1.0998,    1.0539,    1.2506,    1.1954,    1.1485,    1.7977,    1.6871,    1.5732,    1.4507,    1.2351,    1.1611,    1.0747,    0.9724,    0.8973,    0.8247,    0.7688,    0.7048,    2.1830,    1.6703,    1.2861,    1.0349,    0.7772,    0.5980,    0.4438,    0.3441,    0.2491,    0.1744,    0.1081,    0.0846,    0.0755,    0.0463,    0.0585,    0.0604,    0.0676,    0.0631,    0.0748,    0.0842,    0.0738,    0.1016,    0.0899,    0.0985,    0.1115,    0.0909,    0.1323,    0.1473,    0.1216,    0.1521,    0.1884,    0.2006,    0.1964,    0.1220,    0.1944,    0.2055,    0.2520,    0.2693,    0.2788,    0.2964,    0.3046,    0.3204,    0.3319,    0.3810,    0.4180,    0.3931,    0.3980,    0.4054,    0.6898,    0.7534,    0.7906,    0.8192,    0.8414,    0.9344,    0.8744,    0.9324,    0.9129,    0.9517,    0.9030,    0.9690,    2.0854,    2.0597,    2.1020,    2.1353,    2.1579,    2.0902,    2.1635,    2.2187,    2.2638,    2.1051,    2.0747,    2.1545,    5.4464,    5.1893,    5.1313,    4.9765,    4.5976,    4.3126,    3.7867,    3.4845,    4.3149,    3.7833,    2.9075,    2.7017,    2.0843,    1.9178,    1.4640,    1.3992,    0.9448,    0.6869,    0.5561,    0.2237,    0.1977,    0.1408,    0.0490,    0.0400,    0.0628,    0.2392,    0.5086,    0.8463,    1.2308,    1.6433,    2.0677,    2.1281,    3.0617,    2.9068,    2.7849,    3.9537,    4.6726,    4.8707,    4.7899,    5.5303,    5.7355,    5.5632,    5.7109,    5.9672,    6.0832,    6.0264,    5.8816,    5.7656,    1.9984,    1.9288,    1.9312,    1.8491,    1.8823,    1.9037,    1.9736,    1.9519,    1.9697,    2.0414,    2.0412,    2.1088,    1.6302,    1.6326,    1.6371,    1.6227,    1.6174,    1.6319,    1.5963,    1.5828,    1.5675,    1.5501,    1.5234,    1.4950,    1.5242,    1.4610,    1.4957,    1.3643,    1.3528,    1.3610,    1.3321,    1.2544,    1.2261,    1.1785,    1.1086,    1.0894,    2.9130,    2.8357,    2.7187,    2.6235,    2.5806,    2.4910,    2.2642,    2.1847,    2.1072,    1.8014,    1.7415,    1.6653,    2.4426,    2.2612,    2.1227,    1.9986,    1.9630,    1.7903,    1.6586,    1.5582,    1.4405,    1.3317,    1.1984,    1.1036,    2.5060,    1.9295,    1.4790,    1.0597,    0.7954,    0.5871,    0.4354,    0.3082,    0.2283,    0.1709,    0.1400,    0.0986,    0.0085,    0.0000,    0.0286,    0.0520,    0.0590,    0.0539,    0.0743,    0.0826,    0.0736,    0.1013,    0.0896,    0.0982,    0.1126,    0.0914,    0.1318,    0.1437,    0.1156,    0.0689,    0.0070,    0.0170,    0.0983,    0.1255,    0.2034,    0.2133,    0.2643,    0.2828,    0.2927,    0.3110,    0.3182,    0.3251,    0.2948,    0.2676,    0.2345,    0.2827,    0.3966,    0.4035,    0.7086,    0.7740,    0.8106,    0.8211,    0.8047,    0.9448,    0.9086,    0.9655,    0.8869,    1.0056,    0.9508,    1.0115,    2.1916,    2.1369,    2.2211,    2.2558,    2.2702,    1.9137,    1.9812,    2.0317,    2.0730,    1.9265,    1.8998,    1.9728,    4.9868,    4.7516,    4.6983,    4.5564,    4.2091,    3.9480,    3.4662,    3.1893,    2.3241,    2.0371,    1.5649,    1.4535,    1.1207,    1.0304,    0.7858,    0.7502,    0.5059,    0.3672,    0.2968,    0.1192,    0.1051,    0.0746,    0.0259,    0.0211
 2199,    1.0000,  269.4279,    0.3202,  100.4072,  100.8699,    0.9891,    0.7972,  158.4330,  165.5283,  166.4071,  167.3423,  168.3047,  168.8914,  169.5246,  170.5008,  171.8021,  173.7981,  176.9182,  181.8889,  189.1433,  199.4006,  212.8512,  227.5006,  240.1011,  249.5068,  256.3986,  261.0343,  263.8895,  265.7927,  266.5656,  267.0170,  267.1687,    0.0578,    0.2185,    0.4613,    0.7618,    1.0992,    1.4559,    1.8169,    2.3583,    2.5166,    2.8837,    3.5173,    3.3538,    2.2068,    2.2603,    2.5932,    2.1210,    2.0701,    2.4219,    2.2748,    1.9718,    1.8067,    1.8611,    2.0203,    2.1323,    0.7472,    0.7737,    0.7632,    0.8157,    0.8003,    0.7842,    0.7844,    0.7811,    0.7711,    0.7004,    0.7052,    0.6240,    0.4202,    0.3678,    0.3120,    0.3021,    0.2833,    0.2424,    0.2754,    0.2776,    0.2914,    0.3215,    0.3675,    0.4082,    0.4466,    0.4619,    0.4106,    0.4687,    0.4642,    0.4354,    0.4311,    0.4451,    0.4435,    0.4434,    0.4816,    0.4765,    1.2849,    1.2038,    1.1641,    1.1210,    1.0248,    0.9836,    1.0763,    1.0325,    0.9896,    1.1898,    1.1386,    1.0941,    1.7187,    1.6130,    1.5082,    1.3941,    1.1766,    1.1049,    1.0236,    0.9250,    0.8544,    0.7865,    0.7375,    0.6769,    2.1480,    1.6529,    1.2785,    1.0451,    0.7899,    0.6154,    0.4600,    0.3648,    0.2665,    0.1885,    0.1151,    0.0902,    0.0730,    0.0459,    0.0562,    0.0574,    0.0642,    0.0600,    0.0712,    0.0802,    0.0703,    0.0967,    0.0856,    0.0937,    0.1064,    0.0867,    0.1263,    0.1407,    0.1162,    0.1465,    0.1841,    0.1956,    0.1908,    0.1168,    0.1861,    0.1967,    0.2412,    0.2578,    0.2668,    0.2837,    0.2915,    0.3069,    0.3194,    0.3667,    0.4028,    0.3781,    0.3822,    0.3893,    0.6620,    0.7230,    0.7587,    0.7864,    0.8082,    0.9004,    0.8425,    0.8985,    0.8799,    0.9167,    0.8698,    0.9335,    2.0088,    1.9845,    2.0246,    2.0566,    2.0786,    2.0311,    2.1024,    2.1560,    2.1999,    2.0456,    2.0161,    2.0937,    5.2927,    5.0429,    4.9866,    4.8364,    4.4683,    4.1915,    3.6805,    3.3870,    4.3607,    3.8237,    2.9388,    2.7312,    2.1074,    1.9394,    1.4808,    1.4156,    0.9562,    0.6954,    0.5633,    0.2267,    0.2004,    0.1428,    0.0497,    0.0406,    0.0712,    0.2720,    0.5799,    0.9679,    1.4120,    1.8913,    2.3876,    2.5549,    3.5086,    3.4826,    3.4391,    4.6534,    5.0897,    5.3477,    5.3949,    6.0011,    6.2285,    6.1842,    6.3482,    6.5763,    6.6961,    6.6840,    6.5974,    6.5206,    2.2699,    2.2172,    2.2184,    2.1488,    2.1732,    2.1865,    2.2349,    2.2128,    2.2241,    2.2790,    2.2750,    2.3269,    1.7951,    1.7958,    1.7986,    1.7854,    1.7794,    1.7877,    1.7589,    1.7460,    1.7317,    1.7154,    1.6908,    1.6655,    1.7120,    1.6590,    1.6849,    1.5746,    1.5616,    1.5682,    1.5418,    1.4754,    1.4506,    1.4061,    1.3410,    1.3213,    3.5455,    3.4484,    3.3212,    3.2140,    3.1523,    3.0496,    2.8083,    2.7146,    2.6227,    2.2930,    2.2185,    2.1267,    3.1413,    2.9220,    2.7482,    2.5907,    2.5281,    2.3185,    2.1546,    2.0242,    1.8771,    1.7403,    1.5816,    1.4607,    3.3943,    2.6370,    2.0357,    1.4843,    1.1243,    0.8377,    0.6270,    0.4502,    0.3360,    0.2530,    0.2059,    0.1469,    0.0064,    0.0000,    0.0233,    0.0426,    0.0484,    0.0442,    0.0642,    0.0714,    0.0636,    0.0876,    0.0774,    0.0849,    0.0983,    0.0799,    0.1151,    0.1254,    0.1005,    0.0581,    0.0056,    0.0139,    0.0853,    0.1113,    0.1805,    0.1893,    0.2347,    0.2510,    0.2599,    0.2761,    0.2825,    0.2884,    0.2588,    0.2346,    0.2053,    0.2483,    0.3498,    0.3563,    0.6261,    0.6839,    0.7162,    0.7250,    0.7099,    0.8466,    0.8146,    0.8653,    0.7947,    0.9020,    0.8527,    0.9071,    1.9656,    1.9158,    1.9922,    2.0233,    2.0362,    1.6474,    1.7055,    1.7490,    1.7845,    1.6585,    1.6355,    1.6983,    4.2930,    4.0905,    4.0447,    3.9226,    3.6237,    3.3990,    2.9843,    2.7460,    1.8074,    1.5842,    1.2171,    1.1305,    0.8717,    0.8015,    0.6113,    0.5837,    0.3937,    0.2858,    0.2310,    0.0928,    0.0818,    0.0581,    0.0202,    0.0164
 2400,    1.2500,  273.9602,    0.3319,   98.6930,   99.1434,    0.9857,    0.9109,  158.4330,  165.9321,  166.8092,  167.7503,  168.7058,  169.2087,  170.0004,  171.0150,  172.6024,  174.9331,  178.6954,  184.3793,  192.6525,  204.0954,  218.5995,  233.9014,  246.6174,  255.8027,  262.3972,  266.7995,  269.2983,  270.9331,  271.6931,  272.1337,  272.2921,    0.0574,    0.2170,    0.4578,    0.7558,    1.0900,    1.4429,    1.7998,    2.3331,    2.4926,    2.8437,    3.4715,    3.3123,    2.1880,    2.2381,    2.5611,    2.1049,    2.0548,    2.3940,    2.2476,    1.9506,    1.7877,    1.8389,    1.9931,    2.1023,    0.7363,    0.7602,    0.7501,    0.7996,    0.7859,    0.7715,    0.7771,    0.7740,    0.7659,    0.7020,    0.7094,    0.6388,    0.4356,    0.3837,    0.3258,    0.3164,    0.2959,    0.2505,    0.2883,    0.2912,    0.3059,    0.3365,    0.3812,    0.4182,    0.4493,    0.4606,    0.4134,    0.4630,    0.4588,    0.4303,    0.4250,    0.4350,    0.4322,    0.4305,    0.4665,    0.4611,    1.2420,    1.1598,    1.1196,    1.0772,    0.9828,    0.9427,    1.0292,    0.9871,    0.9459,    1.1413,    1.0929,    1.0498,    1.6512,    1.5486,    1.4502,    1.3425,    1.1272,    1.0564,    0.9788,    0.8834,    0.8162,    0.7518,    0.7081,    0.6503,    2.0906,    1.6135,    1.2501,    1.0322,    0.7831,    0.6151,    0.4617,    0.3724,    0.2738,    0.1950,    0.1176,    0.0921,    0.0710,    0.0454,    0.0545,    0.0553,    0.0619,    0.0578,    0.0686,    0.0772,    0.0677,    0.0931,    0.0824,    0.0902,    0.1025,    0.0836,    0.1218,    0.1356,    0.1122,    0.1421,    0.1803,    0.1913,    0.1862,    0.1128,    0.1796,    0.1899,    0.2328,    0.2488,    0.2575,    0.2738,    0.2814,    0.2963,    0.3096,    0.3553,    0.3905,    0.3662,    0.3700,    0.3768,    0.6406,    0.6996,    0.7341,    0.7612,    0.7824,    0.8735,    0.8171,    0.8715,    0.8536,    0.8889,    0.8435,    0.9053,    1.9480,    1.9247,    1.9632,    1.9943,    2.0156,    1.9882,    2.0579,    2.1104,    2.1533,    2.0024,    1.9735,    2.0494,    5.1808,    4.9364,    4.8814,    4.7344,    4.3742,    4.1034,    3.6033,    3.3160,    4.3896,    3.8493,    2.9587,    2.7499,    2.1220,    1.9532,    1.4916,    1.4262,    0.9636,    0.7010,    0.5679,    0.2287,    0.2023,    0.1442,    0.0502,    0.0410,    0.0769,    0.2942,    0.6285,    1.0513,    1.5373,    2.0641,    2.6124,    2.8813,    3.8174,    3.9236,    3.9703,    5.1657,    5.3791,    5.6779,    5.8153,    6.3399,    6.5857,    6.6236,    6.8024,    7.0173,    7.1440,    7.1637,    7.1182,    7.0707,    2.4681,    2.4287,    2.4292,    2.3731,    2.3907,    2.3986,    2.4321,    2.4111,    2.4176,    2.4598,    2.4532,    2.4930,    1.9206,    1.9201,    1.9217,    1.9093,    1.9030,    1.9080,    1.8831,    1.8706,    1.8569,    1.8415,    1.8190,    1.7961,    1.8559,    1.8111,    1.8302,    1.7379,    1.7239,    1.7281,    1.7042,    1.6479,    1.6258,    1.5857,    1.5271,    1.5076,    4.0569,    3.9468,    3.8145,    3.6991,    3.6224,    3.5103,    3.2652,    3.1606,    3.0577,    2.7187,    2.6321,    2.5282,    3.7541,    3.5051,    3.3010,    3.1146,    3.0250,    2.7868,    2.5959,    2.4391,    2.2672,    2.1066,    1.9285,    1.7852,    4.2196,    3.3006,    2.5610,    1.8919,    1.4428,    1.0823,    0.8155,    0.5917,    0.4440,    0.3358,    0.2719,    0.1960,    0.0049,    0.0000,    0.0191,    0.0352,    0.0400,    0.0365,    0.0559,    0.0621,    0.0553,    0.0762,    0.0674,    0.0739,    0.0864,    0.0702,    0.1011,    0.1101,    0.0879,    0.0495,    0.0046,    0.0115,    0.0748,    0.0992,    0.1611,    0.1689,    0.2095,    0.2241,    0.2320,    0.2465,    0.2521,    0.2572,    0.2287,    0.2070,    0.1809,    0.2194,    0.3102,    0.3162,    0.5561,    0.6074,    0.6361,    0.6436,    0.6296,    0.7621,    0.7335,    0.7790,    0.7152,    0.8126,    0.7681,    0.8170,    1.7706,    1.7253,    1.7947,    1.8228,    1.8343,    1.4252,    1.4754,    1.5130,    1.5438,    1.4347,    1.4148,    1.4692,    3.7139,    3.5388,    3.4991,    3.3936,    3.1351,    2.9407,    2.5820,    2.3758,    1.4100,    1.2359,    0.9495,    0.8820,    0.6801,    0.6254,    0.4770,    0.4555,    0.3073,    0.2231,    0.1804,    0.0724,    0.0639,    0.0454,    0.0158,    0.0128
 2600,    1.5000,  277.5046,    0.3409,   97.3707,   97.8058,    0.9769,    0.7651,  158.4330,  166.1962,  167.0972,  168.0344,  168.9356,  169.5078,  170.3049,  171.5054,  173.3067,  176.0295,  180.2993,  186.7072,  195.8996,  208.2973,  223.6069,  239.2593,  251.9951,  260.8330,  267.1128,  271.2214,  273.5241,  274.9262,  275.6128,  276.0991,  276.2519,    0.0571,    0.2160,    0.4555,    0.7517,    1.0838,    1.4342,    1.7881,    2.3155,    2.4759,    2.8168,    3.4381,    3.2834,    2.1752,    2.2231,    2.5394,    2.0942,    2.0447,    2.3751,    2.2292,    1.9362,    1.7749,    1.8239,    1.9746,    2.0819,    0.7288,    0.7510,    0.7411,    0.7888,    0.7760,    0.7627,    0.7716,    0.7684,    0.7616,    0.7029,    0.7116,    0.6494,    0.4474,    0.3966,    0.3378,    0.3290,    0.3072,    0.2577,    0.2999,    0.3032,    0.3183,    0.3488,    0.3917,    0.4253,    0.4508,    0.4592,    0.4152,    0.4586,    0.4546,    0.4263,    0.4205,    0.4280,    0.4246,    0.4219,    0.4564,    0.4509,    1.2135,    1.1308,    1.0903,    1.0483,    0.9554,    0.9159,    0.9971,    0.9561,    0.9159,    1.1044,    1.0580,    1.0158,    1.5979,    1.4972,    1.4031,    1.3002,    1.0884,    1.0179,    0.9430,    0.8503,    0.7855,    0.7236,    0.6839,    0.6280,    2.0318,    1.5704,    1.2166,    1.0111,    0.7687,    0.6069,    0.4568,    0.3730,    0.2754,    0.1974,    0.1179,    0.0921,    0.0693,    0.0450,    0.0532,    0.0539,    0.0604,    0.0564,    0.0666,    0.0750,    0.0657,    0.0904,    0.0800,    0.0876,    0.0996,    0.0812,    0.1183,    0.1317,    0.1090,    0.1385,    0.1769,    0.1875,    0.1823,    0.1096,    0.1745,    0.1845,    0.2262,    0.2417,    0.2502,    0.2661,    0.2734,    0.2880,    0.3018,    0.3462,    0.3804,    0.3566,    0.3604,    0.3671,    0.6238,    0.6813,    0.7149,    0.7414,    0.7622,    0.8518,    0.7968,    0.8499,    0.8323,    0.8666,    0.8223,    0.8827,    1.8992,    1.8768,    1.9140,    1.9443,    1.9652,    1.9564,    2.0251,    2.0768,    2.1190,    1.9704,    1.9420,    2.0167,    5.0983,    4.8578,    4.8038,    4.6592,    4.3048,    4.0384,    3.5463,    3.2637,    4.4079,    3.8655,    2.9713,    2.7618,    2.1314,    1.9620,    1.4985,    1.4331,    0.9685,    0.7047,    0.5710,    0.2300,    0.2035,    0.1451,    0.0506,    0.0413,    0.0807,    0.3095,    0.6623,    1.1098,    1.6257,    2.1870,    2.7733,    3.1313,    4.0368,    4.2624,    4.3996,    5.5452,    5.5940,    5.9219,    6.1218,    6.5979,    6.8589,    6.9527,    7.1444,    7.3545,    7.4886,    7.5320,    7.5162,    7.4905,    2.6195,    2.5898,    2.5900,    2.5455,    2.5581,    2.5625,    2.5858,    2.5665,    2.5697,    2.6022,    2.5940,    2.6243,    2.0199,    2.0185,    2.0192,    2.0073,    2.0010,    2.0042,    1.9815,    1.9695,    1.9563,    1.9417,    1.9208,    1.8999,    1.9703,    1.9319,    1.9456,    1.8678,    1.8534,    1.8550,    1.8333,    1.7854,    1.7652,    1.7295,    1.6775,    1.6584,    4.4729,    4.3552,    4.2205,    4.0996,    4.0111,    3.8922,    3.6503,    3.5373,    3.4257,    3.0875,    2.9907,    2.8776,    4.2910,    4.0184,    3.7885,    3.5770,    3.4614,    3.2012,    2.9877,    2.8079,    2.6149,    2.4339,    2.2401,    2.0776,    4.9787,    3.9154,    3.0508,    2.2771,    1.7460,    1.3166,    0.9973,    0.7293,    0.5497,    0.4170,    0.3363,    0.2443,    0.0038,    0.0000,    0.0158,    0.0293,    0.0333,    0.0304,    0.0489,    0.0543,    0.0484,    0.0667,    0.0589,    0.0646,    0.0763,    0.0620,    0.0892,    0.0972,    0.0774,    0.0426,    0.0038,    0.0097,    0.0661,    0.0889,    0.1444,    0.1513,    0.1877,    0.2009,    0.2079,    0.2209,    0.2259,    0.2304,    0.2030,    0.1835,    0.1602,    0.1948,    0.2762,    0.2818,    0.4960,    0.5416,    0.5673,    0.5737,    0.5608,    0.6884,    0.6629,    0.7038,    0.6460,    0.7346,    0.6944,    0.7384,    1.6005,    1.5592,    1.6224,    1.6478,    1.6581,    1.2374,    1.2810,    1.3137,    1.3404,    1.2457,    1.2284,    1.2757,    3.2246,    3.0725,    3.0381,    2.9465,    2.7221,    2.5534,    2.2419,    2.0630,    1.1031,    0.9669,    0.7429,    0.6901,    0.5322,    0.4894,    0.3733,    0.3565,    0.2405,    0.1746,    0.1412,    0.0567,    0.0500,    0.0356,    0.0123,    0.0100
 2788,    1.7500,  280.3243,    0.3479,   96.3242,   96.7597,    0.9850,    0.8339,  158.4330,  166.4660,  167.3774,  168.3056,  169.1998,  169.7963,  170.6074,  172.0057,  174.0118,  177.1017,  181.8949,  188.9962,  198.9995,  212.1093,  228.0114,  243.8952,  256.4074,  265.0036,  270.9121,  274.7854,  276.9199,  278.1059,  278.7317,  279.1579,  279.3181,    0.0569,    0.2153,    0.4539,    0.7489,    1.0794,    1.4280,    1.7798,    2.3025,    2.4640,    2.7977,    3.4127,    3.2627,    2.1667,    2.2130,    2.5247,    2.0871,    2.0381,    2.3625,    2.2168,    1.9267,    1.7664,    1.8139,    1.9623,    2.0683,    0.7239,    0.7449,    0.7351,    0.7813,    0.7692,    0.7566,    0.7678,    0.7643,    0.7582,    0.7037,    0.7133,    0.6578,    0.4573,    0.4077,    0.3485,    0.3403,    0.3174,    0.2645,    0.3104,    0.3140,    0.3293,    0.3593,    0.4004,    0.4310,    0.4518,    0.4581,    0.4169,    0.4554,    0.4515,    0.4235,    0.4174,    0.4231,    0.4192,    0.4160,    0.4493,    0.4438,    1.1936,    1.1107,    1.0699,    1.0282,    0.9364,    0.8974,    0.9743,    0.9339,    0.8945,    1.0758,    1.0307,    0.9891,    1.5550,    1.4557,    1.3645,    1.2651,    1.0574,    0.9871,    0.9140,    0.8234,    0.7604,    0.7005,    0.6638,    0.6095,    1.9745,    1.5267,    1.1812,    0.9851,    0.7496,    0.5933,    0.4472,    0.3684,    0.2728,    0.1964,    0.1165,    0.0908,    0.0679,    0.0446,    0.0523,    0.0530,    0.0593,    0.0554,    0.0651,    0.0732,    0.0642,    0.0884,    0.0782,    0.0856,    0.0973,    0.0793,    0.1156,    0.1287,    0.1066,    0.1355,    0.1739,    0.1841,    0.1790,    0.1071,    0.1705,    0.1802,    0.2209,    0.2361,    0.2444,    0.2599,    0.2670,    0.2814,    0.2956,    0.3386,    0.3720,    0.3488,    0.3528,    0.3593,    0.6107,    0.6669,    0.6998,    0.7257,    0.7461,    0.8341,    0.7803,    0.8324,    0.8150,    0.8486,    0.8053,    0.8644,    1.8598,    1.8380,    1.8742,    1.9039,    1.9243,    1.9328,    2.0006,    2.0517,    2.0934,    1.9466,    1.9186,    1.9924,    5.0368,    4.7993,    4.7459,    4.6032,    4.2531,    3.9900,    3.5039,    3.2248,    4.4195,    3.8759,    2.9794,    2.7694,    2.1375,    1.9678,    1.5031,    1.4377,    0.9717,    0.7071,    0.5732,    0.2309,    0.2043,    0.1457,    0.0508,    0.0415,    0.0835,    0.3202,    0.6862,    1.1514,    1.6891,    2.2756,    2.8900,    3.3225,    4.1961,    4.5222,    4.7441,    5.8284,    5.7574,    6.1068,    6.3508,    6.7971,    7.0706,    7.2041,    7.4066,    7.6152,    7.7561,    7.8174,    7.8241,    7.8156,    2.7367,    2.7140,    2.7142,    2.6788,    2.6881,    2.6903,    2.7071,    2.6894,    2.6904,    2.7159,    2.7067,    2.7305,    2.1004,    2.0984,    2.0983,    2.0871,    2.0805,    2.0817,    2.0615,    2.0499,    2.0372,    2.0232,    2.0036,    1.9841,    2.0626,    2.0288,    2.0385,    1.9716,    1.9570,    1.9563,    1.9364,    1.8947,    1.8760,    1.8439,    1.7978,    1.7791,    4.8072,    4.6849,    4.5492,    4.4246,    4.3268,    4.2030,    3.9684,    3.8489,    3.7306,    3.4004,    3.2953,    3.1750,    4.7510,    4.4600,    4.2083,    3.9756,    3.8356,    3.5583,    3.3262,    3.1267,    2.9161,    2.7181,    2.5119,    2.3331,    5.6552,    4.4666,    3.4918,    2.6277,    2.0234,    1.5320,    1.1652,    0.8575,    0.6484,    0.4931,    0.3962,    0.2897,    0.0030,    0.0000,    0.0132,    0.0244,    0.0278,    0.0253,    0.0429,    0.0477,    0.0425,    0.0585,    0.0517,    0.0567,    0.0677,    0.0550,    0.0791,    0.0860,    0.0683,    0.0369,    0.0032,    0.0083,    0.0587,    0.0798,    0.1298,    0.1360,    0.1688,    0.1806,    0.1870,    0.1987,    0.2031,    0.2070,    0.1809,    0.1633,    0.1425,    0.1735,    0.2468,    0.2520,    0.4437,    0.4845,    0.5075,    0.5129,    0.5011,    0.6236,    0.6007,    0.6376,    0.5851,    0.6659,    0.6294,    0.6693,    1.4508,    1.4130,    1.4707,    1.4937,    1.5030,    1.0772,    1.1152,    1.1436,    1.1669,    1.0844,    1.0694,    1.1105,    2.8072,    2.6748,    2.6449,    2.5652,    2.3698,    2.2230,    1.9518,    1.7961,    0.8651,    0.7584,    0.5827,    0.5413,    0.4174,    0.3839,    0.2928,    0.2797,    0.1887,    0.1370,    0.1108,    0.0445,    0.0393,    0.0279,    0.0097,    0.0079
 2970,    2.0000,  282.6083,    0.3535,   95.5117,   95.9354,    0.9796,    0.8925,  158.4330,  166.6735,  167.5881,  168.5200,  169.3884,  169.9914,  170.9044,  172.4019,  174.7104,  178.1125,  183.3983,  191.1055,  201.8118,  215.6122,  231.9969,  247.8983,  260.1153,  268.4053,  274.0126,  277.6022,  279.6134,  280.7043,  281.2543,  281.6928,  281.8493,    0.0568,    0.2148,    0.4527,    0.7468,    1.0761,    1.4233,    1.7736,    2.2928,    2.4550,    2.7837,    3.3936,    3.2471,    2.1601,    2.2053,    2.5136,    2.0814,    2.0327,    2.3527,    2.2074,    1.9193,    1.7598,    1.8061,    1.9528,    2.0578,    0.7200,    0.7402,    0.7305,    0.7758,    0.7641,    0.7520,    0.7648,    0.7611,    0.7555,    0.7042,    0.7143,    0.6642,    0.4653,    0.4170,    0.3578,    0.3504,    0.3265,    0.2705,    0.3198,    0.3237,    0.3389,    0.3683,    0.4075,    0.4354,    0.4524,    0.4571,    0.4183,    0.4528,    0.4490,    0.4213,    0.4151,    0.4194,    0.4153,    0.4117,    0.4442,    0.4386,    1.1791,    1.0962,    1.0553,    1.0138,    0.9229,    0.8842,    0.9580,    0.9181,    0.8791,    1.0545,    1.0103,    0.9691,    1.5224,    1.4241,    1.3349,    1.2381,    1.0340,    0.9637,    0.8920,    0.8030,    0.7413,    0.6828,    0.6483,    0.5951,    1.9262,    1.4892,    1.1502,    0.9609,    0.7314,    0.5795,    0.4371,    0.3622,    0.2688,    0.1941,    0.1146,    0.0890,    0.0667,    0.0443,    0.0515,    0.0523,    0.0585,    0.0546,    0.0639,    0.0719,    0.0631,    0.0868,    0.0768,    0.0841,    0.0955,    0.0778,    0.1134,    0.1263,    0.1046,    0.1330,    0.1711,    0.1811,    0.1762,    0.1050,    0.1672,    0.1768,    0.2167,    0.2316,    0.2397,    0.2549,    0.2619,    0.2760,    0.2905,    0.3324,    0.3650,    0.3423,    0.3468,    0.3532,    0.6002,    0.6555,    0.6878,    0.7133,    0.7332,    0.8197,    0.7668,    0.8181,    0.8008,    0.8339,    0.7913,    0.8495,    1.8276,    1.8063,    1.8418,    1.8710,    1.8910,    1.9151,    1.9822,    2.0328,    2.0742,    1.9287,    1.9010,    1.9741,    4.9906,    4.7553,    4.7025,    4.5611,    4.2142,    3.9536,    3.4720,    3.1955,    4.4270,    3.8825,    2.9847,    2.7744,    2.1414,    1.9716,    1.5061,    1.4407,    0.9739,    0.7088,    0.5746,    0.2315,    0.2049,    0.1462,    0.0510,    0.0417,    0.0854,    0.3281,    0.7038,    1.1822,    1.7362,    2.3417,    2.9775,    3.4710,    4.3167,    4.7248,    5.0228,    6.0460,    5.8887,    6.2547,    6.5309,    6.9594,    7.2433,    7.4066,    7.6183,    7.8275,    7.9747,    8.0503,    8.0745,    8.0799,    2.8320,    2.8142,    2.8145,    2.7861,    2.7929,    2.7937,    2.8057,    2.7897,    2.7891,    2.8087,    2.7992,    2.8172,    2.1657,    2.1629,    2.1617,    2.1509,    2.1443,    2.1444,    2.1256,    2.1143,    2.1022,    2.0889,    2.0710,    2.0531,    2.1385,    2.1087,    2.1144,    2.0571,    2.0424,    2.0398,    2.0211,    1.9845,    1.9668,    1.9377,    1.8967,    1.8784,    5.0827,    4.9579,    4.8221,    4.6949,    4.5896,    4.4622,    4.2364,    4.1120,    3.9884,    3.6702,    3.5580,    3.4321,    5.1510,    4.8453,    4.5753,    4.3242,    4.1615,    3.8711,    3.6234,    3.4068,    3.1814,    2.9687,    2.7522,    2.5595,    6.2657,    4.9665,    3.8939,    2.9505,    2.2800,    1.7322,    1.3220,    0.9778,    0.7415,    0.5650,    0.4524,    0.3326,    0.0024,    0.0000,    0.0110,    0.0204,    0.0233,    0.0212,    0.0378,    0.0420,    0.0374,    0.0515,    0.0455,    0.0499,    0.0601,    0.0488,    0.0702,    0.0764,    0.0606,    0.0321,    0.0027,    0.0071,    0.0524,    0.0719,    0.1170,    0.1226,    0.1522,    0.1628,    0.1686,    0.1791,    0.1831,    0.1865,    0.1616,    0.1457,    0.1270,    0.1550,    0.2211,    0.2259,    0.3978,    0.4345,    0.4551,    0.4598,    0.4489,    0.5662,    0.5456,    0.5790,    0.5312,    0.6049,    0.5718,    0.6080,    1.3179,    1.2833,    1.3361,    1.3570,    1.3654,    0.9396,    0.9727,    0.9976,    1.0178,    0.9459,    0.9328,    0.9687,    2.4487,    2.3332,    2.3071,    2.2376,    2.0672,    1.9391,    1.7026,    1.5668,    0.6800,    0.5961,    0.4580,    0.4255,    0.3281,    0.3018,    0.2302,    0.2199,    0.1483,    0.1077,    0.0871,    0.0350,    0.0309,    0.0220,    0.0076,    0.0062
