Particle       ,data/QEXT_96IR_84_VIS_RNC10_4_9umrod
Ncase          ,  14
dt (sols)      ,  0.020833
Qext 0.67um    ,  2.122963
Alb sfc        ,  0.220000
Conrath nu     ,  0.002000
Sun Flux (W/m2),148.393084
BWN IR (cm-1)  ,     10.0000,     34.1670,     58.3330,     82.5000,    106.6670,    130.8330,    155.0000,    179.1670,    203.3330,    227.5000,    251.6670,    275.8330,    300.0000,    320.7880,    341.5750,    362.3630,    383.1500,    403.9380,    424.7250,    445.5130,    466.3010,    487.0880,    507.8760,    528.6630,    549.4510,    556.7420,    564.0330,    571.3240,    578.6150,    585.9060,    593.1970,    600.4880,    607.7790,    615.0700,    622.3610,    629.6520,    636.9430,    642.5500,    648.1570,    653.7640,    659.3700,    664.9770,    670.5840,    676.1910,    681.7980,    687.4050,    693.0110,    698.6180,    704.2250,    710.1390,    716.0530,    721.9670,    727.8810,    733.7950,    739.7090,    745.6240,    751.5380,    757.4520,    763.3660,    769.2800,    775.1940,    791.5010,    807.8070,    824.1140,    840.4210,    856.7270,    873.0340,    889.3410,    905.6470,    921.9540,    938.2610,    954.5670,    970.8740,    996.8050,   1022.7370,   1048.6680,   1074.6000,   1100.5310,   1126.4630,   1152.3940,   1178.3250,   1204.2570,   1230.1880,   1256.1200,   1282.0510,   1360.3990,   1438.7460,   1517.0940,   1595.4410,   1673.7890,   1752.1370,   1830.4840,   1908.8320,   1987.1790,   2065.5270,   2143.8740,   2222.2220
BWN VIS (cm-1) ,   2222.2200,   2294.3160,   2366.4120,   2438.5080,   2510.6030,   2582.6990,   2654.7950,   2726.8910,   2798.9870,   2871.0820,   2943.1780,   3015.2740,   3087.3700,   3165.9750,   3244.5800,   3323.1850,   3401.7900,   3480.3950,   3559.0000,   3637.6050,   3716.2100,   3794.8150,   3873.4200,   3952.0250,   4030.6300,   4142.2920,   4253.9530,   4365.6150,   4477.2770,   4588.9380,   4700.6000,   4812.2620,   4923.9230,   5035.5850,   5147.2470,   5258.9080,   5370.5700,   5560.6150,   5750.6600,   5940.7050,   6130.7500,   6320.7950,   6510.8400,   6700.8850,   6890.9300,   7080.9750,   7271.0200,   7461.0650,   7651.1100,   8055.1840,   8459.2580,   8863.3330,   9267.4070,   9671.4810,  10075.5550,  10479.6290,  10883.7030,  11287.7780,  11691.8520,  12095.9260,  12500.0000,  13541.6670,  14583.3330,  15625.0000,  16666.6670,  17708.3330,  18750.0000,  19791.6670,  20833.3330,  21875.0000,  22916.6670,  23958.3330,  25000.0000,  26388.8890,  27777.7780,  29166.6670,  30555.5570,  31944.4460,  33333.3350,  34722.2240,  36111.1130,  37500.0030,  38888.8920,  40277.7810,  41666.6700
SUN VIS (W/m2) ,      0.1008,      0.0862,      0.0968,      0.1089,      0.1224,      0.1136,      0.1248,      0.1400,      0.1233,      0.1698,      0.1502,      0.1645,      0.1814,      0.1477,      0.2144,      0.2377,      0.1946,      0.2106,      0.2276,      0.2472,      0.2683,      0.1918,      0.3072,      0.3239,      0.3986,      0.4261,      0.4410,      0.4688,      0.4810,      0.5017,      0.5013,      0.5485,      0.5772,      0.5665,      0.6183,      0.6303,      1.0809,      1.1806,      1.2379,      1.2751,      1.2949,      1.4092,      1.3262,      1.4132,      1.3634,      1.4505,      1.3747,      1.4716,      3.1730,      3.1258,      3.2038,      3.2543,      3.2846,      3.1576,      3.2685,      3.3520,      3.4202,      3.1800,      3.1347,      3.2554,      8.2299,      7.8425,      7.7561,      7.5237,      6.9524,      6.5235,      5.7299,      5.2748,      5.0739,      4.4511,      3.4228,      3.1828,      2.4579,      2.2644,      1.7312,      1.6575,      1.1215,      0.8173,      0.6634,      0.2677,      0.2374,      0.1697,      0.0593,      0.0486
================
wavelenght [um],    0.244068,    0.252632,    0.261818,    0.271698,    0.282353,    0.293878,    0.306383,    0.320000,    0.334884,    0.351220,    0.369231,    0.389189,    0.408511,    0.426667,    0.446512,    0.468293,    0.492308,    0.518919,    0.548571,    0.581818,    0.619355,    0.662069,    0.711111,    0.768000,    0.813143,    0.840768,    0.870336,    0.902060,    0.936184,    0.972991,    1.012810,    1.056028,    1.103099,    1.154562,    1.211061,    1.273375,    1.323436,    1.357581,    1.393534,    1.431444,    1.471474,    1.513807,    1.558648,    1.606226,    1.656801,    1.710664,    1.768147,    1.829628,    1.881560,    1.921939,    1.964090,    2.008131,    2.054193,    2.102417,    2.152960,    2.205992,    2.261704,    2.320302,    2.382017,    2.447105,    2.505432,    2.555765,    2.608162,    2.662752,    2.719677,    2.779088,    2.841153,    2.906054,    2.973989,    3.045176,    3.119855,    3.198288,    3.277268,    3.356577,    3.439819,    3.527294,    3.619334,    3.716307,    3.818620,    3.926726,    4.041130,    4.162400,    4.291175,    4.428172,    4.580751,    4.751270,    4.934974,    5.133456,    5.348572,    5.582505,    5.837838,    6.117648,    6.425631,    6.766266,    7.145039,    7.568734,    7.879690,    8.044056,    8.215425,    8.394255,    8.581043,    8.776330,    8.980716,    9.194848,    9.419442,    9.655282,    9.903235,   10.164260,   10.387231,   10.566200,   10.751445,   10.943308,   11.142136,   11.348323,   11.562291,   11.784476,   12.015368,   12.255495,   12.505409,   12.765727,   12.949392,   13.049328,   13.150818,   13.253898,   13.358608,   13.464994,   13.573088,   13.682923,   13.794549,   13.908012,   14.023357,   14.140631,   14.256763,   14.371646,   14.488386,   14.607038,   14.727660,   14.850291,   14.974981,   15.101782,   15.230738,   15.361915,   15.495384,   15.631191,   15.790367,   15.974275,   16.162517,   16.355249,   16.552633,   16.754839,   16.962047,   17.174443,   17.392227,   17.615605,   17.844795,   18.080028,   18.550914,   19.294981,   20.101230,   20.977796,   21.934298,   22.982219,   24.135264,   25.410119,   26.827165,   28.411593,   30.194923,   32.217118,   34.732292,   37.914692,   41.739101,   46.421699,   52.287582,   59.850314,   69.970927,   84.210526,  105.726686,  142.012170,  216.216216,  452.826771
Qext           ,      1.9708,      1.9708,      1.9708,      1.9708,      1.9708,      1.9708,      1.9708,      1.9708,      1.9708,      1.9708,      1.9708,      1.9708,      1.9708,      1.9708,      1.9708,      1.9708,      2.1230,      2.1230,      2.1230,      2.1230,      2.1230,      2.1230,      2.1230,      2.1230,      2.1230,      2.1230,      2.1230,      2.1230,      2.1230,      2.1230,      2.1230,      1.5996,      1.5996,      1.5996,      1.5996,      1.5996,      1.5996,      1.5996,      1.5996,      1.5996,      1.5996,      1.5996,      1.5996,      1.7821,      1.7821,      1.7821,      1.7821,      1.7821,      1.7821,      1.7821,      1.7821,      1.7821,      1.7821,      1.7821,      2.2698,      2.2698,      2.2698,      2.2698,      2.2698,      2.2698,      2.2698,      2.2698,      2.2698,      2.2698,      2.3094,      2.3094,      2.3094,      2.3094,      2.3094,      2.3094,      2.3094,      2.3094,      2.6201,      2.6201,      2.6201,      2.6201,      2.6201,      2.6201,      2.8752,      2.8752,      2.8752,      2.8752,      2.8752,      3.2504,      3.2504,      3.2504,      3.4061,      3.4061,      3.4061,      3.2967,      3.2967,      4.3887,      4.3887,      4.9971,      5.0532,      5.0532,      3.9911,      3.9911,      3.7088,      3.7088,      3.7088,      4.4367,      4.4367,      4.4367,      5.7549,      5.7549,      6.2992,      6.2992,      5.8393,      5.8393,      5.8393,      5.1873,      5.1873,      5.1873,      5.6388,      5.6388,      4.8822,      4.8822,      4.8822,      4.7429,      4.7429,      4.7429,      5.0688,      5.0688,      5.0688,      5.0688,      5.0688,      5.4899,      5.4899,      5.4899,      5.4899,      5.4899,      6.2704,      6.2704,      6.2704,      6.2704,      7.1070,      7.1070,      7.1070,      7.1070,      7.1070,      7.3596,      7.3596,      7.3596,      7.3596,      7.4466,      7.4466,      7.4466,      8.0785,      8.0785,      8.1207,      8.1207,      8.1207,      8.0845,      8.0845,      8.7339,      9.3398,     10.6805,      8.5649,      6.4256,      6.2916,      6.9703,      5.7744,      4.1107,      4.4060,      5.9299,      6.6333,      8.5280,     17.7503,     17.5895,      4.9824,      3.0280,      5.0482,      7.6489,      7.6489,      7.6489,      7.6489,      7.6489,      7.6489,      7.6489
Qscat          ,      1.3512,      1.3512,      1.3512,      1.3512,      1.3512,      1.3512,      1.3512,      1.3512,      1.3512,      1.3512,      1.3512,      1.3512,      1.3512,      1.3512,      1.3512,      1.3512,      1.8338,      1.8338,      1.8338,      1.8338,      1.8338,      1.8338,      1.8338,      1.8338,      1.8338,      1.8338,      1.8338,      1.8338,      1.8338,      1.8338,      1.8338,      1.4667,      1.4667,      1.4667,      1.4667,      1.4667,      1.4667,      1.4667,      1.4667,      1.4667,      1.4667,      1.4667,      1.4667,      1.6574,      1.6574,      1.6574,      1.6574,      1.6574,      1.6574,      1.6574,      1.6574,      1.6574,      1.6574,      1.6574,      2.1058,      2.1058,      2.1058,      2.1058,      2.1058,      2.1058,      2.1058,      2.1058,      2.1058,      2.1058,      2.1512,      2.1512,      2.1512,      2.1512,      2.1512,      2.1512,      2.1512,      2.1512,      2.4543,      2.4543,      2.4543,      2.4543,      2.4543,      2.4543,      2.6269,      2.6269,      2.6269,      2.6269,      2.6269,      3.0221,      3.0221,      3.0221,      3.0808,      3.0808,      3.0808,      2.9835,      2.9835,      3.9994,      3.9994,      4.4580,      4.5922,      4.5922,      3.6089,      3.6089,      3.3911,      3.3911,      3.3911,      4.0280,      4.0280,      4.0280,      5.1338,      5.1338,      5.4507,      5.4507,      4.9666,      4.9666,      4.9666,      4.2880,      4.2880,      4.2880,      4.3202,      4.3202,      3.8363,      3.8363,      3.8363,      4.0451,      4.0451,      4.0451,      4.4432,      4.4432,      4.4432,      4.4432,      4.4432,      4.7969,      4.7969,      4.7969,      4.7969,      4.7969,      5.3681,      5.3681,      5.3681,      5.3681,      5.6965,      5.6965,      5.6965,      5.6965,      5.6965,      5.0534,      5.0534,      5.0534,      5.0534,      5.0996,      5.0996,      5.0996,      6.2010,      6.2010,      6.4573,      6.4573,      6.4573,      6.3943,      6.3943,      6.8538,      7.2949,      8.0156,      5.8625,      4.0125,      4.0955,      5.0189,      4.2299,      2.9821,      3.2453,      4.5382,      4.9697,      6.1988,     11.7865,      9.3404,      1.6391,      0.9612,      2.3294,      3.1361,      3.1361,      3.1361,      3.1361,      3.1361,      3.1361,      3.1361
G factor       ,      0.5350,      0.5350,      0.5350,      0.5350,      0.5350,      0.5350,      0.5350,      0.5350,      0.5350,      0.5350,      0.5350,      0.5350,      0.5350,      0.5350,      0.5350,      0.5350,      0.3920,      0.3920,      0.3920,      0.3920,      0.3920,      0.3920,      0.3920,      0.3920,      0.3920,      0.3920,      0.3920,      0.3920,      0.3920,      0.3920,      0.3920,      0.3170,      0.3170,      0.3170,      0.3170,      0.3170,      0.3170,      0.3170,      0.3170,      0.3170,      0.3170,      0.3170,      0.3170,      0.3380,      0.3380,      0.3380,      0.3380,      0.3380,      0.3380,      0.3380,      0.3380,      0.3380,      0.3380,      0.3380,      0.3140,      0.3140,      0.3140,      0.3140,      0.3140,      0.3140,      0.3140,      0.3140,      0.3140,      0.3140,      0.2460,      0.2460,      0.2460,      0.2460,      0.2460,      0.2460,      0.2460,      0.2460,      0.2020,      0.2020,      0.2020,      0.2020,      0.2020,      0.2020,      0.1780,      0.1780,      0.1780,      0.1780,      0.1780,      0.2390,      0.2390,      0.2390,      0.1600,      0.1600,      0.1600,      0.1880,      0.1880,      0.1700,      0.1700,      0.2020,      0.2050,      0.2050,      0.1340,      0.1340,      0.1650,      0.1650,      0.1650,      0.1840,      0.1840,      0.1840,      0.2250,      0.2250,      0.2350,      0.2350,      0.2080,      0.2080,      0.2080,      0.2170,      0.2170,      0.2170,      0.2540,      0.2540,      0.1160,      0.1160,      0.1160,      0.0840,      0.0840,      0.0840,      0.1040,      0.1040,      0.1040,      0.1040,      0.1040,      0.1260,      0.1260,      0.1260,      0.1260,      0.1260,      0.1360,      0.1360,      0.1360,      0.1360,      0.1580,      0.1580,      0.1580,      0.1580,      0.1580,      0.1830,      0.1830,      0.1830,      0.1830,      0.1210,      0.1210,      0.1210,      0.0980,      0.0980,      0.1070,      0.1070,      0.1070,      0.1160,      0.1160,      0.1190,      0.1170,      0.1210,      0.1430,      0.1440,      0.0570,     -0.0160,     -0.0480,     -0.0640,     -0.0430,     -0.0330,     -0.0380,     -0.0290,     -0.0150,     -0.0060,      0.0270,      0.0130,      0.0060,      0.0010,      0.0010,      0.0010,      0.0010,      0.0010,      0.0010,      0.0010
================
P [mbar]       ,    0.1004,    0.1015,    0.1034,    0.1069,    0.1130,    0.1239,    0.1432,    0.1740,    0.2226,    0.3028,    0.4349,    0.6529,    1.0121,    1.6044,    2.4646,    3.4606,    4.3994,    5.2226,    5.8426,    6.2132,    6.3980,    6.4686,    6.5039,    6.5168
Temp initial[K],  155.0000,  155.0000,  155.0000,  155.0000,  155.0000,  155.0000,  155.0000,  155.0000,  155.0000,  155.0000,  155.0000,  155.0000,  158.8233,  165.4041,  173.2716,  181.4436,  190.2788,  198.8130,  204.5783,  207.8249,  209.4219,  210.0497,  210.3719,  210.4891
================
it   ,   tau    ,  Tsfc    ,   alb    ,   OLR    ,    ASR   ,  NET top ,  NET bot , T lev  01, T lev  02, T lev  03, T lev  04, T lev  05, T lev  06, T lev  07, T lev  08, T lev  09, T lev  10, T lev  11, T lev  12, T lev  13, T lev  14, T lev  15, T lev  16, T lev  17, T lev  18, T lev  19, T lev  20, T lev  21, T lev  22, T lev  23, T lev  24, T lev  25,  OLR IR01,  OLR IR02,  OLR IR03,  OLR IR04,  OLR IR05,  OLR IR06,  OLR IR07,  OLR IR08,  OLR IR09,  OLR IR10,  OLR IR11,  OLR IR12,  OLR IR13,  OLR IR14,  OLR IR15,  OLR IR16,  OLR IR17,  OLR IR18,  OLR IR19,  OLR IR20,  OLR IR21,  OLR IR22,  OLR IR23,  OLR IR24,  OLR IR25,  OLR IR26,  OLR IR27,  OLR IR28,  OLR IR29,  OLR IR30,  OLR IR31,  OLR IR32,  OLR IR33,  OLR IR34,  OLR IR35,  OLR IR36,  OLR IR37,  OLR IR38,  OLR IR39,  OLR IR40,  OLR IR41,  OLR IR42,  OLR IR43,  OLR IR44,  OLR IR45,  OLR IR46,  OLR IR47,  OLR IR48,  OLR IR49,  OLR IR50,  OLR IR51,  OLR IR52,  OLR IR53,  OLR IR54,  OLR IR55,  OLR IR56,  OLR IR57,  OLR IR58,  OLR IR59,  OLR IR60,  OLR IR61,  OLR IR62,  OLR IR63,  OLR IR64,  OLR IR65,  OLR IR66,  OLR IR67,  OLR IR68,  OLR IR69,  OLR IR70,  OLR IR71,  OLR IR72,  OLR IR73,  OLR IR74,  OLR IR75,  OLR IR76,  OLR IR77,  OLR IR78,  OLR IR79,  OLR IR80,  OLR IR81,  OLR IR82,  OLR IR83,  OLR IR84,  OLR IR85,  OLR IR86,  OLR IR87,  OLR IR88,  OLR IR89,  OLR IR90,  OLR IR91,  OLR IR92,  OLR IR93,  OLR IR94,  OLR IR95,  OLR IR96, ASR VIS01, ASR VIS02, ASR VIS03, ASR VIS04, ASR VIS05, ASR VIS06, ASR VIS07, ASR VIS08, ASR VIS09, ASR VIS10, ASR VIS11, ASR VIS12, ASR VIS13, ASR VIS14, ASR VIS15, ASR VIS16, ASR VIS17, ASR VIS18, ASR VIS19, ASR VIS20, ASR VIS21, ASR VIS22, ASR VIS23, ASR VIS24, ASR VIS25, ASR VIS26, ASR VIS27, ASR VIS28, ASR VIS29, ASR VIS30, ASR VIS31, ASR VIS32, ASR VIS33, ASR VIS34, ASR VIS35, ASR VIS36, ASR VIS37, ASR VIS38, ASR VIS39, ASR VIS40, ASR VIS41, ASR VIS42, ASR VIS43, ASR VIS44, ASR VIS45, ASR VIS46, ASR VIS47, ASR VIS48, ASR VIS49, ASR VIS50, ASR VIS51, ASR VIS52, ASR VIS53, ASR VIS54, ASR VIS55, ASR VIS56, ASR VIS57, ASR VIS58, ASR VIS59, ASR VIS60, ASR VIS61, ASR VIS62, ASR VIS63, ASR VIS64, ASR VIS65, ASR VIS66, ASR VIS67, ASR VIS68, ASR VIS69, ASR VIS70, ASR VIS71, ASR VIS72, ASR VIS73, ASR VIS74, ASR VIS75, ASR VIS76, ASR VIS77, ASR VIS78, ASR VIS79, ASR VIS80, ASR VIS81, ASR VIS82, ASR VIS83, ASR VIS84, SFC DIR01, SFC DIR02, SFC DIR03, SFC DIR04, SFC DIR05, SFC DIR06, SFC DIR07, SFC DIR08, SFC DIR09, SFC DIR10, SFC DIR11, SFC DIR12, SFC DIR13, SFC DIR14, SFC DIR15, SFC DIR16, SFC DIR17, SFC DIR18, SFC DIR19, SFC DIR20, SFC DIR21, SFC DIR22, SFC DIR23, SFC DIR24, SFC DIR25, SFC DIR26, SFC DIR27, SFC DIR28, SFC DIR29, SFC DIR30, SFC DIR31, SFC DIR32, SFC DIR33, SFC DIR34, SFC DIR35, SFC DIR36, SFC DIR37, SFC DIR38, SFC DIR39, SFC DIR40, SFC DIR41, SFC DIR42, SFC DIR43, SFC DIR44, SFC DIR45, SFC DIR46, SFC DIR47, SFC DIR48, SFC DIR49, SFC DIR50, SFC DIR51, SFC DIR52, SFC DIR53, SFC DIR54, SFC DIR55, SFC DIR56, SFC DIR57, SFC DIR58, SFC DIR59, SFC DIR60, SFC DIR61, SFC DIR62, SFC DIR63, SFC DIR64, SFC DIR65, SFC DIR66, SFC DIR67, SFC DIR68, SFC DIR69, SFC DIR70, SFC DIR71, SFC DIR72, SFC DIR73, SFC DIR74, SFC DIR75, SFC DIR76, SFC DIR77, SFC DIR78, SFC DIR79, SFC DIR80, SFC DIR81, SFC DIR82, SFC DIR83, SFC DIR84, SFC DIR85, SFC DIR86, SFC DIR87, SFC DIR88, SFC DIR89, SFC DIR90, SFC DIR91, SFC DIR92, SFC DIR93, SFC DIR94, SFC DIR95, SFC DIR96,SFC DVIS01,SFC DVIS02,SFC DVIS03,SFC DVIS04,SFC DVIS05,SFC DVIS06,SFC DVIS07,SFC DVIS08,SFC DVIS09,SFC DVIS10,SFC DVIS11,SFC DVIS12,SFC DVIS13,SFC DVIS14,SFC DVIS15,SFC DVIS16,SFC DVIS17,SFC DVIS18,SFC DVIS19,SFC DVIS20,SFC DVIS21,SFC DVIS22,SFC DVIS23,SFC DVIS24,SFC DVIS25,SFC DVIS26,SFC DVIS27,SFC DVIS28,SFC DVIS29,SFC DVIS30,SFC DVIS31,SFC DVIS32,SFC DVIS33,SFC DVIS34,SFC DVIS35,SFC DVIS36,SFC DVIS37,SFC DVIS38,SFC DVIS39,SFC DVIS40,SFC DVIS41,SFC DVIS42,SFC DVIS43,SFC DVIS44,SFC DVIS45,SFC DVIS46,SFC DVIS47,SFC DVIS48,SFC DVIS49,SFC DVIS50,SFC DVIS51,SFC DVIS52,SFC DVIS53,SFC DVIS54,SFC DVIS55,SFC DVIS56,SFC DVIS57,SFC DVIS58,SFC DVIS59,SFC DVIS60,SFC DVIS61,SFC DVIS62,SFC DVIS63,SFC DVIS64,SFC DVIS65,SFC DVIS66,SFC DVIS67,SFC DVIS68,SFC DVIS69,SFC DVIS70,SFC DVIS71,SFC DVIS72,SFC DVIS73,SFC DVIS74,SFC DVIS75,SFC DVIS76,SFC DVIS77,SFC DVIS78,SFC DVIS79,SFC DVIS80,SFC DVIS81,SFC DVIS82,SFC DVIS83,SFC DVIS84
 1007,    0.0000,  218.8983,    0.2194,  117.0969,  115.8380,   -0.8625,   -0.7595,  158.4330,  155.0000,  155.0000,  155.0000,  155.0000,  155.0000,  155.0000,  155.0000,  155.0000,  155.0000,  155.0000,  155.0000,  155.0000,  158.8202,  165.3996,  173.2672,  181.4393,  190.2764,  198.8104,  204.5754,  207.8212,  209.4182,  210.0462,  210.3680,  210.4855,    0.0676,    0.2556,    0.5389,    0.8888,    1.2804,    1.6928,    2.1082,    2.5121,    2.8933,    3.2429,    3.5544,    3.8241,    3.4712,    3.6087,    3.7179,    3.7987,    3.8530,    3.8815,    3.8866,    3.8696,    3.8324,    3.7775,    3.7019,    3.5964,    1.2424,    1.2267,    1.2047,    1.1662,    1.1137,    1.0481,    0.8756,    0.8393,    0.7711,    0.6138,    0.5638,    0.3590,    0.1995,    0.1649,    0.1438,    0.1375,    0.1329,    0.1277,    0.1258,    0.1235,    0.1245,    0.1364,    0.1735,    0.2440,    0.3730,    0.4452,    0.3502,    0.5089,    0.4971,    0.5051,    0.5244,    0.6000,    0.6202,    0.6335,    0.6351,    0.6285,    1.6842,    1.6087,    1.5504,    1.4822,    1.4116,    1.3421,    1.2748,    1.2087,    1.1452,    1.0819,    1.0194,    0.9639,    1.4270,    1.3066,    1.1824,    1.0659,    0.9702,    0.8860,    0.8005,    0.7221,    0.6504,    0.5836,    0.5141,    0.4584,    1.1328,    0.8012,    0.5722,    0.3992,    0.2764,    0.1901,    0.1299,    0.0861,    0.0569,    0.0365,    0.0240,    0.0175,    0.0899,    0.0485,    0.0757,    0.0853,    0.0957,    0.0892,    0.0975,    0.1095,    0.0962,    0.1325,    0.1172,    0.1283,    0.1417,    0.1155,    0.1679,    0.1865,    0.1530,    0.1811,    0.2062,    0.2231,    0.2234,    0.1500,    0.2398,    0.2531,    0.3109,    0.3324,    0.3440,    0.3658,    0.3756,    0.3936,    0.3989,    0.4549,    0.4935,    0.4704,    0.4844,    0.4940,    0.8433,    0.9209,    0.9662,    0.9986,    1.0221,    1.1068,    1.0376,    1.1056,    1.0799,    1.1314,    1.0731,    1.1504,    2.4777,    2.4439,    2.4989,    2.5383,    2.5642,    2.4625,    2.5489,    2.6139,    2.6670,    2.4800,    2.4441,    2.5380,    6.4157,    6.1123,    6.0433,    5.8603,    5.4132,    5.0767,    4.4565,    4.0997,    3.9404,    3.4535,    2.6528,    2.4637,    1.8993,    1.7458,    1.3311,    1.2705,    0.8565,    0.6215,    0.5021,    0.2015,    0.1776,    0.1261,    0.0437,    0.0355,    0.0000,    0.0000,    0.0000,    0.0000,    0.0000,    0.0000,    0.0000,    0.0000,    0.0000,    0.0000,    0.0000,    0.0000,    0.0000,    0.0000,    0.0000,    0.0000,    0.0000,    0.0000,    0.0000,    0.0001,    0.0002,    0.0007,    0.0108,    0.0490,    0.0110,    0.0180,    0.0344,    0.0771,    0.1397,    0.2137,    0.4309,    0.4495,    0.5119,    0.6671,    0.7005,    0.8672,    0.6959,    0.7036,    0.7106,    0.6982,    0.6956,    0.7186,    0.6761,    0.6645,    0.6491,    0.6306,    0.6025,    0.5551,    0.4721,    0.3712,    0.4491,    0.2585,    0.2602,    0.2432,    0.2110,    0.1067,    0.0696,    0.0377,    0.0207,    0.0150,    0.0329,    0.0299,    0.0085,    0.0020,    0.0004,    0.0004,    0.0002,    0.0011,    0.0019,    0.0049,    0.0091,    0.0081,    0.0085,    0.0012,    0.0075,    0.0141,    0.0089,    0.0000,    0.0000,    0.0000,    0.0000,    0.0008,    0.0066,    0.0072,    0.0065,    0.0059,    0.0000,    0.0000,    0.0000,    0.0000,    0.0000,    0.0009,    0.0011,    0.0014,    0.0012,    0.0002,    0.0266,    0.0000,    0.0608,    0.1075,    0.1214,    0.1110,    0.1245,    0.1386,    0.1233,    0.1698,    0.1501,    0.1645,    0.1808,    0.1468,    0.2123,    0.2321,    0.1900,    0.1318,    0.0189,    0.0386,    0.1649,    0.1902,    0.3067,    0.3223,    0.3984,    0.4260,    0.4410,    0.4686,    0.4799,    0.4920,    0.4648,    0.4226,    0.3741,    0.4433,    0.6104,    0.6178,    1.0805,    1.1804,    1.2359,    1.2564,    1.2364,    1.3694,    1.3136,    1.3975,    1.2854,    1.4503,    1.3718,    1.4606,    3.1621,    3.0885,    3.2030,    3.2531,    3.2748,    3.1568,    3.2678,    3.3511,    3.4192,    3.1776,    3.1334,    3.2539,    8.2247,    7.8363,    7.7478,    7.5132,    6.9399,    6.5086,    5.7135,    5.2561,    5.0518,    4.4276,    3.4010,    3.1586,    2.4350,    2.2382,    1.7066,    1.6288,    1.0981,    0.7968,    0.6438,    0.2584,    0.2277,    0.1616,    0.0560,    0.0455
  696,    0.0500,  225.1969,    0.2293,  115.2042,  114.3664,   -0.4350,   -0.8789,  158.4330,  155.6613,  156.2439,  156.9879,  157.1934,  157.3628,  157.4012,  157.3980,  157.4597,  157.7414,  158.6718,  160.7122,  164.2435,  169.2862,  175.5594,  181.9590,  188.2974,  194.5792,  203.2974,  209.1676,  212.4663,  214.1153,  214.7718,  215.1125,  215.2380,    0.0632,    0.2389,    0.5033,    0.8296,    1.1945,    1.5785,    1.9650,    2.4249,    2.9022,    3.1598,    2.8525,    2.9986,    3.1213,    3.3603,    3.5170,    3.7160,    3.7979,    3.7070,    3.6432,    3.7122,    3.7017,    3.5178,    3.3198,    3.3101,    1.1583,    1.1576,    1.1374,    1.0992,    1.0509,    0.9925,    0.8379,    0.8088,    0.7569,    0.6179,    0.5793,    0.4097,    0.2477,    0.2085,    0.1765,    0.1679,    0.1593,    0.1449,    0.1521,    0.1515,    0.1578,    0.1763,    0.2139,    0.2713,    0.3869,    0.4559,    0.3670,    0.5203,    0.5084,    0.5164,    0.5354,    0.6136,    0.6349,    0.6512,    0.6574,    0.6517,    1.7513,    1.6731,    1.6180,    1.5512,    1.4754,    1.4064,    1.3519,    1.2851,    1.2205,    1.1424,    1.0789,    1.0232,    1.5136,    1.3928,    1.2795,    1.1576,    1.0823,    0.9947,    0.9028,    0.8290,    0.7502,    0.6761,    0.5934,    0.5320,    1.3065,    0.9370,    0.6780,    0.4850,    0.3406,    0.2431,    0.1685,    0.1127,    0.0756,    0.0492,    0.0330,    0.0245,    0.0885,    0.0483,    0.0738,    0.0824,    0.0924,    0.0861,    0.0942,    0.1059,    0.0930,    0.1280,    0.1133,    0.1241,    0.1378,    0.1123,    0.1633,    0.1815,    0.1490,    0.1776,    0.2044,    0.2207,    0.2200,    0.1464,    0.2340,    0.2470,    0.3034,    0.3243,    0.3356,    0.3569,    0.3665,    0.3843,    0.3922,    0.4477,    0.4864,    0.4628,    0.4755,    0.4849,    0.8275,    0.9036,    0.9482,    0.9802,    1.0038,    1.0889,    1.0206,    1.0876,    1.0626,    1.1127,    1.0554,    1.1315,    2.4368,    2.4039,    2.4574,    2.4963,    2.5218,    2.4254,    2.5104,    2.5744,    2.6267,    2.4425,    2.4072,    2.4997,    6.3189,    6.0201,    5.9522,    5.7720,    5.3316,    5.0003,    4.3895,    4.0381,    3.9495,    3.4615,    2.6590,    2.4695,    1.9038,    1.7501,    1.3345,    1.2737,    0.8588,    0.6233,    0.5036,    0.2022,    0.1782,    0.1265,    0.0439,    0.0357,    0.0151,    0.0567,    0.1185,    0.1935,    0.2759,    0.3609,    0.4446,    0.3561,    0.2650,    0.4611,    1.3409,    1.3893,    0.6990,    0.5837,    0.5399,    0.4266,    0.4107,    0.5538,    0.6403,    0.5629,    0.5405,    0.6714,    0.7985,    0.7320,    0.2335,    0.2249,    0.2387,    0.2795,    0.3359,    0.4004,    0.5970,    0.6073,    0.6560,    0.7970,    0.8204,    0.9680,    0.7713,    0.7806,    0.7904,    0.7763,    0.7749,    0.8062,    0.7545,    0.7418,    0.7247,    0.7045,    0.6742,    0.6286,    0.5564,    0.4575,    0.5328,    0.3433,    0.3435,    0.3260,    0.2931,    0.1872,    0.1493,    0.1144,    0.0921,    0.0849,    0.2180,    0.2045,    0.1737,    0.1589,    0.1503,    0.1427,    0.1306,    0.1250,    0.1196,    0.1306,    0.1285,    0.1208,    0.1823,    0.1593,    0.1434,    0.1383,    0.1029,    0.0841,    0.0761,    0.0597,    0.0540,    0.0496,    0.0552,    0.0508,    0.1292,    0.0940,    0.0616,    0.0404,    0.0283,    0.0147,    0.0102,    0.0084,    0.0063,    0.0051,    0.0035,    0.0016,    0.0244,    0.0000,    0.0574,    0.1018,    0.1150,    0.1052,    0.1189,    0.1323,    0.1177,    0.1621,    0.1433,    0.1571,    0.1737,    0.1410,    0.2039,    0.2229,    0.1822,    0.1247,    0.0172,    0.0358,    0.1579,    0.1833,    0.2956,    0.3106,    0.3840,    0.4106,    0.4251,    0.4517,    0.4625,    0.4740,    0.4504,    0.4095,    0.3622,    0.4298,    0.5929,    0.6004,    1.0506,    1.1477,    1.2016,    1.2210,    1.2011,    1.3328,    1.2789,    1.3604,    1.2511,    1.4123,    1.3358,    1.4221,    3.0791,    3.0068,    3.1191,    3.1679,    3.1889,    3.0436,    3.1506,    3.2310,    3.2966,    3.0637,    3.0211,    3.1372,    7.9298,    7.5553,    7.4700,    7.2439,    6.6911,    6.2753,    5.5087,    5.0677,    4.8397,    4.2416,    3.2581,    3.0258,    2.3326,    2.1441,    1.6347,    1.5602,    1.0519,    0.7633,    0.6166,    0.2475,    0.2181,    0.1548,    0.0537,    0.0436
  466,    0.1000,  229.7008,    0.2385,  112.4777,  113.0065,    0.9448,    0.2379,  158.4330,  156.9248,  157.6544,  158.4997,  159.4971,  159.8986,  160.2733,  160.5987,  160.9459,  161.5370,  162.7158,  164.9575,  168.5222,  173.5624,  179.8390,  186.4424,  193.0687,  199.3812,  207.3453,  213.3242,  216.6776,  218.3680,  219.0404,  219.3946,  219.5236,    0.0602,    0.2272,    0.4782,    0.7872,    1.1322,    1.4943,    1.8579,    2.3396,    2.8823,    3.0683,    2.5118,    2.5886,    2.8515,    3.1366,    3.3170,    3.5939,    3.6934,    3.5165,    3.4085,    3.5322,    3.5386,    3.2717,    3.0062,    3.0479,    1.0756,    1.0843,    1.0660,    1.0298,    0.9868,    0.9359,    0.8007,    0.7772,    0.7384,    0.6153,    0.5844,    0.4377,    0.2737,    0.2342,    0.2002,    0.1914,    0.1813,    0.1627,    0.1739,    0.1734,    0.1805,    0.1995,    0.2363,    0.2879,    0.3952,    0.4594,    0.3755,    0.5209,    0.5094,    0.5173,    0.5351,    0.6113,    0.6320,    0.6494,    0.6588,    0.6536,    1.7598,    1.6802,    1.6280,    1.5633,    1.4841,    1.4169,    1.3758,    1.3099,    1.2461,    1.1567,    1.0942,    1.0398,    1.5362,    1.4180,    1.3191,    1.1965,    1.1438,    1.0557,    0.9612,    0.8958,    0.8133,    0.7352,    0.6426,    0.5782,    1.4099,    1.0208,    0.7449,    0.5434,    0.3853,    0.2835,    0.1984,    0.1334,    0.0905,    0.0594,    0.0406,    0.0304,    0.0871,    0.0482,    0.0721,    0.0798,    0.0895,    0.0834,    0.0913,    0.1026,    0.0901,    0.1240,    0.1097,    0.1202,    0.1342,    0.1094,    0.1591,    0.1769,    0.1452,    0.1742,    0.2027,    0.2184,    0.2168,    0.1431,    0.2286,    0.2414,    0.2964,    0.3168,    0.3279,    0.3487,    0.3581,    0.3756,    0.3858,    0.4408,    0.4795,    0.4557,    0.4672,    0.4764,    0.8127,    0.8874,    0.9312,    0.9629,    0.9864,    1.0720,    1.0045,    1.0705,    1.0463,    1.0950,    1.0386,    1.1136,    2.3981,    2.3661,    2.4183,    2.4565,    2.4818,    2.3911,    2.4749,    2.5381,    2.5896,    2.4080,    2.3732,    2.4644,    6.2297,    5.9352,    5.8682,    5.6907,    5.2566,    4.9300,    4.3279,    3.9815,    3.9588,    3.4698,    2.6654,    2.4756,    1.9086,    1.7546,    1.3380,    1.2773,    0.8613,    0.6252,    0.5052,    0.2028,    0.1788,    0.1270,    0.0441,    0.0358,    0.0271,    0.1016,    0.2127,    0.3481,    0.4977,    0.6527,    0.8062,    0.6757,    0.5223,    0.8807,    2.1686,    2.2581,    1.2664,    1.0878,    1.0191,    0.8279,    0.8024,    1.0545,    1.2025,    1.0785,    1.0428,    1.2584,    1.4466,    1.3160,    0.4277,    0.4088,    0.4203,    0.4586,    0.5093,    0.5653,    0.7433,    0.7470,    0.7855,    0.9134,    0.9296,    1.0614,    0.8409,    0.8504,    0.8612,    0.8461,    0.8451,    0.8800,    0.8241,    0.8107,    0.7930,    0.7722,    0.7410,    0.6972,    0.6348,    0.5384,    0.6105,    0.4240,    0.4229,    0.4052,    0.3722,    0.2663,    0.2283,    0.1912,    0.1647,    0.1561,    0.4075,    0.3845,    0.3450,    0.3225,    0.3071,    0.2922,    0.2687,    0.2567,    0.2451,    0.2623,    0.2538,    0.2396,    0.3650,    0.3267,    0.2898,    0.2727,    0.2085,    0.1794,    0.1630,    0.1297,    0.1176,    0.1074,    0.1120,    0.1022,    0.2727,    0.1987,    0.1363,    0.0909,    0.0643,    0.0345,    0.0241,    0.0188,    0.0136,    0.0101,    0.0068,    0.0038,    0.0226,    0.0000,    0.0543,    0.0966,    0.1092,    0.0998,    0.1137,    0.1265,    0.1126,    0.1550,    0.1370,    0.1502,    0.1671,    0.1357,    0.1961,    0.2143,    0.1750,    0.1184,    0.0158,    0.0335,    0.1513,    0.1767,    0.2852,    0.2996,    0.3705,    0.3962,    0.4101,    0.4358,    0.4462,    0.4572,    0.4370,    0.3973,    0.3511,    0.4173,    0.5764,    0.5839,    1.0220,    1.1165,    1.1690,    1.1875,    1.1678,    1.2980,    1.2457,    1.3250,    1.2184,    1.3760,    1.3014,    1.3854,    2.9997,    2.9289,    3.0389,    3.0864,    3.1068,    2.9362,    3.0395,    3.1170,    3.1803,    2.9556,    2.9145,    3.0266,    7.6502,    7.2889,    7.2067,    6.9885,    6.4554,    6.0542,    5.3147,    4.8893,    4.6382,    4.0650,    3.1225,    2.8999,    2.2355,    2.0549,    1.5667,    1.4953,    1.0082,    0.7316,    0.5910,    0.2372,    0.2091,    0.1484,    0.0515,    0.0418
 1334,    0.1500,  234.2748,    0.2470,  111.1865,  111.7437,    0.9880,    0.2599,  158.4330,  158.3214,  159.0989,  159.9830,  161.0992,  161.6040,  162.0983,  162.5011,  163.0020,  163.7993,  165.1003,  167.4172,  171.1011,  176.3019,  182.9999,  190.2992,  197.7000,  204.4990,  212.0455,  218.1572,  221.5701,  223.3059,  223.9935,  224.3606,  224.4927,    0.0583,    0.2199,    0.4623,    0.7603,    1.0924,    1.4403,    1.7890,    2.2785,    2.8702,    3.0041,    2.3443,    2.3811,    2.6691,    2.9743,    3.1675,    3.4987,    3.6119,    3.3744,    3.2393,    3.4005,    3.4196,    3.0985,    2.7943,    2.8638,    1.0164,    1.0311,    1.0142,    0.9801,    0.9414,    0.8968,    0.7772,    0.7581,    0.7292,    0.6171,    0.5922,    0.4600,    0.2920,    0.2514,    0.2156,    0.2067,    0.1958,    0.1749,    0.1881,    0.1877,    0.1954,    0.2152,    0.2530,    0.3026,    0.4057,    0.4659,    0.3846,    0.5244,    0.5134,    0.5213,    0.5377,    0.6117,    0.6315,    0.6497,    0.6616,    0.6570,    1.7720,    1.6910,    1.6411,    1.5783,    1.4958,    1.4301,    1.4010,    1.3359,    1.2726,    1.1733,    1.1116,    1.0582,    1.5619,    1.4460,    1.3600,    1.2366,    1.2055,    1.1170,    1.0201,    0.9635,    0.8773,    0.7953,    0.6928,    0.6254,    1.5159,    1.1074,    0.8142,    0.6048,    0.4328,    0.3273,    0.2312,    0.1563,    0.1071,    0.0710,    0.0493,    0.0373,    0.0859,    0.0480,    0.0705,    0.0774,    0.0868,    0.0809,    0.0886,    0.0996,    0.0875,    0.1204,    0.1065,    0.1167,    0.1309,    0.1067,    0.1553,    0.1727,    0.1418,    0.1712,    0.2010,    0.2162,    0.2139,    0.1400,    0.2236,    0.2362,    0.2900,    0.3099,    0.3208,    0.3411,    0.3503,    0.3676,    0.3798,    0.4344,    0.4731,    0.4489,    0.4593,    0.4683,    0.7987,    0.8722,    0.9152,    0.9467,    0.9701,    1.0560,    0.9894,    1.0544,    1.0308,    1.0782,    1.0228,    1.0967,    2.3616,    2.3303,    2.3814,    2.4190,    2.4440,    2.3594,    2.4421,    2.5044,    2.5553,    2.3762,    2.3418,    2.4318,    6.1473,    5.8567,    5.7907,    5.6155,    5.1872,    4.8650,    4.2709,    3.9292,    3.9676,    3.4776,    2.6715,    2.4814,    1.9132,    1.7590,    1.3415,    1.2807,    0.8637,    0.6270,    0.5068,    0.2035,    0.1795,    0.1275,    0.0442,    0.0360,    0.0366,    0.1377,    0.2889,    0.4739,    0.6791,    0.8929,    1.1057,    0.9645,    0.7713,    1.2639,    2.7354,    2.8717,    1.7479,    1.5361,    1.4546,    1.2095,    1.1790,    1.5173,    1.7117,    1.5603,    1.5177,    1.7909,    2.0128,    1.8418,    0.6050,    0.5793,    0.5897,    0.6269,    0.6747,    0.7250,    0.8919,    0.8900,    0.9224,    1.0407,    1.0521,    1.1724,    0.9240,    0.9332,    0.9438,    0.9280,    0.9267,    0.9620,    0.9053,    0.8916,    0.8737,    0.8529,    0.8214,    0.7793,    0.7259,    0.6301,    0.6999,    0.5130,    0.5107,    0.4931,    0.4593,    0.3508,    0.3120,    0.2716,    0.2406,    0.2305,    0.6051,    0.5733,    0.5246,    0.4944,    0.4723,    0.4502,    0.4155,    0.3971,    0.3796,    0.4017,    0.3871,    0.3663,    0.5595,    0.5054,    0.4487,    0.4198,    0.3273,    0.2867,    0.2613,    0.2103,    0.1913,    0.1748,    0.1783,    0.1625,    0.4392,    0.3222,    0.2255,    0.1529,    0.1091,    0.0602,    0.0424,    0.0325,    0.0234,    0.0171,    0.0114,    0.0069,    0.0209,    0.0000,    0.0515,    0.0918,    0.1038,    0.0949,    0.1089,    0.1211,    0.1078,    0.1485,    0.1312,    0.1439,    0.1609,    0.1307,    0.1889,    0.2063,    0.1682,    0.1123,    0.0145,    0.0312,    0.1450,    0.1706,    0.2754,    0.2892,    0.3578,    0.3826,    0.3961,    0.4208,    0.4309,    0.4413,    0.4241,    0.3856,    0.3405,    0.4052,    0.5606,    0.5682,    0.9948,    1.0868,    1.1378,    1.1556,    1.1359,    1.2646,    1.2139,    1.2911,    1.1871,    1.3412,    1.2684,    1.3502,    2.9237,    2.8543,    2.9621,    3.0084,    3.0282,    2.8342,    2.9339,    3.0087,    3.0698,    2.8530,    2.8133,    2.9215,    7.3845,    7.0358,    6.9565,    6.7460,    6.2314,    5.8442,    5.1304,    4.7198,    4.4459,    3.8966,    2.9931,    2.7798,    2.1430,    1.9699,    1.5020,    1.4335,    0.9665,    0.7014,    0.5667,    0.2274,    0.2005,    0.1423,    0.0493,    0.0401
 1490,    0.2000,  238.2006,    0.2549,  110.0761,  110.5688,    0.9358,    0.0888,  158.4330,  159.4715,  160.2526,  161.1414,  162.2997,  162.8042,  163.3009,  163.8036,  164.4035,  165.2985,  166.7001,  169.1989,  173.0033,  178.5018,  185.6005,  193.7004,  201.9012,  209.1019,  216.3036,  222.5383,  226.0026,  227.7742,  228.4819,  228.8599,  228.9942,    0.0570,    0.2148,    0.4512,    0.7415,    1.0643,    1.4019,    1.7394,    2.2284,    2.8550,    2.9496,    2.2489,    2.2614,    2.5341,    2.8437,    3.0419,    3.4096,    3.5324,    3.2521,    3.1007,    3.2870,    3.3150,    2.9590,    2.6330,    2.7162,    0.9677,    0.9861,    0.9705,    0.9385,    0.9037,    0.8642,    0.7581,    0.7423,    0.7213,    0.6179,    0.5978,    0.4767,    0.3056,    0.2641,    0.2269,    0.2178,    0.2062,    0.1838,    0.1985,    0.1981,    0.2063,    0.2269,    0.2657,    0.3141,    0.4143,    0.4708,    0.3916,    0.5260,    0.5156,    0.5234,    0.5385,    0.6097,    0.6283,    0.6467,    0.6605,    0.6563,    1.7724,    1.6903,    1.6425,    1.5813,    1.4962,    1.4321,    1.4139,    1.3498,    1.2873,    1.1799,    1.1192,    1.0671,    1.5737,    1.4601,    1.3869,    1.2635,    1.2533,    1.1651,    1.0666,    1.0195,    0.9306,    0.8457,    0.7342,    0.6647,    1.6020,    1.1790,    0.8723,    0.6584,    0.4748,    0.3680,    0.2620,    0.1779,    0.1229,    0.0821,    0.0580,    0.0441,    0.0848,    0.0478,    0.0691,    0.0753,    0.0844,    0.0787,    0.0862,    0.0969,    0.0851,    0.1171,    0.1036,    0.1134,    0.1279,    0.1043,    0.1517,    0.1687,    0.1387,    0.1683,    0.1994,    0.2142,    0.2112,    0.1372,    0.2190,    0.2313,    0.2840,    0.3035,    0.3142,    0.3341,    0.3431,    0.3602,    0.3741,    0.4283,    0.4670,    0.4425,    0.4520,    0.4608,    0.7855,    0.8578,    0.9002,    0.9313,    0.9547,    1.0408,    0.9750,    1.0391,    1.0162,    1.0624,    1.0078,    1.0808,    2.3271,    2.2965,    2.3464,    2.3835,    2.4082,    2.3301,    2.4118,    2.4733,    2.5236,    2.3467,    2.3127,    2.4016,    6.0710,    5.7840,    5.7189,    5.5460,    5.1231,    4.8049,    4.2183,    3.8809,    3.9759,    3.4850,    2.6773,    2.4869,    1.9176,    1.7631,    1.3448,    1.2840,    0.8661,    0.6288,    0.5083,    0.2042,    0.1801,    0.1279,    0.0444,    0.0361,    0.0442,    0.1668,    0.3506,    0.5763,    0.8276,    1.0906,    1.3537,    1.2233,    1.0081,    1.6093,    3.1424,    3.3262,    2.1602,    1.9349,    1.8490,    1.5680,    1.5360,    1.9418,    2.1710,    2.0051,    1.9599,    2.2712,    2.5101,    2.3136,    0.7659,    0.7356,    0.7450,    0.7811,    0.8261,    0.8714,    1.0283,    1.0220,    1.0496,    1.1594,    1.1669,    1.2774,    1.0028,    1.0115,    1.0219,    1.0057,    1.0042,    1.0394,    0.9825,    0.9685,    0.9505,    0.9297,    0.8981,    0.8576,    0.8125,    0.7179,    0.7853,    0.5989,    0.5955,    0.5783,    0.5437,    0.4335,    0.3943,    0.3509,    0.3162,    0.3047,    0.8026,    0.7631,    0.7058,    0.6684,    0.6402,    0.6112,    0.5657,    0.5413,    0.5178,    0.5436,    0.5230,    0.4958,    0.7579,    0.6887,    0.6134,    0.5726,    0.4537,    0.4013,    0.3667,    0.2984,    0.2720,    0.2489,    0.2507,    0.2286,    0.6211,    0.4587,    0.3254,    0.2235,    0.1607,    0.0907,    0.0644,    0.0492,    0.0353,    0.0258,    0.0172,    0.0108,    0.0193,    0.0000,    0.0489,    0.0874,    0.0988,    0.0904,    0.1044,    0.1162,    0.1034,    0.1424,    0.1258,    0.1380,    0.1552,    0.1260,    0.1820,    0.1988,    0.1619,    0.1068,    0.0134,    0.0293,    0.1390,    0.1648,    0.2661,    0.2795,    0.3458,    0.3698,    0.3828,    0.4067,    0.4164,    0.4264,    0.4120,    0.3745,    0.3304,    0.3938,    0.5455,    0.5531,    0.9688,    1.0584,    1.1081,    1.1250,    1.1056,    1.2326,    1.1835,    1.2587,    1.1572,    1.3078,    1.2368,    1.3165,    2.8509,    2.7828,    2.8884,    2.9336,    2.9528,    2.7372,    2.8335,    2.9058,    2.9648,    2.7553,    2.7170,    2.8215,    7.1318,    6.7951,    6.7185,    6.5152,    6.0183,    5.6444,    4.9551,    4.5586,    4.2625,    3.7358,    2.8697,    2.6652,    2.0547,    1.8887,    1.4401,    1.3746,    0.9268,    0.6726,    0.5434,    0.2181,    0.1923,    0.1365,    0.0473,    0.0385
 1641,    0.3000,  244.8044,    0.2691,  107.9240,  108.4529,    0.9887,    0.2288,  158.4330,  160.8891,  161.7010,  162.5980,  163.7019,  164.2952,  164.8057,  165.4105,  166.1116,  167.1117,  168.8003,  171.5992,  175.8030,  181.9059,  190.1019,  199.6137,  209.0999,  217.0025,  223.8455,  230.3014,  233.8643,  235.6817,  236.4253,  236.8222,  236.9589,    0.0554,    0.2086,    0.4375,    0.7179,    1.0287,    1.3528,    1.6756,    2.1524,    2.8197,    2.8633,    2.1533,    2.1402,    2.3535,    2.6497,    2.8444,    3.2490,    3.3821,    3.0539,    2.8898,    3.1036,    3.1422,    2.7520,    2.4093,    2.4970,    0.8927,    0.9144,    0.9009,    0.8729,    0.8447,    0.8136,    0.7300,    0.7187,    0.7094,    0.6195,    0.6066,    0.5022,    0.3261,    0.2827,    0.2426,    0.2331,    0.2205,    0.1955,    0.2126,    0.2125,    0.2219,    0.2445,    0.2855,    0.3329,    0.4291,    0.4783,    0.4024,    0.5257,    0.5166,    0.5243,    0.5362,    0.6000,    0.6155,    0.6331,    0.6490,    0.6451,    1.7457,    1.6630,    1.6179,    1.5597,    1.4716,    1.4105,    1.4097,    1.3481,    1.2878,    1.1688,    1.1108,    1.0613,    1.5624,    1.4542,    1.4035,    1.2828,    1.3091,    1.2229,    1.1238,    1.0958,    1.0042,    0.9160,    0.7904,    0.7186,    1.7135,    1.2757,    0.9520,    0.7380,    0.5386,    0.4351,    0.3136,    0.2143,    0.1500,    0.1015,    0.0735,    0.0565,    0.0828,    0.0475,    0.0666,    0.0717,    0.0804,    0.0750,    0.0819,    0.0921,    0.0808,    0.1113,    0.0984,    0.1078,    0.1225,    0.0999,    0.1454,    0.1617,    0.1330,    0.1632,    0.1965,    0.2104,    0.2063,    0.1321,    0.2108,    0.2227,    0.2733,    0.2921,    0.3023,    0.3215,    0.3302,    0.3468,    0.3636,    0.4170,    0.4556,    0.4306,    0.4384,    0.4469,    0.7614,    0.8315,    0.8725,    0.9031,    0.9264,    1.0129,    0.9485,    1.0110,    0.9892,    1.0332,    0.9802,    1.0513,    2.2634,    2.2342,    2.2820,    2.3181,    2.3423,    2.2778,    2.3577,    2.4179,    2.4670,    2.2940,    2.2608,    2.3478,    5.9349,    5.6545,    5.5909,    5.4219,    5.0086,    4.6977,    4.1243,    3.7946,    3.9912,    3.4987,    2.6880,    2.4970,    1.9256,    1.7708,    1.3508,    1.2900,    0.8703,    0.6321,    0.5111,    0.2054,    0.1812,    0.1288,    0.0447,    0.0364,    0.0555,    0.2099,    0.4426,    0.7303,    1.0526,    1.3926,    1.7355,    1.6641,    1.4444,    2.2017,    3.6940,    3.9610,    2.8310,    2.6133,    2.5341,    2.2180,    2.1904,    2.6906,    2.9664,    2.7962,    2.7544,    3.1043,    3.3503,    3.1293,    1.0475,    1.0121,    1.0203,    1.0539,    1.0946,    1.1318,    1.2722,    1.2594,    1.2807,    1.3758,    1.3779,    1.4725,    1.1497,    1.1571,    1.1665,    1.1500,    1.1477,    1.1795,    1.1257,    1.1116,    1.0939,    1.0736,    1.0423,    1.0045,    0.9747,    0.8829,    0.9455,    0.7617,    0.7564,    0.7402,    0.7043,    0.5920,    0.5526,    0.5036,    0.4631,    0.4491,    1.1876,    1.1363,    1.0634,    1.0128,    0.9745,    0.9326,    0.8660,    0.8303,    0.7960,    0.8253,    0.7937,    0.7543,    1.1533,    1.0552,    0.9464,    0.8831,    0.7167,    0.6410,    0.5880,    0.4868,    0.4456,    0.4087,    0.4061,    0.3711,    1.0105,    0.7546,    0.5451,    0.3821,    0.2782,    0.1632,    0.1173,    0.0895,    0.0645,    0.0470,    0.0318,    0.0209,    0.0168,    0.0000,    0.0443,    0.0795,    0.0900,    0.0823,    0.0964,    0.1072,    0.0954,    0.1314,    0.1162,    0.1273,    0.1446,    0.1174,    0.1696,    0.1851,    0.1503,    0.0969,    0.0116,    0.0259,    0.1281,    0.1542,    0.2491,    0.2615,    0.3237,    0.3462,    0.3584,    0.3808,    0.3898,    0.3990,    0.3894,    0.3539,    0.3118,    0.3725,    0.5174,    0.5250,    0.9201,    1.0052,    1.0524,    1.0680,    1.0489,    1.1726,    1.1263,    1.1976,    1.1008,    1.2450,    1.1774,    1.2531,    2.7139,    2.6485,    2.7498,    2.7928,    2.8110,    2.5567,    2.6467,    2.7142,    2.7693,    2.5737,    2.5379,    2.6355,    6.6618,    6.3473,    6.2758,    6.0860,    5.6219,    5.2728,    4.6289,    4.2587,    3.9202,    3.4359,    2.6393,    2.4513,    1.8899,    1.7373,    1.3248,    1.2646,    0.8527,    0.6189,    0.5001,    0.2007,    0.1769,    0.1256,    0.0436,    0.0354
 1856,    0.4000,  250.3008,    0.2816,  106.1600,  106.6070,    0.9182,    0.1703,  158.4330,  161.7857,  162.6035,  163.5023,  164.6075,  165.1928,  165.7944,  166.4048,  167.2042,  168.3989,  170.2309,  173.3030,  178.0028,  184.8062,  194.0037,  204.8040,  215.2017,  223.6988,  230.4035,  236.7919,  240.4309,  242.2847,  243.0619,  243.4630,  243.6132,    0.0546,    0.2051,    0.4298,    0.7045,    1.0083,    1.3243,    1.6382,    2.1009,    2.7871,    2.8018,    2.1070,    2.0825,    2.2463,    2.5213,    2.7057,    3.1215,    3.2582,    2.9112,    2.7470,    2.9724,    3.0162,    2.6153,    2.2710,    2.3521,    0.8414,    0.8637,    0.8516,    0.8269,    0.8034,    0.7780,    0.7105,    0.7019,    0.7007,    0.6200,    0.6120,    0.5199,    0.3409,    0.2962,    0.2537,    0.2439,    0.2304,    0.2033,    0.2225,    0.2227,    0.2334,    0.2576,    0.3001,    0.3463,    0.4399,    0.4830,    0.4099,    0.5234,    0.5154,    0.5231,    0.5321,    0.5886,    0.6011,    0.6172,    0.6339,    0.6302,    1.7074,    1.6256,    1.5821,    1.5263,    1.4369,    1.3784,    1.3898,    1.3305,    1.2724,    1.1462,    1.0908,    1.0436,    1.5338,    1.4304,    1.3980,    1.2808,    1.3371,    1.2535,    1.1552,    1.1450,    1.0524,    0.9629,    0.8262,    0.7537,    1.7803,    1.3370,    1.0035,    0.7954,    0.5859,    0.4898,    0.3564,    0.2447,    0.1730,    0.1182,    0.0876,    0.0679,    0.0811,    0.0473,    0.0646,    0.0687,    0.0770,    0.0719,    0.0783,    0.0881,    0.0773,    0.1063,    0.0941,    0.1030,    0.1179,    0.0961,    0.1399,    0.1557,    0.1282,    0.1587,    0.1937,    0.2070,    0.2020,    0.1276,    0.2036,    0.2152,    0.2640,    0.2821,    0.2920,    0.3105,    0.3190,    0.3353,    0.3542,    0.4068,    0.4453,    0.4200,    0.4262,    0.4344,    0.7398,    0.8079,    0.8478,    0.8779,    0.9010,    0.9877,    0.9247,    0.9858,    0.9649,    1.0070,    0.9554,    1.0248,    2.2062,    2.1781,    2.2241,    2.2593,    2.2830,    2.2328,    2.3111,    2.3701,    2.4182,    2.2487,    2.2162,    2.3014,    5.8177,    5.5429,    5.4807,    5.3151,    4.9101,    4.6054,    4.0434,    3.7203,    4.0049,    3.5109,    2.6976,    2.5061,    1.9328,    1.7776,    1.3562,    1.2954,    0.8742,    0.6350,    0.5136,    0.2064,    0.1822,    0.1296,    0.0450,    0.0367,    0.0631,    0.2393,    0.5061,    0.8376,    1.2112,    1.6077,    2.0106,    2.0208,    1.8314,    2.6838,    4.0649,    4.3954,    3.3557,    3.1716,    3.1115,    2.7912,    2.7745,    3.3324,    3.6350,    3.4777,    3.4453,    3.8056,    4.0433,    3.8190,    1.2887,    1.2515,    1.2588,    1.2899,    1.3268,    1.3575,    1.4834,    1.4664,    1.4832,    1.5659,    1.5640,    1.6455,    1.2799,    1.2860,    1.2943,    1.2779,    1.2749,    1.3033,    1.2529,    1.2387,    1.2215,    1.2018,    1.1713,    1.1362,    1.1205,    1.0325,    1.0900,    0.9114,    0.9045,    0.8897,    0.8528,    0.7405,    0.7014,    0.6479,    0.6034,    0.5873,    1.5565,    1.4971,    1.4108,    1.3488,    1.3025,    1.2492,    1.1623,    1.1164,    1.0722,    1.1016,    1.0600,    1.0093,    1.5427,    1.4182,    1.2792,    1.1950,    0.9873,    0.8887,    0.8179,    0.6862,    0.6302,    0.5796,    0.5712,    0.5233,    1.4238,    1.0731,    0.7851,    0.5590,    0.4110,    0.2486,    0.1805,    0.1379,    0.1001,    0.0732,    0.0501,    0.0337,    0.0147,    0.0000,    0.0404,    0.0727,    0.0823,    0.0752,    0.0893,    0.0994,    0.0884,    0.1218,    0.1077,    0.1180,    0.1352,    0.1098,    0.1585,    0.1729,    0.1401,    0.0885,    0.0102,    0.0231,    0.1184,    0.1446,    0.2338,    0.2454,    0.3039,    0.3250,    0.3365,    0.3575,    0.3659,    0.3743,    0.3689,    0.3352,    0.2949,    0.3531,    0.4917,    0.4993,    0.8755,    0.9564,    1.0013,    1.0157,    0.9970,    1.1173,    1.0735,    1.1413,    1.0489,    1.1870,    1.1225,    1.1945,    2.5873,    2.5244,    2.6217,    2.6627,    2.6800,    2.3923,    2.4766,    2.5397,    2.5913,    2.4083,    2.3748,    2.4661,    6.2336,    5.9394,    5.8726,    5.6950,    5.2608,    4.9342,    4.3318,    3.9854,    3.6078,    3.1622,    2.4292,    2.2562,    1.7395,    1.5992,    1.2195,    1.1641,    0.7850,    0.5698,    0.4605,    0.1849,    0.1630,    0.1157,    0.0401,    0.0326
 1908,    0.5000,  254.8357,    0.2925,  104.4848,  104.9890,    0.9837,    0.4303,  158.4330,  162.3772,  163.2030,  164.1051,  165.2047,  165.7312,  166.3520,  167.0985,  167.9261,  169.2112,  171.3366,  174.7682,  179.9798,  187.4497,  197.6008,  209.4003,  220.4013,  229.2991,  236.2995,  242.1813,  245.8987,  247.7820,  248.5602,  248.9796,  249.1293,    0.0540,    0.2030,    0.4250,    0.6960,    0.9954,    1.3061,    1.6142,    2.0642,    2.7571,    2.7561,    2.0799,    2.0494,    2.1783,    2.4327,    2.6051,    3.0185,    3.1551,    2.8052,    2.6464,    2.8754,    2.9216,    2.5209,    2.1805,    2.2518,    0.8048,    0.8266,    0.8156,    0.7933,    0.7734,    0.7521,    0.6967,    0.6895,    0.6942,    0.6205,    0.6160,    0.5335,    0.3526,    0.3071,    0.2626,    0.2526,    0.2383,    0.2092,    0.2304,    0.2309,    0.2428,    0.2685,    0.3121,    0.3572,    0.4485,    0.4863,    0.4157,    0.5201,    0.5130,    0.5209,    0.5270,    0.5765,    0.5861,    0.6001,    0.6169,    0.6132,    1.6620,    1.5826,    1.5398,    1.4859,    1.3969,    1.3405,    1.3593,    1.3022,    1.2463,    1.1159,    1.0630,    1.0178,    1.4936,    1.3942,    1.3756,    1.2627,    1.3419,    1.2609,    1.1644,    1.1697,    1.0775,    0.9880,    0.8437,    0.7716,    1.8069,    1.3657,    1.0287,    0.8304,    0.6159,    0.5299,    0.3884,    0.2676,    0.1907,    0.1314,    0.0992,    0.0773,    0.0796,    0.0471,    0.0628,    0.0662,    0.0742,    0.0693,    0.0752,    0.0847,    0.0742,    0.1022,    0.0904,    0.0990,    0.1139,    0.0928,    0.1352,    0.1505,    0.1240,    0.1548,    0.1912,    0.2039,    0.1981,    0.1238,    0.1974,    0.2086,    0.2559,    0.2735,    0.2831,    0.3010,    0.3092,    0.3252,    0.3458,    0.3975,    0.4359,    0.4103,    0.4153,    0.4233,    0.7205,    0.7868,    0.8256,    0.8552,    0.8783,    0.9651,    0.9032,    0.9630,    0.9430,    0.9834,    0.9330,    1.0010,    2.1546,    2.1276,    2.1719,    2.2063,    2.2296,    2.1939,    2.2708,    2.3288,    2.3761,    2.2095,    2.1776,    2.2613,    5.7165,    5.4464,    5.3854,    5.2228,    4.8249,    4.5256,    3.9734,    3.6561,    4.0171,    3.5217,    2.7060,    2.5141,    1.9391,    1.7837,    1.3611,    1.3003,    0.8776,    0.6376,    0.5159,    0.2074,    0.1831,    0.1303,    0.0453,    0.0369,    0.0684,    0.2600,    0.5513,    0.9148,    1.3264,    1.7654,    2.2142,    2.3103,    2.1717,    3.0769,    4.3404,    4.7180,    3.7735,    3.6348,    3.6006,    3.2949,    3.2927,    3.8832,    4.1998,    4.0638,    4.0438,    4.3985,    4.6215,    4.4056,    1.4958,    1.4587,    1.4653,    1.4937,    1.5270,    1.5523,    1.6647,    1.6452,    1.6586,    1.7302,    1.7257,    1.7960,    1.3931,    1.3979,    1.4051,    1.3890,    1.3853,    1.4101,    1.3635,    1.3494,    1.3327,    1.3137,    1.2843,    1.2517,    1.2487,    1.1653,    1.2174,    1.0462,    1.0381,    1.0244,    0.9870,    0.8763,    0.8383,    0.7810,    0.7340,    0.7163,    1.9016,    1.8378,    1.7400,    1.6683,    1.6162,    1.5527,    1.4464,    1.3913,    1.3381,    1.3650,    1.3143,    1.2535,    1.9151,    1.7665,    1.6001,    1.4967,    1.2536,    1.1333,    1.0455,    0.8867,    0.8163,    0.7524,    0.7376,    0.6771,    1.8395,    1.3966,    1.0320,    0.7436,    0.5508,    0.3416,    0.2499,    0.1913,    0.1396,    0.1026,    0.0710,    0.0486,    0.0130,    0.0000,    0.0369,    0.0667,    0.0756,    0.0691,    0.0831,    0.0924,    0.0823,    0.1133,    0.1001,    0.1098,    0.1267,    0.1029,    0.1485,    0.1620,    0.1310,    0.0812,    0.0090,    0.0208,    0.1098,    0.1360,    0.2200,    0.2309,    0.2860,    0.3058,    0.3166,    0.3364,    0.3443,    0.3521,    0.3502,    0.3181,    0.2796,    0.3354,    0.4681,    0.4756,    0.8343,    0.9113,    0.9542,    0.9676,    0.9493,    1.0661,    1.0246,    1.0891,    1.0008,    1.1332,    1.0716,    1.1402,    2.4700,    2.4094,    2.5029,    2.5420,    2.5585,    2.2420,    2.3210,    2.3802,    2.4285,    2.2570,    2.2256,    2.3112,    5.8420,    5.5663,    5.5037,    5.3374,    4.9305,    4.6244,    4.0599,    3.7354,    3.3226,    2.9122,    2.2372,    2.0779,    1.6021,    1.4729,    1.1233,    1.0724,    0.7232,    0.5250,    0.4243,    0.1703,    0.1502,    0.1067,    0.0370,    0.0301
 2067,    0.7500,  263.7026,    0.3144,  101.2449,  101.7315,    0.9802,    0.4801,  158.4330,  163.2851,  164.1131,  165.0288,  166.0960,  166.6077,  167.2943,  168.1012,  169.2055,  170.9043,  173.6033,  177.8067,  184.2024,  193.2986,  205.3996,  218.9003,  231.0797,  240.4831,  247.6256,  252.7096,  256.5052,  258.4190,  259.2102,  259.6494,  259.8137,    0.0533,    0.2001,    0.4185,    0.6845,    0.9776,    1.2810,    1.5809,    2.0100,    2.7009,    2.6845,    2.0435,    2.0063,    2.0900,    2.3097,    2.4583,    2.8500,    2.9807,    2.6462,    2.5024,    2.7289,    2.7757,    2.3865,    2.0584,    2.1106,    0.7521,    0.7714,    0.7619,    0.7434,    0.7286,    0.7129,    0.6753,    0.6697,    0.6831,    0.6208,    0.6212,    0.5561,    0.3742,    0.3283,    0.2804,    0.2702,    0.2541,    0.2203,    0.2463,    0.2475,    0.2622,    0.2902,    0.3343,    0.3756,    0.4623,    0.4903,    0.4253,    0.5117,    0.5061,    0.5144,    0.5153,    0.5511,    0.5554,    0.5642,    0.5803,    0.5761,    1.5613,    1.4901,    1.4474,    1.3964,    1.3110,    1.2581,    1.2835,    1.2307,    1.1789,    1.0452,    0.9969,    0.9552,    1.3971,    1.3047,    1.3061,    1.2027,    1.3175,    1.2414,    1.1503,    1.1843,    1.0951,    1.0082,    0.8527,    0.7831,    1.8020,    1.3764,    1.0412,    0.8701,    0.6529,    0.5943,    0.4413,    0.3055,    0.2210,    0.1546,    0.1214,    0.0953,    0.0764,    0.0465,    0.0595,    0.0617,    0.0690,    0.0645,    0.0693,    0.0780,    0.0684,    0.0941,    0.0832,    0.0912,    0.1059,    0.0863,    0.1258,    0.1401,    0.1157,    0.1467,    0.1856,    0.1971,    0.1900,    0.1160,    0.1849,    0.1955,    0.2397,    0.2561,    0.2651,    0.2819,    0.2897,    0.3050,    0.3280,    0.3780,    0.4157,    0.3898,    0.3925,    0.3999,    0.6800,    0.7426,    0.7793,    0.8078,    0.8305,    0.9172,    0.8580,    0.9150,    0.8967,    0.9337,    0.8859,    0.9507,    2.0459,    2.0211,    2.0621,    2.0947,    2.1171,    2.1175,    2.1918,    2.2477,    2.2934,    2.1326,    2.1018,    2.1826,    5.5176,    5.2571,    5.1983,    5.0416,    4.6576,    4.3690,    3.8362,    3.5300,    4.0418,    3.5437,    2.7233,    2.5304,    1.9521,    1.7960,    1.3709,    1.3101,    0.8846,    0.6430,    0.5205,    0.2094,    0.1850,    0.1317,    0.0458,    0.0374,    0.0764,    0.2914,    0.6206,    1.0348,    1.5079,    2.0175,    2.5439,    2.8279,    2.8493,    3.7838,    4.8251,    5.2814,    4.5185,    4.5057,    4.5472,    4.3182,    4.3598,    4.9677,    5.2893,    5.2149,    5.2277,    5.5434,    5.7291,    5.5563,    1.9072,    1.8741,    1.8792,    1.9005,    1.9255,    1.9407,    2.0248,    2.0030,    2.0105,    2.0624,    2.0533,    2.1047,    1.6266,    1.6293,    1.6344,    1.6195,    1.6147,    1.6317,    1.5935,    1.5798,    1.5642,    1.5466,    1.5193,    1.4905,    1.5120,    1.4402,    1.4814,    1.3307,    1.3200,    1.3082,    1.2711,    1.1684,    1.1339,    1.0720,    1.0235,    1.0034,    2.6741,    2.6070,    2.4887,    2.3980,    2.3366,    2.2527,    2.1047,    2.0302,    1.9577,    1.9722,    1.9023,    1.8204,    2.7793,    2.5805,    2.3543,    2.2083,    1.8933,    1.7254,    1.5991,    1.3827,    1.2791,    1.1839,    1.1513,    1.0612,    2.8743,    2.2133,    1.6664,    1.2253,    0.9207,    0.5980,    0.4438,    0.3413,    0.2522,    0.1873,    0.1324,    0.0930,    0.0098,    0.0000,    0.0300,    0.0546,    0.0619,    0.0565,    0.0702,    0.0780,    0.0695,    0.0957,    0.0846,    0.0927,    0.1089,    0.0885,    0.1275,    0.1390,    0.1119,    0.0667,    0.0068,    0.0164,    0.0922,    0.1176,    0.1906,    0.1999,    0.2477,    0.2650,    0.2743,    0.2914,    0.2982,    0.3046,    0.3098,    0.2812,    0.2465,    0.2970,    0.4164,    0.4237,    0.7440,    0.8126,    0.8510,    0.8621,    0.8450,    0.9530,    0.9165,    0.9739,    0.8946,    1.0143,    0.9590,    1.0203,    2.2105,    2.1554,    2.2403,    2.2753,    2.2899,    1.9170,    1.9846,    2.0352,    2.0766,    1.9299,    1.9031,    1.9762,    4.9954,    4.7598,    4.7064,    4.5642,    4.2164,    3.9548,    3.4721,    3.1947,    2.7114,    2.3766,    1.8258,    1.6960,    1.3077,    1.2024,    0.9171,    0.8756,    0.5906,    0.4288,    0.3466,    0.1392,    0.1228,    0.0872,    0.0303,    0.0246
 2244,    1.0000,  270.2026,    0.3308,   98.8313,   99.3090,    0.9818,    0.6125,  158.4330,  163.8223,  164.6961,  165.6092,  166.5990,  167.1558,  167.8165,  168.7991,  170.2028,  172.1999,  175.5050,  180.6002,  188.0961,  198.4502,  211.9551,  226.6060,  239.4013,  248.9668,  256.1041,  260.9134,  264.1024,  266.0253,  266.8511,  267.2773,  267.4348,    0.0530,    0.1986,    0.4152,    0.6786,    0.9685,    1.2682,    1.5639,    1.9812,    2.6636,    2.6442,    2.0252,    1.9848,    2.0487,    2.2509,    2.3856,    2.7563,    2.8803,    2.5645,    2.4306,    2.6516,    2.6969,    2.3188,    1.9995,    2.0411,    0.7257,    0.7432,    0.7345,    0.7177,    0.7053,    0.6921,    0.6634,    0.6582,    0.6763,    0.6209,    0.6236,    0.5702,    0.3893,    0.3440,    0.2946,    0.2846,    0.2671,    0.2290,    0.2594,    0.2612,    0.2780,    0.3069,    0.3500,    0.3874,    0.4703,    0.4917,    0.4314,    0.5049,    0.5003,    0.5088,    0.5065,    0.5328,    0.5339,    0.5383,    0.5532,    0.5486,    1.4849,    1.4228,    1.3794,    1.3298,    1.2492,    1.1982,    1.2217,    1.1716,    1.1224,    0.9899,    0.9448,    0.9049,    1.3203,    1.2316,    1.2395,    1.1436,    1.2719,    1.1984,    1.1123,    1.1626,    1.0773,    0.9942,    0.8356,    0.7691,    1.7479,    1.3423,    1.0162,    0.8681,    0.6558,    0.6211,    0.4649,    0.3227,    0.2357,    0.1666,    0.1349,    0.1063,    0.0739,    0.0461,    0.0572,    0.0586,    0.0656,    0.0613,    0.0651,    0.0733,    0.0642,    0.0884,    0.0782,    0.0856,    0.1001,    0.0816,    0.1189,    0.1325,    0.1095,    0.1405,    0.1808,    0.1915,    0.1837,    0.1103,    0.1757,    0.1857,    0.2277,    0.2433,    0.2518,    0.2678,    0.2752,    0.2899,    0.3139,    0.3623,    0.3993,    0.3734,    0.3746,    0.3816,    0.6483,    0.7080,    0.7430,    0.7707,    0.7930,    0.8793,    0.8223,    0.8770,    0.8599,    0.8944,    0.8487,    0.9110,    1.9602,    1.9370,    1.9754,    2.0066,    2.0282,    2.0629,    2.1353,    2.1898,    2.2343,    2.0777,    2.0477,    2.1264,    5.3756,    5.1219,    5.0647,    4.9121,    4.5382,    4.2571,    3.7381,    3.4400,    4.0598,    3.5598,    2.7359,    2.5425,    1.9617,    1.8052,    1.3782,    1.3174,    0.8898,    0.6470,    0.5239,    0.2108,    0.1864,    0.1328,    0.0462,    0.0377,    0.0807,    0.3090,    0.6601,    1.1041,    1.6143,    2.1674,    2.7428,    3.1593,    3.3374,    4.2422,    5.1563,    5.6640,    5.0060,    5.1029,    5.2180,    5.0848,    5.1720,    5.7523,    6.0618,    6.0453,    6.0882,    6.3609,    6.5189,    6.3936,    2.2101,    2.1828,    2.1866,    2.2021,    2.2202,    2.2291,    2.2916,    2.2704,    2.2740,    2.3124,    2.3010,    2.3390,    1.8040,    1.8051,    1.8086,    1.7948,    1.7893,    1.8011,    1.7689,    1.7557,    1.7410,    1.7245,    1.6993,    1.6736,    1.7139,    1.6527,    1.6849,    1.5554,    1.5429,    1.5317,    1.4962,    1.4041,    1.3732,    1.3115,    1.2651,    1.2441,    3.3268,    3.2614,    3.1312,    3.0271,    2.9600,    2.8612,    2.6826,    2.5928,    2.5050,    2.5030,    2.4176,    2.3198,    3.5409,    3.3034,    3.0274,    2.8460,    2.4763,    2.2695,    2.1103,    1.8481,    1.7152,    1.5924,    1.5417,    1.4255,    3.8543,    2.9978,    2.2881,    1.7033,    1.2926,    0.8663,    0.6493,    0.5015,    0.3738,    0.2798,    0.2008,    0.1432,    0.0076,    0.0000,    0.0247,    0.0452,    0.0513,    0.0469,    0.0600,    0.0668,    0.0595,    0.0819,    0.0724,    0.0794,    0.0946,    0.0768,    0.1107,    0.1206,    0.0967,    0.0557,    0.0054,    0.0133,    0.0787,    0.1027,    0.1666,    0.1747,    0.2166,    0.2317,    0.2399,    0.2548,    0.2607,    0.2661,    0.2763,    0.2505,    0.2192,    0.2650,    0.3732,    0.3801,    0.6680,    0.7296,    0.7641,    0.7736,    0.7575,    0.8572,    0.8248,    0.8762,    0.8046,    0.9133,    0.8634,    0.9184,    1.9902,    1.9399,    2.0172,    2.0487,    2.0617,    1.6496,    1.7078,    1.7514,    1.7869,    1.6607,    1.6377,    1.7006,    4.2988,    4.0960,    4.0501,    3.9278,    3.6286,    3.4035,    2.9883,    2.7496,    2.2200,    1.9460,    1.4951,    1.3888,    1.0709,    0.9847,    0.7511,    0.7173,    0.4838,    0.3513,    0.2840,    0.1141,    0.1006,    0.0715,    0.0248,    0.0202
 2433,    1.2500,  275.1964,    0.3431,   97.0094,   97.4718,    0.9749,    0.9482,  158.4330,  164.2261,  165.1060,  166.0212,  166.9915,  167.5060,  168.2986,  169.4039,  171.0056,  173.4021,  177.2978,  183.1077,  191.6012,  203.1010,  217.6964,  233.0646,  246.1017,  255.6975,  262.5969,  267.1909,  269.8909,  271.8143,  272.6006,  273.0638,  273.2236,    0.0527,    0.1978,    0.4133,    0.6752,    0.9633,    1.2608,    1.5541,    1.9642,    2.6385,    2.6199,    2.0147,    1.9725,    2.0260,    2.2189,    2.3457,    2.7016,    2.8204,    2.5184,    2.3904,    2.6067,    2.6507,    2.2805,    1.9667,    2.0025,    0.7110,    0.7273,    0.7189,    0.7031,    0.6918,    0.6800,    0.6565,    0.6512,    0.6723,    0.6216,    0.6255,    0.5807,    0.4009,    0.3567,    0.3063,    0.2968,    0.2780,    0.2364,    0.2707,    0.2728,    0.2914,    0.3206,    0.3623,    0.3962,    0.4758,    0.4924,    0.4361,    0.4999,    0.4957,    0.5045,    0.5001,    0.5198,    0.5189,    0.5201,    0.5342,    0.5292,    1.4305,    1.3765,    1.3322,    1.2833,    1.2070,    1.1572,    1.1761,    1.1277,    1.0803,    0.9502,    0.9071,    0.8683,    1.2645,    1.1780,    1.1857,    1.0951,    1.2247,    1.1522,    1.0701,    1.1278,    1.0462,    0.9669,    0.8098,    0.7462,    1.6819,    1.2947,    0.9797,    0.8475,    0.6425,    0.6256,    0.4706,    0.3271,    0.2404,    0.1712,    0.1419,    0.1119,    0.0718,    0.0457,    0.0554,    0.0565,    0.0632,    0.0591,    0.0620,    0.0699,    0.0612,    0.0842,    0.0745,    0.0816,    0.0957,    0.0780,    0.1138,    0.1268,    0.1049,    0.1356,    0.1766,    0.1867,    0.1785,    0.1059,    0.1687,    0.1784,    0.2186,    0.2336,    0.2418,    0.2572,    0.2643,    0.2786,    0.3026,    0.3495,    0.3858,    0.3600,    0.3603,    0.3670,    0.6231,    0.6805,    0.7141,    0.7411,    0.7630,    0.8489,    0.7937,    0.8466,    0.8304,    0.8630,    0.8190,    0.8792,    1.8915,    1.8696,    1.9060,    1.9362,    1.9572,    2.0233,    2.0943,    2.1477,    2.1914,    2.0377,    2.0083,    2.0856,    5.2724,    5.0237,    4.9677,    4.8181,    4.4515,    4.1759,    3.6669,    3.3746,    4.0730,    3.5716,    2.7451,    2.5512,    1.9687,    1.8119,    1.3835,    1.3228,    0.8936,    0.6500,    0.5265,    0.2120,    0.1874,    0.1336,    0.0465,    0.0380,    0.0836,    0.3204,    0.6860,    1.1499,    1.6852,    2.2679,    2.8770,    3.3821,    3.6907,    4.5550,    5.3991,    5.9439,    5.3456,    5.5264,    5.7040,    5.6632,    5.7926,    6.3299,    6.6247,    6.6559,    6.7243,    6.9627,    7.1030,    7.0184,    2.4376,    2.4160,    2.4190,    2.4304,    2.4438,    2.4488,    2.4961,    2.4764,    2.4777,    2.5070,    2.4947,    2.5239,    1.9442,    1.9441,    1.9464,    1.9336,    1.9277,    1.9349,    1.9079,    1.8954,    1.8814,    1.8658,    1.8426,    1.8192,    1.8737,    1.8210,    1.8463,    1.7346,    1.7210,    1.7100,    1.6770,    1.5952,    1.5676,    1.5086,    1.4655,    1.4443,    3.8734,    3.8093,    3.6723,    3.5589,    3.4863,    3.3767,    3.1790,    3.0774,    2.9775,    2.9581,    2.8604,    2.7506,    4.1985,    3.9314,    3.6164,    3.4054,    2.9948,    2.7567,    2.5696,    2.2708,    2.1126,    1.9657,    1.8980,    1.7589,    4.7511,    3.7231,    2.8716,    2.1553,    1.6477,    1.1293,    0.8526,    0.6607,    0.4957,    0.3734,    0.2705,    0.1951,    0.0061,    0.0000,    0.0205,    0.0378,    0.0429,    0.0392,    0.0518,    0.0576,    0.0513,    0.0707,    0.0625,    0.0685,    0.0828,    0.0673,    0.0968,    0.1055,    0.0842,    0.0472,    0.0043,    0.0109,    0.0680,    0.0903,    0.1467,    0.1537,    0.1907,    0.2040,    0.2112,    0.2244,    0.2295,    0.2341,    0.2480,    0.2245,    0.1962,    0.2379,    0.3364,    0.3429,    0.6031,    0.6586,    0.6898,    0.6979,    0.6828,    0.7748,    0.7458,    0.7921,    0.7271,    0.8262,    0.7811,    0.8307,    1.8004,    1.7543,    1.8249,    1.8534,    1.8651,    1.4262,    1.4765,    1.5142,    1.5449,    1.4358,    1.4159,    1.4703,    3.7166,    3.5414,    3.5017,    3.3960,    3.1373,    2.9428,    2.5838,    2.3775,    1.8229,    1.5980,    1.2277,    1.1405,    0.8795,    0.8088,    0.6170,    0.5892,    0.3975,    0.2887,    0.2334,    0.0938,    0.0827,    0.0588,    0.0204,    0.0166
 2627,    1.5000,  279.1025,    0.3527,   95.6030,   96.0562,    0.9717,    0.7379,  158.4330,  164.4685,  165.3559,  166.2929,  167.2077,  167.7984,  168.6073,  169.8995,  171.7336,  174.5894,  178.9105,  185.5013,  194.8148,  207.2993,  222.7032,  238.5368,  251.7008,  261.0723,  267.7130,  272.0977,  274.6100,  276.2027,  276.9599,  277.4187,  277.5871,    0.0526,    0.1972,    0.4119,    0.6728,    0.9595,    1.2555,    1.5471,    1.9522,    2.6198,    2.6023,    2.0075,    1.9640,    2.0101,    2.1974,    2.3197,    2.6660,    2.7812,    2.4876,    2.3628,    2.5756,    2.6182,    2.2536,    1.9437,    1.9758,    0.7009,    0.7164,    0.7082,    0.6929,    0.6824,    0.6713,    0.6510,    0.6457,    0.6686,    0.6215,    0.6259,    0.5876,    0.4095,    0.3667,    0.3163,    0.3074,    0.2876,    0.2428,    0.2805,    0.2829,    0.3029,    0.3316,    0.3714,    0.4020,    0.4787,    0.4919,    0.4391,    0.4955,    0.4916,    0.5005,    0.4948,    0.5103,    0.5081,    0.5073,    0.5208,    0.5156,    1.3922,    1.3437,    1.2988,    1.2504,    1.1770,    1.1279,    1.1432,    1.0959,    1.0496,    0.9220,    0.8802,    0.8420,    1.2248,    1.1397,    1.1455,    1.0586,    1.1849,    1.1129,    1.0337,    1.0939,    1.0154,    0.9393,    0.7853,    0.7241,    1.6235,    1.2509,    0.9458,    0.8238,    0.6257,    0.6212,    0.4689,    0.3261,    0.2407,    0.1724,    0.1456,    0.1148,    0.0701,    0.0453,    0.0542,    0.0550,    0.0616,    0.0575,    0.0598,    0.0673,    0.0590,    0.0811,    0.0718,    0.0786,    0.0924,    0.0753,    0.1098,    0.1224,    0.1014,    0.1316,    0.1729,    0.1825,    0.1744,    0.1026,    0.1633,    0.1727,    0.2117,    0.2262,    0.2341,    0.2490,    0.2559,    0.2698,    0.2934,    0.3390,    0.3745,    0.3490,    0.3488,    0.3552,    0.6028,    0.6583,    0.6908,    0.7171,    0.7387,    0.8243,    0.7705,    0.8220,    0.8063,    0.8376,    0.7949,    0.8535,    1.8359,    1.8150,    1.8499,    1.8792,    1.8996,    1.9941,    2.0641,    2.1168,    2.1598,    2.0084,    1.9794,    2.0556,    5.1965,    4.9514,    4.8963,    4.7490,    4.3877,    4.1162,    3.6146,    3.3266,    4.0825,    3.5801,    2.7518,    2.5576,    1.9738,    1.8168,    1.3875,    1.3268,    0.8965,    0.6522,    0.5285,    0.2128,    0.1882,    0.1342,    0.0467,    0.0382,    0.0856,    0.3286,    0.7046,    1.1831,    1.7367,    2.3413,    2.9753,    3.5404,    3.9505,    4.7802,    5.5852,    6.1593,    5.5977,    5.8407,    6.0687,    6.1084,    6.2750,    6.7688,    7.0520,    7.1207,    7.2098,    7.4245,    7.5551,    7.5032,    2.6146,    2.5979,    2.6003,    2.6088,    2.6186,    2.6211,    2.6567,    2.6389,    2.6383,    2.6607,    2.6481,    2.6701,    2.0551,    2.0542,    2.0556,    2.0435,    2.0374,    2.0426,    2.0182,    2.0061,    1.9928,    1.9780,    1.9564,    1.9350,    2.0012,    1.9557,    1.9752,    1.8796,    1.8653,    1.8541,    1.8238,    1.7523,    1.7275,    1.6730,    1.6336,    1.6126,    4.3362,    4.2702,    4.1302,    4.0104,    3.9310,    3.8137,    3.6072,    3.4962,    3.3867,    3.3508,    3.2430,    3.1243,    4.7700,    4.4802,    4.1364,    3.9001,    3.4605,    3.1976,    2.9866,    2.6583,    2.4780,    2.3099,    2.2255,    2.0664,    5.5780,    4.3975,    3.4202,    2.5843,    1.9873,    1.3860,    1.0524,    0.8176,    0.6166,    0.4666,    0.3404,    0.2477,    0.0049,    0.0000,    0.0172,    0.0318,    0.0361,    0.0330,    0.0450,    0.0501,    0.0446,    0.0615,    0.0543,    0.0595,    0.0729,    0.0592,    0.0852,    0.0928,    0.0738,    0.0403,    0.0036,    0.0091,    0.0592,    0.0798,    0.1297,    0.1360,    0.1687,    0.1805,    0.1869,    0.1985,    0.2030,    0.2069,    0.2237,    0.2022,    0.1766,    0.2146,    0.3045,    0.3107,    0.5467,    0.5970,    0.6253,    0.6323,    0.6181,    0.7030,    0.6770,    0.7188,    0.6596,    0.7503,    0.7092,    0.7542,    1.6347,    1.5925,    1.6572,    1.6831,    1.6936,    1.2373,    1.2810,    1.3136,    1.3403,    1.2457,    1.2284,    1.2756,    3.2245,    3.0724,    3.0380,    2.9464,    2.7220,    2.5532,    2.2418,    2.0628,    1.5005,    1.3154,    1.0106,    0.9388,    0.7240,    0.6658,    0.5080,    0.4851,    0.3273,    0.2377,    0.1922,    0.0772,    0.0682,    0.0484,    0.0168,    0.0137
 2789,    1.7500,  282.2076,    0.3601,   94.4974,   94.9511,    0.9781,    0.8079,  158.4330,  164.6853,  165.5952,  166.5144,  167.4157,  168.0321,  168.9360,  170.3463,  172.4543,  175.6125,  180.5041,  187.8044,  197.8986,  211.0988,  227.1029,  243.3025,  256.4038,  265.5072,  271.8442,  275.9791,  278.3190,  279.6837,  280.4172,  280.8791,  281.0314,    0.0525,    0.1968,    0.4110,    0.6711,    0.9570,    1.2520,    1.5424,    1.9439,    2.6062,    2.5903,    2.0027,    1.9583,    1.9995,    2.1830,    2.3022,    2.6420,    2.7545,    2.4668,    2.3442,    2.5543,    2.5960,    2.2354,    1.9283,    1.9578,    0.6941,    0.7091,    0.7010,    0.6861,    0.6759,    0.6654,    0.6474,    0.6420,    0.6663,    0.6220,    0.6266,    0.5934,    0.4166,    0.3751,    0.3249,    0.3167,    0.2961,    0.2486,    0.2893,    0.2918,    0.3129,    0.3411,    0.3791,    0.4069,    0.4811,    0.4915,    0.4418,    0.4922,    0.4885,    0.4975,    0.4910,    0.5032,    0.5002,    0.4980,    0.5111,    0.5057,    1.3643,    1.3202,    1.2747,    1.2266,    1.1554,    1.1069,    1.1190,    1.0724,    1.0269,    0.9015,    0.8605,    0.8228,    1.1959,    1.1117,    1.1148,    1.0305,    1.1508,    1.0787,    1.0017,    1.0609,    0.9849,    0.9116,    0.7621,    0.7027,    1.5714,    1.2106,    0.9147,    0.7982,    0.6065,    0.6096,    0.4608,    0.3207,    0.2374,    0.1708,    0.1462,    0.1151,    0.0687,    0.0449,    0.0532,    0.0540,    0.0604,    0.0564,    0.0581,    0.0654,    0.0573,    0.0788,    0.0697,    0.0764,    0.0898,    0.0732,    0.1068,    0.1190,    0.0987,    0.1283,    0.1695,    0.1788,    0.1709,    0.1000,    0.1591,    0.1683,    0.2063,    0.2204,    0.2281,    0.2426,    0.2493,    0.2630,    0.2858,    0.3302,    0.3649,    0.3398,    0.3393,    0.3455,    0.5862,    0.6403,    0.6719,    0.6976,    0.7188,    0.8041,    0.7515,    0.8018,    0.7865,    0.8168,    0.7752,    0.8324,    1.7905,    1.7703,    1.8041,    1.8326,    1.8526,    1.9725,    2.0416,    2.0938,    2.1363,    1.9865,    1.9579,    2.0333,    5.1401,    4.8977,    4.8433,    4.6976,    4.3403,    4.0718,    3.5757,    3.2909,    4.0894,    3.5863,    2.7567,    2.5623,    1.9775,    1.8204,    1.3904,    1.3297,    0.8986,    0.6539,    0.5299,    0.2134,    0.1889,    0.1347,    0.0469,    0.0384,    0.0871,    0.3348,    0.7187,    1.2081,    1.7754,    2.3965,    3.0494,    3.6563,    4.1435,    4.9473,    5.7295,    6.3261,    5.7880,    6.0763,    6.3435,    6.4499,    6.6478,    7.1030,    7.3780,    7.4764,    7.5825,    7.7808,    7.9056,    7.8791,    2.7520,    2.7393,    2.7414,    2.7479,    2.7552,    2.7562,    2.7835,    2.7676,    2.7657,    2.7832,    2.7705,    2.7873,    2.1440,    2.1425,    2.1433,    2.1317,    2.1257,    2.1291,    2.1070,    2.0952,    2.0823,    2.0681,    2.0480,    2.0282,    2.1038,    2.0639,    2.0788,    1.9963,    1.9816,    1.9701,    1.9425,    1.8799,    1.8574,    1.8077,    1.7718,    1.7513,    4.7191,    4.6495,    4.5084,    4.3842,    4.2979,    4.1748,    3.9663,    3.8481,    3.7311,    3.6797,    3.5641,    3.4386,    5.2513,    4.9441,    4.5803,    4.3230,    3.8648,    3.5824,    3.3514,    3.0006,    2.8013,    2.6148,    2.5150,    2.3386,    6.3084,    4.9970,    3.9120,    2.9717,    2.2958,    1.6232,    1.2381,    0.9636,    0.7296,    0.5540,    0.4063,    0.2975,    0.0040,    0.0000,    0.0144,    0.0268,    0.0305,    0.0278,    0.0393,    0.0437,    0.0389,    0.0536,    0.0474,    0.0520,    0.0644,    0.0523,    0.0753,    0.0819,    0.0650,    0.0348,    0.0030,    0.0077,    0.0519,    0.0708,    0.1152,    0.1207,    0.1498,    0.1603,    0.1660,    0.1763,    0.1803,    0.1836,    0.2026,    0.1828,    0.1595,    0.1943,    0.2766,    0.2824,    0.4972,    0.5430,    0.5687,    0.5748,    0.5615,    0.6399,    0.6164,    0.6543,    0.6003,    0.6833,    0.6459,    0.6868,    1.4888,    1.4499,    1.5093,    1.5329,    1.5424,    1.0762,    1.1142,    1.1426,    1.1658,    1.0835,    1.0684,    1.1095,    2.8047,    2.6724,    2.6425,    2.5628,    2.3677,    2.2209,    1.9500,    1.7944,    1.2377,    1.0850,    0.8336,    0.7744,    0.5973,    0.5493,    0.4191,    0.4003,    0.2701,    0.1962,    0.1586,    0.0637,    0.0563,    0.0400,    0.0139,    0.0113
 2991,    2.0000,  284.8012,    0.3660,   93.6230,   94.0791,    0.9865,    0.6569,  158.4330,  164.8923,  165.8031,  166.7222,  167.6168,  168.2898,  169.2844,  170.8090,  173.1981,  176.7051,  182.1061,  189.9123,  200.7142,  214.5978,  231.1028,  247.4986,  260.4048,  269.2058,  275.3078,  279.2182,  281.3355,  282.5726,  283.2273,  283.6772,  283.8477,    0.0524,    0.1965,    0.4103,    0.6699,    0.9551,    1.2492,    1.5387,    1.9374,    2.5954,    2.5809,    1.9990,    1.9539,    1.9912,    2.1720,    2.2891,    2.6242,    2.7347,    2.4510,    2.3299,    2.5379,    2.5789,    2.2213,    1.9163,    1.9440,    0.6888,    0.7035,    0.6955,    0.6808,    0.6709,    0.6607,    0.6445,    0.6389,    0.6643,    0.6223,    0.6269,    0.5978,    0.4223,    0.3821,    0.3325,    0.3250,    0.3037,    0.2540,    0.2971,    0.2997,    0.3217,    0.3491,    0.3852,    0.4105,    0.4825,    0.4907,    0.4437,    0.4893,    0.4858,    0.4947,    0.4878,    0.4976,    0.4941,    0.4911,    0.5038,    0.4983,    1.3436,    1.3023,    1.2565,    1.2086,    1.1390,    1.0908,    1.1007,    1.0546,    1.0097,    0.8862,    0.8458,    0.8084,    1.1742,    1.0907,    1.0916,    1.0091,    1.1236,    1.0515,    0.9762,    1.0330,    0.9590,    0.8878,    0.7428,    0.6849,    1.5294,    1.1777,    0.8892,    0.7758,    0.5894,    0.5968,    0.4517,    0.3145,    0.2332,    0.1683,    0.1456,    0.1144,    0.0674,    0.0446,    0.0524,    0.0532,    0.0596,    0.0556,    0.0568,    0.0639,    0.0560,    0.0770,    0.0682,    0.0747,    0.0878,    0.0716,    0.1044,    0.1164,    0.0965,    0.1256,    0.1665,    0.1755,    0.1679,    0.0979,    0.1559,    0.1648,    0.2020,    0.2159,    0.2234,    0.2376,    0.2442,    0.2576,    0.2795,    0.3228,    0.3567,    0.3320,    0.3316,    0.3376,    0.5726,    0.6254,    0.6563,    0.6816,    0.7024,    0.7874,    0.7359,    0.7852,    0.7702,    0.7998,    0.7590,    0.8151,    1.7531,    1.7335,    1.7663,    1.7943,    1.8139,    1.9562,    2.0248,    2.0765,    2.1188,    1.9702,    1.9418,    2.0165,    5.0979,    4.8575,    4.8036,    4.6591,    4.3048,    4.0386,    3.5466,    3.2642,    4.0943,    3.5907,    2.7602,    2.5657,    1.9802,    1.8231,    1.3926,    1.3320,    0.9002,    0.6551,    0.5310,    0.2139,    0.1893,    0.1350,    0.0471,    0.0385,    0.0883,    0.3397,    0.7298,    1.2278,    1.8062,    2.4403,    3.1083,    3.7457,    4.2910,    5.0774,    5.8461,    6.4612,    5.9396,    6.2617,    6.5595,    6.7196,    6.9438,    7.3680,    7.6383,    7.7601,    7.8804,    8.0680,    8.1903,    8.1837,    2.8633,    2.8537,    2.8557,    2.8608,    2.8664,    2.8664,    2.8874,    2.8732,    2.8704,    2.8840,    2.8715,    2.8841,    2.2175,    2.2155,    2.2156,    2.2045,    2.1985,    2.2009,    2.1802,    2.1688,    2.1563,    2.1427,    2.1239,    2.1054,    2.1887,    2.1536,    2.1645,    2.0931,    2.0783,    2.0665,    2.0413,    1.9864,    1.9657,    1.9208,    1.8881,    1.8681,    5.0431,    4.9682,    4.8272,    4.6999,    4.6065,    4.4792,    4.2731,    4.1491,    4.0262,    3.9612,    3.8391,    3.7086,    5.6653,    5.3446,    4.9675,    4.6925,    4.2235,    3.9259,    3.6778,    3.3097,    3.0939,    2.8912,    2.7764,    2.5851,    6.9682,    5.5417,    4.3615,    3.3294,    2.5822,    1.8467,    1.4139,    1.1019,    0.8372,    0.6374,    0.4692,    0.3456,    0.0033,    0.0000,    0.0122,    0.0227,    0.0258,    0.0236,    0.0344,    0.0382,    0.0341,    0.0470,    0.0415,    0.0455,    0.0571,    0.0464,    0.0667,    0.0726,    0.0574,    0.0301,    0.0025,    0.0065,    0.0457,    0.0630,    0.1026,    0.1075,    0.1334,    0.1428,    0.1478,    0.1570,    0.1605,    0.1634,    0.1840,    0.1658,    0.1445,    0.1764,    0.2519,    0.2574,    0.4534,    0.4951,    0.5186,    0.5239,    0.5115,    0.5838,    0.5626,    0.5970,    0.5476,    0.6239,    0.5896,    0.6269,    1.3591,    1.3233,    1.3779,    1.3995,    1.4081,    0.9379,    0.9710,    0.9957,    1.0160,    0.9442,    0.9311,    0.9669,    2.4442,    2.3289,    2.3029,    2.2335,    2.0634,    1.9355,    1.6995,    1.5638,    1.0227,    0.8965,    0.6888,    0.6399,    0.4935,    0.4539,    0.3463,    0.3308,    0.2232,    0.1621,    0.1311,    0.0527,    0.0465,    0.0331,    0.0115,    0.0094
