Particle       ,data/QEXT_96IR_84_VIS_NC25v1_2umrod
Ncase          ,  14
dt (sols)      ,  0.020833
Qext 0.67um    ,  1.589613
Alb sfc        ,  0.220000
Conrath nu     ,  0.002000
Sun Flux (W/m2),148.393084
BWN IR (cm-1)  ,     10.0000,     34.1670,     58.3330,     82.5000,    106.6670,    130.8330,    155.0000,    179.1670,    203.3330,    227.5000,    251.6670,    275.8330,    300.0000,    320.7880,    341.5750,    362.3630,    383.1500,    403.9380,    424.7250,    445.5130,    466.3010,    487.0880,    507.8760,    528.6630,    549.4510,    556.7420,    564.0330,    571.3240,    578.6150,    585.9060,    593.1970,    600.4880,    607.7790,    615.0700,    622.3610,    629.6520,    636.9430,    642.5500,    648.1570,    653.7640,    659.3700,    664.9770,    670.5840,    676.1910,    681.7980,    687.4050,    693.0110,    698.6180,    704.2250,    710.1390,    716.0530,    721.9670,    727.8810,    733.7950,    739.7090,    745.6240,    751.5380,    757.4520,    763.3660,    769.2800,    775.1940,    791.5010,    807.8070,    824.1140,    840.4210,    856.7270,    873.0340,    889.3410,    905.6470,    921.9540,    938.2610,    954.5670,    970.8740,    996.8050,   1022.7370,   1048.6680,   1074.6000,   1100.5310,   1126.4630,   1152.3940,   1178.3250,   1204.2570,   1230.1880,   1256.1200,   1282.0510,   1360.3990,   1438.7460,   1517.0940,   1595.4410,   1673.7890,   1752.1370,   1830.4840,   1908.8320,   1987.1790,   2065.5270,   2143.8740,   2222.2220
BWN VIS (cm-1) ,   2222.2200,   2294.3160,   2366.4120,   2438.5080,   2510.6030,   2582.6990,   2654.7950,   2726.8910,   2798.9870,   2871.0820,   2943.1780,   3015.2740,   3087.3700,   3165.9750,   3244.5800,   3323.1850,   3401.7900,   3480.3950,   3559.0000,   3637.6050,   3716.2100,   3794.8150,   3873.4200,   3952.0250,   4030.6300,   4142.2920,   4253.9530,   4365.6150,   4477.2770,   4588.9380,   4700.6000,   4812.2620,   4923.9230,   5035.5850,   5147.2470,   5258.9080,   5370.5700,   5560.6150,   5750.6600,   5940.7050,   6130.7500,   6320.7950,   6510.8400,   6700.8850,   6890.9300,   7080.9750,   7271.0200,   7461.0650,   7651.1100,   8055.1840,   8459.2580,   8863.3330,   9267.4070,   9671.4810,  10075.5550,  10479.6290,  10883.7030,  11287.7780,  11691.8520,  12095.9260,  12500.0000,  13541.6670,  14583.3330,  15625.0000,  16666.6670,  17708.3330,  18750.0000,  19791.6670,  20833.3330,  21875.0000,  22916.6670,  23958.3330,  25000.0000,  26388.8890,  27777.7780,  29166.6670,  30555.5570,  31944.4460,  33333.3350,  34722.2240,  36111.1130,  37500.0030,  38888.8920,  40277.7810,  41666.6700
SUN VIS (W/m2) ,      0.1008,      0.0862,      0.0968,      0.1089,      0.1224,      0.1136,      0.1248,      0.1400,      0.1233,      0.1698,      0.1502,      0.1645,      0.1814,      0.1477,      0.2144,      0.2377,      0.1946,      0.2106,      0.2276,      0.2472,      0.2683,      0.1918,      0.3072,      0.3239,      0.3986,      0.4261,      0.4410,      0.4688,      0.4810,      0.5017,      0.5013,      0.5485,      0.5772,      0.5665,      0.6183,      0.6303,      1.0809,      1.1806,      1.2379,      1.2751,      1.2949,      1.4092,      1.3262,      1.4132,      1.3634,      1.4505,      1.3747,      1.4716,      3.1730,      3.1258,      3.2038,      3.2543,      3.2846,      3.1576,      3.2685,      3.3520,      3.4202,      3.1800,      3.1347,      3.2554,      8.2299,      7.8425,      7.7561,      7.5237,      6.9524,      6.5235,      5.7299,      5.2748,      5.0739,      4.4511,      3.4228,      3.1828,      2.4579,      2.2644,      1.7312,      1.6575,      1.1215,      0.8173,      0.6634,      0.2677,      0.2374,      0.1697,      0.0593,      0.0486
================
wavelenght [um],    0.244068,    0.252632,    0.261818,    0.271698,    0.282353,    0.293878,    0.306383,    0.320000,    0.334884,    0.351220,    0.369231,    0.389189,    0.408511,    0.426667,    0.446512,    0.468293,    0.492308,    0.518919,    0.548571,    0.581818,    0.619355,    0.662069,    0.711111,    0.768000,    0.813143,    0.840768,    0.870336,    0.902060,    0.936184,    0.972991,    1.012810,    1.056028,    1.103099,    1.154562,    1.211061,    1.273375,    1.323436,    1.357581,    1.393534,    1.431444,    1.471474,    1.513807,    1.558648,    1.606226,    1.656801,    1.710664,    1.768147,    1.829628,    1.881560,    1.921939,    1.964090,    2.008131,    2.054193,    2.102417,    2.152960,    2.205992,    2.261704,    2.320302,    2.382017,    2.447105,    2.505432,    2.555765,    2.608162,    2.662752,    2.719677,    2.779088,    2.841153,    2.906054,    2.973989,    3.045176,    3.119855,    3.198288,    3.277268,    3.356577,    3.439819,    3.527294,    3.619334,    3.716307,    3.818620,    3.926726,    4.041130,    4.162400,    4.291175,    4.428172,    4.580751,    4.751270,    4.934974,    5.133456,    5.348572,    5.582505,    5.837838,    6.117648,    6.425631,    6.766266,    7.145039,    7.568734,    7.879690,    8.044056,    8.215425,    8.394255,    8.581043,    8.776330,    8.980716,    9.194848,    9.419442,    9.655282,    9.903235,   10.164260,   10.387231,   10.566200,   10.751445,   10.943308,   11.142136,   11.348323,   11.562291,   11.784476,   12.015368,   12.255495,   12.505409,   12.765727,   12.949392,   13.049328,   13.150818,   13.253898,   13.358608,   13.464994,   13.573088,   13.682923,   13.794549,   13.908012,   14.023357,   14.140631,   14.256763,   14.371646,   14.488386,   14.607038,   14.727660,   14.850291,   14.974981,   15.101782,   15.230738,   15.361915,   15.495384,   15.631191,   15.790367,   15.974275,   16.162517,   16.355249,   16.552633,   16.754839,   16.962047,   17.174443,   17.392227,   17.615605,   17.844795,   18.080028,   18.550914,   19.294981,   20.101230,   20.977796,   21.934298,   22.982219,   24.135264,   25.410119,   26.827165,   28.411593,   30.194923,   32.217118,   34.732292,   37.914692,   41.739101,   46.421699,   52.287582,   59.850314,   69.970927,   84.210526,  105.726686,  142.012170,  216.216216,  452.826771
Qext           ,      1.2269,      1.2269,      1.2269,      1.2269,      1.2269,      1.2269,      1.2269,      1.2269,      1.2269,      1.2269,      1.2269,      1.5896,      1.5896,      1.5896,      1.5896,      1.5896,      1.5896,      1.5896,      1.5896,      1.5896,      1.5896,      1.5896,      1.5896,      1.3879,      1.3879,      1.3879,      1.3879,      1.3879,      1.3879,      1.3879,      1.3879,      1.3879,      1.3879,      1.3116,      1.3116,      1.3116,      1.3116,      1.3116,      1.3116,      1.3116,      1.3116,      1.5228,      1.5228,      1.5228,      1.5228,      1.5228,      1.5228,      1.5228,      1.5503,      1.5503,      1.5503,      1.5503,      1.5503,      1.5503,      1.5503,      1.5503,      1.8277,      1.8277,      1.8277,      1.8277,      1.8277,      1.8277,      2.2918,      2.2918,      2.2918,      2.2918,      2.2918,      2.2918,      1.6666,      1.6666,      1.6666,      1.6666,      1.6666,      1.9841,      1.9841,      1.9841,      1.9841,      2.0283,      2.0283,      2.0283,      2.0283,      2.4621,      2.4621,      2.4621,      3.0507,      3.0507,      2.4509,      2.4509,      2.1466,      1.9224,      1.9224,      1.7483,      2.0048,      2.6410,      3.2382,      3.3459,      3.4538,      3.4538,      4.3973,      4.3973,      3.8922,      3.8922,      2.2961,      2.2961,      1.6804,      1.8912,      1.8912,      1.8461,      1.1643,      1.1643,      0.6560,      0.6560,      0.5985,      0.5985,      0.7287,      1.0155,      1.0155,      1.4402,      1.4402,      1.7965,      1.9743,      1.9743,      1.9743,      1.9743,      2.0810,      2.0810,      2.0810,      2.2288,      2.2288,      2.2288,      2.3794,      2.3794,      2.3794,      2.4281,      2.4281,      2.4281,      2.3561,      2.3561,      2.3561,      2.2617,      2.2617,      2.2617,      2.2674,      2.2674,      2.2674,      2.4175,      2.4175,      2.6544,      2.6544,      2.8747,      3.0098,      3.0098,      3.0770,      3.0770,      3.1784,      3.4585,      3.7527,      5.6774,      9.6580,     13.4224,     14.9086,     13.5103,     10.0450,      5.9446,      2.8642,      1.4090,      0.9197,      0.6856,      0.4027,      0.1828,      0.1122,      0.0919,      0.0504,      0.0311,      0.0311,      0.0311,      0.0311,      0.0311,      0.0311,      0.0311
Qscat          ,      0.5774,      0.5774,      0.5774,      0.5774,      0.5774,      0.5774,      0.5774,      0.5774,      0.5774,      0.5774,      0.5774,      0.4657,      0.4657,      0.4657,      0.4657,      0.4657,      0.4657,      0.4657,      0.4657,      0.4657,      0.4657,      0.4657,      0.4657,      0.2404,      0.2404,      0.2404,      0.2404,      0.2404,      0.2404,      0.2404,      0.2404,      0.2404,      0.2404,      0.2019,      0.2019,      0.2019,      0.2019,      0.2019,      0.2019,      0.2019,      0.2019,      0.2262,      0.2262,      0.2262,      0.2262,      0.2262,      0.2262,      0.2262,      0.1731,      0.1731,      0.1731,      0.1731,      0.1731,      0.1731,      0.1731,      0.1731,      0.2320,      0.2320,      0.2320,      0.2320,      0.2320,      0.2320,      0.3176,      0.3176,      0.3176,      0.3176,      0.3176,      0.3176,      0.2001,      0.2001,      0.2001,      0.2001,      0.2001,      0.2132,      0.2132,      0.2132,      0.2132,      0.2220,      0.2220,      0.2220,      0.2220,      0.3527,      0.3527,      0.3527,      0.5939,      0.5939,      0.3536,      0.3536,      0.2735,      0.2382,      0.2382,      0.2193,      0.2677,      0.4734,      1.0874,      0.8926,      1.0178,      1.0178,      1.3790,      1.3790,      1.5224,      1.5224,      0.7873,      0.7873,      0.6149,      0.5488,      0.5488,      0.6929,      0.7418,      0.7418,      0.5591,      0.5591,      0.5365,      0.5365,      0.6124,      0.5207,      0.5207,      0.4700,      0.4700,      0.7489,      1.2263,      1.2263,      1.2263,      1.2263,      1.5986,      1.5986,      1.5986,      1.7717,      1.7717,      1.7717,      1.8245,      1.8245,      1.8245,      1.7898,      1.7898,      1.7898,      1.6135,      1.6135,      1.6135,      1.2796,      1.2796,      1.2796,      0.8945,      0.8945,      0.8945,      0.6346,      0.6346,      0.6248,      0.6248,      0.8592,      1.2143,      1.2143,      1.5275,      1.5275,      1.6831,      1.6599,      1.5943,      1.4217,      2.1986,      3.9034,      5.1914,      4.9146,      3.1062,      1.0802,      0.2765,      0.6351,      0.8315,      0.3201,     -0.2369,     -0.0122,      0.1122,      0.0919,     -0.2863,     -0.3096,     -0.3096,     -0.3096,     -0.3096,     -0.3096,     -0.3096,     -0.3096
G factor       ,      0.5110,      0.5110,      0.5110,      0.5110,      0.5110,      0.5110,      0.5110,      0.5110,      0.5110,      0.5110,      0.5110,      0.4510,      0.4510,      0.4510,      0.4510,      0.4510,      0.4510,      0.4510,      0.4510,      0.4510,      0.4510,      0.4510,      0.4510,      0.3320,      0.3320,      0.3320,      0.3320,      0.3320,      0.3320,      0.3320,      0.3320,      0.3320,      0.3320,      0.2730,      0.2730,      0.2730,      0.2730,      0.2730,      0.2730,      0.2730,      0.2730,      0.2570,      0.2570,      0.2570,      0.2570,      0.2570,      0.2570,      0.2570,      0.2860,      0.2860,      0.2860,      0.2860,      0.2860,      0.2860,      0.2860,      0.2860,      0.2560,      0.2560,      0.2560,      0.2560,      0.2560,      0.2560,      0.1730,      0.1730,      0.1730,      0.1730,      0.1730,      0.1730,      0.1180,      0.1180,      0.1180,      0.1180,      0.1180,      0.1840,      0.1840,      0.1840,      0.1840,      0.1450,      0.1450,      0.1450,      0.1450,      0.0950,      0.0950,      0.0950,      0.0830,      0.0830,      0.0100,      0.0100,     -0.0090,      0.0330,      0.0330,      0.1060,      0.1820,      0.2490,      0.2620,      0.1880,      0.2200,      0.2200,      0.1990,      0.1990,      0.1100,      0.1100,      0.0010,      0.0010,     -0.0020,      0.0220,      0.0220,      0.0600,      0.0830,      0.0830,      0.0390,      0.0390,     -0.0080,     -0.0080,     -0.0170,     -0.0160,     -0.0160,      0.0060,      0.0060,      0.0350,      0.0500,      0.0500,      0.0500,      0.0500,      0.0440,      0.0440,      0.0440,      0.0250,      0.0250,      0.0250,      0.0090,      0.0090,      0.0090,      0.0020,      0.0020,      0.0020,      0.0000,      0.0000,      0.0000,     -0.0000,     -0.0000,     -0.0000,     -0.0020,     -0.0020,     -0.0020,     -0.0030,     -0.0030,     -0.0030,     -0.0030,     -0.0010,      0.0030,      0.0030,      0.0060,      0.0060,      0.0080,      0.0090,      0.0080,      0.0040,      0.0020,      0.0020,      0.0030,      0.0030,      0.0020,      0.0000,     -0.0020,     -0.0020,      0.0020,      0.0020,     -0.0050,     -0.0110,     -0.0000,      0.0060,     -0.0060,     -0.0150,     -0.0150,     -0.0150,     -0.0150,     -0.0150,     -0.0150,     -0.0150
================
P [mbar]       ,    0.1004,    0.1015,    0.1034,    0.1069,    0.1130,    0.1239,    0.1432,    0.1740,    0.2226,    0.3028,    0.4349,    0.6529,    1.0121,    1.6044,    2.4646,    3.4606,    4.3994,    5.2226,    5.8426,    6.2132,    6.3980,    6.4686,    6.5039,    6.5168
Temp initial[K],  155.0000,  155.0000,  155.0000,  155.0000,  155.0000,  155.0000,  155.0000,  155.0000,  155.0000,  155.0000,  155.0000,  155.0000,  158.8233,  165.4041,  173.2716,  181.4436,  190.2788,  198.8130,  204.5783,  207.8249,  209.4219,  210.0497,  210.3719,  210.4891
================
it   ,   tau    ,  Tsfc    ,   alb    ,   OLR    ,    ASR   ,  NET top ,  NET bot , T lev  01, T lev  02, T lev  03, T lev  04, T lev  05, T lev  06, T lev  07, T lev  08, T lev  09, T lev  10, T lev  11, T lev  12, T lev  13, T lev  14, T lev  15, T lev  16, T lev  17, T lev  18, T lev  19, T lev  20, T lev  21, T lev  22, T lev  23, T lev  24, T lev  25,  OLR IR01,  OLR IR02,  OLR IR03,  OLR IR04,  OLR IR05,  OLR IR06,  OLR IR07,  OLR IR08,  OLR IR09,  OLR IR10,  OLR IR11,  OLR IR12,  OLR IR13,  OLR IR14,  OLR IR15,  OLR IR16,  OLR IR17,  OLR IR18,  OLR IR19,  OLR IR20,  OLR IR21,  OLR IR22,  OLR IR23,  OLR IR24,  OLR IR25,  OLR IR26,  OLR IR27,  OLR IR28,  OLR IR29,  OLR IR30,  OLR IR31,  OLR IR32,  OLR IR33,  OLR IR34,  OLR IR35,  OLR IR36,  OLR IR37,  OLR IR38,  OLR IR39,  OLR IR40,  OLR IR41,  OLR IR42,  OLR IR43,  OLR IR44,  OLR IR45,  OLR IR46,  OLR IR47,  OLR IR48,  OLR IR49,  OLR IR50,  OLR IR51,  OLR IR52,  OLR IR53,  OLR IR54,  OLR IR55,  OLR IR56,  OLR IR57,  OLR IR58,  OLR IR59,  OLR IR60,  OLR IR61,  OLR IR62,  OLR IR63,  OLR IR64,  OLR IR65,  OLR IR66,  OLR IR67,  OLR IR68,  OLR IR69,  OLR IR70,  OLR IR71,  OLR IR72,  OLR IR73,  OLR IR74,  OLR IR75,  OLR IR76,  OLR IR77,  OLR IR78,  OLR IR79,  OLR IR80,  OLR IR81,  OLR IR82,  OLR IR83,  OLR IR84,  OLR IR85,  OLR IR86,  OLR IR87,  OLR IR88,  OLR IR89,  OLR IR90,  OLR IR91,  OLR IR92,  OLR IR93,  OLR IR94,  OLR IR95,  OLR IR96, ASR VIS01, ASR VIS02, ASR VIS03, ASR VIS04, ASR VIS05, ASR VIS06, ASR VIS07, ASR VIS08, ASR VIS09, ASR VIS10, ASR VIS11, ASR VIS12, ASR VIS13, ASR VIS14, ASR VIS15, ASR VIS16, ASR VIS17, ASR VIS18, ASR VIS19, ASR VIS20, ASR VIS21, ASR VIS22, ASR VIS23, ASR VIS24, ASR VIS25, ASR VIS26, ASR VIS27, ASR VIS28, ASR VIS29, ASR VIS30, ASR VIS31, ASR VIS32, ASR VIS33, ASR VIS34, ASR VIS35, ASR VIS36, ASR VIS37, ASR VIS38, ASR VIS39, ASR VIS40, ASR VIS41, ASR VIS42, ASR VIS43, ASR VIS44, ASR VIS45, ASR VIS46, ASR VIS47, ASR VIS48, ASR VIS49, ASR VIS50, ASR VIS51, ASR VIS52, ASR VIS53, ASR VIS54, ASR VIS55, ASR VIS56, ASR VIS57, ASR VIS58, ASR VIS59, ASR VIS60, ASR VIS61, ASR VIS62, ASR VIS63, ASR VIS64, ASR VIS65, ASR VIS66, ASR VIS67, ASR VIS68, ASR VIS69, ASR VIS70, ASR VIS71, ASR VIS72, ASR VIS73, ASR VIS74, ASR VIS75, ASR VIS76, ASR VIS77, ASR VIS78, ASR VIS79, ASR VIS80, ASR VIS81, ASR VIS82, ASR VIS83, ASR VIS84, SFC DIR01, SFC DIR02, SFC DIR03, SFC DIR04, SFC DIR05, SFC DIR06, SFC DIR07, SFC DIR08, SFC DIR09, SFC DIR10, SFC DIR11, SFC DIR12, SFC DIR13, SFC DIR14, SFC DIR15, SFC DIR16, SFC DIR17, SFC DIR18, SFC DIR19, SFC DIR20, SFC DIR21, SFC DIR22, SFC DIR23, SFC DIR24, SFC DIR25, SFC DIR26, SFC DIR27, SFC DIR28, SFC DIR29, SFC DIR30, SFC DIR31, SFC DIR32, SFC DIR33, SFC DIR34, SFC DIR35, SFC DIR36, SFC DIR37, SFC DIR38, SFC DIR39, SFC DIR40, SFC DIR41, SFC DIR42, SFC DIR43, SFC DIR44, SFC DIR45, SFC DIR46, SFC DIR47, SFC DIR48, SFC DIR49, SFC DIR50, SFC DIR51, SFC DIR52, SFC DIR53, SFC DIR54, SFC DIR55, SFC DIR56, SFC DIR57, SFC DIR58, SFC DIR59, SFC DIR60, SFC DIR61, SFC DIR62, SFC DIR63, SFC DIR64, SFC DIR65, SFC DIR66, SFC DIR67, SFC DIR68, SFC DIR69, SFC DIR70, SFC DIR71, SFC DIR72, SFC DIR73, SFC DIR74, SFC DIR75, SFC DIR76, SFC DIR77, SFC DIR78, SFC DIR79, SFC DIR80, SFC DIR81, SFC DIR82, SFC DIR83, SFC DIR84, SFC DIR85, SFC DIR86, SFC DIR87, SFC DIR88, SFC DIR89, SFC DIR90, SFC DIR91, SFC DIR92, SFC DIR93, SFC DIR94, SFC DIR95, SFC DIR96,SFC DVIS01,SFC DVIS02,SFC DVIS03,SFC DVIS04,SFC DVIS05,SFC DVIS06,SFC DVIS07,SFC DVIS08,SFC DVIS09,SFC DVIS10,SFC DVIS11,SFC DVIS12,SFC DVIS13,SFC DVIS14,SFC DVIS15,SFC DVIS16,SFC DVIS17,SFC DVIS18,SFC DVIS19,SFC DVIS20,SFC DVIS21,SFC DVIS22,SFC DVIS23,SFC DVIS24,SFC DVIS25,SFC DVIS26,SFC DVIS27,SFC DVIS28,SFC DVIS29,SFC DVIS30,SFC DVIS31,SFC DVIS32,SFC DVIS33,SFC DVIS34,SFC DVIS35,SFC DVIS36,SFC DVIS37,SFC DVIS38,SFC DVIS39,SFC DVIS40,SFC DVIS41,SFC DVIS42,SFC DVIS43,SFC DVIS44,SFC DVIS45,SFC DVIS46,SFC DVIS47,SFC DVIS48,SFC DVIS49,SFC DVIS50,SFC DVIS51,SFC DVIS52,SFC DVIS53,SFC DVIS54,SFC DVIS55,SFC DVIS56,SFC DVIS57,SFC DVIS58,SFC DVIS59,SFC DVIS60,SFC DVIS61,SFC DVIS62,SFC DVIS63,SFC DVIS64,SFC DVIS65,SFC DVIS66,SFC DVIS67,SFC DVIS68,SFC DVIS69,SFC DVIS70,SFC DVIS71,SFC DVIS72,SFC DVIS73,SFC DVIS74,SFC DVIS75,SFC DVIS76,SFC DVIS77,SFC DVIS78,SFC DVIS79,SFC DVIS80,SFC DVIS81,SFC DVIS82,SFC DVIS83,SFC DVIS84
 1007,    0.0000,  218.8983,    0.2194,  117.0969,  115.8380,   -0.8625,   -0.7595,  158.4330,  155.0000,  155.0000,  155.0000,  155.0000,  155.0000,  155.0000,  155.0000,  155.0000,  155.0000,  155.0000,  155.0000,  155.0000,  158.8202,  165.3996,  173.2672,  181.4393,  190.2764,  198.8104,  204.5754,  207.8212,  209.4182,  210.0462,  210.3680,  210.4855,    0.0676,    0.2556,    0.5389,    0.8888,    1.2804,    1.6928,    2.1082,    2.5121,    2.8933,    3.2429,    3.5544,    3.8241,    3.4712,    3.6087,    3.7179,    3.7987,    3.8530,    3.8815,    3.8866,    3.8696,    3.8324,    3.7775,    3.7019,    3.5964,    1.2424,    1.2267,    1.2047,    1.1662,    1.1137,    1.0481,    0.8756,    0.8393,    0.7711,    0.6138,    0.5638,    0.3590,    0.1995,    0.1649,    0.1438,    0.1375,    0.1329,    0.1277,    0.1258,    0.1235,    0.1245,    0.1364,    0.1735,    0.2440,    0.3730,    0.4452,    0.3502,    0.5089,    0.4971,    0.5051,    0.5244,    0.6000,    0.6202,    0.6335,    0.6351,    0.6285,    1.6842,    1.6087,    1.5504,    1.4822,    1.4116,    1.3421,    1.2748,    1.2087,    1.1452,    1.0819,    1.0194,    0.9639,    1.4270,    1.3066,    1.1824,    1.0659,    0.9702,    0.8860,    0.8005,    0.7221,    0.6504,    0.5836,    0.5141,    0.4584,    1.1328,    0.8012,    0.5722,    0.3992,    0.2764,    0.1901,    0.1299,    0.0861,    0.0569,    0.0365,    0.0240,    0.0175,    0.0899,    0.0485,    0.0757,    0.0853,    0.0957,    0.0892,    0.0975,    0.1095,    0.0962,    0.1325,    0.1172,    0.1283,    0.1417,    0.1155,    0.1679,    0.1865,    0.1530,    0.1811,    0.2062,    0.2231,    0.2234,    0.1500,    0.2398,    0.2531,    0.3109,    0.3324,    0.3440,    0.3658,    0.3756,    0.3936,    0.3989,    0.4549,    0.4935,    0.4704,    0.4844,    0.4940,    0.8433,    0.9209,    0.9662,    0.9986,    1.0221,    1.1068,    1.0376,    1.1056,    1.0799,    1.1314,    1.0731,    1.1504,    2.4777,    2.4439,    2.4989,    2.5383,    2.5642,    2.4625,    2.5489,    2.6139,    2.6670,    2.4800,    2.4441,    2.5380,    6.4157,    6.1123,    6.0433,    5.8603,    5.4132,    5.0767,    4.4565,    4.0997,    3.9404,    3.4535,    2.6528,    2.4637,    1.8993,    1.7458,    1.3311,    1.2705,    0.8565,    0.6215,    0.5021,    0.2015,    0.1776,    0.1261,    0.0437,    0.0355,    0.0000,    0.0000,    0.0000,    0.0000,    0.0000,    0.0000,    0.0000,    0.0000,    0.0000,    0.0000,    0.0000,    0.0000,    0.0000,    0.0000,    0.0000,    0.0000,    0.0000,    0.0000,    0.0000,    0.0001,    0.0002,    0.0007,    0.0108,    0.0490,    0.0110,    0.0180,    0.0344,    0.0771,    0.1397,    0.2137,    0.4309,    0.4495,    0.5119,    0.6671,    0.7005,    0.8672,    0.6959,    0.7036,    0.7106,    0.6982,    0.6956,    0.7186,    0.6761,    0.6645,    0.6491,    0.6306,    0.6025,    0.5551,    0.4721,    0.3712,    0.4491,    0.2585,    0.2602,    0.2432,    0.2110,    0.1067,    0.0696,    0.0377,    0.0207,    0.0150,    0.0329,    0.0299,    0.0085,    0.0020,    0.0004,    0.0004,    0.0002,    0.0011,    0.0019,    0.0049,    0.0091,    0.0081,    0.0085,    0.0012,    0.0075,    0.0141,    0.0089,    0.0000,    0.0000,    0.0000,    0.0000,    0.0008,    0.0066,    0.0072,    0.0065,    0.0059,    0.0000,    0.0000,    0.0000,    0.0000,    0.0000,    0.0009,    0.0011,    0.0014,    0.0012,    0.0002,    0.0266,    0.0000,    0.0608,    0.1075,    0.1214,    0.1110,    0.1245,    0.1386,    0.1233,    0.1698,    0.1501,    0.1645,    0.1808,    0.1468,    0.2123,    0.2321,    0.1900,    0.1318,    0.0189,    0.0386,    0.1649,    0.1902,    0.3067,    0.3223,    0.3984,    0.4260,    0.4410,    0.4686,    0.4799,    0.4920,    0.4648,    0.4226,    0.3741,    0.4433,    0.6104,    0.6178,    1.0805,    1.1804,    1.2359,    1.2564,    1.2364,    1.3694,    1.3136,    1.3975,    1.2854,    1.4503,    1.3718,    1.4606,    3.1621,    3.0885,    3.2030,    3.2531,    3.2748,    3.1568,    3.2678,    3.3511,    3.4192,    3.1776,    3.1334,    3.2539,    8.2247,    7.8363,    7.7478,    7.5132,    6.9399,    6.5086,    5.7135,    5.2561,    5.0518,    4.4276,    3.4010,    3.1586,    2.4350,    2.2382,    1.7066,    1.6288,    1.0981,    0.7968,    0.6438,    0.2584,    0.2277,    0.1616,    0.0560,    0.0455
  699,    0.0500,  223.0976,    0.1961,  120.7221,  119.2873,   -0.9240,   -0.9599,  158.4330,  165.4868,  166.2899,  167.1976,  168.3979,  169.1051,  169.9972,  170.8972,  171.8969,  173.1937,  175.0216,  177.8805,  181.9975,  187.4848,  193.7862,  199.4960,  204.3304,  208.1953,  211.4883,  214.3868,  217.3507,  218.9739,  219.6234,  219.9656,  220.0935,    0.0696,    0.2633,    0.5558,    0.9181,    1.3249,    1.7546,    2.1890,    2.6114,    2.9889,    3.3551,    3.6913,    3.9849,    3.5746,    3.6782,    3.7843,    3.8158,    3.6762,    3.4440,    3.2601,    3.1850,    3.2299,    3.3751,    3.5273,    3.5350,    1.2266,    1.2167,    1.2005,    1.1660,    1.1280,    1.0794,    0.9569,    0.9422,    0.8919,    0.7712,    0.7515,    0.6067,    0.3962,    0.3454,    0.2968,    0.2870,    0.2709,    0.2373,    0.2624,    0.2629,    0.2742,    0.2999,    0.3444,    0.3946,    0.4878,    0.5356,    0.4576,    0.5791,    0.5685,    0.5678,    0.5762,    0.6331,    0.6481,    0.6596,    0.6609,    0.6543,    1.7688,    1.7097,    1.6490,    1.5946,    1.5222,    1.4604,    1.3956,    1.3255,    1.2567,    1.1894,    1.1081,    1.0503,    1.5270,    1.3991,    1.2690,    1.1537,    1.0328,    0.9467,    0.8212,    0.7423,    0.6615,    0.5947,    0.5428,    0.4864,    1.2018,    0.8635,    0.6271,    0.4498,    0.3167,    0.2180,    0.1502,    0.0997,    0.0661,    0.0430,    0.0278,    0.0202,    0.0909,    0.0481,    0.0782,    0.0895,    0.1004,    0.0935,    0.1023,    0.1149,    0.1010,    0.1390,    0.1229,    0.1336,    0.1474,    0.1201,    0.1747,    0.1940,    0.1610,    0.1863,    0.2062,    0.2236,    0.2303,    0.1579,    0.2504,    0.2644,    0.3248,    0.3471,    0.3593,    0.3820,    0.3904,    0.4089,    0.4139,    0.4671,    0.5039,    0.4832,    0.5035,    0.5130,    0.8737,    0.9541,    1.0010,    1.0341,    1.0568,    1.1453,    1.0746,    1.1398,    1.1104,    1.1666,    1.1065,    1.1859,    2.5545,    2.5192,    2.5766,    2.6191,    2.6456,    2.5410,    2.6300,    2.6971,    2.7519,    2.5589,    2.5219,    2.6189,    6.6201,    6.2869,    6.2160,    6.0279,    5.5680,    5.2221,    4.5843,    4.2174,    4.0537,    3.5530,    2.7293,    2.5350,    1.9545,    1.7696,    1.3493,    1.2880,    0.8685,    0.6303,    0.5093,    0.2045,    0.1802,    0.1280,    0.0444,    0.0361,    0.0007,    0.0024,    0.0051,    0.0082,    0.0116,    0.0150,    0.0183,    0.0227,    0.0087,    0.0120,    0.0355,    0.0979,    0.1017,    0.1136,    0.2192,    0.4959,    0.9286,    1.3628,    1.6569,    1.7631,    1.6411,    1.2844,    0.8207,    0.5864,    0.1797,    0.1765,    0.1969,    0.2589,    0.3410,    0.4284,    0.6811,    0.6949,    0.7618,    0.9008,    0.9355,    1.0703,    0.8380,    0.8395,    0.8398,    0.8290,    0.8224,    0.8265,    0.8027,    0.7916,    0.7786,    0.7629,    0.7397,    0.7052,    0.6538,    0.5474,    0.6106,    0.4078,    0.4102,    0.3938,    0.3465,    0.2120,    0.1613,    0.1098,    0.0817,    0.0717,    0.1708,    0.1402,    0.1010,    0.0625,    0.0550,    0.0366,    0.0280,    0.0289,    0.0313,    0.0352,    0.0583,    0.0532,    0.1091,    0.0909,    0.0940,    0.0909,    0.0955,    0.0701,    0.0983,    0.0881,    0.0864,    0.0788,    0.0652,    0.0597,    0.1260,    0.0856,    0.0441,    0.0235,    0.0141,    0.0105,    0.0070,    0.0070,    0.0061,    0.0054,    0.0045,    0.0018,    0.0210,    0.0000,    0.0521,    0.0952,    0.1076,    0.0984,    0.1104,    0.1231,    0.1096,    0.1509,    0.1334,    0.1491,    0.1637,    0.1329,    0.1921,    0.2098,    0.1651,    0.1098,    0.0139,    0.0303,    0.1411,    0.1662,    0.2756,    0.2894,    0.3581,    0.3829,    0.3964,    0.4212,    0.4378,    0.4484,    0.4196,    0.3817,    0.3367,    0.4012,    0.5554,    0.5630,    0.9900,    1.0816,    1.1324,    1.1497,    1.1299,    1.2526,    1.2026,    1.2951,    1.1908,    1.3456,    1.2726,    1.3544,    2.9333,    2.8633,    2.9719,    3.0098,    3.0296,    2.9207,    3.0235,    3.1006,    3.1635,    2.9400,    2.8992,    3.0106,    7.6097,    7.2415,    7.1598,    6.9429,    6.4131,    6.0144,    5.2796,    4.8569,    4.6680,    4.0912,    3.1425,    2.9185,    2.2499,    2.1299,    1.6239,    1.5499,    1.0449,    0.7582,    0.6126,    0.2458,    0.2167,    0.1538,    0.0533,    0.0433
  492,    0.1000,  225.7974,    0.1761,  123.7242,  122.2544,   -0.8573,   -0.7660,  158.4330,  172.6111,  173.4604,  174.4014,  175.5944,  176.4469,  177.4934,  178.6073,  179.8992,  181.3911,  183.3991,  186.2493,  190.2695,  195.5645,  201.6982,  207.4683,  212.2452,  215.8970,  218.6966,  220.7979,  222.2938,  223.5980,  224.2026,  224.5540,  224.6784,    0.0711,    0.2692,    0.5688,    0.9406,    1.3586,    1.8012,    2.2498,    2.6851,    3.0472,    3.4229,    3.7812,    4.1022,    3.6308,    3.6900,    3.8104,    3.8431,    3.6220,    3.3144,    3.1056,    3.0341,    3.0916,    3.2650,    3.4657,    3.4949,    1.2127,    1.2049,    1.1947,    1.1661,    1.1418,    1.1034,    1.0102,    1.0056,    0.9621,    0.8539,    0.8428,    0.7105,    0.4767,    0.4241,    0.3715,    0.3624,    0.3434,    0.3020,    0.3340,    0.3344,    0.3459,    0.3715,    0.4158,    0.4626,    0.5502,    0.5874,    0.5140,    0.6190,    0.6096,    0.6077,    0.6099,    0.6540,    0.6673,    0.6751,    0.6745,    0.6673,    1.8199,    1.7744,    1.7105,    1.6621,    1.5885,    1.5292,    1.4679,    1.3959,    1.3245,    1.2554,    1.1613,    1.1021,    1.5885,    1.4573,    1.3245,    1.2098,    1.0720,    0.9829,    0.8320,    0.7529,    0.6693,    0.6026,    0.5610,    0.5037,    1.2458,    0.9020,    0.6635,    0.4840,    0.3442,    0.2370,    0.1640,    0.1091,    0.0723,    0.0476,    0.0305,    0.0219,    0.0913,    0.0477,    0.0800,    0.0928,    0.1042,    0.0969,    0.1062,    0.1191,    0.1048,    0.1442,    0.1275,    0.1379,    0.1522,    0.1240,    0.1803,    0.2001,    0.1670,    0.1896,    0.2058,    0.2236,    0.2352,    0.1639,    0.2591,    0.2735,    0.3361,    0.3592,    0.3718,    0.3953,    0.4028,    0.4216,    0.4257,    0.4769,    0.5119,    0.4934,    0.5193,    0.5290,    0.8995,    0.9823,    1.0304,    1.0640,    1.0857,    1.1776,    1.1059,    1.1693,    1.1367,    1.1973,    1.1354,    1.2167,    2.6212,    2.5842,    2.6442,    2.6890,    2.7159,    2.6088,    2.7003,    2.7691,    2.8254,    2.6271,    2.5893,    2.6888,    6.7970,    6.4377,    6.3652,    6.1727,    5.7020,    5.3478,    4.6948,    4.3193,    4.1518,    3.6392,    2.7957,    2.5968,    2.0023,    1.7916,    1.3662,    1.3043,    0.8796,    0.6385,    0.5160,    0.2072,    0.1827,    0.1298,    0.0450,    0.0366,    0.0014,    0.0052,    0.0108,    0.0177,    0.0251,    0.0328,    0.0403,    0.0502,    0.0178,    0.0245,    0.0765,    0.2132,    0.2138,    0.2301,    0.4558,    1.0112,    1.7643,    2.3983,    2.7676,    2.8931,    2.7599,    2.3120,    1.5935,    1.1242,    0.3508,    0.3344,    0.3551,    0.4217,    0.5098,    0.5951,    0.8443,    0.8520,    0.9157,    1.0352,    1.0683,    1.1800,    0.9144,    0.9121,    0.9091,    0.8988,    0.8907,    0.8874,    0.8708,    0.8600,    0.8479,    0.8337,    0.8143,    0.7869,    0.7545,    0.6511,    0.7032,    0.5036,    0.5054,    0.4903,    0.4364,    0.2920,    0.2382,    0.1763,    0.1424,    0.1299,    0.3228,    0.2652,    0.2138,    0.1360,    0.1228,    0.0782,    0.0598,    0.0601,    0.0644,    0.0683,    0.1146,    0.1053,    0.2351,    0.2098,    0.2056,    0.1847,    0.2040,    0.1636,    0.2225,    0.2004,    0.1989,    0.1805,    0.1423,    0.1290,    0.2919,    0.1967,    0.1137,    0.0627,    0.0384,    0.0288,    0.0195,    0.0171,    0.0139,    0.0111,    0.0091,    0.0045,    0.0175,    0.0000,    0.0450,    0.0843,    0.0953,    0.0872,    0.0978,    0.1094,    0.0974,    0.1342,    0.1186,    0.1351,    0.1483,    0.1204,    0.1739,    0.1899,    0.1440,    0.0937,    0.0113,    0.0252,    0.1218,    0.1453,    0.2477,    0.2600,    0.3219,    0.3442,    0.3563,    0.3786,    0.3995,    0.4089,    0.3811,    0.3465,    0.3054,    0.3647,    0.5062,    0.5135,    0.9072,    0.9910,    1.0376,    1.0529,    1.0341,    1.1469,    1.1015,    1.2009,    1.1040,    1.2485,    1.1806,    1.2564,    2.7214,    2.6557,    2.7574,    2.7848,    2.8030,    2.7023,    2.7974,    2.8687,    2.9270,    2.7202,    2.6824,    2.7855,    7.0407,    6.6924,    6.6168,    6.4164,    5.9267,    5.5583,    4.8792,    4.4885,    4.3140,    3.7809,    2.9042,    2.6971,    2.0792,    2.0274,    1.5458,    1.4753,    0.9946,    0.7217,    0.5831,    0.2340,    0.2062,    0.1464,    0.0507,    0.0412
   71,    0.1500,  227.3714,    0.1589,  124.4938,  124.8102,    0.9715,   -0.7913,  158.4330,  175.3373,  176.2176,  177.1861,  178.3896,  179.2857,  180.3433,  181.5321,  182.7745,  184.2493,  186.2746,  189.1311,  193.1190,  198.4199,  204.7500,  210.9599,  216.2144,  220.1003,  222.8873,  224.6951,  225.7103,  226.3317,  226.6998,  226.8936,  226.9699,    0.0722,    0.2736,    0.5785,    0.9570,    1.3832,    1.8349,    2.2932,    2.7369,    3.0780,    3.4580,    3.8337,    4.1772,    3.6483,    3.6607,    3.7977,    3.8366,    3.5646,    3.2274,    3.0151,    2.9454,    3.0029,    3.1802,    3.3983,    3.4311,    1.1895,    1.1824,    1.1768,    1.1524,    1.1379,    1.1051,    1.0294,    1.0307,    0.9905,    0.8878,    0.8806,    0.7515,    0.5073,    0.4537,    0.3997,    0.3908,    0.3711,    0.3273,    0.3612,    0.3614,    0.3727,    0.3983,    0.4429,    0.4894,    0.5759,    0.6078,    0.5364,    0.6329,    0.6244,    0.6231,    0.6216,    0.6578,    0.6716,    0.6764,    0.6743,    0.6667,    1.8327,    1.7994,    1.7337,    1.6900,    1.6159,    1.5584,    1.5013,    1.4288,    1.3564,    1.2868,    1.1829,    1.1233,    1.6088,    1.4773,    1.3445,    1.2315,    1.0822,    0.9919,    0.8242,    0.7461,    0.6625,    0.5968,    0.5630,    0.5060,    1.2524,    0.9107,    0.6765,    0.4995,    0.3576,    0.2459,    0.1706,    0.1134,    0.0750,    0.0497,    0.0317,    0.0226,    0.0917,    0.0476,    0.0814,    0.0955,    0.1072,    0.0996,    0.1093,    0.1225,    0.1078,    0.1484,    0.1313,    0.1416,    0.1562,    0.1272,    0.1849,    0.2051,    0.1717,    0.1920,    0.2056,    0.2236,    0.2389,    0.1686,    0.2662,    0.2810,    0.3453,    0.3691,    0.3821,    0.4062,    0.4133,    0.4323,    0.4355,    0.4850,    0.5186,    0.5020,    0.5326,    0.5424,    0.9214,    1.0062,    1.0555,    1.0892,    1.1102,    1.2050,    1.1324,    1.1949,    1.1596,    1.2239,    1.1605,    1.2434,    2.6791,    2.6406,    2.7030,    2.7494,    2.7766,    2.6674,    2.7610,    2.8314,    2.8889,    2.6862,    2.6475,    2.7493,    6.9499,    6.5679,    6.4941,    6.2977,    5.8176,    5.4564,    4.7903,    4.4073,    4.2366,    3.7137,    2.8531,    2.6503,    2.0438,    1.8117,    1.3818,    1.3193,    0.8898,    0.6460,    0.5222,    0.2097,    0.1849,    0.1314,    0.0456,    0.0371,    0.0021,    0.0080,    0.0167,    0.0272,    0.0389,    0.0509,    0.0628,    0.0782,    0.0269,    0.0372,    0.1185,    0.3294,    0.3256,    0.3436,    0.6846,    1.4724,    2.4148,    3.0936,    3.4391,    3.5478,    3.4344,    3.0159,    2.2190,    1.5964,    0.5033,    0.4751,    0.4944,    0.5592,    0.6469,    0.7256,    0.9592,    0.9618,    1.0199,    1.1217,    1.1526,    1.2468,    0.9601,    0.9546,    0.9484,    0.9383,    0.9293,    0.9220,    0.9093,    0.8987,    0.8875,    0.8750,    0.8594,    0.8370,    0.8172,    0.7185,    0.7616,    0.5698,    0.5710,    0.5567,    0.5000,    0.3541,    0.3010,    0.2342,    0.1976,    0.1836,    0.4673,    0.3861,    0.3264,    0.2105,    0.1925,    0.1205,    0.0922,    0.0917,    0.0975,    0.1010,    0.1702,    0.1573,    0.3615,    0.3311,    0.3182,    0.2781,    0.3115,    0.2591,    0.3432,    0.3099,    0.3080,    0.2791,    0.2190,    0.1981,    0.4606,    0.3109,    0.1888,    0.1065,    0.0660,    0.0497,    0.0340,    0.0284,    0.0225,    0.0173,    0.0139,    0.0077,    0.0148,    0.0000,    0.0389,    0.0747,    0.0845,    0.0773,    0.0867,    0.0973,    0.0866,    0.1192,    0.1054,    0.1225,    0.1344,    0.1091,    0.1576,    0.1720,    0.1258,    0.0809,    0.0095,    0.0215,    0.1057,    0.1272,    0.2226,    0.2337,    0.2893,    0.3094,    0.3203,    0.3403,    0.3646,    0.3731,    0.3469,    0.3154,    0.2778,    0.3322,    0.4617,    0.4685,    0.8312,    0.9080,    0.9507,    0.9645,    0.9470,    1.0505,    1.0091,    1.1139,    1.0240,    1.1584,    1.0954,    1.1657,    2.5249,    2.4637,    2.5585,    2.5766,    2.5934,    2.5002,    2.5883,    2.6543,    2.7082,    2.5168,    2.4818,    2.5772,    6.5144,    6.1852,    6.1153,    5.9301,    5.4776,    5.1370,    4.5095,    4.1484,    3.9871,    3.4944,    2.6841,    2.4927,    1.9217,    1.9300,    1.4715,    1.4044,    0.9468,    0.6871,    0.5551,    0.2228,    0.1963,    0.1394,    0.0483,    0.0393
  363,    0.2000,  228.2023,    0.1440,  126.7867,  127.0124,    0.9609,    0.8557,  158.4330,  179.7943,  180.6996,  181.6915,  182.8119,  183.7953,  184.9161,  186.2266,  187.5975,  189.2043,  191.3044,  194.2010,  198.2042,  203.6278,  210.0086,  216.2029,  221.2044,  224.7007,  227.0025,  228.2063,  228.7094,  228.7104,  228.6061,  228.5091,  228.4363,    0.0731,    0.2773,    0.5865,    0.9707,    1.4035,    1.8626,    2.3288,    2.7786,    3.0915,    3.4723,    3.8665,    4.2396,    3.6506,    3.6100,    3.7835,    3.8697,    3.6005,    3.2725,    3.0724,    3.0111,    3.0696,    3.2379,    3.4318,    3.4257,    1.1833,    1.1736,    1.1728,    1.1537,    1.1513,    1.1254,    1.0715,    1.0784,    1.0429,    0.9479,    0.9463,    0.8254,    0.5652,    0.5105,    0.4535,    0.4453,    0.4236,    0.3743,    0.4132,    0.4134,    0.4248,    0.4503,    0.4947,    0.5385,    0.6209,    0.6442,    0.5767,    0.6575,    0.6502,    0.6491,    0.6421,    0.6655,    0.6793,    0.6790,    0.6743,    0.6660,    1.8477,    1.8225,    1.7536,    1.7034,    1.6289,    1.5646,    1.5106,    1.4385,    1.3668,    1.2978,    1.1923,    1.1324,    1.6292,    1.4999,    1.3671,    1.2514,    1.0986,    1.0055,    0.8338,    0.7552,    0.6750,    0.6086,    0.5760,    0.5182,    1.2826,    0.9326,    0.6972,    0.5165,    0.3704,    0.2550,    0.1772,    0.1183,    0.0785,    0.0524,    0.0334,    0.0237,    0.0918,    0.0474,    0.0824,    0.0976,    0.1096,    0.1018,    0.1117,    0.1253,    0.1103,    0.1518,    0.1342,    0.1446,    0.1595,    0.1299,    0.1888,    0.2093,    0.1753,    0.1938,    0.2053,    0.2234,    0.2416,    0.1723,    0.2721,    0.2871,    0.3529,    0.3772,    0.3905,    0.4151,    0.4222,    0.4413,    0.4437,    0.4917,    0.5241,    0.5091,    0.5437,    0.5537,    0.9400,    1.0265,    1.0767,    1.1107,    1.1309,    1.2282,    1.1549,    1.2171,    1.1794,    1.2470,    1.1824,    1.2666,    2.7295,    2.6897,    2.7541,    2.8017,    2.8291,    2.7181,    2.8135,    2.8853,    2.9439,    2.7372,    2.6979,    2.8016,    7.0822,    6.6803,    6.6052,    6.4057,    5.9174,    5.5502,    4.8728,    4.4833,    4.3098,    3.7780,    2.9027,    2.6966,    2.0796,    1.8302,    1.3960,    1.3330,    0.8992,    0.6529,    0.5278,    0.2120,    0.1870,    0.1329,    0.0461,    0.0375,    0.0029,    0.0110,    0.0231,    0.0379,    0.0543,    0.0715,    0.0885,    0.1105,    0.0361,    0.0498,    0.1647,    0.4586,    0.4432,    0.4545,    0.9201,    1.9271,    2.9839,    3.6356,    3.9279,    4.0154,    3.9316,    3.5844,    2.7951,    2.0617,    0.6550,    0.6160,    0.6349,    0.6979,    0.7857,    0.8573,    1.0723,    1.0716,    1.1225,    1.2023,    1.2308,    1.3018,    0.9952,    0.9854,    0.9747,    0.9648,    0.9547,    0.9432,    0.9346,    0.9246,    0.9148,    0.9048,    0.8944,    0.8787,    0.8746,    0.7836,    0.8143,    0.6365,    0.6372,    0.6241,    0.5642,    0.4183,    0.3677,    0.2955,    0.2563,    0.2409,    0.6269,    0.5231,    0.4547,    0.2943,    0.2710,    0.1647,    0.1254,    0.1243,    0.1325,    0.1357,    0.2322,    0.2151,    0.5073,    0.4732,    0.4504,    0.3873,    0.4361,    0.3704,    0.4788,    0.4334,    0.4319,    0.3918,    0.3094,    0.2798,    0.6630,    0.4498,    0.2848,    0.1645,    0.1034,    0.0782,    0.0540,    0.0439,    0.0342,    0.0256,    0.0204,    0.0120,    0.0125,    0.0000,    0.0336,    0.0662,    0.0749,    0.0685,    0.0769,    0.0864,    0.0769,    0.1060,    0.0937,    0.1110,    0.1218,    0.0989,    0.1427,    0.1558,    0.1099,    0.0696,    0.0080,    0.0182,    0.0916,    0.1113,    0.2001,    0.2100,    0.2600,    0.2781,    0.2879,    0.3059,    0.3328,    0.3404,    0.3156,    0.2869,    0.2525,    0.3024,    0.4210,    0.4274,    0.7616,    0.8320,    0.8712,    0.8834,    0.8671,    0.9621,    0.9244,    1.0332,    0.9496,    1.0748,    1.0163,    1.0814,    2.3426,    2.2854,    2.3739,    2.3840,    2.3995,    2.3133,    2.3948,    2.4559,    2.5057,    2.3287,    2.2963,    2.3846,    6.0275,    5.7168,    5.6522,    5.4810,    5.0628,    4.7481,    4.1680,    3.8343,    3.6852,    3.2298,    2.4809,    2.3040,    1.7762,    1.8375,    1.4010,    1.3371,    0.9015,    0.6542,    0.5285,    0.2121,    0.1869,    0.1327,    0.0460,    0.0374
  710,    0.3000,  230.2016,    0.1202,  130.4469,  130.5487,    0.9272,    0.7724,  158.4330,  184.2523,  185.1987,  186.2052,  187.2960,  188.2967,  189.4108,  190.7999,  192.2014,  193.8548,  196.1011,  199.1061,  203.4006,  209.2028,  215.9998,  222.5783,  227.5525,  230.6054,  232.3997,  233.0379,  233.0107,  232.4190,  231.9077,  231.3586,  231.2004,    0.0751,    0.2849,    0.6031,    0.9989,    1.4454,    1.9199,    2.4025,    2.8654,    3.1231,    3.5067,    3.9390,    4.3675,    3.6658,    3.5257,    3.7765,    3.9358,    3.6559,    3.3236,    3.1249,    3.0663,    3.1276,    3.2999,    3.4940,    3.4498,    1.1858,    1.1716,    1.1769,    1.1633,    1.1752,    1.1556,    1.1233,    1.1369,    1.1053,    1.0165,    1.0204,    0.9052,    0.6267,    0.5701,    0.5090,    0.5015,    0.4779,    0.4231,    0.4667,    0.4671,    0.4788,    0.5047,    0.5496,    0.5914,    0.6704,    0.6848,    0.6214,    0.6858,    0.6798,    0.6807,    0.6675,    0.6769,    0.6943,    0.6878,    0.6800,    0.6707,    1.8904,    1.8786,    1.8056,    1.7424,    1.6669,    1.5865,    1.5379,    1.4662,    1.3959,    1.3275,    1.2203,    1.1596,    1.6859,    1.5599,    1.4255,    1.3031,    1.1437,    1.0460,    0.8657,    0.7852,    0.7071,    0.6386,    0.6076,    0.5476,    1.3587,    0.9902,    0.7490,    0.5591,    0.4030,    0.2785,    0.1944,    0.1307,    0.0872,    0.0588,    0.0376,    0.0265,    0.0920,    0.0471,    0.0838,    0.1006,    0.1130,    0.1049,    0.1152,    0.1292,    0.1138,    0.1567,    0.1385,    0.1492,    0.1645,    0.1340,    0.1947,    0.2157,    0.1802,    0.1960,    0.2048,    0.2231,    0.2452,    0.1774,    0.2808,    0.2962,    0.3642,    0.3893,    0.4030,    0.4284,    0.4359,    0.4552,    0.4564,    0.5020,    0.5325,    0.5201,    0.5610,    0.5712,    0.9691,    1.0584,    1.1101,    1.1443,    1.1634,    1.2646,    1.1902,    1.2531,    1.2115,    1.2846,    1.2179,    1.3043,    2.8113,    2.7693,    2.8371,    2.8859,    2.9138,    2.7999,    2.8981,    2.9721,    3.0325,    2.8196,    2.7791,    2.8860,    7.2955,    6.8609,    6.7840,    6.5792,    6.0779,    5.7010,    5.0054,    4.6056,    4.4277,    3.8816,    2.9826,    2.7711,    2.1374,    1.8626,    1.4209,    1.3571,    0.9156,    0.6650,    0.5378,    0.2161,    0.1907,    0.1356,    0.0471,    0.0383,    0.0045,    0.0170,    0.0358,    0.0590,    0.0849,    0.1121,    0.1395,    0.1745,    0.0547,    0.0754,    0.2580,    0.7117,    0.6738,    0.6688,    1.3620,    2.6803,    3.7713,    4.2808,    4.4677,    4.5220,    4.4824,    4.2754,    3.6353,    2.8335,    0.9127,    0.8587,    0.8751,    0.9300,    1.0118,    1.0683,    1.2442,    1.2385,    1.2761,    1.3245,    1.3473,    1.3885,    1.0542,    1.0399,    1.0242,    1.0146,    1.0030,    0.9861,    0.9828,    0.9734,    0.9653,    0.9579,    0.9529,    0.9440,    0.9595,    0.8810,    0.8959,    0.7406,    0.7400,    0.7284,    0.6665,    0.5260,    0.4826,    0.4057,    0.3642,    0.3470,    0.9269,    0.7857,    0.7047,    0.4626,    0.4300,    0.2550,    0.1941,    0.1911,    0.2038,    0.2058,    0.3560,    0.3315,    0.7921,    0.7516,    0.7085,    0.6019,    0.6755,    0.5880,    0.7274,    0.6609,    0.6549,    0.5952,    0.4792,    0.4340,    1.0496,    0.7215,    0.4783,    0.2864,    0.1839,    0.1396,    0.0975,    0.0771,    0.0592,    0.0432,    0.0338,    0.0213,    0.0091,    0.0000,    0.0252,    0.0520,    0.0589,    0.0538,    0.0604,    0.0683,    0.0608,    0.0837,    0.0740,    0.0912,    0.1000,    0.0812,    0.1172,    0.1278,    0.0839,    0.0522,    0.0058,    0.0134,    0.0693,    0.0852,    0.1617,    0.1696,    0.2101,    0.2247,    0.2326,    0.2472,    0.2772,    0.2834,    0.2619,    0.2380,    0.2092,    0.2511,    0.3503,    0.3559,    0.6395,    0.6986,    0.7315,    0.7415,    0.7274,    0.8074,    0.7760,    0.8891,    0.8171,    0.9254,    0.8750,    0.9309,    2.0168,    1.9670,    2.0438,    2.0411,    2.0543,    1.9806,    2.0504,    2.1027,    2.1454,    1.9938,    1.9661,    2.0416,    5.1606,    4.8849,    4.8298,    4.6835,    4.3261,    4.0572,    3.5616,    3.2764,    3.1491,    2.7599,    2.1200,    1.9689,    1.5178,    1.6659,    1.2702,    1.2123,    0.8174,    0.5931,    0.4792,    0.1923,    0.1695,    0.1203,    0.0417,    0.0339
  834,    0.4000,  231.3212,    0.1024,  133.0979,  133.1810,    0.9749,    0.8628,  158.4330,  187.2492,  188.2051,  189.2241,  190.3019,  191.3092,  192.4915,  193.8001,  195.2790,  197.0016,  199.4023,  202.6045,  207.2134,  213.3968,  220.5978,  227.2572,  231.9881,  234.5425,  235.7348,  235.9113,  235.5295,  234.7061,  233.9512,  233.0635,  232.8153,    0.0768,    0.2913,    0.6169,    1.0223,    1.4800,    1.9668,    2.4626,    2.9350,    3.1323,    3.5144,    3.9832,    4.4643,    3.6599,    3.4230,    3.7634,    3.9932,    3.7075,    3.3695,    3.1701,    3.1132,    3.1766,    3.3531,    3.5556,    3.4895,    1.1950,    1.1763,    1.1855,    1.1749,    1.1962,    1.1799,    1.1613,    1.1789,    1.1497,    1.0656,    1.0732,    0.9634,    0.6727,    0.6149,    0.5504,    0.5435,    0.5183,    0.4589,    0.5067,    0.5073,    0.5193,    0.5454,    0.5902,    0.6292,    0.7042,    0.7115,    0.6524,    0.7027,    0.6977,    0.7006,    0.6832,    0.6819,    0.7040,    0.6926,    0.6825,    0.6726,    1.9215,    1.9180,    1.8420,    1.7599,    1.6838,    1.5799,    1.5348,    1.4644,    1.3973,    1.3305,    1.2306,    1.1696,    1.7290,    1.6075,    1.4716,    1.3414,    1.1816,    1.0801,    0.8975,    0.8149,    0.7376,    0.6669,    0.6361,    0.5740,    1.4269,    1.0416,    0.7937,    0.5946,    0.4297,    0.2981,    0.2089,    0.1412,    0.0947,    0.0643,    0.0413,    0.0291,    0.0920,    0.0470,    0.0845,    0.1025,    0.1152,    0.1069,    0.1175,    0.1318,    0.1161,    0.1598,    0.1413,    0.1523,    0.1680,    0.1368,    0.1987,    0.2201,    0.1832,    0.1972,    0.2044,    0.2228,    0.2473,    0.1805,    0.2866,    0.3023,    0.3718,    0.3974,    0.4114,    0.4373,    0.4456,    0.4651,    0.4652,    0.5092,    0.5383,    0.5278,    0.5732,    0.5836,    0.9902,    1.0814,    1.1341,    1.1685,    1.1867,    1.2908,    1.2156,    1.2802,    1.2357,    1.3129,    1.2447,    1.3328,    2.8730,    2.8293,    2.8998,    2.9488,    2.9771,    2.8610,    2.9614,    3.0370,    3.0987,    2.8811,    2.8398,    2.9491,    7.4549,    6.9955,    6.9172,    6.7085,    6.1976,    5.8134,    5.1043,    4.6968,    4.5156,    3.9590,    3.0423,    2.8268,    2.1806,    1.8897,    1.4418,    1.3773,    0.9294,    0.6752,    0.5462,    0.2195,    0.1938,    0.1378,    0.0479,    0.0390,    0.0061,    0.0230,    0.0485,    0.0802,    0.1157,    0.1533,    0.1913,    0.2396,    0.0731,    0.1008,    0.3528,    0.9607,    0.8966,    0.8673,    1.7647,    3.2653,    4.2542,    4.6132,    4.7290,    4.7660,    4.7522,    4.6416,    4.1843,    3.4287,    1.1176,    1.0553,    1.0685,    1.1131,    1.1852,    1.2272,    1.3646,    1.3561,    1.3815,    1.4057,    1.4227,    1.4415,    1.0905,    1.0734,    1.0545,    1.0453,    1.0328,    1.0120,    1.0125,    1.0036,    0.9964,    0.9906,    0.9889,    0.9840,    1.0129,    0.9459,    0.9493,    0.8158,    0.8140,    0.8033,    0.7423,    0.6113,    0.5768,    0.5002,    0.4589,    0.4410,    1.1984,    1.0302,    0.9411,    0.6267,    0.5862,    0.3425,    0.2607,    0.2556,    0.2727,    0.2730,    0.4751,    0.4441,    1.0595,    1.0136,    0.9503,    0.8049,    0.8941,    0.7900,    0.9387,    0.8550,    0.8393,    0.7640,    0.6281,    0.5697,    1.3942,    0.9705,    0.6625,    0.4086,    0.2668,    0.2025,    0.1425,    0.1109,    0.0843,    0.0607,    0.0468,    0.0306,    0.0066,    0.0000,    0.0189,    0.0408,    0.0463,    0.0423,    0.0475,    0.0540,    0.0480,    0.0662,    0.0585,    0.0749,    0.0821,    0.0667,    0.0962,    0.1050,    0.0642,    0.0395,    0.0042,    0.0100,    0.0526,    0.0653,    0.1307,    0.1371,    0.1698,    0.1816,    0.1880,    0.1998,    0.2309,    0.2360,    0.2175,    0.1978,    0.1737,    0.2088,    0.2916,    0.2964,    0.5371,    0.5867,    0.6144,    0.6226,    0.6105,    0.6778,    0.6516,    0.7653,    0.7033,    0.7968,    0.7534,    0.8015,    1.7365,    1.6934,    1.7598,    1.7479,    1.7591,    1.6960,    1.7558,    1.8006,    1.8371,    1.7073,    1.6836,    1.7483,    4.4191,    4.1757,    4.1286,    4.0036,    3.6981,    3.4683,    3.0446,    2.8009,    2.6920,    2.3594,    1.8123,    1.6832,    1.2976,    1.5108,    1.1520,    1.0995,    0.7413,    0.5380,    0.4347,    0.1745,    0.1538,    0.1092,    0.0378,    0.0308
  899,    0.5000,  231.9034,    0.0892,  135.1119,  135.1436,    0.9779,    0.8610,  158.4330,  189.5424,  190.5050,  191.5248,  192.6076,  193.5164,  194.7063,  196.0063,  197.5135,  199.3946,  201.8992,  205.4026,  210.3029,  216.8042,  224.2049,  230.8064,  235.1079,  237.2069,  237.8972,  237.6065,  236.9704,  235.9304,  235.0697,  234.0593,  233.6887,    0.0782,    0.2970,    0.6290,    1.0427,    1.5101,    2.0075,    2.5145,    2.9944,    3.1292,    3.5075,    4.0119,    4.5419,    3.6453,    3.3168,    3.7525,    4.0416,    3.7483,    3.4048,    3.2053,    3.1500,    3.2148,    3.3937,    3.6058,    3.5325,    1.2071,    1.1848,    1.1963,    1.1873,    1.2144,    1.2000,    1.1900,    1.2102,    1.1827,    1.1023,    1.1125,    1.0075,    0.7083,    0.6500,    0.5829,    0.5767,    0.5502,    0.4869,    0.5382,    0.5389,    0.5512,    0.5773,    0.6213,    0.6574,    0.7279,    0.7296,    0.6747,    0.7132,    0.7087,    0.7136,    0.6933,    0.6840,    0.7112,    0.6964,    0.6847,    0.6743,    1.9482,    1.9497,    1.8714,    1.7682,    1.6918,    1.5596,    1.5163,    1.4476,    1.3848,    1.3198,    1.2335,    1.1724,    1.7662,    1.6488,    1.5115,    1.3735,    1.2154,    1.1110,    0.9268,    0.8422,    0.7639,    0.6914,    0.6609,    0.5970,    1.4865,    1.0872,    0.8327,    0.6255,    0.4529,    0.3153,    0.2215,    0.1505,    0.1013,    0.0692,    0.0446,    0.0313,    0.0919,    0.0468,    0.0849,    0.1038,    0.1166,    0.1081,    0.1189,    0.1334,    0.1175,    0.1618,    0.1431,    0.1545,    0.1704,    0.1388,    0.2015,    0.2231,    0.1850,    0.1979,    0.2040,    0.2224,    0.2485,    0.1823,    0.2905,    0.3064,    0.3769,    0.4029,    0.4170,    0.4433,    0.4526,    0.4721,    0.4715,    0.5143,    0.5423,    0.5332,    0.5819,    0.5924,    1.0054,    1.0980,    1.1514,    1.1859,    1.2034,    1.3096,    1.2339,    1.3007,    1.2540,    1.3344,    1.2649,    1.3543,    2.9197,    2.8747,    2.9471,    2.9959,    3.0244,    2.9067,    3.0087,    3.0855,    3.1482,    2.9271,    2.8852,    2.9962,    7.5742,    7.0958,    7.0165,    6.8049,    6.2868,    5.8972,    5.1781,    4.7649,    4.5813,    4.0168,    3.0869,    2.8685,    2.2130,    1.9123,    1.4593,    1.3942,    0.9411,    0.6838,    0.5533,    0.2224,    0.1964,    0.1398,    0.0486,    0.0396,    0.0076,    0.0289,    0.0611,    0.1011,    0.1463,    0.1941,    0.2428,    0.3046,    0.0913,    0.1257,    0.4474,    1.2006,    1.1088,    1.0502,    2.1253,    3.7069,    4.5427,    4.7847,    4.8594,    4.8880,    4.8880,    4.8345,    4.5307,    3.8740,    1.2760,    1.2109,    1.2207,    1.2547,    1.3157,    1.3450,    1.4478,    1.4380,    1.4528,    1.4587,    1.4701,    1.4719,    1.1110,    1.0923,    1.0717,    1.0627,    1.0497,    1.0266,    1.0293,    1.0207,    1.0140,    1.0091,    1.0093,    1.0070,    1.0452,    0.9887,    0.9834,    0.8701,    0.8672,    0.8569,    0.7984,    0.6788,    0.6532,    0.5800,    0.5404,    0.5224,    1.4364,    1.2502,    1.1562,    0.7816,    0.7346,    0.4253,    0.3239,    0.3166,    0.3379,    0.3362,    0.5865,    0.5499,    1.2990,    1.2476,    1.1655,    0.9880,    1.0834,    0.9671,    1.1070,    1.0100,    0.9812,    0.8940,    0.7497,    0.6809,    1.6787,    1.1816,    0.8235,    0.5209,    0.3450,    0.2614,    0.1849,    0.1420,    0.1069,    0.0765,    0.0580,    0.0389,    0.0049,    0.0000,    0.0142,    0.0321,    0.0364,    0.0333,    0.0373,    0.0427,    0.0380,    0.0523,    0.0463,    0.0615,    0.0675,    0.0548,    0.0790,    0.0862,    0.0492,    0.0300,    0.0032,    0.0075,    0.0401,    0.0501,    0.1056,    0.1108,    0.1373,    0.1469,    0.1520,    0.1615,    0.1924,    0.1966,    0.1809,    0.1645,    0.1444,    0.1737,    0.2429,    0.2469,    0.4512,    0.4929,    0.5161,    0.5229,    0.5127,    0.5693,    0.5473,    0.6589,    0.6055,    0.6862,    0.6488,    0.6902,    1.4954,    1.4581,    1.5156,    1.4970,    1.5066,    1.4527,    1.5038,    1.5422,    1.5735,    1.4623,    1.4420,    1.4974,    3.7850,    3.5711,    3.5308,    3.4239,    3.1627,    2.9662,    2.6038,    2.3954,    2.3023,    2.0179,    1.5500,    1.4396,    1.1098,    1.3706,    1.0451,    0.9976,    0.6726,    0.4881,    0.3944,    0.1583,    0.1395,    0.0991,    0.0343,    0.0279
  998,    0.7500,  232.0031,    0.0689,  138.2336,  138.1468,    0.9621,    0.8584,  158.4330,  193.5404,  194.5154,  195.5139,  196.4035,  197.3098,  198.4037,  199.7932,  201.4096,  203.5007,  206.4269,  210.5887,  216.1990,  223.2108,  230.7982,  236.6961,  239.7310,  240.6105,  240.3029,  239.2090,  238.0224,  236.8159,  235.8634,  234.6409,  234.2805,    0.0813,    0.3086,    0.6540,    1.0844,    1.5711,    2.0894,    2.6181,    3.1104,    3.0879,    3.4507,    4.0407,    4.6764,    3.5931,    3.0601,    3.7362,    4.1246,    3.8129,    3.4640,    3.2674,    3.2161,    3.2830,    3.4621,    3.6860,    3.6194,    1.2349,    1.2079,    1.2219,    1.2138,    1.2476,    1.2346,    1.2363,    1.2600,    1.2349,    1.1623,    1.1759,    1.0820,    0.7714,    0.7136,    0.6424,    0.6376,    0.6087,    0.5377,    0.5959,    0.5970,    0.6094,    0.6344,    0.6745,    0.7026,    0.7617,    0.7530,    0.7084,    0.7235,    0.7198,    0.7285,    0.7051,    0.6833,    0.7226,    0.7036,    0.6899,    0.6789,    1.9997,    2.0060,    1.9245,    1.7694,    1.6928,    1.4799,    1.4344,    1.3706,    1.3212,    1.2614,    1.2256,    1.1648,    1.8377,    1.7272,    1.5864,    1.4332,    1.2803,    1.1713,    0.9799,    0.8917,    0.8082,    0.7325,    0.7046,    0.6375,    1.5916,    1.1703,    0.9027,    0.6822,    0.4958,    0.3471,    0.2452,    0.1677,    0.1134,    0.0780,    0.0503,    0.0354,    0.0916,    0.0466,    0.0853,    0.1052,    0.1182,    0.1096,    0.1206,    0.1354,    0.1193,    0.1642,    0.1452,    0.1575,    0.1737,    0.1414,    0.2053,    0.2272,    0.1870,    0.1983,    0.2032,    0.2216,    0.2495,    0.1844,    0.2955,    0.3116,    0.3834,    0.4099,    0.4243,    0.4510,    0.4623,    0.4820,    0.4801,    0.5212,    0.5477,    0.5406,    0.5940,    0.6048,    1.0272,    1.1219,    1.1764,    1.2110,    1.2275,    1.3367,    1.2603,    1.3326,    1.2823,    1.3678,    1.2964,    1.3877,    2.9923,    2.9452,    3.0209,    3.0680,    3.0968,    2.9767,    3.0812,    3.1598,    3.2241,    2.9976,    2.9548,    3.0684,    7.7568,    7.2485,    7.1677,    6.9519,    6.4228,    6.0252,    5.2908,    4.8690,    4.6818,    4.1054,    3.1554,    2.9325,    2.2628,    1.9542,    1.4917,    1.4256,    0.9626,    0.6998,    0.5665,    0.2279,    0.2014,    0.1434,    0.0499,    0.0407,    0.0113,    0.0431,    0.0914,    0.1517,    0.2200,    0.2930,    0.3676,    0.4622,    0.1352,    0.1855,    0.6775,    1.7462,    1.5844,    1.4424,    2.8485,    4.3556,    4.8235,    4.9116,    4.9454,    4.9655,    4.9770,    4.9789,    4.8940,    4.5106,    1.5165,    1.4584,    1.4607,    1.4733,    1.5078,    1.5144,    1.5542,    1.5440,    1.5403,    1.5183,    1.5195,    1.4948,    1.1250,    1.1045,    1.0817,    1.0731,    1.0594,    1.0331,    1.0390,    1.0307,    1.0248,    1.0209,    1.0234,    1.0244,    1.0755,    1.0388,    1.0199,    0.9475,    0.9423,    0.9321,    0.8824,    0.7913,    0.7842,    0.7249,    0.6917,    0.6748,    1.8842,    1.6828,    1.5845,    1.1146,    1.0557,    0.6062,    0.4624,    0.4495,    0.4804,    0.4731,    0.8219,    0.7750,    1.7561,    1.6871,    1.5674,    1.3421,    1.4181,    1.2851,    1.3571,    1.2408,    1.1762,    1.0730,    0.9372,    0.8524,    2.1223,    1.5265,    1.0988,    0.7316,    0.4983,    0.3738,    0.2662,    0.1992,    0.1469,    0.1039,    0.0762,    0.0526,    0.0024,    0.0000,    0.0070,    0.0176,    0.0200,    0.0183,    0.0205,    0.0238,    0.0212,    0.0291,    0.0258,    0.0377,    0.0413,    0.0336,    0.0484,    0.0528,    0.0254,    0.0153,    0.0016,    0.0038,    0.0206,    0.0259,    0.0622,    0.0652,    0.0809,    0.0865,    0.0895,    0.0951,    0.1221,    0.1247,    0.1145,    0.1041,    0.0914,    0.1101,    0.1540,    0.1567,    0.2922,    0.3192,    0.3343,    0.3385,    0.3318,    0.3685,    0.3544,    0.4537,    0.4170,    0.4727,    0.4469,    0.4754,    1.0302,    1.0043,    1.0441,    1.0176,    1.0241,    0.9874,    1.0222,    1.0483,    1.0696,    0.9940,    0.9802,    1.0179,    2.5728,    2.4207,    2.3934,    2.3210,    2.1439,    2.0107,    1.7651,    1.6239,    1.5608,    1.3680,    1.0509,    0.9760,    0.7525,    1.0761,    0.8206,    0.7833,    0.5282,    0.3834,    0.3098,    0.1244,    0.1096,    0.0779,    0.0270,    0.0220
  970,    1.0000,  230.9324,    0.0590,  139.7458,  139.6108,    0.9842,    0.9395,  158.4330,  196.0731,  197.0234,  198.0026,  198.7237,  199.6072,  200.8006,  202.1977,  203.9962,  206.3969,  209.7093,  214.4041,  220.5962,  227.8913,  235.0965,  239.9610,  241.8043,  241.6947,  240.4861,  238.8083,  237.3028,  235.9175,  234.9671,  233.7457,  233.3952,    0.0837,    0.3178,    0.6734,    1.1165,    1.6176,    2.1513,    2.6957,    3.1946,    3.0192,    3.3621,    4.0340,    4.7548,    3.5375,    2.8336,    3.7321,    4.1715,    3.8499,    3.5030,    3.3103,    3.2623,    3.3304,    3.5073,    3.7307,    3.6728,    1.2537,    1.2255,    1.2400,    1.2316,    1.2675,    1.2548,    1.2627,    1.2878,    1.2642,    1.1979,    1.2125,    1.1276,    0.8125,    0.7568,    0.6841,    0.6808,    0.6502,    0.5733,    0.6368,    0.6380,    0.6498,    0.6726,    0.7073,    0.7273,    0.7762,    0.7610,    0.7252,    0.7236,    0.7200,    0.7313,    0.7077,    0.6797,    0.7290,    0.7091,    0.6948,    0.6838,    2.0357,    2.0422,    1.9593,    1.7611,    1.6848,    1.3881,    1.3329,    1.2741,    1.2402,    1.1853,    1.2120,    1.1517,    1.8860,    1.7784,    1.6348,    1.4728,    1.3220,    1.2105,    1.0100,    0.9197,    0.8318,    0.7544,    0.7292,    0.6602,    1.6503,    1.2184,    0.9431,    0.7166,    0.5224,    0.3666,    0.2597,    0.1780,    0.1204,    0.0831,    0.0535,    0.0377,    0.0914,    0.0464,    0.0853,    0.1057,    0.1188,    0.1101,    0.1212,    0.1360,    0.1199,    0.1651,    0.1459,    0.1587,    0.1749,    0.1424,    0.2068,    0.2288,    0.1875,    0.1982,    0.2025,    0.2210,    0.2496,    0.1850,    0.2974,    0.3136,    0.3859,    0.4125,    0.4270,    0.4539,    0.4665,    0.4862,    0.4838,    0.5240,    0.5498,    0.5436,    0.5992,    0.6101,    1.0369,    1.1325,    1.1875,    1.2221,    1.2380,    1.3486,    1.2719,    1.3483,    1.2962,    1.3843,    1.3121,    1.4043,    3.0283,    2.9801,    3.0575,    3.1029,    3.1318,    3.0105,    3.1162,    3.1958,    3.2608,    3.0317,    2.9884,    3.1034,    7.8453,    7.3220,    7.2406,    7.0228,    6.4885,    6.0870,    5.3454,    4.9195,    4.7307,    4.1485,    3.1888,    2.9639,    2.2873,    1.9811,    1.5126,    1.4459,    0.9766,    0.7102,    0.5752,    0.2315,    0.2046,    0.1458,    0.0507,    0.0414,    0.0148,    0.0563,    0.1196,    0.1989,    0.2890,    0.3855,    0.4846,    0.6101,    0.1762,    0.2410,    0.8939,    2.2084,    1.9804,    1.7535,    3.3524,    4.6066,    4.8356,    4.8688,    4.8887,    4.9032,    4.9143,    4.9279,    4.9228,    4.7297,    1.6122,    1.5683,    1.5654,    1.5645,    1.5794,    1.5730,    1.5766,    1.5674,    1.5534,    1.5186,    1.5133,    1.4750,    1.1084,    1.0874,    1.0643,    1.0557,    1.0419,    1.0148,    1.0217,    1.0134,    1.0078,    1.0042,    1.0072,    1.0095,    1.0661,    1.0427,    1.0168,    0.9738,    0.9668,    0.9565,    0.9159,    0.8491,    0.8542,    0.8093,    0.7828,    0.7673,    2.1526,    1.9622,    1.8651,    1.3659,    1.2993,    0.7485,    0.5718,    0.5536,    0.5929,    0.5797,    0.9955,    0.9418,    2.0264,    1.9367,    1.7932,    1.5563,    1.5852,    1.4468,    1.4342,    1.3118,    1.2204,    1.1132,    0.9998,    0.9095,    2.2722,    1.6574,    1.2147,    0.8404,    0.5845,    0.4328,    0.3089,    0.2262,    0.1635,    0.1149,    0.0818,    0.0571,    0.0012,    0.0000,    0.0035,    0.0097,    0.0110,    0.0101,    0.0113,    0.0133,    0.0118,    0.0163,    0.0144,    0.0232,    0.0254,    0.0206,    0.0297,    0.0324,    0.0132,    0.0079,    0.0008,    0.0020,    0.0107,    0.0135,    0.0367,    0.0385,    0.0478,    0.0511,    0.0529,    0.0562,    0.0776,    0.0793,    0.0727,    0.0661,    0.0581,    0.0699,    0.0979,    0.0996,    0.1897,    0.2072,    0.2170,    0.2197,    0.2153,    0.2392,    0.2300,    0.3130,    0.2877,    0.3262,    0.3084,    0.3280,    0.7108,    0.6929,    0.7204,    0.6930,    0.6974,    0.6725,    0.6962,    0.7139,    0.7284,    0.6770,    0.6675,    0.6932,    1.7522,    1.6464,    1.6278,    1.5786,    1.4582,    1.3676,    1.2006,    1.1046,    1.0617,    0.9306,    0.7149,    0.6640,    0.5120,    0.8467,    0.6457,    0.6164,    0.4157,    0.3018,    0.2439,    0.0979,    0.0863,    0.0613,    0.0213,    0.0173
  821,    1.2500,  229.3025,    0.0541,  140.5183,  140.3342,    0.9885,    0.8160,  158.4330,  197.8568,  198.7882,  199.6971,  200.3834,  201.3048,  202.4341,  203.9881,  205.9188,  208.5983,  212.4017,  217.5038,  224.0948,  231.3851,  237.9997,  241.8144,  242.5990,  241.5017,  239.6049,  237.3992,  235.6130,  234.2298,  233.2853,  232.1416,  231.8358,    0.0857,    0.3254,    0.6893,    1.1428,    1.6554,    2.2011,    2.7576,    3.2599,    2.9407,    3.2628,    4.0137,    4.8029,    3.4911,    2.6456,    3.7366,    4.1995,    3.8743,    3.5305,    3.3408,    3.2953,    3.3642,    3.5393,    3.7595,    3.7053,    1.2656,    1.2374,    1.2520,    1.2432,    1.2799,    1.2673,    1.2792,    1.3050,    1.2825,    1.2212,    1.2359,    1.1576,    0.8411,    0.7878,    0.7149,    0.7130,    0.6813,    0.6000,    0.6673,    0.6685,    0.6791,    0.6992,    0.7285,    0.7415,    0.7820,    0.7626,    0.7340,    0.7205,    0.7167,    0.7299,    0.7072,    0.6765,    0.7335,    0.7140,    0.6999,    0.6889,    2.0623,    2.0683,    1.9849,    1.7555,    1.6795,    1.3046,    1.2355,    1.1812,    1.1630,    1.1123,    1.2024,    1.1425,    1.9202,    1.8129,    1.6673,    1.5010,    1.3491,    1.2361,    1.0275,    0.9360,    0.8454,    0.7671,    0.7435,    0.6735,    1.6845,    1.2470,    0.9670,    0.7381,    0.5394,    0.3789,    0.2687,    0.1843,    0.1246,    0.0862,    0.0554,    0.0390,    0.0912,    0.0463,    0.0853,    0.1058,    0.1189,    0.1102,    0.1214,    0.1362,    0.1201,    0.1653,    0.1462,    0.1592,    0.1755,    0.1428,    0.2074,    0.2294,    0.1877,    0.1981,    0.2021,    0.2205,    0.2495,    0.1851,    0.2981,    0.3143,    0.3868,    0.4134,    0.4279,    0.4549,    0.4683,    0.4880,    0.4853,    0.5251,    0.5505,    0.5448,    0.6014,    0.6123,    1.0412,    1.1372,    1.1924,    1.2269,    1.2426,    1.3538,    1.2770,    1.3561,    1.3031,    1.3926,    1.3199,    1.4126,    3.0462,    2.9975,    3.0757,    3.1198,    3.1488,    3.0269,    3.1333,    3.2133,    3.2786,    3.0482,    3.0048,    3.1204,    7.8883,    7.3576,    7.2758,    7.0571,    6.5204,    6.1171,    5.3719,    4.9442,    4.7546,    4.1698,    3.2053,    2.9794,    2.2995,    1.9986,    1.5262,    1.4592,    0.9858,    0.7171,    0.5809,    0.2339,    0.2068,    0.1474,    0.0513,    0.0419,    0.0180,    0.0686,    0.1458,    0.2426,    0.3528,    0.4711,    0.5928,    0.7469,    0.2145,    0.2924,    1.0942,    2.5904,    2.3042,    2.0015,    3.6876,    4.6578,    4.7554,    4.7669,    4.7788,    4.7877,    4.7945,    4.8079,    4.8283,    4.7408,    1.6301,    1.5994,    1.5933,    1.5848,    1.5866,    1.5733,    1.5575,    1.5492,    1.5299,    1.4898,    1.4806,    1.4352,    1.0772,    1.0563,    1.0337,    1.0250,    1.0114,    0.9852,    0.9913,    0.9831,    0.9773,    0.9736,    0.9766,    0.9797,    1.0384,    1.0241,    0.9944,    0.9724,    0.9641,    0.9540,    0.9210,    0.8735,    0.8852,    0.8522,    0.8312,    0.8171,    2.2900,    2.1222,    2.0279,    1.5449,    1.4734,    0.8583,    0.6566,    0.6338,    0.6801,    0.6614,    1.1162,    1.0581,    2.1557,    2.0456,    1.8894,    1.6622,    1.6375,    1.4995,    1.4170,    1.2953,    1.1891,    1.0837,    0.9907,    0.9007,    2.2507,    1.6553,    1.2249,    0.8722,    0.6162,    0.4502,    0.3211,    0.2308,    0.1638,    0.1146,    0.0795,    0.0558,    0.0006,    0.0000,    0.0017,    0.0054,    0.0061,    0.0056,    0.0063,    0.0074,    0.0066,    0.0091,    0.0081,    0.0143,    0.0156,    0.0127,    0.0183,    0.0200,    0.0069,    0.0042,    0.0004,    0.0010,    0.0056,    0.0070,    0.0218,    0.0228,    0.0283,    0.0303,    0.0313,    0.0333,    0.0495,    0.0505,    0.0463,    0.0421,    0.0370,    0.0446,    0.0624,    0.0634,    0.1234,    0.1348,    0.1412,    0.1429,    0.1401,    0.1556,    0.1496,    0.2163,    0.1988,    0.2254,    0.2131,    0.2267,    0.4913,    0.4789,    0.4979,    0.4730,    0.4760,    0.4589,    0.4751,    0.4872,    0.4971,    0.4620,    0.4556,    0.4731,    1.1958,    1.1236,    1.1110,    1.0774,    0.9952,    0.9334,    0.8195,    0.7539,    0.7247,    0.6352,    0.4880,    0.4533,    0.3495,    0.6676,    0.5092,    0.4861,    0.3279,    0.2380,    0.1924,    0.0772,    0.0681,    0.0484,    0.0168,    0.0137
  372,    1.5000,  227.3328,    0.0517,  140.9329,  140.6975,    0.9779,    0.9712,  158.4330,  199.2252,  200.1093,  200.9615,  201.6793,  202.5591,  203.7194,  205.3834,  207.5075,  210.4836,  214.5979,  220.1451,  226.9123,  234.0137,  239.9952,  242.8275,  242.5965,  240.7076,  238.1047,  235.5556,  233.5881,  232.1167,  231.2120,  230.0932,  229.8307,    0.0873,    0.3316,    0.7023,    1.1641,    1.6857,    2.2408,    2.8065,    3.3099,    2.8551,    3.1559,    3.9841,    4.8310,    3.4533,    2.4891,    3.7447,    4.2193,    3.8938,    3.5529,    3.3656,    3.3219,    3.3915,    3.5653,    3.7822,    3.7285,    1.2741,    1.2461,    1.2606,    1.2516,    1.2888,    1.2763,    1.2913,    1.3174,    1.2959,    1.2384,    1.2527,    1.1794,    0.8624,    0.8116,    0.7392,    0.7385,    0.7060,    0.6214,    0.6916,    0.6925,    0.7017,    0.7190,    0.7432,    0.7501,    0.7841,    0.7619,    0.7390,    0.7168,    0.7127,    0.7273,    0.7059,    0.6741,    0.7370,    0.7183,    0.7046,    0.6938,    2.0828,    2.0883,    2.0047,    1.7527,    1.6769,    1.2308,    1.1447,    1.0944,    1.0921,    1.0450,    1.1964,    1.1369,    1.9457,    1.8378,    1.6907,    1.5220,    1.3682,    1.2541,    1.0398,    0.9474,    0.8553,    0.7763,    0.7535,    0.6828,    1.7082,    1.2666,    0.9834,    0.7528,    0.5513,    0.3873,    0.2750,    0.1886,    0.1275,    0.0883,    0.0567,    0.0399,    0.0910,    0.0462,    0.0852,    0.1059,    0.1190,    0.1103,    0.1214,    0.1363,    0.1202,    0.1654,    0.1463,    0.1593,    0.1757,    0.1430,    0.2076,    0.2297,    0.1877,    0.1979,    0.2017,    0.2201,    0.2493,    0.1852,    0.2983,    0.3145,    0.3871,    0.4138,    0.4283,    0.4553,    0.4690,    0.4887,    0.4859,    0.5255,    0.5507,    0.5452,    0.6023,    0.6133,    1.0431,    1.1392,    1.1945,    1.2291,    1.2446,    1.3561,    1.2793,    1.3600,    1.3064,    1.3967,    1.3237,    1.4167,    3.0552,    3.0061,    3.0848,    3.1280,    3.1570,    3.0349,    3.1415,    3.2217,    3.2873,    3.0563,    3.0128,    3.1287,    7.9093,    7.3748,    7.2930,    7.0738,    6.5360,    6.1318,    5.3850,    4.9564,    4.7665,    4.1804,    3.2136,    2.9873,    2.3058,    2.0100,    1.5351,    1.4680,    0.9919,    0.7217,    0.5848,    0.2355,    0.2083,    0.1485,    0.0517,    0.0423,    0.0210,    0.0799,    0.1700,    0.2830,    0.4119,    0.5504,    0.6930,    0.8734,    0.2499,    0.3394,    1.2784,    2.9018,    2.5645,    2.1973,    3.8960,    4.6109,    4.6394,    4.6402,    4.6462,    4.6494,    4.6508,    4.6594,    4.6848,    4.6497,    1.6070,    1.5862,    1.5782,    1.5656,    1.5594,    1.5428,    1.5175,    1.5097,    1.4879,    1.4464,    1.4350,    1.3866,    1.0397,    1.0190,    0.9969,    0.9882,    0.9748,    0.9494,    0.9549,    0.9466,    0.9408,    0.9371,    0.9400,    0.9433,    1.0022,    0.9938,    0.9624,    0.9549,    0.9457,    0.9360,    0.9091,    0.8761,    0.8904,    0.8663,    0.8494,    0.8364,    2.3362,    2.1945,    2.1033,    1.6633,    1.5887,    0.9397,    0.7195,    0.6928,    0.7449,    0.7215,    1.1930,    1.1323,    2.1865,    2.0595,    1.8984,    1.6908,    1.6177,    1.4831,    1.3525,    1.2350,    1.1234,    1.0225,    0.9446,    0.8578,    2.1405,    1.5803,    1.1749,    0.8543,    0.6108,    0.4403,    0.3134,    0.2216,    0.1547,    0.1077,    0.0732,    0.0513,    0.0003,    0.0000,    0.0009,    0.0030,    0.0034,    0.0031,    0.0035,    0.0042,    0.0037,    0.0051,    0.0045,    0.0088,    0.0096,    0.0078,    0.0113,    0.0123,    0.0036,    0.0022,    0.0002,    0.0006,    0.0029,    0.0037,    0.0129,    0.0136,    0.0168,    0.0180,    0.0186,    0.0198,    0.0316,    0.0322,    0.0296,    0.0269,    0.0237,    0.0285,    0.0398,    0.0405,    0.0805,    0.0879,    0.0921,    0.0932,    0.0914,    0.1015,    0.0976,    0.1498,    0.1377,    0.1561,    0.1476,    0.1570,    0.3402,    0.3316,    0.3448,    0.3235,    0.3255,    0.3139,    0.3249,    0.3332,    0.3400,    0.3160,    0.3116,    0.3236,    0.8179,    0.7694,    0.7608,    0.7378,    0.6815,    0.6392,    0.5612,    0.5163,    0.4963,    0.4350,    0.3342,    0.3105,    0.2394,    0.5275,    0.4023,    0.3842,    0.2591,    0.1881,    0.1521,    0.0611,    0.0539,    0.0383,    0.0133,    0.0108
   74,    1.7500,  226.5295,    0.0504,  141.1726,  140.8836,    0.9562,   -0.9658,  158.4330,  200.1063,  201.0050,  201.8577,  202.5029,  203.4333,  204.6217,  206.3782,  208.7158,  211.9285,  216.4219,  222.2953,  229.1562,  235.9980,  241.2156,  243.1341,  241.9951,  239.4799,  236.6039,  233.9723,  232.0230,  230.6397,  229.9089,  228.8932,  228.6570,    0.0891,    0.3381,    0.7161,    1.1869,    1.7187,    2.2845,    2.8610,    3.3676,    2.7992,    3.0844,    3.9819,    4.8615,    3.4386,    2.3839,    3.7537,    4.2240,    3.9007,    3.5636,    3.3786,    3.3364,    3.4062,    3.5777,    3.7894,    3.7336,    1.2761,    1.2484,    1.2629,    1.2536,    1.2910,    1.2785,    1.2958,    1.3219,    1.3011,    1.2471,    1.2606,    1.1911,    0.8757,    0.8276,    0.7565,    0.7568,    0.7239,    0.6372,    0.7090,    0.7095,    0.7170,    0.7315,    0.7506,    0.7520,    0.7806,    0.7570,    0.7389,    0.7110,    0.7065,    0.7220,    0.7024,    0.6712,    0.7380,    0.7205,    0.7073,    0.6968,    2.0931,    2.1002,    2.0169,    1.7593,    1.6838,    1.1918,    1.0922,    1.0444,    1.0539,    1.0086,    1.1994,    1.1402,    1.9575,    1.8479,    1.7000,    1.5325,    1.3742,    1.2598,    1.0416,    0.9491,    0.8567,    0.7775,    0.7551,    0.6842,    1.7117,    1.2699,    0.9863,    0.7570,    0.5554,    0.3897,    0.2768,    0.1896,    0.1280,    0.0887,    0.0569,    0.0400,    0.0909,    0.0461,    0.0852,    0.1059,    0.1190,    0.1103,    0.1214,    0.1363,    0.1202,    0.1654,    0.1463,    0.1594,    0.1757,    0.1431,    0.2077,    0.2298,    0.1877,    0.1977,    0.2014,    0.2198,    0.2491,    0.1852,    0.2984,    0.3146,    0.3872,    0.4139,    0.4285,    0.4555,    0.4693,    0.4891,    0.4861,    0.5256,    0.5507,    0.5453,    0.6027,    0.6137,    1.0439,    1.1402,    1.1955,    1.2300,    1.2454,    1.3571,    1.2803,    1.3619,    1.3080,    1.3987,    1.3257,    1.4187,    3.0596,    3.0104,    3.0893,    3.1320,    3.1610,    3.0388,    3.1456,    3.2259,    3.2915,    3.0602,    3.0166,    3.1327,    7.9196,    7.3833,    7.3014,    7.0821,    6.5437,    6.1392,    5.3916,    4.9625,    4.7725,    4.1858,    3.2179,    2.9914,    2.3091,    2.0174,    1.5409,    1.4738,    0.9960,    0.7248,    0.5874,    0.2366,    0.2094,    0.1493,    0.0520,    0.0425,    0.0236,    0.0899,    0.1912,    0.3184,    0.4635,    0.6193,    0.7799,    0.9835,    0.2859,    0.3870,    1.4464,    3.1470,    2.7793,    2.3761,    4.0266,    4.5391,    4.5437,    4.5465,    4.5525,    4.5531,    4.5489,    4.5488,    4.5653,    4.5486,    1.5763,    1.5619,    1.5526,    1.5384,    1.5276,    1.5098,    1.4821,    1.4738,    1.4519,    1.4134,    1.4004,    1.3546,    1.0169,    0.9978,    0.9776,    0.9687,    0.9559,    0.9327,    0.9361,    0.9275,    0.9210,    0.9164,    0.9175,    0.9194,    0.9759,    0.9701,    0.9403,    0.9395,    0.9295,    0.9199,    0.8979,    0.8745,    0.8875,    0.8693,    0.8551,    0.8428,    2.3389,    2.2188,    2.1298,    1.7460,    1.6692,    1.0166,    0.7827,    0.7523,    0.8075,    0.7796,    1.2479,    1.1853,    2.1713,    2.0305,    1.8688,    1.6823,    1.5732,    1.4423,    1.2876,    1.1743,    1.0626,    0.9660,    0.8956,    0.8123,    2.0226,    1.4943,    1.1103,    0.8171,    0.5885,    0.4196,    0.2978,    0.2080,    0.1436,    0.0996,    0.0668,    0.0467,    0.0001,    0.0000,    0.0004,    0.0017,    0.0019,    0.0017,    0.0019,    0.0024,    0.0021,    0.0029,    0.0026,    0.0054,    0.0060,    0.0048,    0.0070,    0.0076,    0.0019,    0.0012,    0.0001,    0.0003,    0.0016,    0.0020,    0.0077,    0.0081,    0.0100,    0.0107,    0.0111,    0.0118,    0.0202,    0.0206,    0.0189,    0.0172,    0.0152,    0.0182,    0.0255,    0.0259,    0.0526,    0.0575,    0.0602,    0.0610,    0.0598,    0.0664,    0.0638,    0.1039,    0.0955,    0.1083,    0.1024,    0.1089,    0.2360,    0.2300,    0.2392,    0.2217,    0.2231,    0.2151,    0.2227,    0.2284,    0.2331,    0.2166,    0.2136,    0.2218,    0.5606,    0.5286,    0.5226,    0.5068,    0.4682,    0.4391,    0.3855,    0.3547,    0.3410,    0.2989,    0.2296,    0.2133,    0.1645,    0.4176,    0.3186,    0.3042,    0.2052,    0.1490,    0.1204,    0.0484,    0.0427,    0.0303,    0.0105,    0.0086
  308,    2.0000,  225.8745,    0.0498,  143.2403,  140.9810,   -0.9751,   -0.8879,  158.4330,  201.3613,  202.2051,  203.0277,  203.6902,  204.6000,  205.9049,  207.7769,  210.2981,  213.8168,  218.6792,  224.8034,  231.7342,  238.3125,  243.0069,  244.2131,  242.3980,  239.3906,  236.1002,  233.2416,  231.1866,  229.8012,  229.0154,  228.0630,  227.9795,    0.0908,    0.3449,    0.7305,    1.2109,    1.7536,    2.3313,    2.9201,    3.4317,    2.7469,    3.0178,    3.9954,    4.9192,    3.4533,    2.3096,    3.7973,    4.2666,    3.9400,    3.6025,    3.4184,    3.3778,    3.4497,    3.6233,    3.8371,    3.7839,    1.2942,    1.2668,    1.2816,    1.2722,    1.3102,    1.2977,    1.3168,    1.3437,    1.3232,    1.2710,    1.2841,    1.2161,    0.8974,    0.8510,    0.7800,    0.7814,    0.7479,    0.6582,    0.7324,    0.7327,    0.7386,    0.7509,    0.7665,    0.7642,    0.7902,    0.7659,    0.7506,    0.7192,    0.7143,    0.7311,    0.7126,    0.6819,    0.7527,    0.7360,    0.7230,    0.7125,    2.1412,    2.1509,    2.0668,    1.7999,    1.7235,    1.1749,    1.0567,    1.0110,    1.0343,    0.9906,    1.2293,    1.1692,    2.0137,    1.9010,    1.7500,    1.5807,    1.4148,    1.2980,    1.0702,    0.9757,    0.8806,    0.7997,    0.7781,    0.7055,    1.7668,    1.3143,    1.0234,    0.7892,    0.5812,    0.4082,    0.2905,    0.1991,    0.1345,    0.0934,    0.0599,    0.0421,    0.0907,    0.0460,    0.0852,    0.1059,    0.1190,    0.1103,    0.1214,    0.1363,    0.1202,    0.1655,    0.1463,    0.1594,    0.1758,    0.1431,    0.2077,    0.2298,    0.1877,    0.1976,    0.2011,    0.2195,    0.2490,    0.1852,    0.2985,    0.3147,    0.3873,    0.4140,    0.4285,    0.4555,    0.4695,    0.4892,    0.4862,    0.5256,    0.5506,    0.5453,    0.6028,    0.6138,    1.0443,    1.1406,    1.1959,    1.2304,    1.2458,    1.3575,    1.2807,    1.3629,    1.3088,    1.3998,    1.3266,    1.4197,    3.0618,    3.0125,    3.0916,    3.1340,    3.1630,    3.0407,    3.1475,    3.2279,    3.2936,    3.0622,    3.0186,    3.1347,    7.9246,    7.3874,    7.3056,    7.0862,    6.5475,    6.1429,    5.3949,    4.9656,    4.7757,    4.1886,    3.2202,    2.9936,    2.3109,    2.0224,    1.5449,    1.4777,    0.9988,    0.7269,    0.5892,    0.2374,    0.2101,    0.1499,    0.0522,    0.0427,    0.0262,    0.0999,    0.2126,    0.3543,    0.5159,    0.6898,    0.8692,    1.0965,    0.3206,    0.4327,    1.6156,    3.3791,    2.9774,    2.5377,    4.1362,    4.4987,    4.4887,    4.4901,    4.4948,    4.4934,    4.4865,    4.4828,    4.4968,    4.4908,    1.5588,    1.5484,    1.5385,    1.5234,    1.5100,    1.4917,    1.4623,    1.4541,    1.4320,    1.3943,    1.3807,    1.3349,    1.0021,    0.9833,    0.9636,    0.9547,    0.9421,    0.9196,    0.9223,    0.9137,    0.9071,    0.9023,    0.9030,    0.9048,    0.9611,    0.9579,    0.9280,    0.9340,    0.9235,    0.9143,    0.8955,    0.8795,    0.8911,    0.8768,    0.8643,    0.8525,    2.3545,    2.2532,    2.1654,    1.8321,    1.7529,    1.0937,    0.8446,    0.8110,    0.8713,    0.8396,    1.3078,    1.2431,    2.1770,    2.0251,    1.8624,    1.6918,    1.5536,    1.4244,    1.2525,    1.1415,    1.0297,    0.9354,    0.8697,    0.7884,    1.9607,    1.4501,    1.0785,    0.8021,    0.5819,    0.4117,    0.2919,    0.2021,    0.1383,    0.0957,    0.0637,    0.0444,    0.0001,    0.0000,    0.0002,    0.0009,    0.0011,    0.0010,    0.0011,    0.0013,    0.0012,    0.0016,    0.0015,    0.0034,    0.0037,    0.0030,    0.0043,    0.0047,    0.0010,    0.0006,    0.0001,    0.0002,    0.0008,    0.0010,    0.0046,    0.0048,    0.0060,    0.0064,    0.0066,    0.0071,    0.0130,    0.0132,    0.0121,    0.0111,    0.0097,    0.0117,    0.0163,    0.0166,    0.0345,    0.0377,    0.0395,    0.0400,    0.0392,    0.0435,    0.0418,    0.0722,    0.0664,    0.0753,    0.0711,    0.0757,    0.1640,    0.1599,    0.1662,    0.1523,    0.1533,    0.1478,    0.1530,    0.1569,    0.1601,    0.1488,    0.1467,    0.1524,    0.3851,    0.3642,    0.3601,    0.3492,    0.3226,    0.3026,    0.2657,    0.2444,    0.2350,    0.2060,    0.1583,    0.1470,    0.1134,    0.3313,    0.2527,    0.2413,    0.1628,    0.1182,    0.0956,    0.0384,    0.0339,    0.0241,    0.0083,    0.0068
