Particle       ,data/QEXT_96IR_84_VIS_NC175v2_2umrod
Ncase          ,  14
dt (sols)      ,  0.020833
Qext 0.67um    ,  1.397970
Alb sfc        ,  0.220000
Conrath nu     ,  0.002000
Sun Flux (W/m2),148.393084
BWN IR (cm-1)  ,     10.0000,     34.1670,     58.3330,     82.5000,    106.6670,    130.8330,    155.0000,    179.1670,    203.3330,    227.5000,    251.6670,    275.8330,    300.0000,    320.7880,    341.5750,    362.3630,    383.1500,    403.9380,    424.7250,    445.5130,    466.3010,    487.0880,    507.8760,    528.6630,    549.4510,    556.7420,    564.0330,    571.3240,    578.6150,    585.9060,    593.1970,    600.4880,    607.7790,    615.0700,    622.3610,    629.6520,    636.9430,    642.5500,    648.1570,    653.7640,    659.3700,    664.9770,    670.5840,    676.1910,    681.7980,    687.4050,    693.0110,    698.6180,    704.2250,    710.1390,    716.0530,    721.9670,    727.8810,    733.7950,    739.7090,    745.6240,    751.5380,    757.4520,    763.3660,    769.2800,    775.1940,    791.5010,    807.8070,    824.1140,    840.4210,    856.7270,    873.0340,    889.3410,    905.6470,    921.9540,    938.2610,    954.5670,    970.8740,    996.8050,   1022.7370,   1048.6680,   1074.6000,   1100.5310,   1126.4630,   1152.3940,   1178.3250,   1204.2570,   1230.1880,   1256.1200,   1282.0510,   1360.3990,   1438.7460,   1517.0940,   1595.4410,   1673.7890,   1752.1370,   1830.4840,   1908.8320,   1987.1790,   2065.5270,   2143.8740,   2222.2220
BWN VIS (cm-1) ,   2222.2200,   2294.3160,   2366.4120,   2438.5080,   2510.6030,   2582.6990,   2654.7950,   2726.8910,   2798.9870,   2871.0820,   2943.1780,   3015.2740,   3087.3700,   3165.9750,   3244.5800,   3323.1850,   3401.7900,   3480.3950,   3559.0000,   3637.6050,   3716.2100,   3794.8150,   3873.4200,   3952.0250,   4030.6300,   4142.2920,   4253.9530,   4365.6150,   4477.2770,   4588.9380,   4700.6000,   4812.2620,   4923.9230,   5035.5850,   5147.2470,   5258.9080,   5370.5700,   5560.6150,   5750.6600,   5940.7050,   6130.7500,   6320.7950,   6510.8400,   6700.8850,   6890.9300,   7080.9750,   7271.0200,   7461.0650,   7651.1100,   8055.1840,   8459.2580,   8863.3330,   9267.4070,   9671.4810,  10075.5550,  10479.6290,  10883.7030,  11287.7780,  11691.8520,  12095.9260,  12500.0000,  13541.6670,  14583.3330,  15625.0000,  16666.6670,  17708.3330,  18750.0000,  19791.6670,  20833.3330,  21875.0000,  22916.6670,  23958.3330,  25000.0000,  26388.8890,  27777.7780,  29166.6670,  30555.5570,  31944.4460,  33333.3350,  34722.2240,  36111.1130,  37500.0030,  38888.8920,  40277.7810,  41666.6700
SUN VIS (W/m2) ,      0.1008,      0.0862,      0.0968,      0.1089,      0.1224,      0.1136,      0.1248,      0.1400,      0.1233,      0.1698,      0.1502,      0.1645,      0.1814,      0.1477,      0.2144,      0.2377,      0.1946,      0.2106,      0.2276,      0.2472,      0.2683,      0.1918,      0.3072,      0.3239,      0.3986,      0.4261,      0.4410,      0.4688,      0.4810,      0.5017,      0.5013,      0.5485,      0.5772,      0.5665,      0.6183,      0.6303,      1.0809,      1.1806,      1.2379,      1.2751,      1.2949,      1.4092,      1.3262,      1.4132,      1.3634,      1.4505,      1.3747,      1.4716,      3.1730,      3.1258,      3.2038,      3.2543,      3.2846,      3.1576,      3.2685,      3.3520,      3.4202,      3.1800,      3.1347,      3.2554,      8.2299,      7.8425,      7.7561,      7.5237,      6.9524,      6.5235,      5.7299,      5.2748,      5.0739,      4.4511,      3.4228,      3.1828,      2.4579,      2.2644,      1.7312,      1.6575,      1.1215,      0.8173,      0.6634,      0.2677,      0.2374,      0.1697,      0.0593,      0.0486
================
wavelenght [um],    0.244068,    0.252632,    0.261818,    0.271698,    0.282353,    0.293878,    0.306383,    0.320000,    0.334884,    0.351220,    0.369231,    0.389189,    0.408511,    0.426667,    0.446512,    0.468293,    0.492308,    0.518919,    0.548571,    0.581818,    0.619355,    0.662069,    0.711111,    0.768000,    0.813143,    0.840768,    0.870336,    0.902060,    0.936184,    0.972991,    1.012810,    1.056028,    1.103099,    1.154562,    1.211061,    1.273375,    1.323436,    1.357581,    1.393534,    1.431444,    1.471474,    1.513807,    1.558648,    1.606226,    1.656801,    1.710664,    1.768147,    1.829628,    1.881560,    1.921939,    1.964090,    2.008131,    2.054193,    2.102417,    2.152960,    2.205992,    2.261704,    2.320302,    2.382017,    2.447105,    2.505432,    2.555765,    2.608162,    2.662752,    2.719677,    2.779088,    2.841153,    2.906054,    2.973989,    3.045176,    3.119855,    3.198288,    3.277268,    3.356577,    3.439819,    3.527294,    3.619334,    3.716307,    3.818620,    3.926726,    4.041130,    4.162400,    4.291175,    4.428172,    4.580751,    4.751270,    4.934974,    5.133456,    5.348572,    5.582505,    5.837838,    6.117648,    6.425631,    6.766266,    7.145039,    7.568734,    7.879690,    8.044056,    8.215425,    8.394255,    8.581043,    8.776330,    8.980716,    9.194848,    9.419442,    9.655282,    9.903235,   10.164260,   10.387231,   10.566200,   10.751445,   10.943308,   11.142136,   11.348323,   11.562291,   11.784476,   12.015368,   12.255495,   12.505409,   12.765727,   12.949392,   13.049328,   13.150818,   13.253898,   13.358608,   13.464994,   13.573088,   13.682923,   13.794549,   13.908012,   14.023357,   14.140631,   14.256763,   14.371646,   14.488386,   14.607038,   14.727660,   14.850291,   14.974981,   15.101782,   15.230738,   15.361915,   15.495384,   15.631191,   15.790367,   15.974275,   16.162517,   16.355249,   16.552633,   16.754839,   16.962047,   17.174443,   17.392227,   17.615605,   17.844795,   18.080028,   18.550914,   19.294981,   20.101230,   20.977796,   21.934298,   22.982219,   24.135264,   25.410119,   26.827165,   28.411593,   30.194923,   32.217118,   34.732292,   37.914692,   41.739101,   46.421699,   52.287582,   59.850314,   69.970927,   84.210526,  105.726686,  142.012170,  216.216216,  452.826771
Qext           ,      1.0942,      1.0942,      1.0942,      1.0942,      1.0942,      1.0942,      1.0942,      1.0942,      1.0942,      1.0942,      1.0942,      1.3980,      1.3980,      1.3980,      1.3980,      1.3980,      1.3980,      1.3980,      1.3980,      1.3980,      1.3980,      1.3980,      1.3980,      1.1910,      1.1910,      1.1910,      1.1910,      1.1910,      1.1910,      1.1910,      1.1910,      1.1910,      1.1910,      1.2035,      1.2035,      1.2035,      1.2035,      1.2035,      1.2035,      1.2035,      1.2035,      1.2699,      1.2699,      1.2699,      1.2699,      1.2699,      1.2699,      1.2699,      1.4002,      1.4002,      1.4002,      1.4002,      1.4002,      1.4002,      1.4002,      1.4002,      1.6629,      1.6629,      1.6629,      1.6629,      1.6629,      1.6629,      1.7063,      1.7063,      1.7063,      1.7063,      1.7063,      1.7063,      1.5735,      1.5735,      1.5735,      1.5735,      1.5735,      1.6090,      1.6090,      1.6090,      1.6090,      1.7603,      1.7603,      1.7603,      1.7603,      2.1051,      2.1051,      2.1051,      2.2460,      2.2460,      2.2602,      2.2602,      2.3058,      2.1134,      2.1134,      2.0243,      2.0912,      2.2385,      2.0353,      1.8333,      2.0253,      2.0253,      2.0806,      2.0806,      2.1624,      2.1624,      2.6825,      2.6825,      2.7576,      2.6592,      2.6592,      2.4659,      2.2899,      2.2899,      2.1512,      2.1512,      1.9792,      1.9792,      1.7207,      1.4025,      1.4025,      1.1419,      1.1419,      0.9964,      1.0081,      1.0081,      1.0081,      1.0081,      1.2081,      1.2081,      1.2081,      1.3882,      1.3882,      1.3882,      1.3586,      1.3586,      1.3586,      1.2353,      1.2353,      1.2353,      1.2129,      1.2129,      1.2129,      1.3089,      1.3089,      1.3089,      1.4335,      1.4335,      1.4335,      1.5320,      1.5320,      1.5960,      1.5960,      1.6242,      1.6247,      1.6247,      1.6321,      1.6321,      1.6905,      1.8165,      1.8987,      2.1672,      2.0896,      1.6966,      1.2188,      0.7338,      0.5615,      0.6914,      0.7819,      0.6993,      0.6909,      0.7787,      0.7796,      0.5913,      0.3475,      0.4356,      0.8168,      0.9362,      0.9362,      0.9362,      0.9362,      0.9362,      0.9362,      0.9362
Qscat          ,      0.5358,      0.5358,      0.5358,      0.5358,      0.5358,      0.5358,      0.5358,      0.5358,      0.5358,      0.5358,      0.5358,      0.4514,      0.4514,      0.4514,      0.4514,      0.4514,      0.4514,      0.4514,      0.4514,      0.4514,      0.4514,      0.4514,      0.4514,      0.2411,      0.2411,      0.2411,      0.2411,      0.2411,      0.2411,      0.2411,      0.2411,      0.2411,      0.2411,      0.1945,      0.1945,      0.1945,      0.1945,      0.1945,      0.1945,      0.1945,      0.1945,      0.1458,      0.1458,      0.1458,      0.1458,      0.1458,      0.1458,      0.1458,      0.1650,      0.1650,      0.1650,      0.1650,      0.1650,      0.1650,      0.1650,      0.1650,      0.1696,      0.1696,      0.1696,      0.1696,      0.1696,      0.1696,      0.2099,      0.2099,      0.2099,      0.2099,      0.2099,      0.2099,      0.2226,      0.2226,      0.2226,      0.2226,      0.2226,      0.1863,      0.1863,      0.1863,      0.1863,      0.1967,      0.1967,      0.1967,      0.1967,      0.2407,      0.2407,      0.2407,      0.2797,      0.2797,      0.3069,      0.3069,      0.3402,      0.3491,      0.3491,      0.3532,      0.4077,      0.4697,      0.4499,      0.4563,      0.4931,      0.4931,      0.5258,      0.5258,      0.6843,      0.6843,      0.6635,      0.6635,      0.6915,      0.7177,      0.7177,      0.8442,      0.9617,      0.9617,      1.1324,      1.1324,      1.0231,      1.0231,      0.9041,      0.8488,      0.8488,      0.9361,      0.9361,      0.8517,      0.7094,      0.7094,      0.7094,      0.7094,      0.7046,      0.7046,      0.7046,      0.7746,      0.7746,      0.7746,      0.7969,      0.7969,      0.7969,      0.7331,      0.7331,      0.7331,      0.7215,      0.7215,      0.7215,      0.8837,      0.8837,      0.8837,      1.1028,      1.1028,      1.1028,      1.1921,      1.1921,      1.1536,      1.1536,      1.1239,      1.1592,      1.1592,      1.1895,      1.1895,      1.1472,      1.0630,      1.0440,      1.1368,      1.2931,      1.2235,      1.2187,      0.7337,      0.5615,      0.6913,      0.7818,      0.6992,      0.6908,      0.7787,      0.7795,      0.5912,      0.3475,      0.4355,      0.8167,      0.9361,      0.9361,      0.9361,      0.9361,      0.9361,      0.9361,      0.9361
G factor       ,      0.4830,      0.4830,      0.4830,      0.4830,      0.4830,      0.4830,      0.4830,      0.4830,      0.4830,      0.4830,      0.4830,      0.4440,      0.4440,      0.4440,      0.4440,      0.4440,      0.4440,      0.4440,      0.4440,      0.4440,      0.4440,      0.4440,      0.4440,      0.2740,      0.2740,      0.2740,      0.2740,      0.2740,      0.2740,      0.2740,      0.2740,      0.2740,      0.2740,      0.2930,      0.2930,      0.2930,      0.2930,      0.2930,      0.2930,      0.2930,      0.2930,      0.2340,      0.2340,      0.2340,      0.2340,      0.2340,      0.2340,      0.2340,      0.2740,      0.2740,      0.2740,      0.2740,      0.2740,      0.2740,      0.2740,      0.2740,      0.3050,      0.3050,      0.3050,      0.3050,      0.3050,      0.3050,      0.2370,      0.2370,      0.2370,      0.2370,      0.2370,      0.2370,      0.2330,      0.2330,      0.2330,      0.2330,      0.2330,      0.2100,      0.2100,      0.2100,      0.2100,      0.2140,      0.2140,      0.2140,      0.2140,      0.2300,      0.2300,      0.2300,      0.2460,      0.2460,      0.2530,      0.2530,      0.2130,      0.2070,      0.2070,      0.2030,      0.2050,      0.2440,      0.2040,      0.1490,      0.1950,      0.1950,      0.2320,      0.2320,      0.3030,      0.3030,      0.2850,      0.2850,      0.2290,      0.2030,      0.2030,      0.2270,      0.2920,      0.2920,      0.3290,      0.3290,      0.2370,      0.2370,      0.1150,      0.0930,      0.0930,      0.2100,      0.2100,      0.2310,      0.1610,      0.1610,      0.1610,      0.1610,      0.1490,      0.1490,      0.1490,      0.1250,      0.1250,      0.1250,      0.0610,      0.0610,      0.0610,      0.0110,      0.0110,      0.0110,      0.0260,      0.0260,      0.0260,      0.0780,      0.0780,      0.0780,      0.1250,      0.1250,      0.1250,      0.1650,      0.1650,      0.2000,      0.2000,      0.2270,      0.2400,      0.2400,      0.2360,      0.2360,      0.2190,      0.2030,      0.2000,      0.1990,      0.2090,      0.2150,      0.2380,      0.2520,      0.1530,      0.0880,      0.0700,      0.0080,      0.1310,      0.3660,      0.3870,      0.2440,      0.1920,      0.0980,      0.1230,      0.1550,      0.1550,      0.1550,      0.1550,      0.1550,      0.1550,      0.1550
================
P [mbar]       ,    0.1004,    0.1015,    0.1034,    0.1069,    0.1130,    0.1239,    0.1432,    0.1740,    0.2226,    0.3028,    0.4349,    0.6529,    1.0121,    1.6044,    2.4646,    3.4606,    4.3994,    5.2226,    5.8426,    6.2132,    6.3980,    6.4686,    6.5039,    6.5168
Temp initial[K],  155.0000,  155.0000,  155.0000,  155.0000,  155.0000,  155.0000,  155.0000,  155.0000,  155.0000,  155.0000,  155.0000,  155.0000,  158.8233,  165.4041,  173.2716,  181.4436,  190.2788,  198.8130,  204.5783,  207.8249,  209.4219,  210.0497,  210.3719,  210.4891
================
it   ,   tau    ,  Tsfc    ,   alb    ,   OLR    ,    ASR   ,  NET top ,  NET bot , T lev  01, T lev  02, T lev  03, T lev  04, T lev  05, T lev  06, T lev  07, T lev  08, T lev  09, T lev  10, T lev  11, T lev  12, T lev  13, T lev  14, T lev  15, T lev  16, T lev  17, T lev  18, T lev  19, T lev  20, T lev  21, T lev  22, T lev  23, T lev  24, T lev  25,  OLR IR01,  OLR IR02,  OLR IR03,  OLR IR04,  OLR IR05,  OLR IR06,  OLR IR07,  OLR IR08,  OLR IR09,  OLR IR10,  OLR IR11,  OLR IR12,  OLR IR13,  OLR IR14,  OLR IR15,  OLR IR16,  OLR IR17,  OLR IR18,  OLR IR19,  OLR IR20,  OLR IR21,  OLR IR22,  OLR IR23,  OLR IR24,  OLR IR25,  OLR IR26,  OLR IR27,  OLR IR28,  OLR IR29,  OLR IR30,  OLR IR31,  OLR IR32,  OLR IR33,  OLR IR34,  OLR IR35,  OLR IR36,  OLR IR37,  OLR IR38,  OLR IR39,  OLR IR40,  OLR IR41,  OLR IR42,  OLR IR43,  OLR IR44,  OLR IR45,  OLR IR46,  OLR IR47,  OLR IR48,  OLR IR49,  OLR IR50,  OLR IR51,  OLR IR52,  OLR IR53,  OLR IR54,  OLR IR55,  OLR IR56,  OLR IR57,  OLR IR58,  OLR IR59,  OLR IR60,  OLR IR61,  OLR IR62,  OLR IR63,  OLR IR64,  OLR IR65,  OLR IR66,  OLR IR67,  OLR IR68,  OLR IR69,  OLR IR70,  OLR IR71,  OLR IR72,  OLR IR73,  OLR IR74,  OLR IR75,  OLR IR76,  OLR IR77,  OLR IR78,  OLR IR79,  OLR IR80,  OLR IR81,  OLR IR82,  OLR IR83,  OLR IR84,  OLR IR85,  OLR IR86,  OLR IR87,  OLR IR88,  OLR IR89,  OLR IR90,  OLR IR91,  OLR IR92,  OLR IR93,  OLR IR94,  OLR IR95,  OLR IR96, ASR VIS01, ASR VIS02, ASR VIS03, ASR VIS04, ASR VIS05, ASR VIS06, ASR VIS07, ASR VIS08, ASR VIS09, ASR VIS10, ASR VIS11, ASR VIS12, ASR VIS13, ASR VIS14, ASR VIS15, ASR VIS16, ASR VIS17, ASR VIS18, ASR VIS19, ASR VIS20, ASR VIS21, ASR VIS22, ASR VIS23, ASR VIS24, ASR VIS25, ASR VIS26, ASR VIS27, ASR VIS28, ASR VIS29, ASR VIS30, ASR VIS31, ASR VIS32, ASR VIS33, ASR VIS34, ASR VIS35, ASR VIS36, ASR VIS37, ASR VIS38, ASR VIS39, ASR VIS40, ASR VIS41, ASR VIS42, ASR VIS43, ASR VIS44, ASR VIS45, ASR VIS46, ASR VIS47, ASR VIS48, ASR VIS49, ASR VIS50, ASR VIS51, ASR VIS52, ASR VIS53, ASR VIS54, ASR VIS55, ASR VIS56, ASR VIS57, ASR VIS58, ASR VIS59, ASR VIS60, ASR VIS61, ASR VIS62, ASR VIS63, ASR VIS64, ASR VIS65, ASR VIS66, ASR VIS67, ASR VIS68, ASR VIS69, ASR VIS70, ASR VIS71, ASR VIS72, ASR VIS73, ASR VIS74, ASR VIS75, ASR VIS76, ASR VIS77, ASR VIS78, ASR VIS79, ASR VIS80, ASR VIS81, ASR VIS82, ASR VIS83, ASR VIS84, SFC DIR01, SFC DIR02, SFC DIR03, SFC DIR04, SFC DIR05, SFC DIR06, SFC DIR07, SFC DIR08, SFC DIR09, SFC DIR10, SFC DIR11, SFC DIR12, SFC DIR13, SFC DIR14, SFC DIR15, SFC DIR16, SFC DIR17, SFC DIR18, SFC DIR19, SFC DIR20, SFC DIR21, SFC DIR22, SFC DIR23, SFC DIR24, SFC DIR25, SFC DIR26, SFC DIR27, SFC DIR28, SFC DIR29, SFC DIR30, SFC DIR31, SFC DIR32, SFC DIR33, SFC DIR34, SFC DIR35, SFC DIR36, SFC DIR37, SFC DIR38, SFC DIR39, SFC DIR40, SFC DIR41, SFC DIR42, SFC DIR43, SFC DIR44, SFC DIR45, SFC DIR46, SFC DIR47, SFC DIR48, SFC DIR49, SFC DIR50, SFC DIR51, SFC DIR52, SFC DIR53, SFC DIR54, SFC DIR55, SFC DIR56, SFC DIR57, SFC DIR58, SFC DIR59, SFC DIR60, SFC DIR61, SFC DIR62, SFC DIR63, SFC DIR64, SFC DIR65, SFC DIR66, SFC DIR67, SFC DIR68, SFC DIR69, SFC DIR70, SFC DIR71, SFC DIR72, SFC DIR73, SFC DIR74, SFC DIR75, SFC DIR76, SFC DIR77, SFC DIR78, SFC DIR79, SFC DIR80, SFC DIR81, SFC DIR82, SFC DIR83, SFC DIR84, SFC DIR85, SFC DIR86, SFC DIR87, SFC DIR88, SFC DIR89, SFC DIR90, SFC DIR91, SFC DIR92, SFC DIR93, SFC DIR94, SFC DIR95, SFC DIR96,SFC DVIS01,SFC DVIS02,SFC DVIS03,SFC DVIS04,SFC DVIS05,SFC DVIS06,SFC DVIS07,SFC DVIS08,SFC DVIS09,SFC DVIS10,SFC DVIS11,SFC DVIS12,SFC DVIS13,SFC DVIS14,SFC DVIS15,SFC DVIS16,SFC DVIS17,SFC DVIS18,SFC DVIS19,SFC DVIS20,SFC DVIS21,SFC DVIS22,SFC DVIS23,SFC DVIS24,SFC DVIS25,SFC DVIS26,SFC DVIS27,SFC DVIS28,SFC DVIS29,SFC DVIS30,SFC DVIS31,SFC DVIS32,SFC DVIS33,SFC DVIS34,SFC DVIS35,SFC DVIS36,SFC DVIS37,SFC DVIS38,SFC DVIS39,SFC DVIS40,SFC DVIS41,SFC DVIS42,SFC DVIS43,SFC DVIS44,SFC DVIS45,SFC DVIS46,SFC DVIS47,SFC DVIS48,SFC DVIS49,SFC DVIS50,SFC DVIS51,SFC DVIS52,SFC DVIS53,SFC DVIS54,SFC DVIS55,SFC DVIS56,SFC DVIS57,SFC DVIS58,SFC DVIS59,SFC DVIS60,SFC DVIS61,SFC DVIS62,SFC DVIS63,SFC DVIS64,SFC DVIS65,SFC DVIS66,SFC DVIS67,SFC DVIS68,SFC DVIS69,SFC DVIS70,SFC DVIS71,SFC DVIS72,SFC DVIS73,SFC DVIS74,SFC DVIS75,SFC DVIS76,SFC DVIS77,SFC DVIS78,SFC DVIS79,SFC DVIS80,SFC DVIS81,SFC DVIS82,SFC DVIS83,SFC DVIS84
 1007,    0.0000,  218.8983,    0.2194,  117.0969,  115.8380,   -0.8625,   -0.7595,  158.4330,  155.0000,  155.0000,  155.0000,  155.0000,  155.0000,  155.0000,  155.0000,  155.0000,  155.0000,  155.0000,  155.0000,  155.0000,  158.8202,  165.3996,  173.2672,  181.4393,  190.2764,  198.8104,  204.5754,  207.8212,  209.4182,  210.0462,  210.3680,  210.4855,    0.0676,    0.2556,    0.5389,    0.8888,    1.2804,    1.6928,    2.1082,    2.5121,    2.8933,    3.2429,    3.5544,    3.8241,    3.4712,    3.6087,    3.7179,    3.7987,    3.8530,    3.8815,    3.8866,    3.8696,    3.8324,    3.7775,    3.7019,    3.5964,    1.2424,    1.2267,    1.2047,    1.1662,    1.1137,    1.0481,    0.8756,    0.8393,    0.7711,    0.6138,    0.5638,    0.3590,    0.1995,    0.1649,    0.1438,    0.1375,    0.1329,    0.1277,    0.1258,    0.1235,    0.1245,    0.1364,    0.1735,    0.2440,    0.3730,    0.4452,    0.3502,    0.5089,    0.4971,    0.5051,    0.5244,    0.6000,    0.6202,    0.6335,    0.6351,    0.6285,    1.6842,    1.6087,    1.5504,    1.4822,    1.4116,    1.3421,    1.2748,    1.2087,    1.1452,    1.0819,    1.0194,    0.9639,    1.4270,    1.3066,    1.1824,    1.0659,    0.9702,    0.8860,    0.8005,    0.7221,    0.6504,    0.5836,    0.5141,    0.4584,    1.1328,    0.8012,    0.5722,    0.3992,    0.2764,    0.1901,    0.1299,    0.0861,    0.0569,    0.0365,    0.0240,    0.0175,    0.0899,    0.0485,    0.0757,    0.0853,    0.0957,    0.0892,    0.0975,    0.1095,    0.0962,    0.1325,    0.1172,    0.1283,    0.1417,    0.1155,    0.1679,    0.1865,    0.1530,    0.1811,    0.2062,    0.2231,    0.2234,    0.1500,    0.2398,    0.2531,    0.3109,    0.3324,    0.3440,    0.3658,    0.3756,    0.3936,    0.3989,    0.4549,    0.4935,    0.4704,    0.4844,    0.4940,    0.8433,    0.9209,    0.9662,    0.9986,    1.0221,    1.1068,    1.0376,    1.1056,    1.0799,    1.1314,    1.0731,    1.1504,    2.4777,    2.4439,    2.4989,    2.5383,    2.5642,    2.4625,    2.5489,    2.6139,    2.6670,    2.4800,    2.4441,    2.5380,    6.4157,    6.1123,    6.0433,    5.8603,    5.4132,    5.0767,    4.4565,    4.0997,    3.9404,    3.4535,    2.6528,    2.4637,    1.8993,    1.7458,    1.3311,    1.2705,    0.8565,    0.6215,    0.5021,    0.2015,    0.1776,    0.1261,    0.0437,    0.0355,    0.0000,    0.0000,    0.0000,    0.0000,    0.0000,    0.0000,    0.0000,    0.0000,    0.0000,    0.0000,    0.0000,    0.0000,    0.0000,    0.0000,    0.0000,    0.0000,    0.0000,    0.0000,    0.0000,    0.0001,    0.0002,    0.0007,    0.0108,    0.0490,    0.0110,    0.0180,    0.0344,    0.0771,    0.1397,    0.2137,    0.4309,    0.4495,    0.5119,    0.6671,    0.7005,    0.8672,    0.6959,    0.7036,    0.7106,    0.6982,    0.6956,    0.7186,    0.6761,    0.6645,    0.6491,    0.6306,    0.6025,    0.5551,    0.4721,    0.3712,    0.4491,    0.2585,    0.2602,    0.2432,    0.2110,    0.1067,    0.0696,    0.0377,    0.0207,    0.0150,    0.0329,    0.0299,    0.0085,    0.0020,    0.0004,    0.0004,    0.0002,    0.0011,    0.0019,    0.0049,    0.0091,    0.0081,    0.0085,    0.0012,    0.0075,    0.0141,    0.0089,    0.0000,    0.0000,    0.0000,    0.0000,    0.0008,    0.0066,    0.0072,    0.0065,    0.0059,    0.0000,    0.0000,    0.0000,    0.0000,    0.0000,    0.0009,    0.0011,    0.0014,    0.0012,    0.0002,    0.0266,    0.0000,    0.0608,    0.1075,    0.1214,    0.1110,    0.1245,    0.1386,    0.1233,    0.1698,    0.1501,    0.1645,    0.1808,    0.1468,    0.2123,    0.2321,    0.1900,    0.1318,    0.0189,    0.0386,    0.1649,    0.1902,    0.3067,    0.3223,    0.3984,    0.4260,    0.4410,    0.4686,    0.4799,    0.4920,    0.4648,    0.4226,    0.3741,    0.4433,    0.6104,    0.6178,    1.0805,    1.1804,    1.2359,    1.2564,    1.2364,    1.3694,    1.3136,    1.3975,    1.2854,    1.4503,    1.3718,    1.4606,    3.1621,    3.0885,    3.2030,    3.2531,    3.2748,    3.1568,    3.2678,    3.3511,    3.4192,    3.1776,    3.1334,    3.2539,    8.2247,    7.8363,    7.7478,    7.5132,    6.9399,    6.5086,    5.7135,    5.2561,    5.0518,    4.4276,    3.4010,    3.1586,    2.4350,    2.2382,    1.7066,    1.6288,    1.0981,    0.7968,    0.6438,    0.2584,    0.2277,    0.1616,    0.0560,    0.0455
  875,    0.0500,  219.9973,    0.1973,  120.4634,  119.1046,   -0.8433,   -0.7354,  158.4330,  165.8509,  166.6294,  167.5418,  168.7944,  169.5945,  170.4971,  171.5978,  172.8983,  174.5000,  176.8970,  180.4980,  185.6990,  192.5987,  200.7306,  207.9938,  213.1991,  216.5393,  218.5978,  219.6964,  220.0965,  220.1756,  220.1412,  220.0616,  220.1044,    0.0661,    0.2499,    0.5272,    0.8698,    1.2537,    1.6583,    2.0663,    2.4700,    2.8795,    3.2423,    3.5347,    3.8010,    3.4503,    3.5754,    3.6734,    3.7510,    3.8199,    3.8717,    3.8689,    3.8028,    3.7468,    3.6748,    3.6090,    3.5324,    1.2197,    1.2063,    1.1898,    1.1638,    1.1336,    1.0990,    1.0058,    0.9957,    0.9557,    0.8407,    0.8375,    0.6954,    0.4495,    0.3847,    0.3218,    0.3105,    0.2909,    0.2487,    0.2827,    0.2850,    0.3016,    0.3377,    0.3980,    0.4600,    0.5575,    0.5929,    0.5094,    0.6151,    0.6069,    0.6026,    0.6007,    0.6361,    0.6406,    0.6431,    0.6395,    0.6314,    1.6939,    1.6132,    1.5482,    1.4687,    1.3993,    1.3238,    1.2557,    1.1911,    1.1284,    1.0673,    1.0050,    0.9507,    1.4000,    1.2758,    1.1568,    1.0451,    0.9519,    0.8671,    0.7922,    0.7149,    0.6447,    0.5793,    0.5162,    0.4622,    1.1363,    0.8032,    0.5677,    0.3978,    0.2763,    0.1898,    0.1299,    0.0866,    0.0581,    0.0381,    0.0251,    0.0177,    0.0912,    0.0480,    0.0784,    0.0895,    0.1004,    0.0934,    0.1023,    0.1144,    0.1006,    0.1384,    0.1224,    0.1338,    0.1477,    0.1203,    0.1750,    0.1943,    0.1603,    0.1865,    0.2064,    0.2238,    0.2302,    0.1571,    0.2513,    0.2653,    0.3259,    0.3484,    0.3606,    0.3834,    0.3906,    0.4091,    0.4145,    0.4677,    0.5045,    0.4837,    0.5039,    0.5134,    0.8741,    0.9546,    1.0015,    1.0348,    1.0577,    1.1461,    1.0753,    1.1410,    1.1114,    1.1676,    1.1074,    1.1869,    2.5567,    2.5214,    2.5787,    2.6117,    2.6381,    2.5337,    2.6225,    2.6894,    2.7441,    2.5516,    2.5147,    2.6114,    6.6012,    6.2735,    6.2028,    6.0150,    5.5562,    5.2109,    4.5745,    4.2084,    4.0450,    3.5454,    2.7235,    2.5295,    1.9503,    1.7673,    1.3476,    1.2864,    0.8674,    0.6295,    0.5087,    0.2042,    0.1800,    0.1278,    0.0443,    0.0360,    0.0019,    0.0072,    0.0152,    0.0250,    0.0360,    0.0477,    0.0594,    0.0643,    0.0411,    0.0331,    0.0574,    0.0660,    0.0619,    0.0780,    0.0926,    0.0991,    0.0875,    0.0669,    0.0772,    0.1286,    0.2387,    0.3143,    0.3640,    0.3850,    0.1187,    0.1228,    0.1483,    0.2301,    0.3321,    0.4364,    0.7302,    0.7516,    0.8262,    0.9563,    1.0007,    1.1088,    0.8500,    0.8412,    0.8317,    0.8222,    0.8126,    0.8023,    0.7935,    0.7839,    0.7744,    0.7646,    0.7538,    0.7358,    0.7093,    0.6051,    0.6504,    0.4563,    0.4598,    0.4446,    0.3863,    0.2373,    0.1742,    0.1091,    0.0741,    0.0620,    0.1307,    0.1266,    0.0803,    0.0949,    0.0838,    0.0993,    0.1016,    0.0993,    0.1002,    0.1013,    0.1177,    0.1082,    0.1727,    0.1590,    0.1589,    0.1647,    0.1382,    0.1039,    0.0730,    0.0656,    0.0596,    0.0558,    0.0600,    0.0554,    0.1062,    0.0853,    0.0548,    0.0359,    0.0240,    0.0171,    0.0116,    0.0109,    0.0083,    0.0074,    0.0056,    0.0022,    0.0203,    0.0000,    0.0520,    0.0953,    0.1078,    0.0986,    0.1106,    0.1243,    0.1107,    0.1524,    0.1347,    0.1484,    0.1629,    0.1322,    0.1910,    0.2086,    0.1678,    0.1093,    0.0133,    0.0295,    0.1421,    0.1694,    0.2740,    0.2877,    0.3561,    0.3808,    0.3942,    0.4189,    0.4369,    0.4472,    0.4169,    0.3790,    0.3341,    0.3989,    0.5536,    0.5615,    0.9923,    1.0840,    1.1350,    1.1518,    1.1313,    1.2546,    1.2049,    1.2910,    1.1868,    1.3420,    1.2691,    1.3506,    2.9252,    2.8548,    2.9640,    3.0198,    3.0395,    2.9303,    3.0335,    3.1108,    3.1740,    2.9498,    2.9087,    3.0205,    7.6349,    7.2577,    7.1757,    6.9584,    6.4274,    6.0278,    5.2914,    4.8677,    4.6785,    4.1003,    3.1496,    2.9250,    2.2549,    2.1301,    1.6241,    1.5501,    1.0450,    0.7583,    0.6126,    0.2459,    0.2167,    0.1538,    0.0533,    0.0433
  793,    0.1000,  220.6951,    0.1784,  123.5702,  121.9165,   -0.9896,   -0.8917,  158.4330,  175.8300,  176.6661,  177.6187,  178.8836,  179.8993,  181.2002,  182.8004,  184.5990,  186.7599,  189.6020,  193.5993,  198.9983,  206.0960,  213.8869,  220.1996,  224.2183,  226.3508,  227.1213,  226.6990,  225.5874,  224.0998,  223.1265,  222.2050,  221.8980,    0.0645,    0.2441,    0.5149,    0.8498,    1.2252,    1.6212,    2.0207,    2.4224,    2.8564,    3.2301,    3.5024,    3.7637,    3.4158,    3.5280,    3.6145,    3.6881,    3.7694,    3.8423,    3.8313,    3.7197,    3.6878,    3.6291,    3.5915,    3.5287,    1.2159,    1.2007,    1.1880,    1.1765,    1.1655,    1.1505,    1.1078,    1.1059,    1.0803,    0.9836,    0.9977,    0.8778,    0.5906,    0.5208,    0.4475,    0.4380,    0.4119,    0.3513,    0.4031,    0.4063,    0.4256,    0.4642,    0.5275,    0.5861,    0.6806,    0.6991,    0.6180,    0.6970,    0.6911,    0.6842,    0.6695,    0.6786,    0.6703,    0.6597,    0.6495,    0.6391,    1.7031,    1.6186,    1.5450,    1.4716,    1.4012,    1.3311,    1.2667,    1.2029,    1.1428,    1.0830,    1.0298,    0.9742,    1.4418,    1.3208,    1.2026,    1.0948,    0.9973,    0.9045,    0.8202,    0.7409,    0.6710,    0.6044,    0.5422,    0.4867,    1.1898,    0.8492,    0.6012,    0.4224,    0.2946,    0.2035,    0.1398,    0.0950,    0.0645,    0.0433,    0.0290,    0.0198,    0.0916,    0.0476,    0.0803,    0.0928,    0.1041,    0.0968,    0.1061,    0.1184,    0.1041,    0.1433,    0.1268,    0.1382,    0.1526,    0.1243,    0.1807,    0.2005,    0.1660,    0.1896,    0.2059,    0.2237,    0.2348,    0.1628,    0.2607,    0.2752,    0.3381,    0.3614,    0.3740,    0.3977,    0.4031,    0.4220,    0.4265,    0.4775,    0.5125,    0.4940,    0.5198,    0.5294,    0.9004,    0.9833,    1.0316,    1.0653,    1.0873,    1.1792,    1.1073,    1.1712,    1.1383,    1.1989,    1.1370,    1.2184,    2.6249,    2.5880,    2.6478,    2.6754,    2.7023,    2.5956,    2.6866,    2.7552,    2.8111,    2.6139,    2.5762,    2.6753,    6.7627,    6.4134,    6.3411,    6.1493,    5.6804,    5.3276,    4.6770,    4.3029,    4.1360,    3.6253,    2.7851,    2.5870,    1.9947,    1.7873,    1.3630,    1.3012,    0.8775,    0.6370,    0.5148,    0.2067,    0.1822,    0.1294,    0.0449,    0.0365,    0.0037,    0.0140,    0.0296,    0.0489,    0.0704,    0.0932,    0.1162,    0.1261,    0.0816,    0.0659,    0.1138,    0.1307,    0.1226,    0.1539,    0.1822,    0.1949,    0.1727,    0.1328,    0.1528,    0.2516,    0.4987,    0.6631,    0.7595,    0.7414,    0.2346,    0.2276,    0.2532,    0.3521,    0.4704,    0.5814,    0.8908,    0.9108,    0.9852,    1.0865,    1.1337,    1.2003,    0.9027,    0.8839,    0.8645,    0.8551,    0.8433,    0.8247,    0.8241,    0.8157,    0.8094,    0.8055,    0.8071,    0.8054,    0.8136,    0.7206,    0.7408,    0.5683,    0.5717,    0.5584,    0.4883,    0.3288,    0.2523,    0.1675,    0.1231,    0.1074,    0.2209,    0.2195,    0.1570,    0.2089,    0.1887,    0.2275,    0.2357,    0.2283,    0.2294,    0.2261,    0.2587,    0.2401,    0.3957,    0.3851,    0.3702,    0.3695,    0.3203,    0.2628,    0.1865,    0.1686,    0.1555,    0.1436,    0.1401,    0.1277,    0.2670,    0.2158,    0.1541,    0.1034,    0.0710,    0.0515,    0.0355,    0.0300,    0.0216,    0.0172,    0.0126,    0.0065,    0.0167,    0.0000,    0.0449,    0.0846,    0.0957,    0.0875,    0.0982,    0.1116,    0.0993,    0.1369,    0.1209,    0.1338,    0.1468,    0.1192,    0.1720,    0.1878,    0.1490,    0.0942,    0.0107,    0.0246,    0.1242,    0.1510,    0.2449,    0.2570,    0.3183,    0.3404,    0.3524,    0.3744,    0.3978,    0.4068,    0.3770,    0.3427,    0.3016,    0.3613,    0.5032,    0.5109,    0.9113,    0.9955,    1.0423,    1.0569,    1.0372,    1.1510,    1.1059,    1.1936,    1.0970,    1.2419,    1.1742,    1.2494,    2.7066,    2.6403,    2.7427,    2.8032,    2.8214,    2.7201,    2.8159,    2.8877,    2.9464,    2.7382,    2.7002,    2.8039,    7.0874,    6.7223,    6.6464,    6.4451,    5.9533,    5.5832,    4.9011,    4.5087,    4.3334,    3.7979,    2.9172,    2.7093,    2.0886,    2.0278,    1.5461,    1.4756,    0.9948,    0.7219,    0.5832,    0.2341,    0.2063,    0.1464,    0.0508,    0.0413
  801,    0.1500,  221.1978,    0.1620,  126.0247,  124.3433,   -0.8950,   -0.7673,  158.4330,  182.4633,  183.3134,  184.3010,  185.6075,  186.8004,  188.3025,  190.1979,  192.1973,  194.5958,  197.6497,  201.6981,  207.0988,  213.8992,  221.0300,  226.5874,  229.8435,  231.3210,  231.5929,  230.5621,  228.7345,  226.5020,  225.0803,  223.5695,  223.1491,    0.0630,    0.2382,    0.5027,    0.8298,    1.1967,    1.5838,    1.9746,    2.3733,    2.8292,    3.2125,    3.4646,    3.7203,    3.3755,    3.4749,    3.5503,    3.6196,    3.7119,    3.8040,    3.7850,    3.6314,    3.6415,    3.6071,    3.6005,    3.5419,    1.2177,    1.1983,    1.1871,    1.1858,    1.1881,    1.1849,    1.1739,    1.1744,    1.1576,    1.0734,    1.0958,    0.9929,    0.6838,    0.6144,    0.5378,    0.5307,    0.5009,    0.4290,    0.4921,    0.4953,    0.5149,    0.5524,    0.6141,    0.6675,    0.7589,    0.7675,    0.6902,    0.7514,    0.7466,    0.7391,    0.7170,    0.7101,    0.6929,    0.6726,    0.6576,    0.6456,    1.7060,    1.6195,    1.5396,    1.4802,    1.4088,    1.3484,    1.2893,    1.2257,    1.1684,    1.1091,    1.0667,    1.0094,    1.5055,    1.3902,    1.2701,    1.1638,    1.0611,    0.9608,    0.8617,    0.7796,    0.7094,    0.6403,    0.5767,    0.5187,    1.2633,    0.9124,    0.6508,    0.4586,    0.3215,    0.2239,    0.1546,    0.1069,    0.0732,    0.0499,    0.0338,    0.0228,    0.0918,    0.0473,    0.0817,    0.0954,    0.1071,    0.0995,    0.1092,    0.1216,    0.1070,    0.1473,    0.1303,    0.1419,    0.1566,    0.1276,    0.1854,    0.2056,    0.1705,    0.1918,    0.2056,    0.2235,    0.2382,    0.1673,    0.2683,    0.2831,    0.3480,    0.3719,    0.3850,    0.4093,    0.4137,    0.4327,    0.4363,    0.4854,    0.5189,    0.5024,    0.5331,    0.5429,    0.9229,    1.0079,    1.0572,    1.0912,    1.1123,    1.2072,    1.1344,    1.1972,    1.1614,    1.2259,    1.1625,    1.2456,    2.6838,    2.6454,    2.7076,    2.7309,    2.7581,    2.6495,    2.7424,    2.8124,    2.8695,    2.6681,    2.6297,    2.7308,    6.9032,    6.5346,    6.4611,    6.2658,    5.7881,    5.4287,    4.7660,    4.3849,    4.2150,    3.6948,    2.8386,    2.6368,    2.0333,    1.8056,    1.3771,    1.3148,    0.8868,    0.6438,    0.5204,    0.2090,    0.1843,    0.1310,    0.0454,    0.0370,    0.0054,    0.0205,    0.0433,    0.0716,    0.1032,    0.1366,    0.1703,    0.1853,    0.1212,    0.0983,    0.1688,    0.1938,    0.1817,    0.2274,    0.2685,    0.2869,    0.2551,    0.1972,    0.2265,    0.3685,    0.7542,    1.0031,    1.1422,    1.0808,    0.3454,    0.3250,    0.3466,    0.4522,    0.5770,    0.6878,    0.9959,    1.0134,    1.0848,    1.1659,    1.2130,    1.2556,    0.9365,    0.9123,    0.8872,    0.8780,    0.8647,    0.8404,    0.8454,    0.8378,    0.8334,    0.8328,    0.8411,    0.8473,    0.8746,    0.7914,    0.7968,    0.6428,    0.6456,    0.6328,    0.5578,    0.3973,    0.3121,    0.2157,    0.1662,    0.1485,    0.3020,    0.3059,    0.2325,    0.3256,    0.2980,    0.3611,    0.3758,    0.3627,    0.3632,    0.3547,    0.4025,    0.3759,    0.6248,    0.6189,    0.5867,    0.5762,    0.5067,    0.4312,    0.3108,    0.2819,    0.2615,    0.2404,    0.2273,    0.2066,    0.4478,    0.3628,    0.2688,    0.1829,    0.1273,    0.0931,    0.0649,    0.0527,    0.0374,    0.0284,    0.0205,    0.0118,    0.0140,    0.0000,    0.0389,    0.0751,    0.0850,    0.0777,    0.0873,    0.1002,    0.0892,    0.1229,    0.1086,    0.1206,    0.1324,    0.1075,    0.1550,    0.1692,    0.1326,    0.0824,    0.0091,    0.0211,    0.1095,    0.1347,    0.2189,    0.2297,    0.2845,    0.3043,    0.3150,    0.3347,    0.3623,    0.3703,    0.3420,    0.3109,    0.2733,    0.3281,    0.4578,    0.4651,    0.8369,    0.9142,    0.9573,    0.9702,    0.9517,    1.0564,    1.0153,    1.1040,    1.0145,    1.1492,    1.0865,    1.1560,    2.5045,    2.4426,    2.5381,    2.6022,    2.6190,    2.5251,    2.6140,    2.6807,    2.7351,    2.5419,    2.5065,    2.6029,    6.5792,    6.2268,    6.1565,    5.9701,    5.5145,    5.1717,    4.5399,    4.1764,    4.0140,    3.5180,    2.7023,    2.5096,    1.9347,    1.9306,    1.4720,    1.4049,    0.9472,    0.6873,    0.5553,    0.2228,    0.1964,    0.1394,    0.0483,    0.0393
  784,    0.2000,  221.6971,    0.1478,  128.2303,  126.4395,   -0.8928,   -0.7718,  158.4330,  187.6104,  188.4970,  189.5146,  190.7918,  192.0896,  193.6951,  195.6991,  197.7982,  200.3245,  203.5010,  207.4992,  212.7501,  219.1281,  225.7001,  230.5993,  233.2970,  234.3983,  234.3005,  233.0387,  230.8950,  228.2884,  226.4829,  224.6807,  224.0390,    0.0615,    0.2327,    0.4911,    0.8109,    1.1696,    1.5484,    1.9309,    2.3266,    2.8028,    3.1952,    3.4279,    3.6782,    3.3365,    3.4240,    3.4891,    3.5544,    3.6569,    3.7671,    3.7404,    3.5486,    3.6101,    3.6048,    3.6283,    3.5685,    1.2243,    1.1995,    1.1882,    1.1940,    1.2058,    1.2101,    1.2205,    1.2212,    1.2103,    1.1359,    1.1627,    1.0741,    0.7519,    0.6846,    0.6079,    0.6028,    0.5708,    0.4921,    0.5620,    0.5650,    0.5840,    0.6193,    0.6779,    0.7257,    0.8136,    0.8154,    0.7427,    0.7906,    0.7864,    0.7788,    0.7523,    0.7349,    0.7110,    0.6837,    0.6653,    0.6523,    1.7089,    1.6216,    1.5371,    1.4954,    1.4231,    1.3739,    1.3202,    1.2564,    1.2015,    1.1421,    1.1098,    1.0508,    1.5791,    1.4691,    1.3455,    1.2388,    1.1309,    1.0244,    0.9104,    0.8248,    0.7537,    0.6817,    0.6154,    0.5545,    1.3480,    0.9843,    0.7080,    0.5005,    0.3528,    0.2477,    0.1719,    0.1204,    0.0831,    0.0571,    0.0390,    0.0264,    0.0919,    0.0471,    0.0828,    0.0976,    0.1095,    0.1017,    0.1117,    0.1243,    0.1094,    0.1506,    0.1332,    0.1449,    0.1599,    0.1302,    0.1893,    0.2099,    0.1741,    0.1934,    0.2052,    0.2233,    0.2408,    0.1710,    0.2744,    0.2895,    0.3559,    0.3805,    0.3938,    0.4187,    0.4225,    0.4417,    0.4443,    0.4920,    0.5242,    0.5094,    0.5442,    0.5542,    0.9420,    1.0288,    1.0790,    1.1132,    1.1335,    1.2310,    1.1575,    1.2196,    1.1813,    1.2493,    1.1847,    1.2691,    2.7347,    2.6950,    2.7593,    2.7792,    2.8066,    2.6964,    2.7909,    2.8621,    2.9203,    2.7153,    2.6763,    2.7792,    7.0255,    6.6397,    6.5651,    6.3667,    5.8814,    5.5164,    4.8431,    4.4560,    4.2835,    3.7550,    2.8850,    2.6801,    2.0669,    1.8224,    1.3900,    1.3273,    0.8953,    0.6501,    0.5256,    0.2111,    0.1862,    0.1323,    0.0459,    0.0374,    0.0071,    0.0268,    0.0565,    0.0932,    0.1345,    0.1780,    0.2220,    0.2422,    0.1600,    0.1304,    0.2227,    0.2555,    0.2394,    0.2988,    0.3518,    0.3756,    0.3351,    0.2604,    0.2984,    0.4800,    1.0001,    1.3251,    1.5008,    1.3983,    0.4494,    0.4154,    0.4312,    0.5386,    0.6651,    0.7729,    1.0730,    1.0881,    1.1555,    1.2215,    1.2673,    1.2940,    0.9612,    0.9339,    0.9052,    0.8962,    0.8819,    0.8540,    0.8627,    0.8555,    0.8523,    0.8536,    0.8657,    0.8764,    0.9156,    0.8406,    0.8361,    0.6979,    0.7001,    0.6869,    0.6102,    0.4526,    0.3607,    0.2575,    0.2052,    0.1862,    0.3769,    0.3873,    0.3061,    0.4406,    0.4068,    0.4929,    0.5135,    0.4947,    0.4940,    0.4800,    0.5405,    0.5070,    0.8437,    0.8410,    0.7913,    0.7695,    0.6826,    0.5931,    0.4343,    0.3949,    0.3672,    0.3370,    0.3138,    0.2852,    0.6315,    0.5113,    0.3855,    0.2650,    0.1860,    0.1367,    0.0959,    0.0763,    0.0538,    0.0399,    0.0286,    0.0175,    0.0119,    0.0000,    0.0337,    0.0667,    0.0755,    0.0690,    0.0775,    0.0899,    0.0800,    0.1103,    0.0975,    0.1088,    0.1193,    0.0969,    0.1398,    0.1525,    0.1181,    0.0726,    0.0078,    0.0184,    0.0969,    0.1201,    0.1957,    0.2052,    0.2543,    0.2720,    0.2816,    0.2992,    0.3299,    0.3371,    0.3107,    0.2824,    0.2481,    0.2982,    0.4166,    0.4234,    0.7686,    0.8396,    0.8791,    0.8907,    0.8735,    0.9698,    0.9323,    1.0212,    0.9385,    1.0634,    1.0054,    1.0696,    2.3175,    2.2599,    2.3487,    2.4157,    2.4312,    2.3440,    2.4266,    2.4885,    2.5390,    2.3597,    2.3269,    2.4163,    6.1075,    5.7683,    5.7032,    5.5305,    5.1085,    4.7909,    4.2056,    3.8689,    3.7185,    3.2590,    2.5033,    2.3249,    1.7923,    1.8382,    1.4015,    1.3377,    0.9019,    0.6545,    0.5287,    0.2122,    0.1870,    0.1328,    0.0460,    0.0374
  721,    0.3000,  222.5688,    0.1250,  131.8940,  129.8181,   -0.9892,   -0.9409,  158.4330,  195.1022,  195.9967,  197.0541,  198.3801,  199.7325,  201.5036,  203.6961,  205.9824,  208.5796,  211.6960,  215.4977,  220.2979,  225.9906,  231.5826,  235.4096,  237.3865,  237.9013,  237.5003,  235.9954,  233.6507,  230.5923,  228.5005,  226.3130,  225.6028,    0.0587,    0.2223,    0.4694,    0.7754,    1.1188,    1.4817,    1.8485,    2.2377,    2.7497,    3.1590,    3.3548,    3.5946,    3.2590,    3.3245,    3.3709,    3.4290,    3.5492,    3.6920,    3.6514,    3.3922,    3.5734,    3.6305,    3.7071,    3.6381,    1.2436,    1.2067,    1.1926,    1.2074,    1.2315,    1.2445,    1.2823,    1.2805,    1.2774,    1.2182,    1.2485,    1.1838,    0.8472,    0.7856,    0.7120,    0.7097,    0.6758,    0.5901,    0.6670,    0.6693,    0.6862,    0.7166,    0.7682,    0.8059,    0.8863,    0.8789,    0.8159,    0.8442,    0.8403,    0.8328,    0.8018,    0.7718,    0.7378,    0.7013,    0.6787,    0.6643,    1.7112,    1.6250,    1.5347,    1.5333,    1.4596,    1.4335,    1.3902,    1.3252,    1.2739,    1.2134,    1.1979,    1.1358,    1.7265,    1.6236,    1.4915,    1.3808,    1.2638,    1.1480,    1.0094,    0.9171,    0.8432,    0.7649,    0.6925,    0.6258,    1.5206,    1.1284,    0.8228,    0.5857,    0.4165,    0.2958,    0.2072,    0.1473,    0.1026,    0.0711,    0.0490,    0.0335,    0.0920,    0.0467,    0.0842,    0.1006,    0.1130,    0.1049,    0.1152,    0.1282,    0.1129,    0.1555,    0.1375,    0.1495,    0.1649,    0.1343,    0.1951,    0.2161,    0.1793,    0.1955,    0.2046,    0.2228,    0.2444,    0.1763,    0.2834,    0.2990,    0.3677,    0.3930,    0.4068,    0.4325,    0.4361,    0.4555,    0.4566,    0.5020,    0.5321,    0.5199,    0.5613,    0.5715,    0.9722,    1.0618,    1.1135,    1.1480,    1.1670,    1.2686,    1.1940,    1.2557,    1.2133,    1.2871,    1.2203,    1.3069,    2.8168,    2.7748,    2.8426,    2.8578,    2.8855,    2.7726,    2.8699,    2.9431,    3.0029,    2.7921,    2.7520,    2.8579,    7.2244,    6.8097,    6.7334,    6.5301,    6.0325,    5.6584,    4.9680,    4.5712,    4.3945,    3.8526,    2.9603,    2.7503,    2.1213,    1.8518,    1.4127,    1.3492,    0.9103,    0.6612,    0.5347,    0.2149,    0.1896,    0.1348,    0.0468,    0.0381,    0.0101,    0.0383,    0.0810,    0.1337,    0.1930,    0.2555,    0.3188,    0.3494,    0.2355,    0.1934,    0.3269,    0.3745,    0.3508,    0.4351,    0.5098,    0.5435,    0.4879,    0.3828,    0.4370,    0.6881,    1.4566,    1.9066,    2.1372,    1.9660,    0.6370,    0.5779,    0.5802,    0.6843,    0.8072,    0.9061,    1.1824,    1.1928,    1.2518,    1.2953,    1.3375,    1.3440,    0.9947,    0.9640,    0.9311,    0.9224,    0.9069,    0.8746,    0.8876,    0.8811,    0.8792,    0.8827,    0.8989,    0.9141,    0.9672,    0.9053,    0.8885,    0.7767,    0.7774,    0.7625,    0.6866,    0.5395,    0.4376,    0.3287,    0.2743,    0.2540,    0.5132,    0.5381,    0.4467,    0.6587,    0.6151,    0.7400,    0.7697,    0.7400,    0.7357,    0.7108,    0.7883,    0.7438,    1.2305,    1.2267,    1.1452,    1.0994,    0.9858,    0.8766,    0.6623,    0.6039,    0.5624,    0.5152,    0.4735,    0.4304,    0.9788,    0.7887,    0.6031,    0.4203,    0.2983,    0.2198,    0.1555,    0.1205,    0.0848,    0.0614,    0.0435,    0.0284,    0.0087,    0.0000,    0.0254,    0.0526,    0.0596,    0.0545,    0.0612,    0.0725,    0.0645,    0.0889,    0.0786,    0.0885,    0.0970,    0.0788,    0.1136,    0.1239,    0.0939,    0.0570,    0.0060,    0.0142,    0.0764,    0.0957,    0.1564,    0.1640,    0.2032,    0.2174,    0.2251,    0.2391,    0.2737,    0.2795,    0.2569,    0.2335,    0.2051,    0.2468,    0.3453,    0.3511,    0.6483,    0.7082,    0.7416,    0.7510,    0.7362,    0.8176,    0.7862,    0.8742,    0.8033,    0.9107,    0.8610,    0.9159,    1.9846,    1.9348,    2.0114,    2.0819,    2.0952,    2.0202,    2.0914,    2.1447,    2.1883,    2.0337,    2.0054,    2.0825,    5.2637,    4.9514,    4.8955,    4.7473,    4.3851,    4.1125,    3.6101,    3.3211,    3.1920,    2.7976,    2.1489,    1.9958,    1.5386,    1.6669,    1.2710,    1.2131,    0.8179,    0.5936,    0.4796,    0.1925,    0.1696,    0.1204,    0.0418,    0.0339
  682,    0.4000,  223.1976,    0.1080,  134.5588,  132.3466,   -0.9671,   -0.8640,  158.4330,  200.5537,  201.4705,  202.5539,  203.8865,  205.2950,  207.1964,  209.3953,  211.6980,  214.2947,  217.2980,  220.8012,  225.2629,  230.2977,  235.1966,  238.3243,  239.6990,  239.8984,  239.2002,  237.5995,  235.2556,  232.0957,  229.8640,  227.4420,  226.6348,    0.0562,    0.2126,    0.4490,    0.7418,    1.0707,    1.4183,    1.7699,    2.1514,    2.6927,    3.1159,    3.2767,    3.5058,    3.1766,    3.2221,    3.2516,    3.3030,    3.4373,    3.6078,    3.5543,    3.2392,    3.5534,    3.6722,    3.7921,    3.7105,    1.2644,    1.2154,    1.1969,    1.2170,    1.2488,    1.2665,    1.3212,    1.3155,    1.3175,    1.2702,    1.3010,    1.2560,    0.9124,    0.8567,    0.7879,    0.7874,    0.7531,    0.6647,    0.7442,    0.7458,    0.7603,    0.7862,    0.8308,    0.8599,    0.9332,    0.9193,    0.8657,    0.8794,    0.8755,    0.8680,    0.8351,    0.7977,    0.7554,    0.7133,    0.6881,    0.6729,    1.7050,    1.6229,    1.5290,    1.5710,    1.4963,    1.4924,    1.4580,    1.3916,    1.3427,    1.2807,    1.2776,    1.2130,    1.8567,    1.7564,    1.6162,    1.4999,    1.3761,    1.2537,    1.0985,    1.0001,    0.9231,    0.8390,    0.7609,    0.6890,    1.6770,    1.2570,    0.9247,    0.6620,    0.4739,    0.3391,    0.2390,    0.1710,    0.1198,    0.0834,    0.0578,    0.0398,    0.0919,    0.0464,    0.0850,    0.1026,    0.1152,    0.1069,    0.1175,    0.1309,    0.1153,    0.1587,    0.1403,    0.1526,    0.1683,    0.1370,    0.1990,    0.2204,    0.1826,    0.1967,    0.2041,    0.2223,    0.2466,    0.1798,    0.2893,    0.3051,    0.3754,    0.4012,    0.4153,    0.4415,    0.4457,    0.4653,    0.4652,    0.5089,    0.5376,    0.5273,    0.5732,    0.5838,    0.9942,    1.0858,    1.1386,    1.1732,    1.1912,    1.2959,    1.2205,    1.2826,    1.2372,    1.3153,    1.2469,    1.3352,    2.8782,    2.8345,    2.9050,    2.9172,    2.9452,    2.8303,    2.9296,    3.0044,    3.0654,    2.8502,    2.8094,    2.9174,    7.3749,    6.9374,    6.8598,    6.6529,    6.1461,    5.7651,    5.0619,    4.6578,    4.4781,    3.9261,    3.0170,    2.8032,    2.1624,    1.8764,    1.4317,    1.3676,    0.9230,    0.6705,    0.5424,    0.2180,    0.1925,    0.1369,    0.0476,    0.0388,    0.0129,    0.0489,    0.1032,    0.1706,    0.2462,    0.3261,    0.4070,    0.4479,    0.3075,    0.2543,    0.4258,    0.4870,    0.4559,    0.5623,    0.6557,    0.6981,    0.6300,    0.4988,    0.5672,    0.8758,    1.8637,    2.4046,    2.6689,    2.4490,    0.7983,    0.7188,    0.7080,    0.8049,    0.9204,    1.0092,    1.2590,    1.2654,    1.3162,    1.3434,    1.3817,    1.3760,    1.0175,    0.9852,    0.9501,    0.9418,    0.9255,    0.8898,    0.9062,    0.8999,    0.8989,    0.9034,    0.9213,    0.9381,    0.9986,    0.9468,    0.9227,    0.8320,    0.8315,    0.8146,    0.7420,    0.6071,    0.4981,    0.3889,    0.3346,    0.3139,    0.6353,    0.6746,    0.5772,    0.8568,    0.8057,    0.9591,    0.9937,    0.9543,    0.9453,    0.9105,    0.9951,    0.9421,    1.5439,    1.5300,    1.4225,    1.3537,    1.2224,    1.1006,    0.8558,    0.7815,    0.7278,    0.6661,    0.6089,    0.5538,    1.2819,    1.0259,    0.7867,    0.5539,    0.3957,    0.2917,    0.2073,    0.1579,    0.1111,    0.0795,    0.0561,    0.0377,    0.0065,    0.0000,    0.0191,    0.0415,    0.0471,    0.0430,    0.0483,    0.0584,    0.0520,    0.0717,    0.0633,    0.0720,    0.0789,    0.0641,    0.0924,    0.1008,    0.0747,    0.0450,    0.0046,    0.0112,    0.0605,    0.0762,    0.1250,    0.1311,    0.1625,    0.1738,    0.1799,    0.1911,    0.2271,    0.2319,    0.2127,    0.1934,    0.1698,    0.2045,    0.2864,    0.2912,    0.5469,    0.5974,    0.6256,    0.6334,    0.6208,    0.6896,    0.6631,    0.7486,    0.6879,    0.7800,    0.7374,    0.7844,    1.6998,    1.6570,    1.7228,    1.7946,    1.8060,    1.7414,    1.8028,    1.8487,    1.8863,    1.7530,    1.7286,    1.7951,    4.5373,    4.2520,    4.2040,    4.0768,    3.7657,    3.5317,    3.1003,    2.8521,    2.7412,    2.4026,    1.8455,    1.7140,    1.3214,    1.5122,    1.1530,    1.1006,    0.7421,    0.5385,    0.4351,    0.1747,    0.1539,    0.1093,    0.0379,    0.0308
  675,    0.5000,  223.5971,    0.0952,  136.5605,  134.2423,   -0.9369,   -0.7732,  158.4330,  204.8209,  205.7875,  206.8745,  208.2023,  209.6705,  211.4980,  213.6957,  215.9956,  218.4970,  221.4018,  224.7014,  228.7958,  233.4003,  237.6984,  240.2974,  241.2740,  241.0961,  240.1972,  238.4910,  236.0999,  232.9982,  230.6812,  228.1212,  227.3121,    0.0538,    0.2036,    0.4299,    0.7104,    1.0255,    1.3587,    1.6958,    2.0690,    2.6341,    3.0690,    3.1971,    3.4156,    3.0928,    3.1202,    3.1349,    3.1800,    3.3256,    3.5195,    3.4546,    3.0932,    3.5469,    3.7226,    3.8766,    3.7828,    1.2859,    1.2257,    1.2021,    1.2253,    1.2622,    1.2825,    1.3484,    1.3386,    1.3441,    1.3062,    1.3363,    1.3076,    0.9604,    0.9102,    0.8468,    0.8475,    0.8134,    0.7249,    0.8045,    0.8053,    0.8174,    0.8392,    0.8774,    0.8994,    0.9664,    0.9478,    0.9026,    0.9050,    0.9008,    0.8932,    0.8597,    0.8176,    0.7681,    0.7223,    0.6955,    0.6799,    1.6953,    1.6190,    1.5230,    1.6085,    1.5331,    1.5489,    1.5216,    1.4537,    1.4064,    1.3427,    1.3479,    1.2812,    1.9685,    1.8673,    1.7201,    1.5979,    1.4689,    1.3416,    1.1764,    1.0728,    0.9925,    0.9034,    0.8203,    0.7440,    1.8152,    1.3689,    1.0124,    0.7284,    0.5241,    0.3767,    0.2668,    0.1914,    0.1346,    0.0940,    0.0654,    0.0453,    0.0917,    0.0461,    0.0854,    0.1038,    0.1166,    0.1082,    0.1190,    0.1326,    0.1169,    0.1609,    0.1423,    0.1547,    0.1706,    0.1389,    0.2017,    0.2233,    0.1848,    0.1975,    0.2036,    0.2218,    0.2480,    0.1821,    0.2932,    0.3092,    0.3804,    0.4067,    0.4209,    0.4475,    0.4525,    0.4721,    0.4712,    0.5137,    0.5413,    0.5324,    0.5817,    0.5924,    1.0101,    1.1032,    1.1569,    1.1916,    1.2088,    1.3157,    1.2397,    1.3027,    1.2551,    1.3364,    1.2669,    1.3564,    2.9241,    2.8791,    2.9516,    2.9622,    2.9904,    2.8740,    2.9748,    3.0508,    3.1128,    2.8941,    2.8527,    2.9625,    7.4889,    7.0335,    6.9548,    6.7452,    6.2315,    5.8454,    5.1326,    4.7230,    4.5410,    3.9815,    3.0598,    2.8432,    2.1934,    1.8971,    1.4477,    1.3831,    0.9336,    0.6784,    0.5489,    0.2207,    0.1949,    0.1387,    0.0482,    0.0393,    0.0155,    0.0585,    0.1236,    0.2042,    0.2948,    0.3906,    0.4875,    0.5385,    0.3760,    0.3131,    0.5193,    0.5931,    0.5549,    0.6807,    0.7902,    0.8401,    0.7619,    0.6082,    0.6891,    1.0452,    2.2247,    2.8271,    3.1081,    2.8572,    0.9364,    0.8412,    0.8186,    0.9070,    1.0135,    1.0923,    1.3154,    1.3185,    1.3616,    1.3756,    1.4100,    1.3948,    1.0310,    0.9979,    0.9617,    0.9536,    0.9369,    0.8994,    0.9176,    0.9115,    0.9109,    0.9159,    0.9347,    0.9523,    1.0176,    0.9744,    0.9450,    0.8729,    0.8711,    0.8523,    0.7840,    0.6618,    0.5479,    0.4412,    0.3881,    0.3674,    0.7460,    0.7988,    0.6977,    1.0344,    0.9772,    1.1495,    1.1853,    1.1375,    1.1230,    1.0796,    1.1634,    1.1040,    1.7904,    1.7604,    1.6327,    1.5434,    1.4009,    1.2709,    1.0143,    0.9273,    0.8628,    0.7893,    0.7197,    0.6549,    1.5366,    1.2204,    0.9347,    0.6633,    0.4762,    0.3504,    0.2498,    0.1878,    0.1323,    0.0940,    0.0661,    0.0453,    0.0048,    0.0000,    0.0144,    0.0328,    0.0372,    0.0340,    0.0382,    0.0471,    0.0419,    0.0578,    0.0511,    0.0586,    0.0642,    0.0522,    0.0752,    0.0820,    0.0595,    0.0357,    0.0036,    0.0088,    0.0480,    0.0608,    0.1000,    0.1048,    0.1299,    0.1390,    0.1439,    0.1529,    0.1884,    0.1924,    0.1763,    0.1603,    0.1407,    0.1696,    0.2376,    0.2417,    0.4614,    0.5040,    0.5278,    0.5344,    0.5236,    0.5817,    0.5594,    0.6412,    0.5892,    0.6682,    0.6317,    0.6720,    1.4562,    1.4194,    1.4759,    1.5473,    1.5571,    1.5014,    1.5543,    1.5940,    1.6263,    1.5114,    1.4904,    1.5477,    3.9121,    3.6532,    3.6120,    3.5026,    3.2354,    3.0343,    2.6637,    2.4505,    2.3553,    2.0643,    1.5857,    1.4727,    1.1354,    1.3723,    1.0464,    0.9988,    0.6735,    0.4888,    0.3950,    0.1585,    0.1397,    0.0992,    0.0344,    0.0280
  633,    0.7500,  224.0667,    0.0754,  139.8068,  137.1687,   -0.9877,   -0.9206,  158.4330,  212.3662,  213.3507,  214.4740,  215.7872,  217.3019,  219.1094,  221.3042,  223.4982,  225.8009,  228.3972,  231.1995,  234.7033,  238.4160,  241.7013,  243.4839,  243.5944,  242.6912,  241.1014,  239.1218,  236.8245,  233.8786,  231.5693,  228.9695,  228.1389,    0.0485,    0.1836,    0.3878,    0.6410,    0.9255,    1.2265,    1.5312,    1.8828,    2.4896,    2.9461,    3.0023,    3.1961,    2.8892,    2.8794,    2.8645,    2.8963,    3.0609,    3.2992,    3.2109,    2.7663,    3.5721,    3.8602,    4.0683,    3.9528,    1.3390,    1.2565,    1.2203,    1.2465,    1.2896,    1.3116,    1.3923,    1.3726,    1.3832,    1.3614,    1.3880,    1.3907,    1.0403,    1.0014,    0.9502,    0.9522,    0.9197,    0.8344,    0.9107,    0.9099,    0.9171,    0.9310,    0.9567,    0.9656,    1.0199,    0.9934,    0.9654,    0.9482,    0.9431,    0.9347,    0.9020,    0.8543,    0.7900,    0.7397,    0.7108,    0.6947,    1.6691,    1.6123,    1.5138,    1.7005,    1.6236,    1.6763,    1.6595,    1.5881,    1.5418,    1.4739,    1.4880,    1.4173,    2.1821,    2.0716,    1.9115,    1.7762,    1.6389,    1.5030,    1.3293,    1.2155,    1.1275,    1.0286,    0.9360,    0.8512,    2.0915,    1.5869,    1.1806,    0.8574,    0.6220,    0.4497,    0.3208,    0.2303,    0.1631,    0.1144,    0.0800,    0.0560,    0.0912,    0.0456,    0.0859,    0.1053,    0.1183,    0.1097,    0.1207,    0.1349,    0.1189,    0.1636,    0.1447,    0.1575,    0.1736,    0.1413,    0.2052,    0.2271,    0.1875,    0.1981,    0.2026,    0.2208,    0.2493,    0.1849,    0.2981,    0.3143,    0.3867,    0.4134,    0.4279,    0.4549,    0.4619,    0.4816,    0.4795,    0.5201,    0.5462,    0.5393,    0.5934,    0.6043,    1.0335,    1.1287,    1.1836,    1.2183,    1.2345,    1.3446,    1.2679,    1.3335,    1.2824,    1.3688,    1.2974,    1.3888,    2.9945,    2.9473,    3.0231,    3.0324,    3.0610,    2.9422,    3.0454,    3.1232,    3.1867,    2.9628,    2.9205,    3.0329,    7.6669,    7.1818,    7.1017,    6.8879,    6.3637,    5.9697,    5.2421,    4.8242,    4.6387,    4.0675,    3.1263,    2.9054,    2.2419,    1.9353,    1.4773,    1.4118,    0.9533,    0.6931,    0.5611,    0.2257,    0.1994,    0.1420,    0.0494,    0.0403,    0.0209,    0.0792,    0.1672,    0.2764,    0.3991,    0.5288,    0.6602,    0.7350,    0.5331,    0.4509,    0.7315,    0.8325,    0.7775,    0.9422,    1.0830,    1.1477,    1.0519,    0.8552,    0.9607,    1.4015,    2.9521,    3.6106,    3.8823,    3.6098,    1.1969,    1.0810,    1.0370,    1.1035,    1.1863,    1.2423,    1.4042,    1.4010,    1.4273,    1.4173,    1.4425,    1.4121,    1.0444,    1.0113,    0.9746,    0.9668,    0.9496,    0.9104,    0.9303,    0.9244,    0.9240,    0.9291,    0.9477,    0.9652,    1.0364,    1.0095,    0.9725,    0.9366,    0.9321,    0.9103,    0.8536,    0.7614,    0.6421,    0.5467,    0.4989,    0.4791,    0.9830,    1.0639,    0.9591,    1.3938,    1.3257,    1.5111,    1.5372,    1.4738,    1.4445,    1.3847,    1.4455,    1.3761,    2.1761,    2.0964,    1.9380,    1.8104,    1.6572,    1.5176,    1.2785,    1.1704,    1.0853,    0.9921,    0.9028,    0.8221,    1.9772,    1.5407,    1.1682,    0.8409,    0.6080,    0.4447,    0.3182,    0.2332,    0.1647,    0.1160,    0.0812,    0.0569,    0.0024,    0.0000,    0.0072,    0.0182,    0.0207,    0.0189,    0.0212,    0.0276,    0.0245,    0.0338,    0.0299,    0.0351,    0.0385,    0.0312,    0.0450,    0.0491,    0.0338,    0.0201,    0.0020,    0.0050,    0.0272,    0.0346,    0.0572,    0.0600,    0.0744,    0.0796,    0.0824,    0.0876,    0.1184,    0.1208,    0.1106,    0.1006,    0.0883,    0.1064,    0.1492,    0.1518,    0.3020,    0.3299,    0.3455,    0.3497,    0.3426,    0.3806,    0.3661,    0.4359,    0.4006,    0.4544,    0.4296,    0.4569,    0.9902,    0.9651,    1.0037,    1.0694,    1.0761,    1.0376,    1.0742,    1.1016,    1.1240,    1.0446,    1.0301,    1.0697,    2.7037,    2.5054,    2.4771,    2.4022,    2.2189,    2.0811,    1.8269,    1.6807,    1.6155,    1.4159,    1.0877,    1.0102,    0.7789,    1.0784,    0.8224,    0.7851,    0.5294,    0.3843,    0.3105,    0.1247,    0.1099,    0.0781,    0.0271,    0.0220
  688,    1.0000,  223.8957,    0.0657,  141.4607,  138.6140,   -0.9804,   -0.8847,  158.4330,  217.6794,  218.6698,  219.7961,  220.9952,  222.5138,  224.2878,  226.3007,  228.3911,  230.4974,  232.8014,  235.3953,  238.3938,  241.6021,  244.3013,  245.3965,  244.8297,  243.2362,  241.0932,  238.7018,  236.3938,  233.5893,  231.4319,  228.8580,  227.9843,    0.0440,    0.1667,    0.3521,    0.5819,    0.8401,    1.1131,    1.3895,    1.7191,    2.3476,    2.8164,    2.8131,    2.9844,    2.6930,    2.6552,    2.6187,    2.6399,    2.8137,    3.0796,    2.9743,    2.4814,    3.6253,    3.9873,    4.2214,    4.0960,    1.3859,    1.2886,    1.2419,    1.2681,    1.3130,    1.3340,    1.4204,    1.3922,    1.4052,    1.3932,    1.4155,    1.4401,    1.0900,    1.0601,    1.0199,    1.0221,    0.9918,    0.9122,    0.9826,    0.9805,    0.9838,    0.9917,    1.0077,    1.0075,    1.0528,    1.0217,    1.0068,    0.9771,    0.9711,    0.9614,    0.9307,    0.8812,    0.8049,    0.7531,    0.7236,    0.7075,    1.6434,    1.6098,    1.5106,    1.7836,    1.7056,    1.7806,    1.7678,    1.6935,    1.6461,    1.5749,    1.5891,    1.5157,    2.3301,    2.2089,    2.0404,    1.8957,    1.7534,    1.6116,    1.4383,    1.3174,    1.2231,    1.1175,    1.0185,    0.9277,    2.2933,    1.7428,    1.2989,    0.9495,    0.6924,    0.5019,    0.3597,    0.2581,    0.1835,    0.1292,    0.0906,    0.0638,    0.0908,    0.0453,    0.0859,    0.1058,    0.1189,    0.1102,    0.1213,    0.1357,    0.1196,    0.1646,    0.1456,    0.1585,    0.1747,    0.1423,    0.2065,    0.2285,    0.1884,    0.1980,    0.2018,    0.2199,    0.2495,    0.1858,    0.2998,    0.3161,    0.3890,    0.4158,    0.4304,    0.4575,    0.4659,    0.4856,    0.4828,    0.5226,    0.5479,    0.5420,    0.5982,    0.6093,    1.0440,    1.1403,    1.1956,    1.2304,    1.2460,    1.3576,    1.2806,    1.3484,    1.2954,    1.3844,    1.3122,    1.4044,    3.0285,    2.9803,    3.0577,    3.0675,    3.0961,    2.9762,    3.0807,    3.1593,    3.2236,    2.9971,    2.9544,    3.0680,    7.7558,    7.2548,    7.1740,    6.9582,    6.4288,    6.0311,    5.2962,    4.8742,    4.6871,    4.1103,    3.1594,    2.9365,    2.2662,    1.9600,    1.4965,    1.4306,    0.9663,    0.7027,    0.5691,    0.2290,    0.2025,    0.1443,    0.0502,    0.0410,    0.0253,    0.0958,    0.2024,    0.3345,    0.4829,    0.6399,    0.7988,    0.8948,    0.6703,    0.5747,    0.9138,    1.0365,    0.9663,    1.1584,    1.3200,    1.3948,    1.2892,    1.0644,    1.1864,    1.6756,    3.4744,    4.0997,    4.3251,    4.0759,    1.3649,    1.2466,    1.1912,    1.2386,    1.3002,    1.3374,    1.4493,    1.4421,    1.4551,    1.4289,    1.4461,    1.4055,    1.0404,    1.0081,    0.9723,    0.9645,    0.9475,    0.9082,    0.9282,    0.9222,    0.9216,    0.9262,    0.9436,    0.9603,    1.0338,    1.0188,    0.9775,    0.9678,    0.9612,    0.9387,    0.8925,    0.8254,    0.7078,    0.6256,    0.5838,    0.5652,    1.1724,    1.2730,    1.1681,    1.6491,    1.5740,    1.7402,    1.7473,    1.6743,    1.6309,    1.5610,    1.5872,    1.5130,    2.3429,    2.2191,    2.0481,    1.8984,    1.7460,    1.6046,    1.4068,    1.2883,    1.1904,    1.0876,    0.9896,    0.9012,    2.2048,    1.6885,    1.2653,    0.9190,    0.6668,    0.4844,    0.3468,    0.2495,    0.1764,    0.1237,    0.0863,    0.0611,    0.0012,    0.0000,    0.0036,    0.0102,    0.0115,    0.0105,    0.0118,    0.0162,    0.0144,    0.0198,    0.0175,    0.0211,    0.0231,    0.0188,    0.0270,    0.0295,    0.0193,    0.0115,    0.0012,    0.0028,    0.0155,    0.0197,    0.0329,    0.0345,    0.0427,    0.0457,    0.0473,    0.0503,    0.0745,    0.0761,    0.0696,    0.0633,    0.0556,    0.0670,    0.0939,    0.0955,    0.1980,    0.2163,    0.2265,    0.2292,    0.2245,    0.2495,    0.2400,    0.2969,    0.2729,    0.3096,    0.2926,    0.3113,    0.6746,    0.6574,    0.6837,    0.7406,    0.7453,    0.7186,    0.7439,    0.7629,    0.7784,    0.7234,    0.7133,    0.7408,    1.8724,    1.7243,    1.7049,    1.6533,    1.5272,    1.4323,    1.2574,    1.1568,    1.1119,    0.9746,    0.7487,    0.6954,    0.5362,    0.8494,    0.6478,    0.6185,    0.4171,    0.3028,    0.2447,    0.0983,    0.0866,    0.0615,    0.0213,    0.0174
  834,    1.2500,  223.2985,    0.0608,  142.3527,  139.3370,   -0.9720,   -0.7677,  158.4330,  221.5925,  222.5774,  223.7113,  224.8942,  226.2899,  228.0076,  229.9871,  231.9041,  233.8924,  235.9415,  238.2881,  240.9985,  243.8415,  246.1042,  246.6971,  245.5317,  243.2965,  240.5332,  237.7908,  235.3876,  232.7908,  230.7044,  228.1941,  227.4300,    0.0402,    0.1523,    0.3216,    0.5313,    0.7669,    1.0160,    1.2679,    1.5763,    2.2131,    2.6878,    2.6360,    2.7874,    2.5108,    2.4519,    2.4001,    2.4129,    2.5897,    2.8717,    2.7544,    2.2362,    3.6905,    4.0970,    4.3429,    4.2152,    1.4264,    1.3199,    1.2654,    1.2901,    1.3349,    1.3539,    1.4417,    1.4065,    1.4204,    1.4144,    1.4323,    1.4728,    1.1240,    1.1011,    1.0701,    1.0721,    1.0439,    0.9704,    1.0346,    1.0314,    1.0317,    1.0351,    1.0437,    1.0372,    1.0759,    1.0422,    1.0371,    0.9994,    0.9925,    0.9816,    0.9529,    0.9034,    0.8176,    0.7658,    0.7365,    0.7205,    1.6251,    1.6152,    1.5162,    1.8590,    1.7800,    1.8666,    1.8542,    1.7776,    1.7284,    1.6546,    1.6658,    1.5903,    2.4402,    2.3102,    2.1359,    1.9846,    1.8385,    1.6921,    1.5207,    1.3946,    1.2953,    1.1847,    1.0812,    0.9859,    2.4487,    1.8617,    1.3889,    1.0200,    0.7465,    0.5421,    0.3897,    0.2796,    0.1995,    0.1408,    0.0990,    0.0700,    0.0904,    0.0450,    0.0858,    0.1060,    0.1191,    0.1104,    0.1215,    0.1360,    0.1199,    0.1650,    0.1459,    0.1589,    0.1752,    0.1426,    0.2070,    0.2290,    0.1886,    0.1977,    0.2012,    0.2192,    0.2493,    0.1862,    0.3004,    0.3167,    0.3897,    0.4166,    0.4312,    0.4584,    0.4675,    0.4872,    0.4841,    0.5235,    0.5483,    0.5429,    0.6002,    0.6114,    1.0488,    1.1455,    1.2011,    1.2359,    1.2511,    1.3634,    1.2863,    1.3556,    1.3017,    1.3920,    1.3193,    1.4120,    3.0450,    2.9963,    3.0745,    3.0850,    3.1137,    2.9932,    3.0983,    3.1774,    3.2420,    3.0143,    2.9713,    3.0856,    7.8004,    7.2908,    7.2098,    6.9930,    6.4612,    6.0615,    5.3231,    4.8992,    4.7114,    4.1318,    3.1762,    2.9523,    2.2786,    1.9761,    1.5090,    1.4428,    0.9748,    0.7091,    0.5744,    0.2313,    0.2045,    0.1458,    0.0508,    0.0415,    0.0289,    0.1094,    0.2311,    0.3818,    0.5511,    0.7300,    0.9110,    1.0255,    0.7898,    0.6855,    1.0704,    1.2101,    1.1261,    1.3371,    1.5122,    1.5935,    1.4832,    1.2407,    1.3734,    1.8869,    3.8416,    4.3881,    4.5563,    4.3471,    1.4678,    1.3579,    1.2984,    1.3302,    1.3741,    1.3965,    1.4688,    1.4590,    1.4618,    1.4242,    1.4350,    1.3871,    1.0270,    0.9957,    0.9611,    0.9533,    0.9365,    0.8979,    0.9173,    0.9111,    0.9102,    0.9142,    0.9305,    0.9465,    1.0210,    1.0145,    0.9704,    0.9798,    0.9717,    0.9500,    0.9124,    0.8656,    0.7542,    0.6846,    0.6484,    0.6311,    1.3241,    1.4368,    1.3335,    1.8223,    1.7427,    1.8733,    1.8591,    1.7805,    1.7253,    1.6497,    1.6420,    1.5660,    2.3855,    2.2307,    2.0563,    1.8959,    1.7482,    1.6082,    1.4507,    1.3282,    1.2233,    1.1170,    1.0166,    0.9254,    2.2916,    1.7291,    1.2814,    0.9357,    0.6800,    0.4906,    0.3510,    0.2489,    0.1760,    0.1229,    0.0856,    0.0607,    0.0006,    0.0000,    0.0018,    0.0057,    0.0064,    0.0059,    0.0066,    0.0095,    0.0085,    0.0117,    0.0103,    0.0127,    0.0139,    0.0113,    0.0163,    0.0177,    0.0110,    0.0066,    0.0007,    0.0016,    0.0089,    0.0113,    0.0189,    0.0199,    0.0246,    0.0263,    0.0273,    0.0290,    0.0470,    0.0480,    0.0439,    0.0399,    0.0351,    0.0423,    0.0592,    0.0603,    0.1300,    0.1420,    0.1487,    0.1505,    0.1474,    0.1638,    0.1576,    0.2026,    0.1863,    0.2113,    0.1997,    0.2124,    0.4604,    0.4487,    0.4667,    0.5140,    0.5173,    0.4988,    0.5163,    0.5295,    0.5403,    0.5021,    0.4951,    0.5141,    1.2996,    1.1909,    1.1775,    1.1419,    1.0548,    0.9893,    0.8685,    0.7991,    0.7681,    0.6733,    0.5172,    0.4804,    0.3705,    0.6706,    0.5115,    0.4883,    0.3294,    0.2391,    0.1933,    0.0776,    0.0684,    0.0486,    0.0169,    0.0137
  948,    1.5000,  222.5933,    0.0583,  142.8585,  139.7039,   -0.9633,   -0.9323,  158.4330,  224.6922,  225.7039,  226.8071,  227.8994,  229.2854,  230.9038,  232.7974,  234.5984,  236.3899,  238.2959,  240.4994,  243.0052,  245.5967,  247.5051,  247.6948,  245.9351,  243.0944,  239.8001,  236.6937,  234.1739,  231.6680,  229.7232,  227.3535,  226.6403,    0.0370,    0.1400,    0.2956,    0.4883,    0.7046,    0.9331,    1.1641,    1.4532,    2.0904,    2.5670,    2.4759,    2.6103,    2.3473,    2.2730,    2.2103,    2.2168,    2.3933,    2.6841,    2.5586,    2.0294,    3.7583,    4.1883,    4.4389,    4.3129,    1.4606,    1.3490,    1.2889,    1.3117,    1.3553,    1.3720,    1.4588,    1.4177,    1.4319,    1.4293,    1.4428,    1.4950,    1.1480,    1.1311,    1.1085,    1.1100,    1.0837,    1.0163,    1.0746,    1.0703,    1.0681,    1.0678,    1.0703,    1.0589,    1.0930,    1.0578,    1.0605,    1.0174,    1.0097,    0.9976,    0.9712,    0.9226,    0.8296,    0.7788,    0.7500,    0.7343,    1.6170,    1.6293,    1.5310,    1.9262,    1.8462,    1.9371,    1.9233,    1.8449,    1.7937,    1.7178,    1.7253,    1.6482,    2.5250,    2.3884,    2.2098,    2.0537,    1.9047,    1.7546,    1.5848,    1.4546,    1.3515,    1.2370,    1.1302,    1.0315,    2.5711,    1.9551,    1.4595,    1.0756,    0.7894,    0.5740,    0.4136,    0.2968,    0.2123,    0.1502,    0.1059,    0.0750,    0.0901,    0.0448,    0.0858,    0.1060,    0.1192,    0.1104,    0.1216,    0.1361,    0.1200,    0.1651,    0.1460,    0.1591,    0.1753,    0.1428,    0.2072,    0.2292,    0.1887,    0.1975,    0.2007,    0.2187,    0.2491,    0.1863,    0.3006,    0.3169,    0.3900,    0.4169,    0.4315,    0.4588,    0.4682,    0.4879,    0.4846,    0.5238,    0.5483,    0.5432,    0.6010,    0.6122,    1.0510,    1.1478,    1.2036,    1.2383,    1.2534,    1.3660,    1.2889,    1.3591,    1.3046,    1.3957,    1.3228,    1.4157,    3.0531,    3.0040,    3.0827,    3.0938,    3.1225,    3.0017,    3.1072,    3.1865,    3.2513,    3.0229,    2.9798,    3.0945,    7.8228,    7.3087,    7.2275,    7.0103,    6.4773,    6.0768,    5.3367,    4.9118,    4.7237,    4.1428,    3.1848,    2.9604,    2.2850,    1.9866,    1.5172,    1.4509,    0.9804,    0.7133,    0.5780,    0.2328,    0.2059,    0.1468,    0.0511,    0.0418,    0.0319,    0.1207,    0.2549,    0.4210,    0.6075,    0.8045,    1.0037,    1.1345,    0.8952,    0.7857,    1.2064,    1.3598,    1.2633,    1.4874,    1.6712,    1.7567,    1.6447,    1.3915,    1.5308,    2.0542,    4.0923,    4.5413,    4.6537,    4.4864,    1.5252,    1.4292,    1.3706,    1.3900,    1.4194,    1.4302,    1.4716,    1.4601,    1.4551,    1.4099,    1.4155,    1.3626,    1.0094,    0.9793,    0.9462,    0.9382,    0.9218,    0.8846,    0.9027,    0.8964,    0.8950,    0.8983,    0.9132,    0.9281,    1.0022,    1.0018,    0.9566,    0.9791,    0.9698,    0.9499,    0.9194,    0.8885,    0.7864,    0.7282,    0.6971,    0.6810,    1.4465,    1.5650,    1.4641,    1.9324,    1.8501,    1.9385,    1.9041,    1.8226,    1.7583,    1.6799,    1.6437,    1.5676,    2.3581,    2.1841,    2.0112,    1.8474,    1.7052,    1.5683,    1.4432,    1.3206,    1.2128,    1.1065,    1.0070,    0.9162,    2.2881,    1.7045,    1.2507,    0.9159,    0.6655,    0.4771,    0.3408,    0.2387,    0.1686,    0.1175,    0.0816,    0.0579,    0.0003,    0.0000,    0.0009,    0.0032,    0.0036,    0.0033,    0.0037,    0.0056,    0.0050,    0.0069,    0.0061,    0.0077,    0.0084,    0.0068,    0.0098,    0.0107,    0.0064,    0.0038,    0.0004,    0.0009,    0.0051,    0.0065,    0.0109,    0.0115,    0.0142,    0.0152,    0.0157,    0.0167,    0.0297,    0.0303,    0.0277,    0.0253,    0.0222,    0.0267,    0.0374,    0.0381,    0.0855,    0.0934,    0.0978,    0.0990,    0.0970,    0.1078,    0.1037,    0.1386,    0.1274,    0.1445,    0.1366,    0.1453,    0.3149,    0.3069,    0.3192,    0.3576,    0.3598,    0.3470,    0.3592,    0.3684,    0.3758,    0.3493,    0.3444,    0.3577,    0.9041,    0.8254,    0.8161,    0.7914,    0.7311,    0.6857,    0.6020,    0.5539,    0.5324,    0.4667,    0.3585,    0.3330,    0.2568,    0.5306,    0.4047,    0.3864,    0.2607,    0.1893,    0.1530,    0.0614,    0.0542,    0.0385,    0.0134,    0.0109
 1128,    1.7500,  221.6971,    0.0570,  143.1827,  139.8934,   -0.9772,   -0.7840,  158.4330,  227.1443,  228.1159,  229.1777,  230.2659,  231.5950,  233.2115,  234.9807,  236.6840,  238.3996,  240.1882,  242.2122,  244.6002,  246.9978,  248.6039,  248.3986,  246.0925,  242.6935,  238.9010,  235.4948,  232.7945,  230.4021,  228.6125,  226.3346,  225.6633,    0.0342,    0.1294,    0.2731,    0.4509,    0.6504,    0.8610,    1.0737,    1.3448,    1.9760,    2.4509,    2.3281,    2.4475,    2.1974,    2.1117,    2.0414,    2.0427,    2.2163,    2.5102,    2.3794,    1.8495,    3.8243,    4.2663,    4.5187,    4.3961,    1.4901,    1.3757,    1.3117,    1.3325,    1.3747,    1.3891,    1.4740,    1.4282,    1.4422,    1.4413,    1.4508,    1.5115,    1.1662,    1.1542,    1.1386,    1.1395,    1.1150,    1.0531,    1.1060,    1.1009,    1.0966,    1.0935,    1.0912,    1.0762,    1.1070,    1.0712,    1.0799,    1.0333,    1.0250,    1.0120,    0.9874,    0.9401,    0.8414,    0.7921,    0.7640,    0.7485,    1.6162,    1.6489,    1.5514,    1.9868,    1.9060,    1.9974,    1.9816,    1.9017,    1.8487,    1.7711,    1.7751,    1.6967,    2.5963,    2.4546,    2.2725,    2.1125,    1.9611,    1.8078,    1.6389,    1.5053,    1.3990,    1.2814,    1.1717,    1.0701,    2.6753,    2.0349,    1.5202,    1.1234,    0.8264,    0.6016,    0.4344,    0.3119,    0.2236,    0.1585,    0.1120,    0.0794,    0.0899,    0.0446,    0.0857,    0.1060,    0.1192,    0.1105,    0.1216,    0.1361,    0.1200,    0.1652,    0.1461,    0.1591,    0.1754,    0.1428,    0.2073,    0.2293,    0.1887,    0.1972,    0.2002,    0.2182,    0.2488,    0.1863,    0.3007,    0.3170,    0.3901,    0.4170,    0.4317,    0.4589,    0.4685,    0.4882,    0.4848,    0.5238,    0.5481,    0.5432,    0.6013,    0.6126,    1.0520,    1.1489,    1.2047,    1.2394,    1.2543,    1.3672,    1.2900,    1.3607,    1.3059,    1.3975,    1.3245,    1.4175,    3.0570,    3.0078,    3.0867,    3.0982,    3.1269,    3.0060,    3.1116,    3.1911,    3.2560,    3.0272,    2.9841,    3.0989,    7.8340,    7.3176,    7.2364,    7.0191,    6.4854,    6.0845,    5.3436,    4.9183,    4.7300,    4.1485,    3.1892,    2.9647,    2.2885,    1.9935,    1.5227,    1.4563,    0.9842,    0.7162,    0.5805,    0.2338,    0.2069,    0.1476,    0.0514,    0.0420,    0.0344,    0.1301,    0.2747,    0.4535,    0.6542,    0.8660,    1.0799,    1.2248,    0.9873,    0.8752,    1.3234,    1.4874,    1.3796,    1.6121,    1.8005,    1.8885,    1.7769,    1.5182,    1.6608,    2.1834,    4.2571,    4.6080,    4.6730,    4.5425,    1.5529,    1.4720,    1.4172,    1.4270,    1.4449,    1.4469,    1.4647,    1.4523,    1.4414,    1.3911,    1.3925,    1.3359,    0.9897,    0.9605,    0.9287,    0.9207,    0.9047,    0.8687,    0.8856,    0.8792,    0.8774,    0.8801,    0.8939,    0.9081,    0.9817,    0.9856,    0.9396,    0.9713,    0.9612,    0.9437,    0.9187,    0.8999,    0.8085,    0.7600,    0.7333,    0.7183,    1.5447,    1.6641,    1.5656,    1.9970,    1.9132,    1.9602,    1.9088,    1.8262,    1.7553,    1.6758,    1.6182,    1.5429,    2.2994,    2.1153,    1.9460,    1.7826,    1.6457,    1.5125,    1.4105,    1.2898,    1.1816,    1.0771,    0.9802,    0.8910,    2.2381,    1.6498,    1.2005,    0.8801,    0.6388,    0.4554,    0.3245,    0.2253,    0.1589,    0.1104,    0.0764,    0.0541,    0.0002,    0.0000,    0.0005,    0.0018,    0.0020,    0.0019,    0.0021,    0.0033,    0.0030,    0.0041,    0.0036,    0.0047,    0.0051,    0.0041,    0.0060,    0.0065,    0.0037,    0.0022,    0.0002,    0.0005,    0.0029,    0.0037,    0.0063,    0.0066,    0.0082,    0.0088,    0.0091,    0.0097,    0.0188,    0.0192,    0.0176,    0.0160,    0.0141,    0.0170,    0.0237,    0.0242,    0.0564,    0.0616,    0.0645,    0.0653,    0.0639,    0.0710,    0.0683,    0.0950,    0.0873,    0.0991,    0.0936,    0.0996,    0.2158,    0.2103,    0.2188,    0.2493,    0.2509,    0.2419,    0.2504,    0.2568,    0.2621,    0.2435,    0.2402,    0.2494,    0.6304,    0.5739,    0.5675,    0.5503,    0.5084,    0.4768,    0.4186,    0.3851,    0.3702,    0.3245,    0.2493,    0.2316,    0.1786,    0.4207,    0.3209,    0.3064,    0.2067,    0.1501,    0.1213,    0.0487,    0.0430,    0.0305,    0.0106,    0.0086
 1294,    2.0000,  220.7974,    0.0563,  143.3983,  139.9933,   -0.9875,   -0.8318,  158.4330,  229.2244,  230.2056,  231.2113,  232.3081,  233.6050,  235.0795,  236.7339,  238.3900,  239.9857,  241.6898,  243.6780,  245.9052,  248.1477,  249.5466,  248.9014,  246.0997,  242.2025,  237.9981,  234.2142,  231.4873,  229.1879,  227.4804,  225.3527,  224.6485,    0.0318,    0.1202,    0.2536,    0.4185,    0.6034,    0.7985,    0.9953,    1.2502,    1.8721,    2.3433,    2.1948,    2.3014,    2.0631,    1.9692,    1.8937,    1.8911,    2.0606,    2.3543,    2.2203,    1.6956,    3.8842,    4.3311,    4.5843,    4.4652,    1.5149,    1.3991,    1.3325,    1.3515,    1.3920,    1.4044,    1.4870,    1.4372,    1.4508,    1.4509,    1.4566,    1.5241,    1.1806,    1.1728,    1.1636,    1.1640,    1.1411,    1.0840,    1.1323,    1.1265,    1.1205,    1.1148,    1.1084,    1.0905,    1.1186,    1.0825,    1.0963,    1.0470,    1.0382,    1.0242,    1.0013,    0.9555,    0.8526,    0.8050,    0.7777,    0.7625,    1.6216,    1.6719,    1.5755,    2.0394,    1.9578,    2.0478,    2.0300,    1.9488,    1.8943,    1.8154,    1.8168,    1.7372,    2.6566,    2.5113,    2.3263,    2.1634,    2.0096,    1.8536,    1.6843,    1.5479,    1.4391,    1.3189,    1.2069,    1.1029,    2.7631,    2.1028,    1.5722,    1.1643,    0.8581,    0.6255,    0.4524,    0.3252,    0.2335,    0.1658,    0.1174,    0.0833,    0.0896,    0.0445,    0.0857,    0.1060,    0.1192,    0.1105,    0.1216,    0.1361,    0.1200,    0.1652,    0.1461,    0.1591,    0.1754,    0.1428,    0.2073,    0.2293,    0.1887,    0.1970,    0.1999,    0.2178,    0.2486,    0.1863,    0.3007,    0.3170,    0.3901,    0.4171,    0.4317,    0.4589,    0.4686,    0.4883,    0.4848,    0.5237,    0.5479,    0.5431,    0.6014,    0.6127,    1.0524,    1.1494,    1.2052,    1.2399,    1.2547,    1.3677,    1.2906,    1.3616,    1.3065,    1.3984,    1.3253,    1.4184,    3.0589,    3.0096,    3.0886,    3.1004,    3.1292,    3.0082,    3.1138,    3.1934,    3.2583,    3.0294,    2.9862,    3.1012,    7.8398,    7.3221,    7.2410,    7.0235,    6.4896,    6.0885,    5.3472,    4.9217,    4.7334,    4.1515,    3.1917,    2.9671,    2.2904,    1.9981,    1.5263,    1.4600,    0.9868,    0.7182,    0.5822,    0.2345,    0.2076,    0.1481,    0.0516,    0.0422,    0.0365,    0.1381,    0.2914,    0.4811,    0.6936,    0.9178,    1.1441,    1.3013,    1.0690,    0.9562,    1.4258,    1.5984,    1.4803,    1.7180,    1.9088,    1.9980,    1.8879,    1.6272,    1.7710,    2.2868,    4.3551,    4.6145,    4.6407,    4.5399,    1.5587,    1.4929,    1.4434,    1.4460,    1.4548,    1.4502,    1.4504,    1.4374,    1.4223,    1.3690,    1.3672,    1.3085,    0.9695,    0.9413,    0.9107,    0.9026,    0.8870,    0.8524,    0.8680,    0.8614,    0.8593,    0.8615,    0.8742,    0.8877,    0.9599,    0.9666,    0.9206,    0.9578,    0.9472,    0.9322,    0.9115,    0.9018,    0.8219,    0.7817,    0.7586,    0.7446,    1.6224,    1.7382,    1.6424,    2.0248,    1.9404,    1.9495,    1.8847,    1.8021,    1.7269,    1.6476,    1.5748,    1.5008,    2.2216,    2.0338,    1.8692,    1.7087,    1.5768,    1.4475,    1.3613,    1.2436,    1.1368,    1.0353,    0.9417,    0.8553,    2.1556,    1.5750,    1.1380,    0.8338,    0.6040,    0.4283,    0.3044,    0.2097,    0.1476,    0.1022,    0.0706,    0.0498,    0.0001,    0.0000,    0.0002,    0.0010,    0.0012,    0.0011,    0.0012,    0.0020,    0.0018,    0.0024,    0.0021,    0.0028,    0.0031,    0.0025,    0.0036,    0.0040,    0.0021,    0.0013,    0.0001,    0.0003,    0.0017,    0.0022,    0.0037,    0.0039,    0.0048,    0.0051,    0.0053,    0.0056,    0.0120,    0.0122,    0.0112,    0.0102,    0.0090,    0.0108,    0.0151,    0.0153,    0.0372,    0.0407,    0.0426,    0.0431,    0.0422,    0.0469,    0.0451,    0.0652,    0.0600,    0.0680,    0.0643,    0.0684,    0.1482,    0.1445,    0.1503,    0.1742,    0.1753,    0.1691,    0.1750,    0.1795,    0.1831,    0.1702,    0.1678,    0.1743,    0.4405,    0.4003,    0.3958,    0.3838,    0.3545,    0.3325,    0.2920,    0.2686,    0.2582,    0.2264,    0.1739,    0.1616,    0.1246,    0.3341,    0.2549,    0.2434,    0.1642,    0.1192,    0.0964,    0.0387,    0.0342,    0.0243,    0.0084,    0.0069
