Particle       ,data/QEXT_96IR_84_VIS_RNC10_3_9umrod
Ncase          ,  14
dt (sols)      ,  0.020833
Qext 0.67um    ,  2.269674
Alb sfc        ,  0.220000
Conrath nu     ,  0.002000
Sun Flux (W/m2),148.393084
BWN IR (cm-1)  ,     10.0000,     34.1670,     58.3330,     82.5000,    106.6670,    130.8330,    155.0000,    179.1670,    203.3330,    227.5000,    251.6670,    275.8330,    300.0000,    320.7880,    341.5750,    362.3630,    383.1500,    403.9380,    424.7250,    445.5130,    466.3010,    487.0880,    507.8760,    528.6630,    549.4510,    556.7420,    564.0330,    571.3240,    578.6150,    585.9060,    593.1970,    600.4880,    607.7790,    615.0700,    622.3610,    629.6520,    636.9430,    642.5500,    648.1570,    653.7640,    659.3700,    664.9770,    670.5840,    676.1910,    681.7980,    687.4050,    693.0110,    698.6180,    704.2250,    710.1390,    716.0530,    721.9670,    727.8810,    733.7950,    739.7090,    745.6240,    751.5380,    757.4520,    763.3660,    769.2800,    775.1940,    791.5010,    807.8070,    824.1140,    840.4210,    856.7270,    873.0340,    889.3410,    905.6470,    921.9540,    938.2610,    954.5670,    970.8740,    996.8050,   1022.7370,   1048.6680,   1074.6000,   1100.5310,   1126.4630,   1152.3940,   1178.3250,   1204.2570,   1230.1880,   1256.1200,   1282.0510,   1360.3990,   1438.7460,   1517.0940,   1595.4410,   1673.7890,   1752.1370,   1830.4840,   1908.8320,   1987.1790,   2065.5270,   2143.8740,   2222.2220
BWN VIS (cm-1) ,   2222.2200,   2294.3160,   2366.4120,   2438.5080,   2510.6030,   2582.6990,   2654.7950,   2726.8910,   2798.9870,   2871.0820,   2943.1780,   3015.2740,   3087.3700,   3165.9750,   3244.5800,   3323.1850,   3401.7900,   3480.3950,   3559.0000,   3637.6050,   3716.2100,   3794.8150,   3873.4200,   3952.0250,   4030.6300,   4142.2920,   4253.9530,   4365.6150,   4477.2770,   4588.9380,   4700.6000,   4812.2620,   4923.9230,   5035.5850,   5147.2470,   5258.9080,   5370.5700,   5560.6150,   5750.6600,   5940.7050,   6130.7500,   6320.7950,   6510.8400,   6700.8850,   6890.9300,   7080.9750,   7271.0200,   7461.0650,   7651.1100,   8055.1840,   8459.2580,   8863.3330,   9267.4070,   9671.4810,  10075.5550,  10479.6290,  10883.7030,  11287.7780,  11691.8520,  12095.9260,  12500.0000,  13541.6670,  14583.3330,  15625.0000,  16666.6670,  17708.3330,  18750.0000,  19791.6670,  20833.3330,  21875.0000,  22916.6670,  23958.3330,  25000.0000,  26388.8890,  27777.7780,  29166.6670,  30555.5570,  31944.4460,  33333.3350,  34722.2240,  36111.1130,  37500.0030,  38888.8920,  40277.7810,  41666.6700
SUN VIS (W/m2) ,      0.1008,      0.0862,      0.0968,      0.1089,      0.1224,      0.1136,      0.1248,      0.1400,      0.1233,      0.1698,      0.1502,      0.1645,      0.1814,      0.1477,      0.2144,      0.2377,      0.1946,      0.2106,      0.2276,      0.2472,      0.2683,      0.1918,      0.3072,      0.3239,      0.3986,      0.4261,      0.4410,      0.4688,      0.4810,      0.5017,      0.5013,      0.5485,      0.5772,      0.5665,      0.6183,      0.6303,      1.0809,      1.1806,      1.2379,      1.2751,      1.2949,      1.4092,      1.3262,      1.4132,      1.3634,      1.4505,      1.3747,      1.4716,      3.1730,      3.1258,      3.2038,      3.2543,      3.2846,      3.1576,      3.2685,      3.3520,      3.4202,      3.1800,      3.1347,      3.2554,      8.2299,      7.8425,      7.7561,      7.5237,      6.9524,      6.5235,      5.7299,      5.2748,      5.0739,      4.4511,      3.4228,      3.1828,      2.4579,      2.2644,      1.7312,      1.6575,      1.1215,      0.8173,      0.6634,      0.2677,      0.2374,      0.1697,      0.0593,      0.0486
================
wavelenght [um],    0.244068,    0.252632,    0.261818,    0.271698,    0.282353,    0.293878,    0.306383,    0.320000,    0.334884,    0.351220,    0.369231,    0.389189,    0.408511,    0.426667,    0.446512,    0.468293,    0.492308,    0.518919,    0.548571,    0.581818,    0.619355,    0.662069,    0.711111,    0.768000,    0.813143,    0.840768,    0.870336,    0.902060,    0.936184,    0.972991,    1.012810,    1.056028,    1.103099,    1.154562,    1.211061,    1.273375,    1.323436,    1.357581,    1.393534,    1.431444,    1.471474,    1.513807,    1.558648,    1.606226,    1.656801,    1.710664,    1.768147,    1.829628,    1.881560,    1.921939,    1.964090,    2.008131,    2.054193,    2.102417,    2.152960,    2.205992,    2.261704,    2.320302,    2.382017,    2.447105,    2.505432,    2.555765,    2.608162,    2.662752,    2.719677,    2.779088,    2.841153,    2.906054,    2.973989,    3.045176,    3.119855,    3.198288,    3.277268,    3.356577,    3.439819,    3.527294,    3.619334,    3.716307,    3.818620,    3.926726,    4.041130,    4.162400,    4.291175,    4.428172,    4.580751,    4.751270,    4.934974,    5.133456,    5.348572,    5.582505,    5.837838,    6.117648,    6.425631,    6.766266,    7.145039,    7.568734,    7.879690,    8.044056,    8.215425,    8.394255,    8.581043,    8.776330,    8.980716,    9.194848,    9.419442,    9.655282,    9.903235,   10.164260,   10.387231,   10.566200,   10.751445,   10.943308,   11.142136,   11.348323,   11.562291,   11.784476,   12.015368,   12.255495,   12.505409,   12.765727,   12.949392,   13.049328,   13.150818,   13.253898,   13.358608,   13.464994,   13.573088,   13.682923,   13.794549,   13.908012,   14.023357,   14.140631,   14.256763,   14.371646,   14.488386,   14.607038,   14.727660,   14.850291,   14.974981,   15.101782,   15.230738,   15.361915,   15.495384,   15.631191,   15.790367,   15.974275,   16.162517,   16.355249,   16.552633,   16.754839,   16.962047,   17.174443,   17.392227,   17.615605,   17.844795,   18.080028,   18.550914,   19.294981,   20.101230,   20.977796,   21.934298,   22.982219,   24.135264,   25.410119,   26.827165,   28.411593,   30.194923,   32.217118,   34.732292,   37.914692,   41.739101,   46.421699,   52.287582,   59.850314,   69.970927,   84.210526,  105.726686,  142.012170,  216.216216,  452.826771
Qext           ,      2.0092,      2.0092,      2.0092,      2.0092,      2.0092,      2.0092,      2.0092,      2.0092,      2.0092,      2.0092,      2.0092,      2.0092,      2.0092,      2.0092,      2.0092,      2.0092,      2.2697,      2.2697,      2.2697,      2.2697,      2.2697,      2.2697,      2.2697,      2.2697,      2.2697,      2.2697,      2.2697,      2.2697,      2.2697,      2.2697,      2.2697,      1.2569,      1.2569,      1.2569,      1.2569,      1.2569,      1.2569,      1.2569,      1.2569,      1.2569,      1.2569,      1.2569,      1.2569,      1.2688,      1.2688,      1.2688,      1.2688,      1.2688,      1.2688,      1.2688,      1.2688,      1.2688,      1.2688,      1.2688,      1.5554,      1.5554,      1.5554,      1.5554,      1.5554,      1.5554,      1.5554,      1.5554,      1.5554,      1.5554,      1.4503,      1.4503,      1.4503,      1.4503,      1.4503,      1.4503,      1.4503,      1.4503,      1.6207,      1.6207,      1.6207,      1.6207,      1.6207,      1.6207,      1.7157,      1.7157,      1.7157,      1.7157,      1.7157,      1.9751,      1.9751,      1.9751,      2.0641,      2.0641,      2.0641,      2.4490,      2.4490,      2.6921,      2.6921,      2.3107,      3.0743,      3.0743,      3.9529,      3.9529,      3.9954,      3.9954,      3.9954,      2.6515,      2.6515,      2.6515,      3.3305,      3.3305,      3.6431,      3.6431,      3.1116,      3.1116,      3.1116,      3.7127,      3.7127,      3.7127,      3.8592,      3.8592,      3.9819,      3.9819,      3.9819,      4.2962,      4.2962,      4.2962,      3.2624,      3.2624,      3.2624,      3.2624,      3.2624,      2.6498,      2.6498,      2.6498,      2.6498,      2.6498,      2.7132,      2.7132,      2.7132,      2.7132,      2.7832,      2.7832,      2.7832,      2.7832,      2.7832,      2.6621,      2.6621,      2.6621,      2.6621,      2.7441,      2.7441,      2.7441,      2.9830,      2.9830,      3.3063,      3.3063,      3.3063,      3.6822,      3.6822,      4.2607,      4.6529,      5.9604,      7.7687,      8.9349,      8.9864,     10.5410,     13.2834,     13.9955,      9.6510,      4.3994,      2.1120,      1.4968,      1.5132,      2.7946,      5.8801,      3.6720,      2.4772,      1.9655,      1.9655,      1.9655,      1.9655,      1.9655,      1.9655,      1.9655
Qscat          ,      1.3139,      1.3139,      1.3139,      1.3139,      1.3139,      1.3139,      1.3139,      1.3139,      1.3139,      1.3139,      1.3139,      1.3139,      1.3139,      1.3139,      1.3139,      1.3139,      1.8995,      1.8995,      1.8995,      1.8995,      1.8995,      1.8995,      1.8995,      1.8995,      1.8995,      1.8995,      1.8995,      1.8995,      1.8995,      1.8995,      1.8995,      1.1258,      1.1258,      1.1258,      1.1258,      1.1258,      1.1258,      1.1258,      1.1258,      1.1258,      1.1258,      1.1258,      1.1258,      1.1515,      1.1515,      1.1515,      1.1515,      1.1515,      1.1515,      1.1515,      1.1515,      1.1515,      1.1515,      1.1515,      1.4213,      1.4213,      1.4213,      1.4213,      1.4213,      1.4213,      1.4213,      1.4213,      1.4213,      1.4213,      1.3319,      1.3319,      1.3319,      1.3319,      1.3319,      1.3319,      1.3319,      1.3319,      1.4750,      1.4750,      1.4750,      1.4750,      1.4750,      1.4750,      1.5715,      1.5715,      1.5715,      1.5715,      1.5715,      1.8096,      1.8096,      1.8096,      1.8760,      1.8760,      1.8760,      2.2156,      2.2156,      2.4053,      2.4053,      2.0828,      2.7389,      2.7389,      3.3517,      3.3517,      3.2172,      3.2172,      3.2172,      2.1333,      2.1333,      2.1333,      2.7067,      2.7067,      2.9227,      2.9227,      2.4274,      2.4274,      2.4274,      2.7427,      2.7427,      2.7427,      2.7434,      2.7434,      2.9968,      2.9968,      2.9968,      3.1974,      3.1974,      3.1974,      2.4596,      2.4596,      2.4596,      2.4596,      2.4596,      2.0541,      2.0541,      2.0541,      2.0541,      2.0541,      2.1331,      2.1331,      2.1331,      2.1331,      2.2875,      2.2875,      2.2875,      2.2875,      2.2875,      2.2618,      2.2618,      2.2618,      2.2618,      2.3408,      2.3408,      2.3408,      2.5471,      2.5471,      2.8750,      2.8750,      2.8750,      3.2194,      3.2194,      3.6553,      4.0165,      5.1230,      6.6195,      7.5023,      7.4329,      8.5064,     10.3795,     10.5223,      6.9218,      2.9676,      1.2896,      0.8868,      0.8750,      1.4662,      1.5977,      1.0619,      0.6259,      0.8031,      0.8031,      0.8031,      0.8031,      0.8031,      0.8031,      0.8031
G factor       ,      0.6200,      0.6200,      0.6200,      0.6200,      0.6200,      0.6200,      0.6200,      0.6200,      0.6200,      0.6200,      0.6200,      0.6200,      0.6200,      0.6200,      0.6200,      0.6200,      0.4750,      0.4750,      0.4750,      0.4750,      0.4750,      0.4750,      0.4750,      0.4750,      0.4750,      0.4750,      0.4750,      0.4750,      0.4750,      0.4750,      0.4750,      0.3400,      0.3400,      0.3400,      0.3400,      0.3400,      0.3400,      0.3400,      0.3400,      0.3400,      0.3400,      0.3400,      0.3400,      0.2940,      0.2940,      0.2940,      0.2940,      0.2940,      0.2940,      0.2940,      0.2940,      0.2940,      0.2940,      0.2940,      0.3010,      0.3010,      0.3010,      0.3010,      0.3010,      0.3010,      0.3010,      0.3010,      0.3010,      0.3010,      0.1870,      0.1870,      0.1870,      0.1870,      0.1870,      0.1870,      0.1870,      0.1870,      0.1520,      0.1520,      0.1520,      0.1520,      0.1520,      0.1520,      0.1840,      0.1840,      0.1840,      0.1840,      0.1840,      0.3020,      0.3020,      0.3020,      0.2450,      0.2450,      0.2450,      0.1570,      0.1570,      0.1360,      0.1360,      0.1950,      0.2480,      0.2480,      0.1840,      0.1840,      0.0700,      0.0700,      0.0700,      0.1220,      0.1220,      0.1220,      0.1240,      0.1240,      0.1180,      0.1180,      0.0920,      0.0920,      0.0920,      0.0580,      0.0580,      0.0580,      0.0680,      0.0680,      0.0440,      0.0440,      0.0440,     -0.0970,     -0.0970,     -0.0970,     -0.2480,     -0.2480,     -0.2480,     -0.2480,     -0.2480,     -0.2730,     -0.2730,     -0.2730,     -0.2730,     -0.2730,     -0.2420,     -0.2420,     -0.2420,     -0.2420,     -0.2220,     -0.2220,     -0.2220,     -0.2220,     -0.2220,     -0.1740,     -0.1740,     -0.1740,     -0.1740,     -0.1250,     -0.1250,     -0.1250,     -0.0830,     -0.0830,     -0.0500,     -0.0500,     -0.0500,     -0.0230,     -0.0230,      0.0040,      0.0130,      0.0290,      0.0110,     -0.0310,     -0.0730,     -0.0920,     -0.0910,     -0.0580,     -0.0040,      0.0330,      0.0550,      0.0620,      0.0670,      0.0710,      0.0900,      0.1230,      0.0450,      0.0090,      0.0090,      0.0090,      0.0090,      0.0090,      0.0090,      0.0090
================
P [mbar]       ,    0.1004,    0.1015,    0.1034,    0.1069,    0.1130,    0.1239,    0.1432,    0.1740,    0.2226,    0.3028,    0.4349,    0.6529,    1.0121,    1.6044,    2.4646,    3.4606,    4.3994,    5.2226,    5.8426,    6.2132,    6.3980,    6.4686,    6.5039,    6.5168
Temp initial[K],  155.0000,  155.0000,  155.0000,  155.0000,  155.0000,  155.0000,  155.0000,  155.0000,  155.0000,  155.0000,  155.0000,  155.0000,  158.8233,  165.4041,  173.2716,  181.4436,  190.2788,  198.8130,  204.5783,  207.8249,  209.4219,  210.0497,  210.3719,  210.4891
================
it   ,   tau    ,  Tsfc    ,   alb    ,   OLR    ,    ASR   ,  NET top ,  NET bot , T lev  01, T lev  02, T lev  03, T lev  04, T lev  05, T lev  06, T lev  07, T lev  08, T lev  09, T lev  10, T lev  11, T lev  12, T lev  13, T lev  14, T lev  15, T lev  16, T lev  17, T lev  18, T lev  19, T lev  20, T lev  21, T lev  22, T lev  23, T lev  24, T lev  25,  OLR IR01,  OLR IR02,  OLR IR03,  OLR IR04,  OLR IR05,  OLR IR06,  OLR IR07,  OLR IR08,  OLR IR09,  OLR IR10,  OLR IR11,  OLR IR12,  OLR IR13,  OLR IR14,  OLR IR15,  OLR IR16,  OLR IR17,  OLR IR18,  OLR IR19,  OLR IR20,  OLR IR21,  OLR IR22,  OLR IR23,  OLR IR24,  OLR IR25,  OLR IR26,  OLR IR27,  OLR IR28,  OLR IR29,  OLR IR30,  OLR IR31,  OLR IR32,  OLR IR33,  OLR IR34,  OLR IR35,  OLR IR36,  OLR IR37,  OLR IR38,  OLR IR39,  OLR IR40,  OLR IR41,  OLR IR42,  OLR IR43,  OLR IR44,  OLR IR45,  OLR IR46,  OLR IR47,  OLR IR48,  OLR IR49,  OLR IR50,  OLR IR51,  OLR IR52,  OLR IR53,  OLR IR54,  OLR IR55,  OLR IR56,  OLR IR57,  OLR IR58,  OLR IR59,  OLR IR60,  OLR IR61,  OLR IR62,  OLR IR63,  OLR IR64,  OLR IR65,  OLR IR66,  OLR IR67,  OLR IR68,  OLR IR69,  OLR IR70,  OLR IR71,  OLR IR72,  OLR IR73,  OLR IR74,  OLR IR75,  OLR IR76,  OLR IR77,  OLR IR78,  OLR IR79,  OLR IR80,  OLR IR81,  OLR IR82,  OLR IR83,  OLR IR84,  OLR IR85,  OLR IR86,  OLR IR87,  OLR IR88,  OLR IR89,  OLR IR90,  OLR IR91,  OLR IR92,  OLR IR93,  OLR IR94,  OLR IR95,  OLR IR96, ASR VIS01, ASR VIS02, ASR VIS03, ASR VIS04, ASR VIS05, ASR VIS06, ASR VIS07, ASR VIS08, ASR VIS09, ASR VIS10, ASR VIS11, ASR VIS12, ASR VIS13, ASR VIS14, ASR VIS15, ASR VIS16, ASR VIS17, ASR VIS18, ASR VIS19, ASR VIS20, ASR VIS21, ASR VIS22, ASR VIS23, ASR VIS24, ASR VIS25, ASR VIS26, ASR VIS27, ASR VIS28, ASR VIS29, ASR VIS30, ASR VIS31, ASR VIS32, ASR VIS33, ASR VIS34, ASR VIS35, ASR VIS36, ASR VIS37, ASR VIS38, ASR VIS39, ASR VIS40, ASR VIS41, ASR VIS42, ASR VIS43, ASR VIS44, ASR VIS45, ASR VIS46, ASR VIS47, ASR VIS48, ASR VIS49, ASR VIS50, ASR VIS51, ASR VIS52, ASR VIS53, ASR VIS54, ASR VIS55, ASR VIS56, ASR VIS57, ASR VIS58, ASR VIS59, ASR VIS60, ASR VIS61, ASR VIS62, ASR VIS63, ASR VIS64, ASR VIS65, ASR VIS66, ASR VIS67, ASR VIS68, ASR VIS69, ASR VIS70, ASR VIS71, ASR VIS72, ASR VIS73, ASR VIS74, ASR VIS75, ASR VIS76, ASR VIS77, ASR VIS78, ASR VIS79, ASR VIS80, ASR VIS81, ASR VIS82, ASR VIS83, ASR VIS84, SFC DIR01, SFC DIR02, SFC DIR03, SFC DIR04, SFC DIR05, SFC DIR06, SFC DIR07, SFC DIR08, SFC DIR09, SFC DIR10, SFC DIR11, SFC DIR12, SFC DIR13, SFC DIR14, SFC DIR15, SFC DIR16, SFC DIR17, SFC DIR18, SFC DIR19, SFC DIR20, SFC DIR21, SFC DIR22, SFC DIR23, SFC DIR24, SFC DIR25, SFC DIR26, SFC DIR27, SFC DIR28, SFC DIR29, SFC DIR30, SFC DIR31, SFC DIR32, SFC DIR33, SFC DIR34, SFC DIR35, SFC DIR36, SFC DIR37, SFC DIR38, SFC DIR39, SFC DIR40, SFC DIR41, SFC DIR42, SFC DIR43, SFC DIR44, SFC DIR45, SFC DIR46, SFC DIR47, SFC DIR48, SFC DIR49, SFC DIR50, SFC DIR51, SFC DIR52, SFC DIR53, SFC DIR54, SFC DIR55, SFC DIR56, SFC DIR57, SFC DIR58, SFC DIR59, SFC DIR60, SFC DIR61, SFC DIR62, SFC DIR63, SFC DIR64, SFC DIR65, SFC DIR66, SFC DIR67, SFC DIR68, SFC DIR69, SFC DIR70, SFC DIR71, SFC DIR72, SFC DIR73, SFC DIR74, SFC DIR75, SFC DIR76, SFC DIR77, SFC DIR78, SFC DIR79, SFC DIR80, SFC DIR81, SFC DIR82, SFC DIR83, SFC DIR84, SFC DIR85, SFC DIR86, SFC DIR87, SFC DIR88, SFC DIR89, SFC DIR90, SFC DIR91, SFC DIR92, SFC DIR93, SFC DIR94, SFC DIR95, SFC DIR96,SFC DVIS01,SFC DVIS02,SFC DVIS03,SFC DVIS04,SFC DVIS05,SFC DVIS06,SFC DVIS07,SFC DVIS08,SFC DVIS09,SFC DVIS10,SFC DVIS11,SFC DVIS12,SFC DVIS13,SFC DVIS14,SFC DVIS15,SFC DVIS16,SFC DVIS17,SFC DVIS18,SFC DVIS19,SFC DVIS20,SFC DVIS21,SFC DVIS22,SFC DVIS23,SFC DVIS24,SFC DVIS25,SFC DVIS26,SFC DVIS27,SFC DVIS28,SFC DVIS29,SFC DVIS30,SFC DVIS31,SFC DVIS32,SFC DVIS33,SFC DVIS34,SFC DVIS35,SFC DVIS36,SFC DVIS37,SFC DVIS38,SFC DVIS39,SFC DVIS40,SFC DVIS41,SFC DVIS42,SFC DVIS43,SFC DVIS44,SFC DVIS45,SFC DVIS46,SFC DVIS47,SFC DVIS48,SFC DVIS49,SFC DVIS50,SFC DVIS51,SFC DVIS52,SFC DVIS53,SFC DVIS54,SFC DVIS55,SFC DVIS56,SFC DVIS57,SFC DVIS58,SFC DVIS59,SFC DVIS60,SFC DVIS61,SFC DVIS62,SFC DVIS63,SFC DVIS64,SFC DVIS65,SFC DVIS66,SFC DVIS67,SFC DVIS68,SFC DVIS69,SFC DVIS70,SFC DVIS71,SFC DVIS72,SFC DVIS73,SFC DVIS74,SFC DVIS75,SFC DVIS76,SFC DVIS77,SFC DVIS78,SFC DVIS79,SFC DVIS80,SFC DVIS81,SFC DVIS82,SFC DVIS83,SFC DVIS84
 1007,    0.0000,  218.8983,    0.2194,  117.0969,  115.8380,   -0.8625,   -0.7595,  158.4330,  155.0000,  155.0000,  155.0000,  155.0000,  155.0000,  155.0000,  155.0000,  155.0000,  155.0000,  155.0000,  155.0000,  155.0000,  158.8202,  165.3996,  173.2672,  181.4393,  190.2764,  198.8104,  204.5754,  207.8212,  209.4182,  210.0462,  210.3680,  210.4855,    0.0676,    0.2556,    0.5389,    0.8888,    1.2804,    1.6928,    2.1082,    2.5121,    2.8933,    3.2429,    3.5544,    3.8241,    3.4712,    3.6087,    3.7179,    3.7987,    3.8530,    3.8815,    3.8866,    3.8696,    3.8324,    3.7775,    3.7019,    3.5964,    1.2424,    1.2267,    1.2047,    1.1662,    1.1137,    1.0481,    0.8756,    0.8393,    0.7711,    0.6138,    0.5638,    0.3590,    0.1995,    0.1649,    0.1438,    0.1375,    0.1329,    0.1277,    0.1258,    0.1235,    0.1245,    0.1364,    0.1735,    0.2440,    0.3730,    0.4452,    0.3502,    0.5089,    0.4971,    0.5051,    0.5244,    0.6000,    0.6202,    0.6335,    0.6351,    0.6285,    1.6842,    1.6087,    1.5504,    1.4822,    1.4116,    1.3421,    1.2748,    1.2087,    1.1452,    1.0819,    1.0194,    0.9639,    1.4270,    1.3066,    1.1824,    1.0659,    0.9702,    0.8860,    0.8005,    0.7221,    0.6504,    0.5836,    0.5141,    0.4584,    1.1328,    0.8012,    0.5722,    0.3992,    0.2764,    0.1901,    0.1299,    0.0861,    0.0569,    0.0365,    0.0240,    0.0175,    0.0899,    0.0485,    0.0757,    0.0853,    0.0957,    0.0892,    0.0975,    0.1095,    0.0962,    0.1325,    0.1172,    0.1283,    0.1417,    0.1155,    0.1679,    0.1865,    0.1530,    0.1811,    0.2062,    0.2231,    0.2234,    0.1500,    0.2398,    0.2531,    0.3109,    0.3324,    0.3440,    0.3658,    0.3756,    0.3936,    0.3989,    0.4549,    0.4935,    0.4704,    0.4844,    0.4940,    0.8433,    0.9209,    0.9662,    0.9986,    1.0221,    1.1068,    1.0376,    1.1056,    1.0799,    1.1314,    1.0731,    1.1504,    2.4777,    2.4439,    2.4989,    2.5383,    2.5642,    2.4625,    2.5489,    2.6139,    2.6670,    2.4800,    2.4441,    2.5380,    6.4157,    6.1123,    6.0433,    5.8603,    5.4132,    5.0767,    4.4565,    4.0997,    3.9404,    3.4535,    2.6528,    2.4637,    1.8993,    1.7458,    1.3311,    1.2705,    0.8565,    0.6215,    0.5021,    0.2015,    0.1776,    0.1261,    0.0437,    0.0355,    0.0000,    0.0000,    0.0000,    0.0000,    0.0000,    0.0000,    0.0000,    0.0000,    0.0000,    0.0000,    0.0000,    0.0000,    0.0000,    0.0000,    0.0000,    0.0000,    0.0000,    0.0000,    0.0000,    0.0001,    0.0002,    0.0007,    0.0108,    0.0490,    0.0110,    0.0180,    0.0344,    0.0771,    0.1397,    0.2137,    0.4309,    0.4495,    0.5119,    0.6671,    0.7005,    0.8672,    0.6959,    0.7036,    0.7106,    0.6982,    0.6956,    0.7186,    0.6761,    0.6645,    0.6491,    0.6306,    0.6025,    0.5551,    0.4721,    0.3712,    0.4491,    0.2585,    0.2602,    0.2432,    0.2110,    0.1067,    0.0696,    0.0377,    0.0207,    0.0150,    0.0329,    0.0299,    0.0085,    0.0020,    0.0004,    0.0004,    0.0002,    0.0011,    0.0019,    0.0049,    0.0091,    0.0081,    0.0085,    0.0012,    0.0075,    0.0141,    0.0089,    0.0000,    0.0000,    0.0000,    0.0000,    0.0008,    0.0066,    0.0072,    0.0065,    0.0059,    0.0000,    0.0000,    0.0000,    0.0000,    0.0000,    0.0009,    0.0011,    0.0014,    0.0012,    0.0002,    0.0266,    0.0000,    0.0608,    0.1075,    0.1214,    0.1110,    0.1245,    0.1386,    0.1233,    0.1698,    0.1501,    0.1645,    0.1808,    0.1468,    0.2123,    0.2321,    0.1900,    0.1318,    0.0189,    0.0386,    0.1649,    0.1902,    0.3067,    0.3223,    0.3984,    0.4260,    0.4410,    0.4686,    0.4799,    0.4920,    0.4648,    0.4226,    0.3741,    0.4433,    0.6104,    0.6178,    1.0805,    1.1804,    1.2359,    1.2564,    1.2364,    1.3694,    1.3136,    1.3975,    1.2854,    1.4503,    1.3718,    1.4606,    3.1621,    3.0885,    3.2030,    3.2531,    3.2748,    3.1568,    3.2678,    3.3511,    3.4192,    3.1776,    3.1334,    3.2539,    8.2247,    7.8363,    7.7478,    7.5132,    6.9399,    6.5086,    5.7135,    5.2561,    5.0518,    4.4276,    3.4010,    3.1586,    2.4350,    2.2382,    1.7066,    1.6288,    1.0981,    0.7968,    0.6438,    0.2584,    0.2277,    0.1616,    0.0560,    0.0455
  746,    0.0500,  223.4980,    0.2254,  116.0812,  114.9512,   -0.7257,   -0.9854,  158.4330,  155.8062,  156.4001,  157.1694,  157.4028,  157.5977,  157.6987,  157.7521,  157.8392,  158.1982,  159.2569,  161.5008,  165.3433,  170.8234,  177.6083,  184.3524,  190.6766,  196.6293,  203.8810,  209.7815,  213.0732,  214.7226,  215.3718,  215.7120,  215.8338,    0.0674,    0.2552,    0.5385,    0.8892,    1.2827,    1.6982,    2.1179,    2.5191,    2.8604,    3.1156,    3.5433,    3.8986,    3.5461,    3.6518,    3.6100,    3.3567,    3.1401,    3.1751,    3.3319,    3.4246,    3.4184,    3.4673,    3.5286,    3.5180,    1.2258,    1.2226,    1.2010,    1.1695,    1.1179,    1.0559,    0.8959,    0.8659,    0.8047,    0.6565,    0.6179,    0.4363,    0.2623,    0.2186,    0.1825,    0.1732,    0.1638,    0.1477,    0.1566,    0.1564,    0.1641,    0.1854,    0.2275,    0.2879,    0.4019,    0.4691,    0.3793,    0.5311,    0.5192,    0.5173,    0.5343,    0.6079,    0.6274,    0.6423,    0.6351,    0.6292,    1.6897,    1.6435,    1.5876,    1.5207,    1.4559,    1.3868,    1.3241,    1.2577,    1.1936,    1.1473,    1.0830,    1.0263,    1.5099,    1.3876,    1.2680,    1.1460,    1.0610,    0.9736,    0.8826,    0.7740,    0.6995,    0.6295,    0.5632,    0.5044,    1.2814,    0.9157,    0.6683,    0.4662,    0.3262,    0.2281,    0.1575,    0.1066,    0.0713,    0.0463,    0.0308,    0.0227,    0.0893,    0.0484,    0.0747,    0.0836,    0.0938,    0.0874,    0.0956,    0.1075,    0.0944,    0.1299,    0.1149,    0.1259,    0.1393,    0.1135,    0.1651,    0.1835,    0.1506,    0.1792,    0.2052,    0.2218,    0.2215,    0.1478,    0.2361,    0.2493,    0.3062,    0.3273,    0.3387,    0.3602,    0.3698,    0.3878,    0.3947,    0.4503,    0.4890,    0.4655,    0.4786,    0.4880,    0.8328,    0.9095,    0.9543,    0.9865,    1.0101,    1.0952,    1.0265,    1.0938,    1.0686,    1.1191,    1.0615,    1.1380,    2.4509,    2.4177,    2.4717,    2.5107,    2.5364,    2.4371,    2.5225,    2.5869,    2.6394,    2.4543,    2.4188,    2.5118,    6.3494,    6.0491,    5.9808,    5.7998,    5.3572,    5.0243,    4.4105,    4.0574,    3.9646,    3.4747,    2.6691,    2.4788,    1.9110,    1.7566,    1.3394,    1.2785,    0.8620,    0.6256,    0.5055,    0.2029,    0.1788,    0.1270,    0.0440,    0.0358,    0.0041,    0.0153,    0.0319,    0.0522,    0.0744,    0.0974,    0.1200,    0.1858,    0.2973,    0.5130,    0.2540,    0.1471,    0.1308,    0.1879,    0.3811,    0.7810,    1.0837,    1.0566,    0.8760,    0.7530,    0.7202,    0.6113,    0.4802,    0.4253,    0.1317,    0.1267,    0.1445,    0.1852,    0.2532,    0.3302,    0.5552,    0.5708,    0.6329,    0.7865,    0.8179,    0.9763,    0.7765,    0.7837,    0.7904,    0.7776,    0.7745,    0.7964,    0.7544,    0.7423,    0.7267,    0.7079,    0.6795,    0.6351,    0.5626,    0.4588,    0.5343,    0.3369,    0.3381,    0.3265,    0.2911,    0.1793,    0.1390,    0.1016,    0.0899,    0.0824,    0.2103,    0.1739,    0.1427,    0.1289,    0.1143,    0.1084,    0.1002,    0.0961,    0.0922,    0.0768,    0.0781,    0.0729,    0.1164,    0.0980,    0.0899,    0.0906,    0.0651,    0.0483,    0.0436,    0.0605,    0.0545,    0.0500,    0.0473,    0.0437,    0.0728,    0.0536,    0.0268,    0.0231,    0.0161,    0.0100,    0.0069,    0.0048,    0.0039,    0.0036,    0.0026,    0.0009,    0.0248,    0.0000,    0.0587,    0.1043,    0.1178,    0.1077,    0.1209,    0.1345,    0.1197,    0.1649,    0.1457,    0.1598,    0.1762,    0.1431,    0.2069,    0.2260,    0.1847,    0.1260,    0.0172,    0.0360,    0.1595,    0.1855,    0.2992,    0.3143,    0.3887,    0.4156,    0.4303,    0.4572,    0.4681,    0.4797,    0.4534,    0.4123,    0.3645,    0.4328,    0.5973,    0.6049,    1.0585,    1.1564,    1.2107,    1.2302,    1.2100,    1.3414,    1.2872,    1.3692,    1.2592,    1.4216,    1.3446,    1.4314,    3.0993,    3.0265,    3.1397,    3.1888,    3.2099,    3.0457,    3.1528,    3.2332,    3.2989,    3.0658,    3.0232,    3.1394,    7.9353,    7.5605,    7.4751,    7.2488,    6.6956,    6.2794,    5.5123,    5.0710,    4.8479,    4.2487,    3.2635,    3.0308,    2.3364,    2.1475,    1.6373,    1.5626,    1.0535,    0.7644,    0.6176,    0.2478,    0.2184,    0.1550,    0.0537,    0.0437
  425,    0.1000,  227.1980,    0.2309,  115.2472,  114.1289,   -0.6908,   -0.8724,  158.4330,  158.1082,  158.8604,  159.7298,  160.8770,  161.3865,  161.8818,  162.3608,  162.8897,  163.6863,  165.1223,  167.6689,  171.6474,  177.1548,  183.8238,  190.3405,  196.3763,  201.9959,  207.8755,  213.8885,  217.2166,  218.8937,  219.5702,  219.9247,  220.0491,    0.0671,    0.2542,    0.5369,    0.8873,    1.2811,    1.6977,    2.1194,    2.5196,    2.8301,    3.0245,    3.5197,    3.9435,    3.5923,    3.6681,    3.5047,    3.0573,    2.7365,    2.7616,    2.9636,    3.1016,    3.1103,    3.2150,    3.3628,    3.4212,    1.2001,    1.2069,    1.1863,    1.1619,    1.1127,    1.0550,    0.9088,    0.8834,    0.8282,    0.6885,    0.6564,    0.4895,    0.3059,    0.2601,    0.2196,    0.2099,    0.1981,    0.1752,    0.1905,    0.1906,    0.1998,    0.2227,    0.2651,    0.3200,    0.4252,    0.4877,    0.4019,    0.5466,    0.5349,    0.5254,    0.5401,    0.6098,    0.6278,    0.6430,    0.6283,    0.6228,    1.6750,    1.6534,    1.5994,    1.5340,    1.4751,    1.4070,    1.3487,    1.2827,    1.2188,    1.1890,    1.1238,    1.0669,    1.5603,    1.4377,    1.3246,    1.1996,    1.1269,    1.0378,    0.9431,    0.8064,    0.7305,    0.6590,    0.5973,    0.5365,    1.3965,    1.0059,    0.7477,    0.5207,    0.3672,    0.2604,    0.1812,    0.1250,    0.0844,    0.0552,    0.0371,    0.0275,    0.0886,    0.0482,    0.0737,    0.0821,    0.0921,    0.0858,    0.0938,    0.1055,    0.0927,    0.1275,    0.1128,    0.1236,    0.1370,    0.1117,    0.1624,    0.1806,    0.1483,    0.1772,    0.2041,    0.2203,    0.2195,    0.1456,    0.2327,    0.2457,    0.3017,    0.3224,    0.3337,    0.3549,    0.3644,    0.3822,    0.3905,    0.4457,    0.4844,    0.4607,    0.4730,    0.4823,    0.8228,    0.8985,    0.9429,    0.9749,    0.9985,    1.0839,    1.0158,    1.0825,    1.0577,    1.1073,    1.0504,    1.1261,    2.4252,    2.3926,    2.4456,    2.4843,    2.5098,    2.4136,    2.4982,    2.5620,    2.6140,    2.4307,    2.3955,    2.4876,    6.2884,    5.9910,    5.9234,    5.7442,    5.3060,    4.9763,    4.3685,    4.0189,    3.9879,    3.4952,    2.6849,    2.4937,    1.9225,    1.7674,    1.3477,    1.2865,    0.8675,    0.6296,    0.5088,    0.2043,    0.1801,    0.1279,    0.0444,    0.0361,    0.0081,    0.0304,    0.0636,    0.1042,    0.1490,    0.1955,    0.2415,    0.3725,    0.5863,    0.9782,    0.5092,    0.3018,    0.2688,    0.3827,    0.7469,    1.4180,    1.8600,    1.8203,    1.5578,    1.3690,    1.3169,    1.1408,    0.9121,    0.7847,    0.2489,    0.2334,    0.2519,    0.2895,    0.3601,    0.4374,    0.6634,    0.6756,    0.7363,    0.8861,    0.9155,    1.0663,    0.8434,    0.8500,    0.8565,    0.8433,    0.8399,    0.8612,    0.8193,    0.8070,    0.7912,    0.7723,    0.7437,    0.7015,    0.6382,    0.5339,    0.6067,    0.4069,    0.4075,    0.4008,    0.3637,    0.2486,    0.2068,    0.1655,    0.1591,    0.1501,    0.3898,    0.3238,    0.2841,    0.2634,    0.2370,    0.2253,    0.2086,    0.1994,    0.1906,    0.1566,    0.1544,    0.1448,    0.2350,    0.2054,    0.1821,    0.1760,    0.1296,    0.1047,    0.0948,    0.1283,    0.1159,    0.1057,    0.0937,    0.0856,    0.1518,    0.1111,    0.0603,    0.0520,    0.0365,    0.0231,    0.0160,    0.0100,    0.0077,    0.0063,    0.0045,    0.0020,    0.0234,    0.0000,    0.0568,    0.1012,    0.1143,    0.1046,    0.1174,    0.1307,    0.1163,    0.1602,    0.1416,    0.1552,    0.1719,    0.1395,    0.2017,    0.2203,    0.1798,    0.1211,    0.0159,    0.0340,    0.1545,    0.1809,    0.2920,    0.3067,    0.3794,    0.4057,    0.4199,    0.4462,    0.4568,    0.4680,    0.4429,    0.4028,    0.3557,    0.4231,    0.5848,    0.5925,    1.0372,    1.1331,    1.1864,    1.2050,    1.1848,    1.3145,    1.2617,    1.3420,    1.2340,    1.3938,    1.3182,    1.4032,    3.0385,    2.9667,    3.0783,    3.1265,    3.1471,    2.9398,    3.0433,    3.1209,    3.1842,    2.9593,    2.9181,    3.0303,    7.6596,    7.2979,    7.2155,    6.9971,    6.4632,    6.0615,    5.3210,    4.8951,    4.6537,    4.0786,    3.1328,    2.9094,    2.2429,    2.0615,    1.5718,    1.5001,    1.0113,    0.7338,    0.5928,    0.2379,    0.2097,    0.1488,    0.0516,    0.0419
  473,    0.1500,  229.5012,    0.2361,  112.8766,  113.3581,    0.9338,    0.4088,  158.4330,  160.4404,  161.2003,  162.0992,  163.3017,  163.8950,  164.4986,  165.0983,  165.7979,  166.7008,  168.3005,  170.8968,  174.7995,  180.2701,  186.8117,  193.3718,  199.5485,  205.1207,  210.3595,  216.4433,  219.8015,  221.4955,  222.1861,  222.5442,  222.6738,    0.0665,    0.2519,    0.5323,    0.8800,    1.2711,    1.6851,    2.1046,    2.5004,    2.7828,    2.9323,    3.4652,    3.9417,    3.5935,    3.6394,    3.3781,    2.8202,    2.4651,    2.4761,    2.6799,    2.8312,    2.8452,    2.9772,    3.1767,    3.2835,    1.1579,    1.1724,    1.1531,    1.1356,    1.0896,    1.0365,    0.9043,    0.8822,    0.8322,    0.7004,    0.6723,    0.5159,    0.3285,    0.2827,    0.2411,    0.2315,    0.2187,    0.1932,    0.2108,    0.2109,    0.2202,    0.2431,    0.2845,    0.3362,    0.4354,    0.4934,    0.4113,    0.5482,    0.5370,    0.5219,    0.5346,    0.5992,    0.6153,    0.6299,    0.6087,    0.6034,    1.6239,    1.6224,    1.5701,    1.5068,    1.4537,    1.3875,    1.3340,    1.2696,    1.2072,    1.1928,    1.1284,    1.0723,    1.5588,    1.4384,    1.3343,    1.2101,    1.1509,    1.0620,    0.9666,    0.8070,    0.7320,    0.6613,    0.6059,    0.5452,    1.4492,    1.0490,    0.7914,    0.5488,    0.3890,    0.2787,    0.1950,    0.1365,    0.0927,    0.0609,    0.0413,    0.0308,    0.0879,    0.0481,    0.0727,    0.0806,    0.0904,    0.0842,    0.0922,    0.1037,    0.0910,    0.1253,    0.1108,    0.1214,    0.1349,    0.1099,    0.1599,    0.1778,    0.1460,    0.1752,    0.2029,    0.2188,    0.2175,    0.1436,    0.2294,    0.2422,    0.2974,    0.3179,    0.3290,    0.3498,    0.3593,    0.3769,    0.3864,    0.4412,    0.4798,    0.4560,    0.4677,    0.4768,    0.8133,    0.8881,    0.9319,    0.9638,    0.9873,    1.0731,    1.0056,    1.0717,    1.0472,    1.0960,    1.0397,    1.1147,    2.4005,    2.3685,    2.4207,    2.4589,    2.4843,    2.3920,    2.4758,    2.5390,    2.5906,    2.4089,    2.3741,    2.4653,    6.2320,    5.9374,    5.8705,    5.6929,    5.2586,    4.9320,    4.3297,    3.9833,    4.0097,    3.5144,    2.6998,    2.5076,    1.9334,    1.7774,    1.3555,    1.2940,    0.8727,    0.6335,    0.5120,    0.2056,    0.1813,    0.1288,    0.0447,    0.0363,    0.0119,    0.0447,    0.0937,    0.1537,    0.2202,    0.2893,    0.3580,    0.5484,    0.8492,    1.3717,    0.7502,    0.4542,    0.4051,    0.5716,    1.0778,    1.9222,    2.4200,    2.3774,    2.0832,    1.8614,    1.7982,    1.5824,    1.2889,    1.1062,    0.3551,    0.3305,    0.3484,    0.3807,    0.4504,    0.5248,    0.7431,    0.7523,    0.8098,    0.9541,    0.9810,    1.1246,    0.8867,    0.8931,    0.8994,    0.8860,    0.8824,    0.9038,    0.8616,    0.8491,    0.8331,    0.8142,    0.7856,    0.7448,    0.6883,    0.5862,    0.6561,    0.4593,    0.4590,    0.4563,    0.4194,    0.3061,    0.2648,    0.2224,    0.2213,    0.2114,    0.5534,    0.4637,    0.4178,    0.3912,    0.3550,    0.3378,    0.3133,    0.2992,    0.2857,    0.2348,    0.2289,    0.2154,    0.3503,    0.3108,    0.2728,    0.2594,    0.1941,    0.1624,    0.1472,    0.1949,    0.1764,    0.1605,    0.1395,    0.1270,    0.2332,    0.1706,    0.0963,    0.0826,    0.0584,    0.0372,    0.0260,    0.0157,    0.0117,    0.0093,    0.0064,    0.0032,    0.0224,    0.0000,    0.0551,    0.0983,    0.1111,    0.1016,    0.1142,    0.1270,    0.1130,    0.1557,    0.1376,    0.1509,    0.1677,    0.1361,    0.1968,    0.2149,    0.1752,    0.1171,    0.0151,    0.0325,    0.1502,    0.1766,    0.2850,    0.2994,    0.3704,    0.3961,    0.4100,    0.4357,    0.4460,    0.4569,    0.4333,    0.3940,    0.3478,    0.4141,    0.5729,    0.5806,    1.0167,    1.1107,    1.1628,    1.1809,    1.1608,    1.2888,    1.2372,    1.3158,    1.2099,    1.3669,    1.2927,    1.3760,    2.9797,    2.9090,    3.0189,    3.0661,    3.0863,    2.8388,    2.9387,    3.0137,    3.0749,    2.8577,    2.8179,    2.9263,    7.3966,    7.0473,    6.9678,    6.7569,    6.2414,    5.8536,    5.1386,    4.7273,    4.4680,    3.9158,    3.0078,    2.7934,    2.1534,    1.9793,    1.5091,    1.4403,    0.9710,    0.7046,    0.5692,    0.2284,    0.2013,    0.1429,    0.0495,    0.0403
  916,    0.2000,  232.3012,    0.2409,  112.1692,  112.6364,    0.9427,    0.3791,  158.4330,  162.4250,  163.2122,  164.1060,  165.3007,  165.9019,  166.6040,  167.3061,  168.1035,  169.1989,  170.8019,  173.5001,  177.4598,  182.9026,  189.6000,  196.3670,  202.9031,  208.6782,  213.7016,  219.5971,  222.9995,  224.7066,  225.4110,  225.7742,  225.9095,    0.0661,    0.2506,    0.5298,    0.8763,    1.2664,    1.6798,    2.0992,    2.4945,    2.7569,    2.8777,    3.4346,    3.9582,    3.6118,    3.6324,    3.2928,    2.6720,    2.3105,    2.3087,    2.5007,    2.6527,    2.6687,    2.8149,    3.0481,    3.1911,    1.1303,    1.1511,    1.1328,    1.1212,    1.0779,    1.0286,    0.9078,    0.8886,    0.8428,    0.7165,    0.6919,    0.5423,    0.3495,    0.3030,    0.2601,    0.2505,    0.2368,    0.2092,    0.2287,    0.2287,    0.2384,    0.2615,    0.3031,    0.3531,    0.4488,    0.5035,    0.4233,    0.5553,    0.5445,    0.5245,    0.5355,    0.5962,    0.6107,    0.6249,    0.5985,    0.5933,    1.5979,    1.6131,    1.5621,    1.5001,    1.4519,    1.3869,    1.3371,    1.2736,    1.2120,    1.2113,    1.1470,    1.0912,    1.5784,    1.4588,    1.3620,    1.2371,    1.1904,    1.1008,    1.0037,    0.8205,    0.7455,    0.6746,    0.6242,    0.5629,    1.5260,    1.1108,    0.8504,    0.5881,    0.4192,    0.3037,    0.2137,    0.1518,    0.1037,    0.0686,    0.0469,    0.0351,    0.0873,    0.0479,    0.0717,    0.0792,    0.0888,    0.0828,    0.0906,    0.1019,    0.0895,    0.1232,    0.1089,    0.1193,    0.1328,    0.1083,    0.1575,    0.1751,    0.1439,    0.1733,    0.2019,    0.2174,    0.2157,    0.1417,    0.2262,    0.2389,    0.2933,    0.3135,    0.3245,    0.3451,    0.3544,    0.3718,    0.3824,    0.4369,    0.4755,    0.4515,    0.4625,    0.4715,    0.8041,    0.8781,    0.9214,    0.9531,    0.9765,    1.0627,    0.9958,    1.0612,    1.0371,    1.0852,    1.0294,    1.1038,    2.3769,    2.3454,    2.3968,    2.4347,    2.4598,    2.3720,    2.4551,    2.5177,    2.5689,    2.3888,    2.3542,    2.4447,    6.1800,    5.8878,    5.8215,    5.6455,    5.2149,    4.8910,    4.2938,    3.9504,    4.0300,    3.5324,    2.7137,    2.5206,    1.9435,    1.7869,    1.3628,    1.3012,    0.8776,    0.6371,    0.5150,    0.2068,    0.1824,    0.1296,    0.0450,    0.0366,    0.0156,    0.0586,    0.1230,    0.2020,    0.2898,    0.3814,    0.4728,    0.7193,    1.0969,    1.7207,    0.9861,    0.6093,    0.5444,    0.7617,    1.3928,    2.3580,    2.8778,    2.8385,    2.5347,    2.2958,    2.2264,    1.9849,    1.6446,    1.4190,    0.4594,    0.4273,    0.4454,    0.4745,    0.5448,    0.6177,    0.8329,    0.8389,    0.8946,    1.0349,    1.0601,    1.1982,    0.9420,    0.9480,    0.9540,    0.9403,    0.9365,    0.9568,    0.9154,    0.9027,    0.8868,    0.8679,    0.8392,    0.7995,    0.7496,    0.6483,    0.7161,    0.5194,    0.5184,    0.5195,    0.4821,    0.3683,    0.3268,    0.2822,    0.2851,    0.2741,    0.7206,    0.6093,    0.5566,    0.5241,    0.4786,    0.4559,    0.4236,    0.4046,    0.3864,    0.3192,    0.3097,    0.2919,    0.4743,    0.4243,    0.3718,    0.3511,    0.2663,    0.2266,    0.2058,    0.2675,    0.2424,    0.2206,    0.1907,    0.1734,    0.3264,    0.2394,    0.1387,    0.1188,    0.0844,    0.0543,    0.0381,    0.0229,    0.0168,    0.0130,    0.0090,    0.0048,    0.0213,    0.0000,    0.0535,    0.0955,    0.1080,    0.0987,    0.1110,    0.1235,    0.1099,    0.1514,    0.1338,    0.1467,    0.1637,    0.1329,    0.1920,    0.2097,    0.1708,    0.1130,    0.0142,    0.0310,    0.1458,    0.1724,    0.2784,    0.2924,    0.3618,    0.3869,    0.4005,    0.4255,    0.4356,    0.4461,    0.4239,    0.3855,    0.3401,    0.4053,    0.5613,    0.5691,    0.9967,    1.0889,    1.1400,    1.1575,    1.1375,    1.2637,    1.2133,    1.2904,    1.1864,    1.3408,    1.2680,    1.3496,    2.9227,    2.8530,    2.9612,    3.0075,    3.0272,    2.7424,    2.8389,    2.9114,    2.9705,    2.7606,    2.7223,    2.8269,    7.1455,    6.8081,    6.7313,    6.5276,    6.0297,    5.6550,    4.9643,    4.5670,    4.2902,    3.7600,    2.8882,    2.6823,    2.0678,    1.9007,    1.4492,    1.3831,    0.9325,    0.6767,    0.5467,    0.2194,    0.1934,    0.1373,    0.0476,    0.0387
 1192,    0.3000,  237.0012,    0.2498,  110.8493,  111.3231,    0.9853,    0.4365,  158.4330,  165.3044,  166.0991,  167.0207,  168.2084,  168.9027,  169.7017,  170.5011,  171.4225,  172.6017,  174.4020,  177.1779,  181.2195,  186.8913,  193.8615,  201.3726,  208.5267,  214.6038,  219.7100,  224.9138,  228.3960,  230.1379,  230.8507,  231.2264,  231.3633,    0.0654,    0.2480,    0.5245,    0.8681,    1.2555,    1.6666,    2.0844,    2.4793,    2.7130,    2.8012,    3.3735,    3.9669,    3.6246,    3.6019,    3.1512,    2.4855,    2.1407,    2.1186,    2.2743,    2.4095,    2.4230,    2.5732,    2.8357,    3.0226,    1.0777,    1.1069,    1.0908,    1.0892,    1.0514,    1.0094,    0.9098,    0.8955,    0.8570,    0.7400,    0.7213,    0.5820,    0.3807,    0.3331,    0.2881,    0.2784,    0.2636,    0.2328,    0.2551,    0.2551,    0.2652,    0.2888,    0.3309,    0.3793,    0.4703,    0.5190,    0.4418,    0.5644,    0.5546,    0.5270,    0.5348,    0.5876,    0.5990,    0.6115,    0.5773,    0.5723,    1.5424,    1.5823,    1.5330,    1.4735,    1.4333,    1.3707,    1.3271,    1.2656,    1.2057,    1.2280,    1.1647,    1.1099,    1.5913,    1.4742,    1.3913,    1.2670,    1.2434,    1.1535,    1.0546,    0.8311,    0.7570,    0.6867,    0.6463,    0.5846,    1.6399,    1.2044,    0.9458,    0.6501,    0.4677,    0.3450,    0.2450,    0.1788,    0.1234,    0.0825,    0.0572,    0.0431,    0.0861,    0.0477,    0.0700,    0.0767,    0.0860,    0.0801,    0.0878,    0.0987,    0.0867,    0.1193,    0.1055,    0.1156,    0.1290,    0.1052,    0.1531,    0.1702,    0.1400,    0.1698,    0.1998,    0.2148,    0.2122,    0.1381,    0.2204,    0.2328,    0.2858,    0.3055,    0.3162,    0.3362,    0.3453,    0.3625,    0.3750,    0.4288,    0.4673,    0.4430,    0.4529,    0.4616,    0.7869,    0.8593,    0.9017,    0.9330,    0.9564,    1.0433,    0.9773,    1.0417,    1.0182,    1.0649,    1.0102,    1.0833,    2.3325,    2.3020,    2.3519,    2.3891,    2.4138,    2.3363,    2.4182,    2.4799,    2.5303,    2.3529,    2.3189,    2.4080,    6.0873,    5.7996,    5.7344,    5.5611,    5.1371,    4.8182,    4.2300,    3.8918,    4.0666,    3.5647,    2.7387,    2.5440,    1.9618,    1.8039,    1.3760,    1.3140,    0.8865,    0.6437,    0.5205,    0.2091,    0.1845,    0.1311,    0.0455,    0.0371,    0.0224,    0.0846,    0.1779,    0.2929,    0.4211,    0.5557,    0.6907,    1.0360,    1.5360,    2.2882,    1.4270,    0.9157,    0.8203,    1.1301,    1.9583,    3.0499,    3.5586,    3.5366,    3.2507,    3.0063,    2.9333,    2.6677,    2.2721,    1.9875,    0.6513,    0.6074,    0.6255,    0.6491,    0.7194,    0.7885,    0.9950,    0.9959,    1.0476,    1.1790,    1.2010,    1.3276,    1.0385,    1.0435,    1.0488,    1.0350,    1.0306,    1.0492,    1.0092,    0.9963,    0.9805,    0.9618,    0.9335,    0.8964,    0.8592,    0.7610,    0.8238,    0.6309,    0.6285,    0.6355,    0.5976,    0.4851,    0.4439,    0.3961,    0.4054,    0.3926,    1.0373,    0.8914,    0.8267,    0.7835,    0.7226,    0.6896,    0.6426,    0.6144,    0.5874,    0.4906,    0.4739,    0.4478,    0.7247,    0.6544,    0.5746,    0.5394,    0.4180,    0.3626,    0.3303,    0.4157,    0.3778,    0.3443,    0.2971,    0.2703,    0.5276,    0.3896,    0.2336,    0.1992,    0.1428,    0.0935,    0.0662,    0.0398,    0.0290,    0.0220,    0.0151,    0.0087,    0.0195,    0.0000,    0.0504,    0.0903,    0.1022,    0.0934,    0.1051,    0.1170,    0.1041,    0.1434,    0.1267,    0.1390,    0.1561,    0.1268,    0.1831,    0.1999,    0.1625,    0.1057,    0.0128,    0.0285,    0.1377,    0.1645,    0.2659,    0.2791,    0.3455,    0.3694,    0.3825,    0.4064,    0.4160,    0.4258,    0.4063,    0.3693,    0.3255,    0.3886,    0.5394,    0.5471,    0.9587,    1.0474,    1.0966,    1.1129,    1.0932,    1.2159,    1.1678,    1.2418,    1.1415,    1.2908,    1.2207,    1.2991,    2.8136,    2.7460,    2.8508,    2.8954,    2.9144,    2.5622,    2.6523,    2.7200,    2.7752,    2.5792,    2.5433,    2.6411,    6.6759,    6.3607,    6.2891,    6.0988,    5.6337,    5.2837,    4.6385,    4.2674,    3.9569,    3.4680,    2.6640,    2.4741,    1.9073,    1.7533,    1.3368,    1.2759,    0.8603,    0.6243,    0.5044,    0.2024,    0.1784,    0.1267,    0.0439,    0.0357
 1357,    0.4000,  240.9195,    0.2576,  109.7137,  110.1613,    0.9849,    0.5575,  158.4330,  167.2937,  168.0974,  169.0324,  170.2109,  170.9760,  171.7983,  172.6982,  173.7018,  175.0006,  176.8667,  179.7092,  183.9469,  189.7999,  197.2091,  205.4111,  213.1750,  219.6014,  224.8213,  229.4999,  233.0417,  234.8084,  235.5235,  235.9189,  236.0559,    0.0647,    0.2455,    0.5196,    0.8603,    1.2447,    1.6530,    2.0684,    2.4642,    2.6795,    2.7531,    3.3195,    3.9587,    3.6200,    3.5633,    3.0446,    2.3827,    2.0602,    2.0251,    2.1485,    2.2617,    2.2696,    2.4100,    2.6750,    2.8816,    1.0319,    1.0657,    1.0516,    1.0577,    1.0249,    0.9892,    0.9081,    0.8974,    0.8651,    0.7561,    0.7423,    0.6116,    0.4041,    0.3555,    0.3088,    0.2991,    0.2832,    0.2501,    0.2745,    0.2747,    0.2852,    0.3094,    0.3520,    0.3991,    0.4865,    0.5300,    0.4552,    0.5694,    0.5604,    0.5273,    0.5324,    0.5781,    0.5867,    0.5973,    0.5581,    0.5531,    1.4910,    1.5469,    1.4986,    1.4411,    1.4075,    1.3469,    1.3077,    1.2481,    1.1900,    1.2297,    1.1678,    1.1142,    1.5858,    1.4713,    1.4005,    1.2779,    1.2745,    1.1851,    1.0858,    0.8300,    0.7572,    0.6881,    0.6566,    0.5953,    1.7180,    1.2706,    1.0194,    0.6964,    0.5045,    0.3780,    0.2704,    0.2018,    0.1404,    0.0946,    0.0665,    0.0504,    0.0850,    0.0475,    0.0685,    0.0744,    0.0834,    0.0778,    0.0853,    0.0959,    0.0842,    0.1158,    0.1024,    0.1122,    0.1256,    0.1024,    0.1490,    0.1658,    0.1364,    0.1666,    0.1979,    0.2124,    0.2091,    0.1348,    0.2152,    0.2273,    0.2790,    0.2982,    0.3086,    0.3282,    0.3371,    0.3540,    0.3681,    0.4213,    0.4597,    0.4351,    0.4440,    0.4525,    0.7711,    0.8421,    0.8837,    0.9146,    0.9378,    1.0253,    0.9603,    1.0236,    1.0008,    1.0462,    0.9925,    1.0644,    2.2917,    2.2620,    2.3105,    2.3471,    2.3715,    2.3058,    2.3866,    2.4475,    2.4972,    2.3221,    2.2886,    2.3766,    6.0078,    5.7239,    5.6596,    5.4887,    5.0703,    4.7557,    4.1753,    3.8416,    4.0985,    3.5928,    2.7604,    2.5644,    1.9777,    1.8188,    1.3876,    1.3253,    0.8942,    0.6495,    0.5253,    0.2111,    0.1863,    0.1325,    0.0460,    0.0375,    0.0286,    0.1081,    0.2280,    0.3760,    0.5417,    0.7163,    0.8922,    1.3197,    1.9076,    2.7207,    1.8269,    1.2132,    1.0893,    1.4794,    2.4488,    3.5745,    4.0445,    4.0456,    3.7997,    3.5701,    3.5003,    3.2314,    2.8113,    2.4914,    0.8234,    0.7711,    0.7893,    0.8087,    0.8783,    0.9435,    1.1409,    1.1374,    1.1855,    1.3080,    1.3274,    1.4439,    1.1256,    1.1296,    1.1340,    1.1201,    1.1151,    1.1311,    1.0936,    1.0807,    1.0651,    1.0468,    1.0191,    0.9841,    0.9580,    0.8634,    0.9214,    0.7338,    0.7300,    0.7414,    0.7035,    0.5933,    0.5529,    0.5027,    0.5165,    0.5024,    1.3312,    1.1595,    1.0845,    1.0319,    0.9588,    0.9166,    0.8562,    0.8194,    0.7842,    0.6619,    0.6384,    0.6044,    0.9732,    0.8839,    0.7793,    0.7299,    0.5755,    0.5045,    0.4607,    0.5647,    0.5145,    0.4696,    0.4063,    0.3700,    0.7419,    0.5512,    0.3389,    0.2878,    0.2078,    0.1379,    0.0984,    0.0597,    0.0435,    0.0327,    0.0225,    0.0136,    0.0179,    0.0000,    0.0476,    0.0856,    0.0968,    0.0885,    0.0998,    0.1110,    0.0988,    0.1361,    0.1203,    0.1318,    0.1492,    0.1211,    0.1749,    0.1909,    0.1549,    0.0992,    0.0117,    0.0263,    0.1303,    0.1573,    0.2542,    0.2668,    0.3303,    0.3533,    0.3657,    0.3886,    0.3977,    0.4070,    0.3899,    0.3543,    0.3120,    0.3731,    0.5188,    0.5265,    0.9230,    1.0083,    1.0557,    1.0711,    1.0517,    1.1710,    1.1249,    1.1960,    1.0993,    1.2437,    1.1760,    1.2515,    2.7108,    2.6451,    2.7467,    2.7897,    2.8079,    2.3970,    2.4814,    2.5447,    2.5963,    2.4129,    2.3794,    2.4709,    6.2456,    5.9508,    5.8838,    5.7058,    5.2707,    4.9434,    4.3398,    3.9927,    3.6513,    3.2002,    2.4583,    2.2831,    1.7602,    1.6180,    1.2338,    1.1777,    0.7940,    0.5763,    0.4656,    0.1869,    0.1647,    0.1170,    0.0406,    0.0330
 1506,    0.5000,  244.3017,    0.2646,  108.7823,  109.1289,    0.9068,    0.4525,  158.4330,  168.8806,  169.6953,  170.6355,  171.8072,  172.5031,  173.4012,  174.3652,  175.4046,  176.7703,  178.7017,  181.7019,  186.1017,  192.2272,  200.1474,  208.9033,  217.1368,  223.8022,  229.2022,  233.4071,  237.0050,  238.8005,  239.5159,  239.9187,  240.0591,    0.0642,    0.2435,    0.5153,    0.8535,    1.2351,    1.6408,    2.0537,    2.4507,    2.6541,    2.7212,    3.2746,    3.9433,    3.6080,    3.5247,    2.9656,    2.3226,    2.0177,    1.9747,    2.0748,    2.1688,    2.1710,    2.2982,    2.5543,    2.7673,    0.9938,    1.0297,    1.0173,    1.0293,    1.0010,    0.9706,    0.9049,    0.8968,    0.8698,    0.7677,    0.7578,    0.6345,    0.4225,    0.3732,    0.3252,    0.3154,    0.2988,    0.2638,    0.2899,    0.2901,    0.3011,    0.3258,    0.3687,    0.4147,    0.4991,    0.5381,    0.4656,    0.5721,    0.5638,    0.5268,    0.5296,    0.5692,    0.5755,    0.5843,    0.5420,    0.5369,    1.4473,    1.5136,    1.4659,    1.4099,    1.3813,    1.3224,    1.2863,    1.2284,    1.1719,    1.2247,    1.1643,    1.1119,    1.5727,    1.4608,    1.4001,    1.2797,    1.2935,    1.2047,    1.1055,    0.8237,    0.7525,    0.6847,    0.6608,    0.6001,    1.7746,    1.3199,    1.0788,    0.7326,    0.5339,    0.4054,    0.2917,    0.2222,    0.1557,    0.1056,    0.0750,    0.0571,    0.0840,    0.0473,    0.0671,    0.0724,    0.0811,    0.0757,    0.0830,    0.0933,    0.0819,    0.1127,    0.0997,    0.1092,    0.1225,    0.0999,    0.1454,    0.1617,    0.1332,    0.1636,    0.1961,    0.2101,    0.2062,    0.1319,    0.2104,    0.2223,    0.2728,    0.2916,    0.3018,    0.3209,    0.3296,    0.3463,    0.3618,    0.4144,    0.4526,    0.4278,    0.4358,    0.4441,    0.7566,    0.8262,    0.8670,    0.8975,    0.9207,    1.0087,    0.9447,    1.0070,    0.9847,    1.0289,    0.9761,    1.0470,    2.2540,    2.2251,    2.2724,    2.3084,    2.3325,    2.2795,    2.3594,    2.4196,    2.4688,    2.2956,    2.2625,    2.3495,    5.9393,    5.6588,    5.5953,    5.4264,    5.0129,    4.7020,    4.1282,    3.7985,    4.1261,    3.6172,    2.7794,    2.5821,    1.9915,    1.8318,    1.3977,    1.3351,    0.9010,    0.6546,    0.5296,    0.2129,    0.1879,    0.1337,    0.0464,    0.0378,    0.0342,    0.1295,    0.2734,    0.4517,    0.6518,    0.8634,    1.0774,    1.5719,    2.2210,    3.0541,    2.1878,    1.4994,    1.3489,    1.8081,    2.8759,    3.9849,    4.4116,    4.4365,    4.2372,    4.0324,    3.9699,    3.7091,    3.2827,    2.9424,    0.9789,    0.9206,    0.9386,    0.9544,    1.0225,    1.0835,    1.2710,    1.2640,    1.3084,    1.4223,    1.4391,    1.5462,    1.2023,    1.2056,    1.2094,    1.1956,    1.1902,    1.2042,    1.1686,    1.1556,    1.1402,    1.1222,    1.0949,    1.0617,    1.0454,    0.9549,    1.0085,    0.8274,    0.8224,    0.8370,    0.7995,    0.6928,    0.6536,    0.6019,    0.6190,    0.6039,    1.6038,    1.4129,    1.3292,    1.2683,    1.1855,    1.1349,    1.0624,    1.0178,    0.9750,    0.8308,    0.8006,    0.7592,    1.2171,    1.1101,    0.9828,    0.9197,    0.7355,    0.6496,    0.5945,    0.7128,    0.6509,    0.5949,    0.5166,    0.4711,    0.9651,    0.7208,    0.4521,    0.3825,    0.2780,    0.1866,    0.1340,    0.0822,    0.0599,    0.0449,    0.0309,    0.0192,    0.0165,    0.0000,    0.0451,    0.0812,    0.0920,    0.0840,    0.0948,    0.1055,    0.0939,    0.1293,    0.1143,    0.1253,    0.1427,    0.1158,    0.1672,    0.1825,    0.1479,    0.0935,    0.0107,    0.0244,    0.1235,    0.1505,    0.2433,    0.2554,    0.3162,    0.3382,    0.3501,    0.3720,    0.3807,    0.3895,    0.3746,    0.3404,    0.2995,    0.3587,    0.4995,    0.5071,    0.8893,    0.9715,    1.0172,    1.0317,    1.0126,    1.1286,    1.0843,    1.1528,    1.0595,    1.1991,    1.1339,    1.2066,    2.6136,    2.5499,    2.6484,    2.6898,    2.7072,    2.2451,    2.3242,    2.3835,    2.4319,    2.2601,    2.2287,    2.3144,    5.8500,    5.5739,    5.5112,    5.3446,    4.9371,    4.6306,    4.0652,    3.7401,    3.3708,    2.9544,    2.2695,    2.1078,    1.6251,    1.4939,    1.1392,    1.0874,    0.7332,    0.5322,    0.4300,    0.1726,    0.1522,    0.1081,    0.0375,    0.0305
 1691,    0.7500,  250.9019,    0.2789,  106.6592,  107.0033,    0.9441,    0.5829,  158.4330,  171.4779,  172.3104,  173.2768,  174.4148,  175.1962,  176.1006,  177.1045,  178.3030,  179.7995,  182.0013,  185.3120,  190.2189,  197.1074,  206.1988,  216.1042,  225.2031,  232.2998,  237.7451,  241.7062,  244.7063,  246.5093,  247.2669,  247.6632,  247.8103,    0.0631,    0.2395,    0.5069,    0.8398,    1.2155,    1.6150,    2.0219,    2.4226,    2.6114,    2.6766,    3.1908,    3.8859,    3.5571,    3.4333,    2.8404,    2.2511,    1.9721,    1.9196,    1.9878,    2.0505,    2.0422,    2.1394,    2.3591,    2.5603,    0.9221,    0.9571,    0.9479,    0.9692,    0.9500,    0.9295,    0.8937,    0.8897,    0.8726,    0.7848,    0.7823,    0.6750,    0.4563,    0.4062,    0.3553,    0.3453,    0.3273,    0.2883,    0.3183,    0.3187,    0.3307,    0.3563,    0.3996,    0.4425,    0.5204,    0.5503,    0.4829,    0.5731,    0.5662,    0.5235,    0.5220,    0.5498,    0.5517,    0.5562,    0.5113,    0.5058,    1.3625,    1.4395,    1.3921,    1.3387,    1.3185,    1.2627,    1.2302,    1.1756,    1.1223,    1.1933,    1.1363,    1.0864,    1.5198,    1.4131,    1.3701,    1.2560,    1.3001,    1.2134,    1.1164,    0.7940,    0.7265,    0.6624,    0.6518,    0.5937,    1.8358,    1.3790,    1.1685,    0.7826,    0.5762,    0.4490,    0.3267,    0.2592,    0.1839,    0.1264,    0.0918,    0.0704,    0.0818,    0.0469,    0.0643,    0.0682,    0.0764,    0.0713,    0.0782,    0.0880,    0.0772,    0.1063,    0.0940,    0.1030,    0.1159,    0.0945,    0.1376,    0.1531,    0.1263,    0.1571,    0.1920,    0.2050,    0.1998,    0.1256,    0.2003,    0.2117,    0.2596,    0.2775,    0.2872,    0.3054,    0.3138,    0.3299,    0.3478,    0.3990,    0.4368,    0.4117,    0.4179,    0.4258,    0.7249,    0.7916,    0.8307,    0.8605,    0.8833,    0.9725,    0.9104,    0.9707,    0.9496,    0.9913,    0.9405,    1.0090,    2.1719,    2.1445,    2.1894,    2.2240,    2.2474,    2.2283,    2.3064,    2.3653,    2.4134,    2.2441,    2.2118,    2.2968,    5.8062,    5.5321,    5.4702,    5.3052,    4.9012,    4.5974,    4.0367,    3.7145,    4.1805,    3.6652,    2.8166,    2.6171,    2.0188,    1.8573,    1.4176,    1.3546,    0.9145,    0.6647,    0.5380,    0.2164,    0.1911,    0.1360,    0.0473,    0.0386,    0.0459,    0.1743,    0.3691,    0.6116,    0.8856,    1.1771,    1.4741,    2.0840,    2.8090,    3.6142,    2.9391,    2.1580,    1.9494,    2.5383,    3.7223,    4.6976,    5.0392,    5.1127,    5.0187,    4.8867,    4.8496,    4.6320,    4.2318,    3.8792,    1.3060,    1.2390,    1.2563,    1.2655,    1.3284,    1.3794,    1.5420,    1.5291,    1.5650,    1.6587,    1.6699,    1.7559,    1.3593,    1.3607,    1.3630,    1.3495,    1.3433,    1.3529,    1.3217,    1.3088,    1.2939,    1.2768,    1.2513,    1.2221,    1.2266,    1.1470,    1.1900,    1.0280,    1.0208,    1.0393,    1.0038,    0.9076,    0.8720,    0.8190,    0.8406,    0.8238,    2.1969,    1.9778,    1.8776,    1.8001,    1.7011,    1.6330,    1.5357,    1.4744,    1.4152,    1.2289,    1.1839,    1.1261,    1.7883,    1.6427,    1.4676,    1.3729,    1.1284,    1.0084,    0.9265,    1.0657,    0.9769,    0.8959,    0.7843,    0.7173,    1.5273,    1.1530,    0.7497,    0.6288,    0.4624,    0.3173,    0.2306,    0.1453,    0.1063,    0.0794,    0.0552,    0.0359,    0.0137,    0.0000,    0.0397,    0.0718,    0.0813,    0.0743,    0.0839,    0.0934,    0.0831,    0.1145,    0.1012,    0.1109,    0.1283,    0.1042,    0.1503,    0.1639,    0.1324,    0.0814,    0.0088,    0.0206,    0.1088,    0.1354,    0.2191,    0.2299,    0.2848,    0.3046,    0.3154,    0.3351,    0.3429,    0.3505,    0.3405,    0.3092,    0.2716,    0.3262,    0.4559,    0.4633,    0.8131,    0.8882,    0.9300,    0.9427,    0.9246,    1.0322,    0.9922,    1.0546,    0.9690,    1.0977,    1.0379,    1.1043,    2.3924,    2.3333,    2.4244,    2.4623,    2.4782,    1.9148,    1.9823,    2.0329,    2.0742,    1.9276,    1.9009,    1.9739,    4.9896,    4.7542,    4.7008,    4.5587,    4.2112,    3.9499,    3.4678,    3.1906,    2.7654,    2.4239,    1.8621,    1.7295,    1.3335,    1.2260,    0.9350,    0.8926,    0.6020,    0.4370,    0.3531,    0.1418,    0.1250,    0.0888,    0.0308,    0.0251
 1867,    1.0000,  255.9025,    0.2899,  105.0442,  105.3705,    0.9561,    0.6601,  158.4330,  173.2649,  174.1048,  175.0782,  176.1948,  176.9280,  177.8870,  178.9013,  180.2028,  181.8885,  184.3027,  188.0478,  193.5045,  201.2021,  211.1321,  221.9049,  231.4917,  238.7014,  244.1998,  248.0024,  250.5089,  252.3286,  253.0887,  253.4950,  253.6382,    0.0624,    0.2369,    0.5015,    0.8306,    1.2022,    1.5972,    1.9995,    2.4030,    2.5865,    2.6546,    3.1390,    3.8294,    3.5046,    3.3634,    2.7753,    2.2217,    1.9547,    1.8984,    1.9531,    2.0012,    1.9872,    2.0662,    2.2554,    2.4351,    0.8769,    0.9074,    0.9005,    0.9262,    0.9133,    0.8991,    0.8832,    0.8809,    0.8705,    0.7935,    0.7960,    0.7017,    0.4800,    0.4299,    0.3771,    0.3671,    0.3480,    0.3059,    0.3388,    0.3395,    0.3524,    0.3785,    0.4213,    0.4611,    0.5335,    0.5569,    0.4939,    0.5715,    0.5655,    0.5201,    0.5161,    0.5360,    0.5352,    0.5366,    0.4920,    0.4863,    1.3086,    1.3867,    1.3389,    1.2870,    1.2716,    1.2176,    1.1856,    1.1332,    1.0820,    1.1589,    1.1047,    1.0565,    1.4682,    1.3649,    1.3316,    1.2231,    1.2845,    1.1992,    1.1050,    0.7637,    0.6992,    0.6381,    0.6347,    0.5789,    1.8423,    1.3927,    1.2108,    0.8017,    0.5943,    0.4718,    0.3458,    0.2832,    0.2028,    0.1408,    0.1040,    0.0801,    0.0799,    0.0466,    0.0620,    0.0650,    0.0727,    0.0679,    0.0746,    0.0839,    0.0736,    0.1013,    0.0896,    0.0981,    0.1106,    0.0901,    0.1313,    0.1462,    0.1207,    0.1517,    0.1884,    0.2006,    0.1945,    0.1206,    0.1922,    0.2031,    0.2491,    0.2662,    0.2756,    0.2930,    0.3011,    0.3168,    0.3362,    0.3861,    0.4233,    0.3982,    0.4031,    0.4107,    0.6987,    0.7631,    0.8008,    0.8298,    0.8523,    0.9425,    0.8822,    0.9406,    0.9204,    0.9602,    0.9111,    0.9775,    2.1039,    2.0779,    2.1208,    2.1543,    2.1771,    2.1923,    2.2692,    2.3271,    2.3744,    2.2079,    2.1761,    2.2598,    5.7126,    5.4430,    5.3822,    5.2200,    4.8226,    4.5239,    3.9723,    3.6555,    4.2188,    3.6991,    2.8429,    2.6418,    2.0382,    1.8755,    1.4317,    1.3685,    0.9242,    0.6719,    0.5441,    0.2189,    0.1935,    0.1378,    0.0479,    0.0391,    0.0549,    0.2090,    0.4435,    0.7368,    1.0695,    1.4252,    1.7896,    2.4621,    3.2036,    3.9555,    3.5155,    2.7361,    2.4799,    3.1502,    4.3383,    5.1594,    5.4558,    5.5625,    5.5428,    5.4756,    5.4652,    5.2995,    4.9522,    4.6168,    1.5670,    1.4971,    1.5132,    1.5174,    1.5738,    1.6160,    1.7551,    1.7390,    1.7677,    1.8445,    1.8511,    1.9207,    1.4832,    1.4833,    1.4844,    1.4714,    1.4646,    1.4707,    1.4432,    1.4305,    1.4160,    1.3995,    1.3755,    1.3491,    1.3693,    1.2997,    1.3342,    1.1912,    1.1822,    1.2012,    1.1682,    1.0832,    1.0511,    0.9994,    1.0221,    1.0046,    2.6873,    2.4576,    2.3465,    2.2568,    2.1483,    2.0667,    1.9514,    1.8767,    1.8043,    1.5900,    1.5321,    1.4609,    2.3038,    2.1266,    1.9136,    1.7910,    1.5014,    1.3523,    1.2461,    1.3916,    1.2796,    1.1766,    1.0368,    0.9507,    2.0782,    1.5816,    1.0543,    0.8787,    0.6517,    0.4544,    0.3330,    0.2145,    0.1576,    0.1178,    0.0826,    0.0553,    0.0116,    0.0000,    0.0352,    0.0639,    0.0724,    0.0661,    0.0748,    0.0832,    0.0741,    0.1021,    0.0902,    0.0989,    0.1161,    0.0942,    0.1359,    0.1482,    0.1193,    0.0717,    0.0074,    0.0177,    0.0968,    0.1225,    0.1984,    0.2081,    0.2579,    0.2759,    0.2856,    0.3034,    0.3105,    0.3172,    0.3110,    0.2824,    0.2476,    0.2982,    0.4179,    0.4250,    0.7463,    0.8152,    0.8537,    0.8649,    0.8477,    0.9476,    0.9111,    0.9683,    0.8895,    1.0084,    0.9534,    1.0143,    2.1976,    2.1428,    2.2272,    2.2620,    2.2765,    1.6415,    1.6994,    1.7428,    1.7782,    1.6526,    1.6296,    1.6923,    4.2776,    4.0758,    4.0301,    3.9084,    3.6105,    3.3865,    2.9733,    2.7357,    2.2746,    1.9938,    1.5317,    1.4227,    1.0970,    1.0086,    0.7693,    0.7345,    0.4954,    0.3596,    0.2907,    0.1167,    0.1029,    0.0731,    0.0254,    0.0206
 2020,    1.2500,  259.8018,    0.2985,  103.8033,  104.0923,    0.9403,    0.7095,  158.4330,  174.4877,  175.3703,  176.3394,  177.4040,  178.1974,  179.1013,  180.2032,  181.6003,  183.4025,  186.1977,  190.2992,  196.2990,  204.7021,  215.4018,  226.7574,  236.5037,  243.8043,  249.2021,  252.9035,  255.1169,  256.8010,  257.5141,  257.9493,  258.1108,    0.0620,    0.2353,    0.4979,    0.8246,    1.1932,    1.5851,    1.9840,    2.3894,    2.5715,    2.6440,    3.1064,    3.7807,    3.4584,    3.3123,    2.7393,    2.2085,    1.9485,    1.8901,    1.9374,    1.9777,    1.9606,    2.0291,    2.1975,    2.3577,    0.8481,    0.8735,    0.8680,    0.8956,    0.8867,    0.8766,    0.8743,    0.8726,    0.8669,    0.7986,    0.8045,    0.7213,    0.4988,    0.4492,    0.3951,    0.3850,    0.3648,    0.3196,    0.3557,    0.3566,    0.3704,    0.3967,    0.4384,    0.4750,    0.5425,    0.5608,    0.5018,    0.5693,    0.5639,    0.5174,    0.5117,    0.5263,    0.5239,    0.5230,    0.4798,    0.4738,    1.2740,    1.3500,    1.3017,    1.2505,    1.2379,    1.1850,    1.1523,    1.1012,    1.0514,    1.1284,    1.0761,    1.0291,    1.4246,    1.3236,    1.2950,    1.1908,    1.2609,    1.1765,    1.0848,    0.7377,    0.6753,    0.6165,    0.6164,    0.5626,    1.8211,    1.3821,    1.2236,    0.8026,    0.5976,    0.4810,    0.3543,    0.2975,    0.2145,    0.1500,    0.1124,    0.0867,    0.0783,    0.0463,    0.0601,    0.0624,    0.0698,    0.0652,    0.0717,    0.0807,    0.0707,    0.0973,    0.0861,    0.0943,    0.1063,    0.0866,    0.1262,    0.1406,    0.1162,    0.1472,    0.1851,    0.1966,    0.1900,    0.1165,    0.1856,    0.1962,    0.2406,    0.2571,    0.2661,    0.2830,    0.2908,    0.3061,    0.3265,    0.3751,    0.4118,    0.3867,    0.3907,    0.3981,    0.6770,    0.7393,    0.7758,    0.8042,    0.8264,    0.9174,    0.8586,    0.9156,    0.8960,    0.9343,    0.8866,    0.9513,    2.0474,    2.0224,    2.0636,    2.0963,    2.1185,    2.1666,    2.2426,    2.2998,    2.3466,    2.1820,    2.1506,    2.2333,    5.6457,    5.3794,    5.3194,    5.1592,    4.7666,    4.4715,    3.9265,    3.6134,    4.2458,    3.7231,    2.8615,    2.6593,    2.0519,    1.8884,    1.4419,    1.3784,    0.9311,    0.6772,    0.5485,    0.2208,    0.1952,    0.1391,    0.0484,    0.0395,    0.0619,    0.2358,    0.5013,    0.8343,    1.2135,    1.6205,    2.0393,    2.7415,    3.4752,    4.1834,    3.9574,    3.2377,    2.9429,    3.6589,    4.7929,    5.4843,    5.7594,    5.8894,    5.9191,    5.9016,    5.9145,    5.7967,    5.5088,    5.2043,    1.7771,    1.7079,    1.7221,    1.7220,    1.7713,    1.8059,    1.9236,    1.9060,    1.9286,    1.9921,    1.9948,    2.0522,    1.5824,    1.5814,    1.5816,    1.5691,    1.5619,    1.5651,    1.5407,    1.5282,    1.5142,    1.4983,    1.4754,    1.4508,    1.4827,    1.4217,    1.4495,    1.3236,    1.3132,    1.3309,    1.3006,    1.2258,    1.1969,    1.1483,    1.1700,    1.1522,    3.0906,    2.8606,    2.7428,    2.6441,    2.5297,    2.4378,    2.3103,    2.2249,    2.1416,    1.9105,    1.8416,    1.7597,    2.7598,    2.5574,    2.3144,    2.1673,    1.8447,    1.6717,    1.5441,    1.6855,    1.5536,    1.4316,    1.2687,    1.1657,    2.5989,    1.9901,    1.3516,    1.1208,    0.8366,    0.5903,    0.4353,    0.2856,    0.2107,    0.1576,    0.1114,    0.0759,    0.0100,    0.0000,    0.0314,    0.0572,    0.0648,    0.0592,    0.0671,    0.0746,    0.0664,    0.0915,    0.0809,    0.0887,    0.1055,    0.0857,    0.1234,    0.1346,    0.1081,    0.0637,    0.0063,    0.0154,    0.0867,    0.1113,    0.1804,    0.1892,    0.2346,    0.2509,    0.2597,    0.2760,    0.2823,    0.2883,    0.2853,    0.2589,    0.2267,    0.2736,    0.3844,    0.3913,    0.6874,    0.7508,    0.7863,    0.7962,    0.7800,    0.8725,    0.8392,    0.8917,    0.8190,    0.9291,    0.8784,    0.9344,    2.0247,    1.9738,    2.0521,    2.0842,    2.0975,    1.4128,    1.4625,    1.4999,    1.5303,    1.4222,    1.4025,    1.4564,    3.6815,    3.5078,    3.4685,    3.3638,    3.1075,    2.9147,    2.5591,    2.3547,    1.8752,    1.6438,    1.2628,    1.1730,    0.9045,    0.8317,    0.6344,    0.6058,    0.4086,    0.2967,    0.2398,    0.0963,    0.0850,    0.0604,    0.0209,    0.0170
 2179,    1.5000,  262.9399,    0.3053,  102.7621,  103.0757,    0.9836,    0.8859,  158.4330,  175.4797,  176.3690,  177.3408,  178.4028,  179.1123,  180.0951,  181.2752,  182.7084,  184.7039,  187.7050,  192.2328,  198.8034,  207.8010,  219.1021,  230.8885,  240.7642,  247.9978,  253.2711,  256.8077,  258.8934,  260.3049,  261.0088,  261.4376,  261.5910,    0.0617,    0.2341,    0.4954,    0.8203,    1.1868,    1.5762,    1.9724,    2.3788,    2.5605,    2.6364,    3.0837,    3.7402,    3.4194,    3.2742,    2.7159,    2.1995,    1.9442,    1.8843,    1.9271,    1.9629,    1.9440,    2.0064,    2.1617,    2.3071,    0.8288,    0.8497,    0.8450,    0.8731,    0.8669,    0.8593,    0.8663,    0.8648,    0.8622,    0.8009,    0.8090,    0.7352,    0.5129,    0.4642,    0.4094,    0.3994,    0.3783,    0.3307,    0.3693,    0.3704,    0.3848,    0.4110,    0.4514,    0.4850,    0.5483,    0.5626,    0.5072,    0.5666,    0.5616,    0.5148,    0.5082,    0.5190,    0.5155,    0.5131,    0.4712,    0.4652,    1.2499,    1.3233,    1.2746,    1.2238,    1.2128,    1.1606,    1.1270,    1.0768,    1.0279,    1.1026,    1.0518,    1.0056,    1.3891,    1.2897,    1.2630,    1.1622,    1.2358,    1.1519,    1.0624,    0.7164,    0.6556,    0.5985,    0.5995,    0.5473,    1.7874,    1.3598,    1.2187,    0.7935,    0.5924,    0.4816,    0.3560,    0.3049,    0.2209,    0.1554,    0.1178,    0.0909,    0.0768,    0.0460,    0.0586,    0.0604,    0.0675,    0.0631,    0.0694,    0.0781,    0.0684,    0.0942,    0.0833,    0.0913,    0.1027,    0.0838,    0.1221,    0.1360,    0.1125,    0.1433,    0.1821,    0.1931,    0.1861,    0.1131,    0.1802,    0.1905,    0.2336,    0.2497,    0.2584,    0.2748,    0.2824,    0.2974,    0.3182,    0.3657,    0.4018,    0.3769,    0.3804,    0.3875,    0.6587,    0.7194,    0.7549,    0.7827,    0.8046,    0.8963,    0.8387,    0.8945,    0.8754,    0.9126,    0.8660,    0.9294,    1.9999,    1.9757,    2.0157,    2.0476,    2.0694,    2.1480,    2.2233,    2.2801,    2.3264,    2.1633,    2.1321,    2.2142,    5.5974,    5.3334,    5.2740,    5.1153,    4.7261,    4.4336,    3.8933,    3.5831,    4.2649,    3.7400,    2.8746,    2.6717,    2.0617,    1.8976,    1.4491,    1.3856,    0.9361,    0.6810,    0.5517,    0.2221,    0.1965,    0.1400,    0.0488,    0.0398,    0.0672,    0.2565,    0.5462,    0.9105,    1.3266,    1.7745,    2.2371,    2.9505,    3.6696,    4.3499,    4.2987,    3.6708,    3.3449,    4.0810,    5.1357,    5.7300,    5.9962,    6.1435,    6.2065,    6.2251,    6.2571,    6.1786,    5.9465,    5.6785,    1.9482,    1.8818,    1.8940,    1.8907,    1.9332,    1.9614,    2.0607,    2.0426,    2.0601,    2.1126,    2.1125,    2.1596,    1.6631,    1.6611,    1.6603,    1.6482,    1.6407,    1.6419,    1.6197,    1.6074,    1.5939,    1.5785,    1.5571,    1.5344,    1.5759,    1.5220,    1.5441,    1.4335,    1.4220,    1.4376,    1.4096,    1.3437,    1.3175,    1.2724,    1.2918,    1.2741,    3.4248,    3.2002,    3.0781,    2.9727,    2.8544,    2.7547,    2.6192,    2.5252,    2.4332,    2.1933,    2.1150,    2.0243,    3.1612,    2.9382,    2.6719,    2.5034,    2.1571,    1.9644,    1.8179,    1.9483,    1.7994,    1.6611,    1.4792,    1.3615,    3.0830,    2.3725,    1.6346,    1.3502,    1.0129,    0.7213,    0.5346,    0.3559,    0.2634,    0.1974,    0.1403,    0.0968,    0.0087,    0.0000,    0.0281,    0.0514,    0.0583,    0.0533,    0.0604,    0.0672,    0.0598,    0.0824,    0.0728,    0.0798,    0.0962,    0.0782,    0.1126,    0.1227,    0.0984,    0.0570,    0.0055,    0.0136,    0.0782,    0.1015,    0.1647,    0.1726,    0.2141,    0.2290,    0.2371,    0.2519,    0.2576,    0.2630,    0.2626,    0.2381,    0.2083,    0.2519,    0.3547,    0.3612,    0.6349,    0.6934,    0.7262,    0.7351,    0.7197,    0.8055,    0.7750,    0.8233,    0.7561,    0.8582,    0.8113,    0.8630,    1.8701,    1.8227,    1.8955,    1.9251,    1.9373,    1.2194,    1.2624,    1.2946,    1.3209,    1.2276,    1.2106,    1.2571,    3.1778,    3.0279,    2.9940,    2.9036,    2.6824,    2.5161,    2.2091,    2.0327,    1.5492,    1.3580,    1.0433,    0.9692,    0.7474,    0.6872,    0.5242,    0.5006,    0.3377,    0.2452,    0.1983,    0.0796,    0.0702,    0.0499,    0.0173,    0.0141
 2323,    1.7500,  265.5037,    0.3109,  101.9635,  102.2564,    0.9784,    0.7987,  158.4330,  176.2149,  177.1005,  178.0980,  179.1195,  179.9058,  180.8670,  182.0978,  183.6118,  185.8045,  189.1063,  194.0055,  201.0965,  210.6061,  222.4005,  234.4047,  244.3047,  251.4757,  256.6034,  259.9270,  261.9232,  263.1211,  263.8103,  264.2454,  264.3950,    0.0615,    0.2333,    0.4936,    0.8173,    1.1822,    1.5698,    1.9641,    2.3708,    2.5528,    2.6319,    3.0679,    3.7086,    3.3886,    3.2467,    2.7005,    2.1942,    1.9422,    1.8813,    1.9208,    1.9536,    1.9336,    1.9921,    2.1389,    2.2738,    0.8159,    0.8332,    0.8290,    0.8569,    0.8524,    0.8463,    0.8597,    0.8579,    0.8576,    0.8021,    0.8117,    0.7458,    0.5244,    0.4769,    0.4217,    0.4118,    0.3901,    0.3401,    0.3811,    0.3824,    0.3973,    0.4231,    0.4619,    0.4928,    0.5524,    0.5637,    0.5114,    0.5643,    0.5595,    0.5126,    0.5055,    0.5137,    0.5095,    0.5061,    0.4654,    0.4592,    1.2333,    1.3043,    1.2553,    1.2048,    1.1946,    1.1429,    1.1085,    1.0589,    1.0107,    1.0824,    1.0327,    0.9871,    1.3620,    1.2636,    1.2374,    1.1392,    1.2135,    1.1300,    1.0422,    0.7001,    0.6404,    0.5845,    0.5857,    0.5346,    1.7527,    1.3353,    1.2065,    0.7812,    0.5843,    0.4784,    0.3545,    0.3085,    0.2244,    0.1586,    0.1214,    0.0936,    0.0756,    0.0458,    0.0573,    0.0587,    0.0657,    0.0614,    0.0675,    0.0760,    0.0666,    0.0916,    0.0811,    0.0888,    0.0998,    0.0814,    0.1186,    0.1322,    0.1094,    0.1400,    0.1793,    0.1899,    0.1828,    0.1104,    0.1758,    0.1859,    0.2279,    0.2435,    0.2520,    0.2680,    0.2754,    0.2901,    0.3112,    0.3576,    0.3931,    0.3684,    0.3716,    0.3785,    0.6433,    0.7025,    0.7372,    0.7645,    0.7861,    0.8785,    0.8220,    0.8767,    0.8580,    0.8943,    0.8486,    0.9108,    1.9598,    1.9363,    1.9752,    2.0065,    2.0279,    2.1344,    2.2093,    2.2657,    2.3117,    2.1496,    2.1187,    2.2002,    5.5621,    5.2998,    5.2409,    5.0832,    4.6966,    4.4060,    3.8692,    3.5609,    4.2784,    3.7520,    2.8840,    2.6805,    2.0687,    1.9042,    1.4543,    1.3908,    0.9398,    0.6837,    0.5540,    0.2231,    0.1974,    0.1407,    0.0490,    0.0401,    0.0714,    0.2726,    0.5813,    0.9703,    1.4156,    1.8962,    2.3940,    3.1085,    3.8129,    4.4764,    4.5642,    4.0443,    3.6933,    4.4317,    5.3992,    5.9228,    6.1855,    6.3467,    6.4342,    6.4798,    6.5272,    6.4804,    6.2974,    6.0665,    2.0892,    2.0271,    2.0373,    2.0314,    2.0674,    2.0900,    2.1728,    2.1548,    2.1680,    2.2113,    2.2087,    2.2473,    1.7292,    1.7266,    1.7253,    1.7134,    1.7059,    1.7061,    1.6851,    1.6729,    1.6596,    1.6446,    1.6242,    1.6028,    1.6522,    1.6045,    1.6219,    1.5247,    1.5124,    1.5253,    1.4996,    1.4417,    1.4176,    1.3764,    1.3929,    1.3753,    3.7034,    3.4870,    3.3624,    3.2520,    3.1309,    3.0250,    2.8849,    2.7840,    2.6849,    2.4425,    2.3562,    2.2585,    3.5143,    3.2748,    2.9906,    2.8034,    2.4406,    2.2320,    2.0688,    2.1829,    2.0195,    1.8670,    1.6703,    1.5396,    3.5332,    2.7302,    1.9037,    1.5673,    1.1808,    0.8471,    0.6305,    0.4248,    0.3154,    0.2366,    0.1690,    0.1178,    0.0076,    0.0000,    0.0253,    0.0464,    0.0527,    0.0481,    0.0545,    0.0607,    0.0540,    0.0744,    0.0658,    0.0721,    0.0881,    0.0715,    0.1030,    0.1123,    0.0898,    0.0513,    0.0048,    0.0120,    0.0708,    0.0929,    0.1507,    0.1580,    0.1959,    0.2096,    0.2170,    0.2305,    0.2358,    0.2406,    0.2423,    0.2195,    0.1920,    0.2325,    0.3281,    0.3342,    0.5877,    0.6419,    0.6722,    0.6802,    0.6658,    0.7452,    0.7171,    0.7617,    0.6994,    0.7943,    0.7509,    0.7987,    1.7309,    1.6867,    1.7544,    1.7819,    1.7931,    1.0549,    1.0921,    1.1200,    1.1428,    1.0620,    1.0473,    1.0876,    2.7491,    2.6195,    2.5902,    2.5120,    2.3206,    2.1768,    1.9112,    1.7586,    1.2823,    1.1241,    0.8636,    0.8022,    0.6187,    0.5689,    0.4340,    0.4145,    0.2796,    0.2031,    0.1642,    0.0660,    0.0582,    0.0414,    0.0144,    0.0117
 2484,    2.0000,  267.6580,    0.3154,  101.3105,  101.5888,    0.9765,    0.9498,  158.4330,  176.8926,  177.8024,  178.7819,  179.7989,  180.5100,  181.5021,  182.8013,  184.4509,  186.8041,  190.3950,  195.6863,  203.2036,  213.2055,  225.3945,  237.5618,  247.4356,  254.4549,  259.3996,  262.6112,  264.4955,  265.5960,  266.2026,  266.5992,  266.7490,    0.0614,    0.2328,    0.4924,    0.8150,    1.1788,    1.5650,    1.9578,    2.3648,    2.5475,    2.6292,    3.0563,    3.6832,    3.3637,    3.2260,    2.6898,    2.1912,    1.9419,    1.8801,    1.9170,    1.9475,    1.9267,    1.9824,    2.1234,    2.2506,    0.8069,    0.8213,    0.8173,    0.8448,    0.8412,    0.8361,    0.8541,    0.8520,    0.8533,    0.8026,    0.8132,    0.7540,    0.5339,    0.4877,    0.4326,    0.4229,    0.4005,    0.3485,    0.3917,    0.3931,    0.4083,    0.4335,    0.4707,    0.4990,    0.5554,    0.5641,    0.5147,    0.5622,    0.5575,    0.5109,    0.5034,    0.5096,    0.5049,    0.5009,    0.4611,    0.4549,    1.2212,    1.2901,    1.2409,    1.1906,    1.1809,    1.1295,    1.0943,    1.0452,    0.9974,    1.0661,    1.0172,    0.9720,    1.3405,    1.2429,    1.2164,    1.1201,    1.1935,    1.1101,    1.0237,    0.6872,    0.6284,    0.5734,    0.5740,    0.5239,    1.7172,    1.3092,    1.1881,    0.7662,    0.5737,    0.4719,    0.3502,    0.3085,    0.2250,    0.1597,    0.1232,    0.0949,    0.0745,    0.0455,    0.0563,    0.0574,    0.0642,    0.0600,    0.0660,    0.0743,    0.0651,    0.0896,    0.0793,    0.0868,    0.0974,    0.0794,    0.1158,    0.1290,    0.1068,    0.1371,    0.1767,    0.1870,    0.1799,    0.1081,    0.1721,    0.1820,    0.2231,    0.2384,    0.2468,    0.2624,    0.2697,    0.2841,    0.3051,    0.3506,    0.3855,    0.3611,    0.3641,    0.3709,    0.6302,    0.6882,    0.7222,    0.7491,    0.7703,    0.8633,    0.8078,    0.8616,    0.8431,    0.8788,    0.8339,    0.8950,    1.9258,    1.9029,    1.9409,    1.9716,    1.9927,    2.1244,    2.1989,    2.2551,    2.3009,    2.1395,    2.1088,    2.1899,    5.5361,    5.2751,    5.2165,    5.0596,    4.6748,    4.3857,    3.8514,    3.5447,    4.2880,    3.7605,    2.8907,    2.6868,    2.0737,    1.9090,    1.4581,    1.3945,    0.9424,    0.6858,    0.5558,    0.2239,    0.1981,    0.1413,    0.0492,    0.0403,    0.0746,    0.2852,    0.6088,    1.0174,    1.4859,    1.9929,    2.5192,    3.2300,    3.9227,    4.5774,    4.7730,    4.3653,    3.9943,    4.7230,    5.6055,    6.0784,    6.3401,    6.5124,    6.6183,    6.6841,    6.7439,    6.7217,    6.5798,    6.3841,    2.2053,    2.1483,    2.1567,    2.1491,    2.1795,    2.1976,    2.2669,    2.2491,    2.2588,    2.2948,    2.2902,    2.3221,    1.7856,    1.7826,    1.7807,    1.7692,    1.7615,    1.7603,    1.7410,    1.7289,    1.7158,    1.7013,    1.6817,    1.6614,    1.7172,    1.6744,    1.6880,    1.6019,    1.5890,    1.5993,    1.5755,    1.5240,    1.5017,    1.4639,    1.4771,    1.4597,    3.9362,    3.7290,    3.6029,    3.4887,    3.3655,    3.2549,    3.1123,    3.0057,    2.9010,    2.6603,    2.5671,    2.4637,    3.8221,    3.5691,    3.2714,    3.0682,    2.6948,    2.4729,    2.2952,    2.3896,    2.2138,    2.0492,    1.8408,    1.6990,    3.9437,    3.0577,    2.1530,    1.7677,    1.3363,    0.9645,    0.7202,    0.4903,    0.3648,    0.2740,    0.1965,    0.1381,    0.0067,    0.0000,    0.0228,    0.0420,    0.0477,    0.0435,    0.0494,    0.0549,    0.0489,    0.0674,    0.0596,    0.0653,    0.0808,    0.0656,    0.0945,    0.1029,    0.0823,    0.0463,    0.0043,    0.0107,    0.0644,    0.0851,    0.1382,    0.1449,    0.1797,    0.1923,    0.1990,    0.2114,    0.2163,    0.2206,    0.2242,    0.2029,    0.1773,    0.2150,    0.3041,    0.3099,    0.5451,    0.5954,    0.6235,    0.6308,    0.6171,    0.6907,    0.6648,    0.7060,    0.6482,    0.7365,    0.6962,    0.7405,    1.6048,    1.5637,    1.6267,    1.6522,    1.6626,    0.9142,    0.9464,    0.9706,    0.9903,    0.9203,    0.9076,    0.9425,    2.3823,    2.2700,    2.2446,    2.1769,    2.0111,    1.8864,    1.6563,    1.5241,    1.0631,    0.9319,    0.7160,    0.6652,    0.5130,    0.4717,    0.3599,    0.3437,    0.2319,    0.1684,    0.1362,    0.0547,    0.0483,    0.0343,    0.0119,    0.0097
