Particle       ,data/QEXT_96IR_84_VIS_NC10_4umrod
Ncase          ,  14
dt (sols)      ,  0.020833
Qext 0.67um    ,  1.691141
Alb sfc        ,  0.220000
Conrath nu     ,  0.002000
Sun Flux (W/m2),148.393084
BWN IR (cm-1)  ,     10.0000,     34.1670,     58.3330,     82.5000,    106.6670,    130.8330,    155.0000,    179.1670,    203.3330,    227.5000,    251.6670,    275.8330,    300.0000,    320.7880,    341.5750,    362.3630,    383.1500,    403.9380,    424.7250,    445.5130,    466.3010,    487.0880,    507.8760,    528.6630,    549.4510,    556.7420,    564.0330,    571.3240,    578.6150,    585.9060,    593.1970,    600.4880,    607.7790,    615.0700,    622.3610,    629.6520,    636.9430,    642.5500,    648.1570,    653.7640,    659.3700,    664.9770,    670.5840,    676.1910,    681.7980,    687.4050,    693.0110,    698.6180,    704.2250,    710.1390,    716.0530,    721.9670,    727.8810,    733.7950,    739.7090,    745.6240,    751.5380,    757.4520,    763.3660,    769.2800,    775.1940,    791.5010,    807.8070,    824.1140,    840.4210,    856.7270,    873.0340,    889.3410,    905.6470,    921.9540,    938.2610,    954.5670,    970.8740,    996.8050,   1022.7370,   1048.6680,   1074.6000,   1100.5310,   1126.4630,   1152.3940,   1178.3250,   1204.2570,   1230.1880,   1256.1200,   1282.0510,   1360.3990,   1438.7460,   1517.0940,   1595.4410,   1673.7890,   1752.1370,   1830.4840,   1908.8320,   1987.1790,   2065.5270,   2143.8740,   2222.2220
BWN VIS (cm-1) ,   2222.2200,   2294.3160,   2366.4120,   2438.5080,   2510.6030,   2582.6990,   2654.7950,   2726.8910,   2798.9870,   2871.0820,   2943.1780,   3015.2740,   3087.3700,   3165.9750,   3244.5800,   3323.1850,   3401.7900,   3480.3950,   3559.0000,   3637.6050,   3716.2100,   3794.8150,   3873.4200,   3952.0250,   4030.6300,   4142.2920,   4253.9530,   4365.6150,   4477.2770,   4588.9380,   4700.6000,   4812.2620,   4923.9230,   5035.5850,   5147.2470,   5258.9080,   5370.5700,   5560.6150,   5750.6600,   5940.7050,   6130.7500,   6320.7950,   6510.8400,   6700.8850,   6890.9300,   7080.9750,   7271.0200,   7461.0650,   7651.1100,   8055.1840,   8459.2580,   8863.3330,   9267.4070,   9671.4810,  10075.5550,  10479.6290,  10883.7030,  11287.7780,  11691.8520,  12095.9260,  12500.0000,  13541.6670,  14583.3330,  15625.0000,  16666.6670,  17708.3330,  18750.0000,  19791.6670,  20833.3330,  21875.0000,  22916.6670,  23958.3330,  25000.0000,  26388.8890,  27777.7780,  29166.6670,  30555.5570,  31944.4460,  33333.3350,  34722.2240,  36111.1130,  37500.0030,  38888.8920,  40277.7810,  41666.6700
SUN VIS (W/m2) ,      0.1008,      0.0862,      0.0968,      0.1089,      0.1224,      0.1136,      0.1248,      0.1400,      0.1233,      0.1698,      0.1502,      0.1645,      0.1814,      0.1477,      0.2144,      0.2377,      0.1946,      0.2106,      0.2276,      0.2472,      0.2683,      0.1918,      0.3072,      0.3239,      0.3986,      0.4261,      0.4410,      0.4688,      0.4810,      0.5017,      0.5013,      0.5485,      0.5772,      0.5665,      0.6183,      0.6303,      1.0809,      1.1806,      1.2379,      1.2751,      1.2949,      1.4092,      1.3262,      1.4132,      1.3634,      1.4505,      1.3747,      1.4716,      3.1730,      3.1258,      3.2038,      3.2543,      3.2846,      3.1576,      3.2685,      3.3520,      3.4202,      3.1800,      3.1347,      3.2554,      8.2299,      7.8425,      7.7561,      7.5237,      6.9524,      6.5235,      5.7299,      5.2748,      5.0739,      4.4511,      3.4228,      3.1828,      2.4579,      2.2644,      1.7312,      1.6575,      1.1215,      0.8173,      0.6634,      0.2677,      0.2374,      0.1697,      0.0593,      0.0486
================
wavelenght [um],    0.244068,    0.252632,    0.261818,    0.271698,    0.282353,    0.293878,    0.306383,    0.320000,    0.334884,    0.351220,    0.369231,    0.389189,    0.408511,    0.426667,    0.446512,    0.468293,    0.492308,    0.518919,    0.548571,    0.581818,    0.619355,    0.662069,    0.711111,    0.768000,    0.813143,    0.840768,    0.870336,    0.902060,    0.936184,    0.972991,    1.012810,    1.056028,    1.103099,    1.154562,    1.211061,    1.273375,    1.323436,    1.357581,    1.393534,    1.431444,    1.471474,    1.513807,    1.558648,    1.606226,    1.656801,    1.710664,    1.768147,    1.829628,    1.881560,    1.921939,    1.964090,    2.008131,    2.054193,    2.102417,    2.152960,    2.205992,    2.261704,    2.320302,    2.382017,    2.447105,    2.505432,    2.555765,    2.608162,    2.662752,    2.719677,    2.779088,    2.841153,    2.906054,    2.973989,    3.045176,    3.119855,    3.198288,    3.277268,    3.356577,    3.439819,    3.527294,    3.619334,    3.716307,    3.818620,    3.926726,    4.041130,    4.162400,    4.291175,    4.428172,    4.580751,    4.751270,    4.934974,    5.133456,    5.348572,    5.582505,    5.837838,    6.117648,    6.425631,    6.766266,    7.145039,    7.568734,    7.879690,    8.044056,    8.215425,    8.394255,    8.581043,    8.776330,    8.980716,    9.194848,    9.419442,    9.655282,    9.903235,   10.164260,   10.387231,   10.566200,   10.751445,   10.943308,   11.142136,   11.348323,   11.562291,   11.784476,   12.015368,   12.255495,   12.505409,   12.765727,   12.949392,   13.049328,   13.150818,   13.253898,   13.358608,   13.464994,   13.573088,   13.682923,   13.794549,   13.908012,   14.023357,   14.140631,   14.256763,   14.371646,   14.488386,   14.607038,   14.727660,   14.850291,   14.974981,   15.101782,   15.230738,   15.361915,   15.495384,   15.631191,   15.790367,   15.974275,   16.162517,   16.355249,   16.552633,   16.754839,   16.962047,   17.174443,   17.392227,   17.615605,   17.844795,   18.080028,   18.550914,   19.294981,   20.101230,   20.977796,   21.934298,   22.982219,   24.135264,   25.410119,   26.827165,   28.411593,   30.194923,   32.217118,   34.732292,   37.914692,   41.739101,   46.421699,   52.287582,   59.850314,   69.970927,   84.210526,  105.726686,  142.012170,  216.216216,  452.826771
Qext           ,      1.2857,      1.2857,      1.2857,      1.2857,      1.2857,      1.2857,      1.2857,      1.2857,      1.2857,      1.2857,      1.2857,      1.6911,      1.6911,      1.6911,      1.6911,      1.6911,      1.6911,      1.6911,      1.6911,      1.6911,      1.6911,      1.6911,      1.6911,      1.5753,      1.5753,      1.5753,      1.5753,      1.5753,      1.5753,      1.5753,      1.5753,      1.5753,      1.5753,      1.4992,      1.4992,      1.4992,      1.4992,      1.4992,      1.4992,      1.4992,      1.4992,      1.5285,      1.5285,      1.5285,      1.5285,      1.5285,      1.5285,      1.5285,      1.6462,      1.6462,      1.6462,      1.6462,      1.6462,      1.6462,      1.6462,      1.6462,      2.1385,      2.1385,      2.1385,      2.1385,      2.1385,      2.1385,      2.0832,      2.0832,      2.0832,      2.0832,      2.0832,      2.0832,      2.2863,      2.2863,      2.2863,      2.2863,      2.2863,      2.9788,      2.9788,      2.9788,      2.9788,      3.5007,      3.5007,      3.5007,      3.5007,      4.3537,      4.3537,      4.3537,      3.7504,      3.7504,      2.7042,      2.7042,      3.2165,      2.7109,      2.7109,      2.9206,      3.5950,      3.1613,      3.0422,      2.3905,      2.5000,      2.5000,      3.0637,      3.0637,      3.7863,      3.7863,      4.3909,      4.3909,      5.5669,      5.9019,      5.9019,      5.0885,      4.6686,      4.6686,      5.0784,      5.0784,      5.7498,      5.7498,      6.1863,      5.7145,      5.7145,      4.7442,      4.7442,      4.1937,      4.0772,      4.0772,      4.0772,      4.0772,      4.4577,      4.4577,      4.4577,      5.3525,      5.3525,      5.3525,      6.4575,      6.4575,      6.4575,      7.5887,      7.5887,      7.5887,      8.6439,      8.6439,      8.6439,      9.3387,      9.3387,      9.3387,      9.3858,      9.3858,      9.3858,      8.7774,      8.7774,      7.7609,      7.7609,      6.6405,      5.6412,      5.6412,      4.8706,      4.8706,      4.3243,      3.9208,      3.7417,      3.0186,      2.3837,      2.2151,      1.9833,      1.5972,      1.6249,      1.7419,      2.1355,      4.8666,      9.1644,     10.3856,      6.5737,      2.0903,      0.6256,      0.4005,      0.1390,      0.0732,      0.0732,      0.0732,      0.0732,      0.0732,      0.0732,      0.0732
Qscat          ,      0.5457,      0.5457,      0.5457,      0.5457,      0.5457,      0.5457,      0.5457,      0.5457,      0.5457,      0.5457,      0.5457,      0.4385,      0.4385,      0.4385,      0.4385,      0.4385,      0.4385,      0.4385,      0.4385,      0.4385,      0.4385,      0.4385,      0.4385,      0.2024,      0.2024,      0.2024,      0.2024,      0.2024,      0.2024,      0.2024,      0.2024,      0.2024,      0.2024,      0.1226,      0.1226,      0.1226,      0.1226,      0.1226,      0.1226,      0.1226,      0.1226,      0.0995,      0.0995,      0.0995,      0.0995,      0.0995,      0.0995,      0.0995,      0.1078,      0.1078,      0.1078,      0.1078,      0.1078,      0.1078,      0.1078,      0.1078,      0.1404,      0.1404,      0.1404,      0.1404,      0.1404,      0.1404,      0.2019,      0.2019,      0.2019,      0.2019,      0.2019,      0.2019,      0.1517,      0.1517,      0.1517,      0.1517,      0.1517,      0.2022,      0.2022,      0.2022,      0.2022,      0.2585,      0.2585,      0.2585,      0.2585,      0.3460,      0.3460,      0.3460,      0.4009,      0.4009,      0.3589,      0.3589,      0.5789,      0.5105,      0.5105,      0.3347,      0.7343,      0.4601,      0.3469,      0.3121,      0.2997,      0.2997,      0.3683,      0.3683,      0.5354,      0.5354,      0.6391,      0.6391,      0.6938,      0.6999,      0.6999,      0.5647,      0.4462,      0.4462,      0.5603,      0.5603,      0.6219,      0.6219,      0.8051,      0.7787,      0.7787,      0.6325,      0.6325,      0.7656,      0.6301,      0.6301,      0.6301,      0.6301,      0.6574,      0.6574,      0.6574,      0.9668,      0.9668,      0.9668,      1.0166,      1.0166,      1.0166,      1.0592,      1.0592,      1.0592,      1.4380,      1.4380,      1.4380,      1.7084,      1.7084,      1.7084,      1.5327,      1.5327,      1.5327,      1.3154,      1.3154,      1.4747,      1.4747,      1.7778,      1.7250,      1.7250,      1.2782,      1.2782,      0.9602,      1.3106,      1.8336,      3.0183,      2.3834,      0.8580,      0.9660,      1.5151,      0.8205,      0.8108,      1.0054,      0.9630,      3.4194,      5.5377,      2.8065,      0.1380,      0.6255,      0.1858,     -0.1230,      0.0731,      0.0731,      0.0731,      0.0731,      0.0731,      0.0731,      0.0731
G factor       ,      0.5830,      0.5830,      0.5830,      0.5830,      0.5830,      0.5830,      0.5830,      0.5830,      0.5830,      0.5830,      0.5830,      0.4640,      0.4640,      0.4640,      0.4640,      0.4640,      0.4640,      0.4640,      0.4640,      0.4640,      0.4640,      0.4640,      0.4640,      0.3320,      0.3320,      0.3320,      0.3320,      0.3320,      0.3320,      0.3320,      0.3320,      0.3320,      0.3320,      0.2730,      0.2730,      0.2730,      0.2730,      0.2730,      0.2730,      0.2730,      0.2730,      0.2980,      0.2980,      0.2980,      0.2980,      0.2980,      0.2980,      0.2980,      0.2940,      0.2940,      0.2940,      0.2940,      0.2940,      0.2940,      0.2940,      0.2940,      0.2900,      0.2900,      0.2900,      0.2900,      0.2900,      0.2900,      0.3560,      0.3560,      0.3560,      0.3560,      0.3560,      0.3560,      0.3090,      0.3090,      0.3090,      0.3090,      0.3090,      0.2310,      0.2310,      0.2310,      0.2310,      0.2130,      0.2130,      0.2130,      0.2130,      0.1570,      0.1570,      0.1570,      0.0150,      0.0150,     -0.0400,     -0.0400,      0.0760,     -0.0420,     -0.0420,      0.1230,      0.1890,      0.0070,     -0.1040,     -0.0830,      0.0990,      0.0990,      0.2060,      0.2060,      0.2400,      0.2400,      0.2320,      0.2320,      0.1850,      0.0900,      0.0900,      0.0140,     -0.0240,     -0.0240,     -0.0100,     -0.0100,     -0.0090,     -0.0090,     -0.0110,     -0.0370,     -0.0370,     -0.0580,     -0.0580,     -0.0610,     -0.0720,     -0.0720,     -0.0720,     -0.0720,     -0.0550,     -0.0550,     -0.0550,     -0.0330,     -0.0330,     -0.0330,     -0.0370,     -0.0370,     -0.0370,     -0.0350,     -0.0350,     -0.0350,     -0.0220,     -0.0220,     -0.0220,     -0.0210,     -0.0210,     -0.0210,     -0.0370,     -0.0370,     -0.0370,     -0.0540,     -0.0540,     -0.0600,     -0.0600,     -0.0560,     -0.0630,     -0.0630,     -0.0960,     -0.0960,     -0.1390,     -0.1580,     -0.1420,      0.0020,      0.1830,      0.1500,      0.0800,      0.0390,     -0.0020,     -0.0070,      0.0010,     -0.0050,     -0.0010,      0.0040,      0.0040,     -0.0000,      0.0070,      0.0030,     -0.0040,      0.0030,      0.0030,      0.0030,      0.0030,      0.0030,      0.0030,      0.0030
================
P [mbar]       ,    0.1004,    0.1015,    0.1034,    0.1069,    0.1130,    0.1239,    0.1432,    0.1740,    0.2226,    0.3028,    0.4349,    0.6529,    1.0121,    1.6044,    2.4646,    3.4606,    4.3994,    5.2226,    5.8426,    6.2132,    6.3980,    6.4686,    6.5039,    6.5168
Temp initial[K],  155.0000,  155.0000,  155.0000,  155.0000,  155.0000,  155.0000,  155.0000,  155.0000,  155.0000,  155.0000,  155.0000,  155.0000,  158.8233,  165.4041,  173.2716,  181.4436,  190.2788,  198.8130,  204.5783,  207.8249,  209.4219,  210.0497,  210.3719,  210.4891
================
it   ,   tau    ,  Tsfc    ,   alb    ,   OLR    ,    ASR   ,  NET top ,  NET bot , T lev  01, T lev  02, T lev  03, T lev  04, T lev  05, T lev  06, T lev  07, T lev  08, T lev  09, T lev  10, T lev  11, T lev  12, T lev  13, T lev  14, T lev  15, T lev  16, T lev  17, T lev  18, T lev  19, T lev  20, T lev  21, T lev  22, T lev  23, T lev  24, T lev  25,  OLR IR01,  OLR IR02,  OLR IR03,  OLR IR04,  OLR IR05,  OLR IR06,  OLR IR07,  OLR IR08,  OLR IR09,  OLR IR10,  OLR IR11,  OLR IR12,  OLR IR13,  OLR IR14,  OLR IR15,  OLR IR16,  OLR IR17,  OLR IR18,  OLR IR19,  OLR IR20,  OLR IR21,  OLR IR22,  OLR IR23,  OLR IR24,  OLR IR25,  OLR IR26,  OLR IR27,  OLR IR28,  OLR IR29,  OLR IR30,  OLR IR31,  OLR IR32,  OLR IR33,  OLR IR34,  OLR IR35,  OLR IR36,  OLR IR37,  OLR IR38,  OLR IR39,  OLR IR40,  OLR IR41,  OLR IR42,  OLR IR43,  OLR IR44,  OLR IR45,  OLR IR46,  OLR IR47,  OLR IR48,  OLR IR49,  OLR IR50,  OLR IR51,  OLR IR52,  OLR IR53,  OLR IR54,  OLR IR55,  OLR IR56,  OLR IR57,  OLR IR58,  OLR IR59,  OLR IR60,  OLR IR61,  OLR IR62,  OLR IR63,  OLR IR64,  OLR IR65,  OLR IR66,  OLR IR67,  OLR IR68,  OLR IR69,  OLR IR70,  OLR IR71,  OLR IR72,  OLR IR73,  OLR IR74,  OLR IR75,  OLR IR76,  OLR IR77,  OLR IR78,  OLR IR79,  OLR IR80,  OLR IR81,  OLR IR82,  OLR IR83,  OLR IR84,  OLR IR85,  OLR IR86,  OLR IR87,  OLR IR88,  OLR IR89,  OLR IR90,  OLR IR91,  OLR IR92,  OLR IR93,  OLR IR94,  OLR IR95,  OLR IR96, ASR VIS01, ASR VIS02, ASR VIS03, ASR VIS04, ASR VIS05, ASR VIS06, ASR VIS07, ASR VIS08, ASR VIS09, ASR VIS10, ASR VIS11, ASR VIS12, ASR VIS13, ASR VIS14, ASR VIS15, ASR VIS16, ASR VIS17, ASR VIS18, ASR VIS19, ASR VIS20, ASR VIS21, ASR VIS22, ASR VIS23, ASR VIS24, ASR VIS25, ASR VIS26, ASR VIS27, ASR VIS28, ASR VIS29, ASR VIS30, ASR VIS31, ASR VIS32, ASR VIS33, ASR VIS34, ASR VIS35, ASR VIS36, ASR VIS37, ASR VIS38, ASR VIS39, ASR VIS40, ASR VIS41, ASR VIS42, ASR VIS43, ASR VIS44, ASR VIS45, ASR VIS46, ASR VIS47, ASR VIS48, ASR VIS49, ASR VIS50, ASR VIS51, ASR VIS52, ASR VIS53, ASR VIS54, ASR VIS55, ASR VIS56, ASR VIS57, ASR VIS58, ASR VIS59, ASR VIS60, ASR VIS61, ASR VIS62, ASR VIS63, ASR VIS64, ASR VIS65, ASR VIS66, ASR VIS67, ASR VIS68, ASR VIS69, ASR VIS70, ASR VIS71, ASR VIS72, ASR VIS73, ASR VIS74, ASR VIS75, ASR VIS76, ASR VIS77, ASR VIS78, ASR VIS79, ASR VIS80, ASR VIS81, ASR VIS82, ASR VIS83, ASR VIS84, SFC DIR01, SFC DIR02, SFC DIR03, SFC DIR04, SFC DIR05, SFC DIR06, SFC DIR07, SFC DIR08, SFC DIR09, SFC DIR10, SFC DIR11, SFC DIR12, SFC DIR13, SFC DIR14, SFC DIR15, SFC DIR16, SFC DIR17, SFC DIR18, SFC DIR19, SFC DIR20, SFC DIR21, SFC DIR22, SFC DIR23, SFC DIR24, SFC DIR25, SFC DIR26, SFC DIR27, SFC DIR28, SFC DIR29, SFC DIR30, SFC DIR31, SFC DIR32, SFC DIR33, SFC DIR34, SFC DIR35, SFC DIR36, SFC DIR37, SFC DIR38, SFC DIR39, SFC DIR40, SFC DIR41, SFC DIR42, SFC DIR43, SFC DIR44, SFC DIR45, SFC DIR46, SFC DIR47, SFC DIR48, SFC DIR49, SFC DIR50, SFC DIR51, SFC DIR52, SFC DIR53, SFC DIR54, SFC DIR55, SFC DIR56, SFC DIR57, SFC DIR58, SFC DIR59, SFC DIR60, SFC DIR61, SFC DIR62, SFC DIR63, SFC DIR64, SFC DIR65, SFC DIR66, SFC DIR67, SFC DIR68, SFC DIR69, SFC DIR70, SFC DIR71, SFC DIR72, SFC DIR73, SFC DIR74, SFC DIR75, SFC DIR76, SFC DIR77, SFC DIR78, SFC DIR79, SFC DIR80, SFC DIR81, SFC DIR82, SFC DIR83, SFC DIR84, SFC DIR85, SFC DIR86, SFC DIR87, SFC DIR88, SFC DIR89, SFC DIR90, SFC DIR91, SFC DIR92, SFC DIR93, SFC DIR94, SFC DIR95, SFC DIR96,SFC DVIS01,SFC DVIS02,SFC DVIS03,SFC DVIS04,SFC DVIS05,SFC DVIS06,SFC DVIS07,SFC DVIS08,SFC DVIS09,SFC DVIS10,SFC DVIS11,SFC DVIS12,SFC DVIS13,SFC DVIS14,SFC DVIS15,SFC DVIS16,SFC DVIS17,SFC DVIS18,SFC DVIS19,SFC DVIS20,SFC DVIS21,SFC DVIS22,SFC DVIS23,SFC DVIS24,SFC DVIS25,SFC DVIS26,SFC DVIS27,SFC DVIS28,SFC DVIS29,SFC DVIS30,SFC DVIS31,SFC DVIS32,SFC DVIS33,SFC DVIS34,SFC DVIS35,SFC DVIS36,SFC DVIS37,SFC DVIS38,SFC DVIS39,SFC DVIS40,SFC DVIS41,SFC DVIS42,SFC DVIS43,SFC DVIS44,SFC DVIS45,SFC DVIS46,SFC DVIS47,SFC DVIS48,SFC DVIS49,SFC DVIS50,SFC DVIS51,SFC DVIS52,SFC DVIS53,SFC DVIS54,SFC DVIS55,SFC DVIS56,SFC DVIS57,SFC DVIS58,SFC DVIS59,SFC DVIS60,SFC DVIS61,SFC DVIS62,SFC DVIS63,SFC DVIS64,SFC DVIS65,SFC DVIS66,SFC DVIS67,SFC DVIS68,SFC DVIS69,SFC DVIS70,SFC DVIS71,SFC DVIS72,SFC DVIS73,SFC DVIS74,SFC DVIS75,SFC DVIS76,SFC DVIS77,SFC DVIS78,SFC DVIS79,SFC DVIS80,SFC DVIS81,SFC DVIS82,SFC DVIS83,SFC DVIS84
 1007,    0.0000,  218.8983,    0.2194,  117.0969,  115.8380,   -0.8625,   -0.7595,  158.4330,  155.0000,  155.0000,  155.0000,  155.0000,  155.0000,  155.0000,  155.0000,  155.0000,  155.0000,  155.0000,  155.0000,  155.0000,  158.8202,  165.3996,  173.2672,  181.4393,  190.2764,  198.8104,  204.5754,  207.8212,  209.4182,  210.0462,  210.3680,  210.4855,    0.0676,    0.2556,    0.5389,    0.8888,    1.2804,    1.6928,    2.1082,    2.5121,    2.8933,    3.2429,    3.5544,    3.8241,    3.4712,    3.6087,    3.7179,    3.7987,    3.8530,    3.8815,    3.8866,    3.8696,    3.8324,    3.7775,    3.7019,    3.5964,    1.2424,    1.2267,    1.2047,    1.1662,    1.1137,    1.0481,    0.8756,    0.8393,    0.7711,    0.6138,    0.5638,    0.3590,    0.1995,    0.1649,    0.1438,    0.1375,    0.1329,    0.1277,    0.1258,    0.1235,    0.1245,    0.1364,    0.1735,    0.2440,    0.3730,    0.4452,    0.3502,    0.5089,    0.4971,    0.5051,    0.5244,    0.6000,    0.6202,    0.6335,    0.6351,    0.6285,    1.6842,    1.6087,    1.5504,    1.4822,    1.4116,    1.3421,    1.2748,    1.2087,    1.1452,    1.0819,    1.0194,    0.9639,    1.4270,    1.3066,    1.1824,    1.0659,    0.9702,    0.8860,    0.8005,    0.7221,    0.6504,    0.5836,    0.5141,    0.4584,    1.1328,    0.8012,    0.5722,    0.3992,    0.2764,    0.1901,    0.1299,    0.0861,    0.0569,    0.0365,    0.0240,    0.0175,    0.0899,    0.0485,    0.0757,    0.0853,    0.0957,    0.0892,    0.0975,    0.1095,    0.0962,    0.1325,    0.1172,    0.1283,    0.1417,    0.1155,    0.1679,    0.1865,    0.1530,    0.1811,    0.2062,    0.2231,    0.2234,    0.1500,    0.2398,    0.2531,    0.3109,    0.3324,    0.3440,    0.3658,    0.3756,    0.3936,    0.3989,    0.4549,    0.4935,    0.4704,    0.4844,    0.4940,    0.8433,    0.9209,    0.9662,    0.9986,    1.0221,    1.1068,    1.0376,    1.1056,    1.0799,    1.1314,    1.0731,    1.1504,    2.4777,    2.4439,    2.4989,    2.5383,    2.5642,    2.4625,    2.5489,    2.6139,    2.6670,    2.4800,    2.4441,    2.5380,    6.4157,    6.1123,    6.0433,    5.8603,    5.4132,    5.0767,    4.4565,    4.0997,    3.9404,    3.4535,    2.6528,    2.4637,    1.8993,    1.7458,    1.3311,    1.2705,    0.8565,    0.6215,    0.5021,    0.2015,    0.1776,    0.1261,    0.0437,    0.0355,    0.0000,    0.0000,    0.0000,    0.0000,    0.0000,    0.0000,    0.0000,    0.0000,    0.0000,    0.0000,    0.0000,    0.0000,    0.0000,    0.0000,    0.0000,    0.0000,    0.0000,    0.0000,    0.0000,    0.0001,    0.0002,    0.0007,    0.0108,    0.0490,    0.0110,    0.0180,    0.0344,    0.0771,    0.1397,    0.2137,    0.4309,    0.4495,    0.5119,    0.6671,    0.7005,    0.8672,    0.6959,    0.7036,    0.7106,    0.6982,    0.6956,    0.7186,    0.6761,    0.6645,    0.6491,    0.6306,    0.6025,    0.5551,    0.4721,    0.3712,    0.4491,    0.2585,    0.2602,    0.2432,    0.2110,    0.1067,    0.0696,    0.0377,    0.0207,    0.0150,    0.0329,    0.0299,    0.0085,    0.0020,    0.0004,    0.0004,    0.0002,    0.0011,    0.0019,    0.0049,    0.0091,    0.0081,    0.0085,    0.0012,    0.0075,    0.0141,    0.0089,    0.0000,    0.0000,    0.0000,    0.0000,    0.0008,    0.0066,    0.0072,    0.0065,    0.0059,    0.0000,    0.0000,    0.0000,    0.0000,    0.0000,    0.0009,    0.0011,    0.0014,    0.0012,    0.0002,    0.0266,    0.0000,    0.0608,    0.1075,    0.1214,    0.1110,    0.1245,    0.1386,    0.1233,    0.1698,    0.1501,    0.1645,    0.1808,    0.1468,    0.2123,    0.2321,    0.1900,    0.1318,    0.0189,    0.0386,    0.1649,    0.1902,    0.3067,    0.3223,    0.3984,    0.4260,    0.4410,    0.4686,    0.4799,    0.4920,    0.4648,    0.4226,    0.3741,    0.4433,    0.6104,    0.6178,    1.0805,    1.1804,    1.2359,    1.2564,    1.2364,    1.3694,    1.3136,    1.3975,    1.2854,    1.4503,    1.3718,    1.4606,    3.1621,    3.0885,    3.2030,    3.2531,    3.2748,    3.1568,    3.2678,    3.3511,    3.4192,    3.1776,    3.1334,    3.2539,    8.2247,    7.8363,    7.7478,    7.5132,    6.9399,    6.5086,    5.7135,    5.2561,    5.0518,    4.4276,    3.4010,    3.1586,    2.4350,    2.2382,    1.7066,    1.6288,    1.0981,    0.7968,    0.6438,    0.2584,    0.2277,    0.1616,    0.0560,    0.0455
  708,    0.0500,  223.1978,    0.1929,  121.2299,  119.7672,   -0.9150,   -0.8513,  158.4330,  168.2341,  169.0398,  169.9709,  171.1777,  171.9877,  172.9019,  173.9966,  175.1176,  176.5984,  178.6292,  181.6947,  185.9511,  191.5621,  197.8547,  203.4680,  207.8611,  211.1778,  213.8835,  216.1964,  218.3908,  219.9937,  220.6466,  220.9874,  221.1084,    0.0689,    0.2609,    0.5510,    0.9103,    1.3139,    1.7405,    2.1719,    2.6028,    2.9779,    3.3084,    3.6185,    3.5918,    3.0527,    3.2984,    3.6484,    3.8356,    3.9265,    3.9682,    3.9446,    3.9529,    3.9218,    3.8106,    3.6340,    3.5436,    1.2308,    1.2159,    1.1835,    1.1520,    1.0988,    1.0578,    0.9424,    0.9200,    0.8790,    0.7711,    0.7605,    0.6403,    0.4281,    0.3780,    0.3278,    0.3183,    0.3007,    0.2629,    0.2922,    0.2928,    0.3051,    0.3313,    0.3750,    0.4223,    0.5058,    0.5426,    0.4748,    0.5792,    0.5695,    0.5719,    0.5763,    0.6228,    0.6349,    0.6432,    0.6429,    0.6358,    1.7020,    1.6136,    1.5527,    1.4556,    1.3876,    1.3084,    1.2555,    1.1910,    1.1448,    1.0826,    1.0311,    0.9763,    1.4325,    1.2903,    1.1694,    1.0664,    0.9986,    0.9139,    0.8395,    0.7588,    0.6971,    0.6271,    0.5655,    0.5071,    1.2523,    0.8764,    0.6262,    0.4362,    0.3096,    0.2158,    0.1486,    0.0982,    0.0669,    0.0437,    0.0279,    0.0201,    0.0915,    0.0479,    0.0801,    0.0921,    0.1034,    0.0962,    0.1054,    0.1173,    0.1031,    0.1420,    0.1256,    0.1357,    0.1498,    0.1220,    0.1774,    0.1970,    0.1607,    0.1864,    0.2062,    0.2237,    0.2303,    0.1576,    0.2528,    0.2668,    0.3278,    0.3504,    0.3626,    0.3856,    0.3916,    0.4102,    0.4152,    0.4683,    0.5050,    0.4844,    0.5051,    0.5147,    0.8770,    0.9577,    1.0048,    1.0381,    1.0607,    1.1496,    1.0788,    1.1476,    1.1174,    1.1746,    1.1140,    1.1939,    2.5719,    2.5361,    2.5942,    2.6320,    2.6585,    2.5534,    2.6429,    2.7103,    2.7654,    2.5714,    2.5343,    2.6317,    6.6526,    6.3021,    6.2311,    6.0425,    5.5815,    5.2347,    4.5954,    4.2276,    4.0635,    3.5616,    2.7360,    2.5412,    1.9592,    1.7751,    1.3536,    1.2920,    0.8712,    0.6323,    0.5109,    0.2051,    0.1808,    0.1284,    0.0445,    0.0362,    0.0002,    0.0006,    0.0012,    0.0020,    0.0029,    0.0038,    0.0048,    0.0253,    0.0491,    0.0617,    0.3558,    0.9222,    1.1539,    1.1616,    0.7482,    0.3186,    0.2664,    0.2455,    0.1875,    0.2876,    0.3239,    0.2254,    0.3505,    0.5976,    0.2142,    0.2466,    0.2875,    0.3478,    0.4463,    0.5262,    0.7762,    0.8058,    0.8583,    0.9765,    0.9990,    1.0992,    0.8548,    0.8545,    0.8533,    0.8428,    0.8356,    0.8359,    0.8159,    0.8050,    0.7925,    0.7775,    0.7563,    0.7264,    0.6914,    0.6000,    0.6468,    0.4670,    0.4676,    0.4458,    0.3997,    0.2732,    0.2181,    0.1664,    0.1377,    0.1269,    0.3259,    0.3359,    0.2887,    0.3104,    0.2899,    0.2933,    0.2610,    0.2485,    0.2130,    0.2058,    0.1886,    0.1756,    0.2705,    0.2633,    0.2491,    0.2249,    0.1621,    0.1292,    0.1012,    0.0906,    0.0673,    0.0621,    0.0562,    0.0518,    0.1053,    0.0929,    0.0579,    0.0432,    0.0247,    0.0160,    0.0108,    0.0103,    0.0071,    0.0063,    0.0054,    0.0023,    0.0186,    0.0000,    0.0469,    0.0879,    0.0994,    0.0908,    0.1019,    0.1168,    0.1039,    0.1432,    0.1265,    0.1443,    0.1585,    0.1287,    0.1859,    0.2030,    0.1677,    0.1106,    0.0138,    0.0302,    0.1428,    0.1690,    0.2712,    0.2848,    0.3524,    0.3769,    0.3901,    0.4145,    0.4365,    0.4469,    0.4176,    0.3798,    0.3349,    0.3994,    0.5535,    0.5612,    0.9898,    1.0813,    1.1321,    1.1492,    1.1292,    1.2519,    1.2021,    1.2818,    1.1785,    1.3321,    1.2598,    1.3408,    2.9038,    2.8342,    2.9421,    2.9852,    3.0047,    2.8967,    2.9987,    3.0752,    3.1376,    2.9159,    2.8754,    2.9859,    7.5474,    7.2236,    7.1421,    6.9257,    6.3972,    5.9995,    5.2665,    4.8448,    4.6565,    4.0810,    3.1348,    2.9113,    2.2443,    2.1274,    1.6220,    1.5480,    1.0437,    0.7573,    0.6118,    0.2455,    0.2164,    0.1536,    0.0532,    0.0433
  307,    0.1000,  226.5986,    0.1704,  124.6959,  123.1053,   -0.9191,   -0.7879,  158.4330,  176.2815,  177.1339,  178.1085,  179.2963,  180.2965,  181.4026,  182.6983,  184.0993,  185.7313,  187.9009,  190.9178,  195.0009,  200.3001,  206.0980,  211.1972,  215.1934,  218.0979,  220.3926,  222.0937,  223.3259,  224.4973,  225.0856,  225.4485,  225.5720,    0.0699,    0.2650,    0.5603,    0.9269,    1.3397,    1.7773,    2.2213,    2.6784,    3.0426,    3.3464,    3.6867,    3.4991,    2.9057,    3.2101,    3.6544,    3.8664,    3.9837,    4.0332,    3.9593,    4.0196,    4.0029,    3.7973,    3.5368,    3.5283,    1.2369,    1.2291,    1.1916,    1.1653,    1.1116,    1.0804,    0.9882,    0.9701,    0.9369,    0.8448,    0.8412,    0.7416,    0.5131,    0.4652,    0.4143,    0.4061,    0.3857,    0.3401,    0.3766,    0.3767,    0.3887,    0.4128,    0.4525,    0.4938,    0.5693,    0.5953,    0.5358,    0.6223,    0.6134,    0.6170,    0.6163,    0.6512,    0.6599,    0.6647,    0.6624,    0.6546,    1.7488,    1.6558,    1.5916,    1.4806,    1.4120,    1.3282,    1.2810,    1.2160,    1.1763,    1.1136,    1.0669,    1.0110,    1.4776,    1.3219,    1.2002,    1.1015,    1.0447,    0.9562,    0.8862,    0.8022,    0.7453,    0.6718,    0.6130,    0.5511,    1.3632,    0.9499,    0.6799,    0.4735,    0.3418,    0.2399,    0.1663,    0.1099,    0.0763,    0.0504,    0.0317,    0.0227,    0.0922,    0.0476,    0.0827,    0.0968,    0.1087,    0.1009,    0.1108,    0.1229,    0.1082,    0.1489,    0.1317,    0.1415,    0.1561,    0.1272,    0.1849,    0.2050,    0.1667,    0.1898,    0.2060,    0.2238,    0.2351,    0.1636,    0.2631,    0.2776,    0.3412,    0.3647,    0.3775,    0.4013,    0.4050,    0.4239,    0.4279,    0.4789,    0.5137,    0.4955,    0.5221,    0.5319,    0.9057,    0.9890,    1.0375,    1.0712,    1.0929,    1.1856,    1.1135,    1.1830,    1.1491,    1.2114,    1.1488,    1.2309,    2.6521,    2.6144,    2.6755,    2.7117,    2.7387,    2.6308,    2.7230,    2.7925,    2.8492,    2.6493,    2.6111,    2.7115,    6.8544,    6.4653,    6.3925,    6.1992,    5.7264,    5.3708,    4.7150,    4.3378,    4.1696,    3.6548,    2.8078,    2.6080,    2.0110,    1.8021,    1.3743,    1.3120,    0.8848,    0.6422,    0.5190,    0.2084,    0.1838,    0.1305,    0.0453,    0.0368,    0.0003,    0.0012,    0.0025,    0.0041,    0.0059,    0.0078,    0.0097,    0.0544,    0.1026,    0.1249,    0.7245,    1.7080,    2.0108,    2.0627,    1.4482,    0.6544,    0.5539,    0.5123,    0.3783,    0.6014,    0.6807,    0.4480,    0.6664,    1.1318,    0.4169,    0.4695,    0.5224,    0.5790,    0.6844,    0.7514,    0.9791,    1.0105,    1.0473,    1.1336,    1.1447,    1.2080,    0.9314,    0.9282,    0.9245,    0.9142,    0.9060,    0.9021,    0.8860,    0.8752,    0.8632,    0.8492,    0.8310,    0.8073,    0.7954,    0.7203,    0.7488,    0.5949,    0.5932,    0.5681,    0.5218,    0.4026,    0.3432,    0.2876,    0.2563,    0.2433,    0.6373,    0.6622,    0.6001,    0.6460,    0.6092,    0.6130,    0.5532,    0.5265,    0.4568,    0.4373,    0.3971,    0.3724,    0.5776,    0.5703,    0.5298,    0.4701,    0.3502,    0.2971,    0.2371,    0.2135,    0.1620,    0.1479,    0.1231,    0.1120,    0.2463,    0.2168,    0.1457,    0.1091,    0.0648,    0.0421,    0.0287,    0.0247,    0.0161,    0.0128,    0.0111,    0.0058,    0.0140,    0.0000,    0.0364,    0.0719,    0.0813,    0.0744,    0.0835,    0.0984,    0.0876,    0.1207,    0.1067,    0.1266,    0.1390,    0.1129,    0.1630,    0.1779,    0.1487,    0.0960,    0.0114,    0.0256,    0.1254,    0.1503,    0.2399,    0.2518,    0.3118,    0.3334,    0.3451,    0.3667,    0.3971,    0.4064,    0.3781,    0.3438,    0.3029,    0.3620,    0.5030,    0.5103,    0.9067,    0.9905,    1.0371,    1.0522,    1.0332,    1.1460,    1.1008,    1.1767,    1.0817,    1.2236,    1.1571,    1.2313,    2.6670,    2.6024,    2.7025,    2.7393,    2.7572,    2.6581,    2.7517,    2.8219,    2.8792,    2.6758,    2.6386,    2.7400,    6.9258,    6.6593,    6.5840,    6.3846,    5.8974,    5.5308,    4.8551,    4.4663,    4.2926,    3.7621,    2.8898,    2.6837,    2.0689,    2.0227,    1.5421,    1.4718,    0.9922,    0.7200,    0.5816,    0.2334,    0.2057,    0.1460,    0.0506,    0.0411
  383,    0.1500,  228.4023,    0.1512,  125.7142,  125.9482,    0.9895,    0.8278,  158.4330,  180.8513,  181.7507,  182.7384,  183.9075,  184.9074,  186.0942,  187.4055,  188.8973,  190.5120,  192.7032,  195.6606,  199.6032,  204.7015,  210.2037,  215.1328,  219.1028,  222.0082,  224.1508,  225.6056,  226.5042,  227.1080,  227.5064,  227.8411,  227.9019,    0.0704,    0.2670,    0.5649,    0.9352,    1.3528,    1.7961,    2.2467,    2.7242,    3.0711,    3.3411,    3.7151,    3.4336,    2.8326,    3.1635,    3.6420,    3.8481,    3.9822,    4.0342,    3.9021,    4.0207,    4.0182,    3.7091,    3.3820,    3.4765,    1.2294,    1.2284,    1.1882,    1.1655,    1.1123,    1.0865,    1.0088,    0.9929,    0.9639,    0.8813,    0.8803,    0.7925,    0.5577,    0.5127,    0.4633,    0.4562,    0.4349,    0.3866,    0.4254,    0.4250,    0.4363,    0.4580,    0.4940,    0.5313,    0.6018,    0.6217,    0.5682,    0.6431,    0.6347,    0.6398,    0.6361,    0.6638,    0.6704,    0.6724,    0.6687,    0.6604,    1.7612,    1.6670,    1.6009,    1.4832,    1.4146,    1.3290,    1.2851,    1.2202,    1.1841,    1.1215,    1.0779,    1.0217,    1.4896,    1.3274,    1.2063,    1.1108,    1.0606,    0.9701,    0.9037,    0.8186,    0.7658,    0.6910,    0.6350,    0.5716,    1.4145,    0.9817,    0.7025,    0.4884,    0.3564,    0.2509,    0.1743,    0.1151,    0.0808,    0.0538,    0.0335,    0.0238,    0.0925,    0.0474,    0.0843,    0.1000,    0.1123,    0.1042,    0.1145,    0.1270,    0.1118,    0.1539,    0.1361,    0.1460,    0.1611,    0.1312,    0.1907,    0.2113,    0.1715,    0.1922,    0.2058,    0.2238,    0.2388,    0.1684,    0.2712,    0.2862,    0.3518,    0.3761,    0.3893,    0.4138,    0.4163,    0.4353,    0.4384,    0.4876,    0.5208,    0.5047,    0.5363,    0.5462,    0.9300,    1.0156,    1.0653,    1.0993,    1.1201,    1.2160,    1.1429,    1.2131,    1.1761,    1.2428,    1.1785,    1.2625,    2.7205,    2.6810,    2.7448,    2.7796,    2.8069,    2.6967,    2.7913,    2.8625,    2.9206,    2.7156,    2.6766,    2.7795,    7.0262,    6.6055,    6.5312,    6.3338,    5.8509,    5.4877,    4.8178,    4.4326,    4.2609,    3.7350,    2.8695,    2.6656,    2.0555,    1.8269,    1.3933,    1.3303,    0.8972,    0.6514,    0.5265,    0.2114,    0.1865,    0.1325,    0.0460,    0.0374,    0.0005,    0.0018,    0.0037,    0.0061,    0.0089,    0.0118,    0.0148,    0.0843,    0.1568,    0.1870,    1.0684,    2.3242,    2.6091,    2.6999,    2.0297,    0.9737,    0.8323,    0.7726,    0.5605,    0.9053,    1.0246,    0.6555,    0.9464,    1.6047,    0.5957,    0.6612,    0.7185,    0.7667,    0.8681,    0.9209,    1.1163,    1.1453,    1.1687,    1.2297,    1.2328,    1.2716,    0.9758,    0.9703,    0.9645,    0.9542,    0.9454,    0.9393,    0.9253,    0.9146,    0.9030,    0.8902,    0.8746,    0.8551,    0.8580,    0.7972,    0.8128,    0.6848,    0.6810,    0.6539,    0.6107,    0.5047,    0.4456,    0.3915,    0.3605,    0.3466,    0.9160,    0.9498,    0.8784,    0.9359,    0.8868,    0.8866,    0.8085,    0.7697,    0.6760,    0.6455,    0.5873,    0.5530,    0.8566,    0.8438,    0.7796,    0.6911,    0.5285,    0.4595,    0.3723,    0.3362,    0.2596,    0.2362,    0.1926,    0.1746,    0.3960,    0.3464,    0.2395,    0.1793,    0.1092,    0.0712,    0.0489,    0.0407,    0.0261,    0.0199,    0.0171,    0.0098,    0.0107,    0.0000,    0.0284,    0.0588,    0.0666,    0.0609,    0.0683,    0.0830,    0.0739,    0.1017,    0.0899,    0.1111,    0.1219,    0.0990,    0.1429,    0.1560,    0.1321,    0.0843,    0.0098,    0.0222,    0.1107,    0.1337,    0.2122,    0.2227,    0.2758,    0.2949,    0.3053,    0.3244,    0.3613,    0.3696,    0.3432,    0.3120,    0.2746,    0.3287,    0.4573,    0.4642,    0.8306,    0.9074,    0.9501,    0.9636,    0.9459,    1.0494,    1.0082,    1.0805,    0.9932,    1.1239,    1.0628,    1.1309,    2.4497,    2.3900,    2.4823,    2.5137,    2.5301,    2.4392,    2.5251,    2.5895,    2.6421,    2.4555,    2.4213,    2.5144,    6.3555,    6.1392,    6.0699,    5.8860,    5.4369,    5.0989,    4.4759,    4.1175,    3.9574,    3.4683,    2.6641,    2.4742,    1.9073,    1.9233,    1.4663,    1.3994,    0.9434,    0.6846,    0.5530,    0.2219,    0.1956,    0.1388,    0.0481,    0.0391
  744,    0.2000,  230.9022,    0.1348,  128.2678,  128.3723,    0.9290,    0.7616,  158.4330,  184.2758,  185.2084,  186.2136,  187.3532,  188.3992,  189.5910,  190.9390,  192.4052,  194.1042,  196.3004,  199.1986,  203.1040,  208.1042,  213.6023,  218.6224,  222.8023,  225.7312,  227.8384,  229.2013,  229.9026,  230.3030,  230.4947,  230.6317,  230.7225,    0.0711,    0.2698,    0.5713,    0.9468,    1.3709,    1.8220,    2.2816,    2.7826,    3.1146,    3.3530,    3.7672,    3.4262,    2.8246,    3.1721,    3.6716,    3.8678,    4.0176,    4.0730,    3.8808,    4.0640,    4.0771,    3.6613,    3.2776,    3.4851,    1.2418,    1.2462,    1.2040,    1.1832,    1.1294,    1.1065,    1.0358,    1.0208,    0.9939,    0.9161,    0.9163,    0.8349,    0.5937,    0.5505,    0.5018,    0.4953,    0.4734,    0.4231,    0.4638,    0.4630,    0.4740,    0.4942,    0.5281,    0.5633,    0.6317,    0.6483,    0.5983,    0.6676,    0.6594,    0.6661,    0.6607,    0.6847,    0.6904,    0.6909,    0.6864,    0.6778,    1.8059,    1.7096,    1.6417,    1.5175,    1.4479,    1.3598,    1.3176,    1.2517,    1.2178,    1.1543,    1.1124,    1.0549,    1.5363,    1.3663,    1.2431,    1.1480,    1.1023,    1.0086,    0.9438,    0.8559,    0.8056,    0.7278,    0.6730,    0.6068,    1.5040,    1.0426,    0.7475,    0.5200,    0.3836,    0.2711,    0.1891,    0.1251,    0.0888,    0.0595,    0.0368,    0.0261,    0.0927,    0.0472,    0.0853,    0.1022,    0.1148,    0.1065,    0.1171,    0.1299,    0.1144,    0.1575,    0.1393,    0.1496,    0.1650,    0.1343,    0.1952,    0.2163,    0.1753,    0.1942,    0.2057,    0.2238,    0.2418,    0.1723,    0.2778,    0.2930,    0.3603,    0.3851,    0.3986,    0.4238,    0.4257,    0.4449,    0.4471,    0.4948,    0.5268,    0.5124,    0.5482,    0.5583,    0.9506,    1.0382,    1.0889,    1.1231,    1.1432,    1.2418,    1.1679,    1.2388,    1.1991,    1.2696,    1.2038,    1.2894,    2.7788,    2.7378,    2.8040,    2.8374,    2.8651,    2.7528,    2.8494,    2.9221,    2.9814,    2.7721,    2.7323,    2.8374,    7.1726,    6.7260,    6.6504,    6.4495,    5.9579,    5.5881,    4.9061,    4.5140,    4.3393,    3.8039,    2.9226,    2.7151,    2.0939,    1.8495,    1.4107,    1.3470,    0.9086,    0.6597,    0.5334,    0.2142,    0.1890,    0.1343,    0.0466,    0.0379,    0.0006,    0.0024,    0.0050,    0.0083,    0.0120,    0.0160,    0.0200,    0.1153,    0.2127,    0.2502,    1.3964,    2.8324,    3.0618,    3.1846,    2.5330,    1.2877,    1.1111,    1.0353,    0.7439,    1.2109,    1.3682,    0.8623,    1.2167,    2.0554,    0.7641,    0.8385,    0.8974,    0.9386,    1.0342,    1.0756,    1.2430,    1.2677,    1.2818,    1.3245,    1.3227,    1.3457,    1.0296,    1.0222,    1.0144,    1.0041,    0.9947,    0.9865,    0.9743,    0.9637,    0.9527,    0.9409,    0.9274,    0.9107,    0.9249,    0.8742,    0.8809,    0.7727,    0.7671,    0.7394,    0.6988,    0.6037,    0.5456,    0.4928,    0.4621,    0.4473,    1.1877,    1.2254,    1.1457,    1.2072,    1.1474,    1.1411,    1.0493,    1.0000,    0.8886,    0.8483,    0.7755,    0.7323,    1.1316,    1.1090,    1.0234,    0.9104,    0.7127,    0.6282,    0.5158,    0.4671,    0.3664,    0.3334,    0.2706,    0.2452,    0.5669,    0.4932,    0.3469,    0.2604,    0.1618,    0.1063,    0.0736,    0.0601,    0.0386,    0.0288,    0.0246,    0.0149,    0.0081,    0.0000,    0.0221,    0.0482,    0.0545,    0.0498,    0.0560,    0.0700,    0.0623,    0.0858,    0.0758,    0.0975,    0.1069,    0.0868,    0.1253,    0.1368,    0.1174,    0.0740,    0.0084,    0.0192,    0.0977,    0.1190,    0.1877,    0.1970,    0.2440,    0.2609,    0.2701,    0.2870,    0.3288,    0.3362,    0.3114,    0.2831,    0.2491,    0.2985,    0.4158,    0.4223,    0.7609,    0.8313,    0.8704,    0.8825,    0.8660,    0.9610,    0.9234,    0.9922,    0.9119,    1.0324,    0.9762,    1.0386,    2.2501,    2.1949,    2.2801,    2.3068,    2.3217,    2.2384,    2.3172,    2.3763,    2.4246,    2.2533,    2.2219,    2.3073,    5.8322,    5.6601,    5.5962,    5.4267,    5.0126,    4.7010,    4.1267,    3.7962,    3.6486,    3.1977,    2.4562,    2.2811,    1.7585,    1.8289,    1.3944,    1.3307,    0.8971,    0.6510,    0.5259,    0.2110,    0.1860,    0.1320,    0.0458,    0.0372
 1024,    0.3000,  234.8241,    0.1090,  132.1491,  132.2063,    0.9894,    0.9211,  158.4330,  189.0093,  190.0048,  191.0087,  192.1080,  193.0917,  194.3032,  195.6089,  197.1036,  198.8026,  201.0022,  203.9985,  207.9361,  212.9979,  218.6057,  224.0505,  228.4985,  231.5085,  233.5367,  234.7010,  235.1896,  235.2297,  235.2207,  235.1128,  234.9800,    0.0721,    0.2739,    0.5808,    0.9638,    1.3977,    1.8606,    2.3336,    2.8780,    3.1758,    3.3462,    3.8474,    3.4429,    2.8440,    3.2072,    3.7280,    3.8924,    4.0621,    4.1196,    3.8000,    4.1216,    4.1647,    3.5306,    3.0639,    3.5117,    1.2656,    1.2775,    1.2330,    1.2144,    1.1597,    1.1399,    1.0767,    1.0620,    1.0374,    0.9653,    0.9664,    0.8930,    0.6432,    0.6028,    0.5557,    0.5501,    0.5276,    0.4757,    0.5178,    0.5165,    0.5272,    0.5452,    0.5761,    0.6088,    0.6744,    0.6869,    0.6421,    0.7042,    0.6962,    0.7057,    0.6982,    0.7176,    0.7224,    0.7210,    0.7153,    0.7063,    1.8798,    1.7800,    1.7093,    1.5759,    1.5046,    1.4125,    1.3720,    1.3046,    1.2737,    1.2085,    1.1687,    1.1093,    1.6134,    1.4315,    1.3049,    1.2097,    1.1705,    1.0717,    1.0090,    0.9167,    0.8700,    0.7878,    0.7347,    0.6640,    1.6501,    1.1424,    0.8217,    0.5725,    0.4289,    0.3048,    0.2140,    0.1418,    0.1023,    0.0692,    0.0425,    0.0301,    0.0927,    0.0470,    0.0862,    0.1047,    0.1177,    0.1091,    0.1201,    0.1337,    0.1178,    0.1621,    0.1434,    0.1545,    0.1704,    0.1387,    0.2015,    0.2231,    0.1808,    0.1968,    0.2054,    0.2238,    0.2459,    0.1779,    0.2870,    0.3028,    0.3724,    0.3981,    0.4120,    0.4380,    0.4402,    0.4597,    0.4605,    0.5058,    0.5359,    0.5241,    0.5665,    0.5768,    0.9830,    1.0736,    1.1259,    1.1604,    1.1793,    1.2822,    1.2070,    1.2794,    1.2355,    1.3120,    1.2438,    1.3319,    2.8710,    2.8275,    2.8976,    2.9285,    2.9567,    2.8413,    2.9410,    3.0160,    3.0773,    2.8612,    2.8202,    2.9287,    7.4033,    6.9183,    6.8407,    6.6342,    6.1287,    5.7486,    5.0473,    4.6441,    4.4647,    3.9142,    3.0076,    2.7943,    2.1553,    1.8889,    1.4410,    1.3762,    0.9285,    0.6744,    0.5454,    0.2191,    0.1934,    0.1375,    0.0477,    0.0389,    0.0009,    0.0036,    0.0076,    0.0127,    0.0184,    0.0245,    0.0307,    0.1791,    0.3259,    0.3746,    1.9841,    3.5735,    3.6524,    3.8197,    3.3124,    1.8707,    1.6415,    1.5404,    1.0928,    1.7921,    2.0146,    1.2463,    1.6957,    2.8374,    1.0513,    1.1319,    1.1867,    1.2146,    1.2926,    1.3163,    1.4335,    1.4485,    1.4502,    1.4677,    1.4604,    1.4637,    1.1163,    1.1065,    1.0960,    1.0859,    1.0756,    1.0640,    1.0550,    1.0446,    1.0342,    1.0236,    1.0128,    0.9998,    1.0297,    0.9937,    0.9891,    0.9125,    0.9044,    0.8772,    0.8424,    0.7676,    0.7146,    0.6669,    0.6381,    0.6226,    1.6619,    1.6954,    1.6046,    1.6563,    1.5811,    1.5585,    1.4519,    1.3865,    1.2564,    1.2001,    1.1081,    1.0505,    1.6144,    1.5646,    1.4442,    1.2960,    1.0543,    0.9441,    0.7932,    0.7214,    0.5813,    0.5296,    0.4324,    0.3923,    0.9275,    0.7979,    0.5730,    0.4311,    0.2769,    0.1844,    0.1293,    0.1035,    0.0671,    0.0491,    0.0413,    0.0265,    0.0048,    0.0000,    0.0134,    0.0323,    0.0366,    0.0334,    0.0375,    0.0497,    0.0443,    0.0610,    0.0539,    0.0750,    0.0823,    0.0668,    0.0964,    0.1052,    0.0928,    0.0574,    0.0062,    0.0146,    0.0763,    0.0942,    0.1469,    0.1541,    0.1909,    0.2042,    0.2114,    0.2246,    0.2722,    0.2783,    0.2568,    0.2335,    0.2051,    0.2464,    0.3439,    0.3495,    0.6386,    0.6976,    0.7305,    0.7403,    0.7261,    0.8061,    0.7748,    0.8367,    0.7690,    0.8711,    0.8236,    0.8762,    1.8984,    1.8514,    1.9239,    1.9427,    1.9552,    1.8851,    1.9515,    2.0013,    2.0419,    1.8977,    1.8713,    1.9432,    4.9117,    4.8122,    4.7579,    4.6138,    4.2617,    3.9968,    3.5085,    3.2276,    3.1021,    2.7188,    2.0884,    1.9395,    1.4952,    1.6541,    1.2611,    1.2036,    0.8114,    0.5888,    0.4757,    0.1909,    0.1682,    0.1194,    0.0414,    0.0336
 1208,    0.4000,  237.8032,    0.0901,  135.0454,  135.0051,    0.9715,    0.8290,  158.4330,  192.2302,  193.2190,  194.2411,  195.2849,  196.2098,  197.3973,  198.7084,  200.1989,  201.9014,  204.1933,  207.2066,  211.3987,  216.5969,  222.5283,  228.3417,  232.9093,  235.9114,  237.8005,  238.7209,  239.0162,  238.9331,  238.7396,  238.4856,  238.2562,    0.0727,    0.2767,    0.5874,    0.9759,    1.4168,    1.8882,    2.3711,    2.9557,    3.2166,    3.3168,    3.9087,    3.4723,    2.8717,    3.2425,    3.7775,    3.9123,    4.0925,    4.1488,    3.6988,    4.1635,    4.2332,    3.3842,    2.8640,    3.5492,    1.2882,    1.3042,    1.2581,    1.2407,    1.1850,    1.1667,    1.1069,    1.0918,    1.0686,    1.0001,    1.0016,    0.9336,    0.6780,    0.6395,    0.5936,    0.5886,    0.5657,    0.5130,    0.5560,    0.5543,    0.5651,    0.5817,    0.6103,    0.6413,    0.7047,    0.7145,    0.6738,    0.7310,    0.7230,    0.7349,    0.7261,    0.7428,    0.7473,    0.7447,    0.7383,    0.7289,    1.9394,    1.8359,    1.7632,    1.6226,    1.5500,    1.4547,    1.4152,    1.3465,    1.3179,    1.2515,    1.2130,    1.1521,    1.6745,    1.4834,    1.3538,    1.2584,    1.2245,    1.1220,    1.0610,    0.9651,    0.9215,    0.8356,    0.7842,    0.7099,    1.7680,    1.2231,    0.8822,    0.6155,    0.4661,    0.3327,    0.2348,    0.1558,    0.1137,    0.0775,    0.0472,    0.0335,    0.0926,    0.0468,    0.0866,    0.1059,    0.1191,    0.1104,    0.1215,    0.1356,    0.1195,    0.1645,    0.1455,    0.1575,    0.1737,    0.1414,    0.2054,    0.2273,    0.1843,    0.1984,    0.2051,    0.2237,    0.2485,    0.1815,    0.2929,    0.3089,    0.3800,    0.4062,    0.4205,    0.4470,    0.4504,    0.4700,    0.4698,    0.5135,    0.5422,    0.5323,    0.5793,    0.5898,    1.0063,    1.0991,    1.1526,    1.1873,    1.2053,    1.3113,    1.2352,    1.3089,    1.2619,    1.3428,    1.2729,    1.3628,    2.9381,    2.8928,    2.9657,    2.9946,    3.0231,    2.9054,    3.0074,    3.0841,    3.1468,    2.9258,    2.8839,    2.9948,    7.5707,    7.0602,    6.9812,    6.7706,    6.2549,    5.8672,    5.1515,    4.7403,    4.5574,    3.9957,    3.0705,    2.8530,    2.2008,    1.9217,    1.4662,    1.4005,    0.9451,    0.6866,    0.5554,    0.2232,    0.1971,    0.1402,    0.0487,    0.0397,    0.0013,    0.0048,    0.0103,    0.0171,    0.0248,    0.0331,    0.0416,    0.2441,    0.4393,    0.4950,    2.4836,    4.0613,    3.9988,    4.1942,    3.8622,    2.3905,    2.1290,    2.0108,    1.4160,    2.3251,    2.5972,    1.5921,    2.1048,    3.4765,    1.2796,    1.3564,    1.4023,    1.4196,    1.4784,    1.4899,    1.5682,    1.5749,    1.5695,    1.5717,    1.5620,    1.5545,    1.1836,    1.1721,    1.1596,    1.1496,    1.1387,    1.1246,    1.1179,    1.1077,    1.0980,    1.0882,    1.0794,    1.0688,    1.1090,    1.0822,    1.0711,    1.0173,    1.0075,    0.9821,    0.9525,    0.8945,    0.8479,    0.8063,    0.7803,    0.7646,    2.0474,    2.0668,    1.9696,    1.9995,    1.9142,    1.8744,    1.7626,    1.6860,    1.5511,    1.4828,    1.3810,    1.3129,    2.0077,    1.9270,    1.7805,    1.6105,    1.3502,    1.2205,    1.0447,    0.9531,    0.7855,    0.7168,    0.5919,    0.5379,    1.2902,    1.0967,    0.7977,    0.6009,    0.3959,    0.2672,    0.1891,    0.1493,    0.0981,    0.0711,    0.0588,    0.0390,    0.0028,    0.0000,    0.0082,    0.0217,    0.0246,    0.0225,    0.0252,    0.0354,    0.0315,    0.0434,    0.0384,    0.0578,    0.0634,    0.0515,    0.0742,    0.0809,    0.0734,    0.0447,    0.0047,    0.0112,    0.0598,    0.0747,    0.1150,    0.1206,    0.1495,    0.1599,    0.1655,    0.1758,    0.2254,    0.2303,    0.2120,    0.1927,    0.1692,    0.2035,    0.2846,    0.2893,    0.5360,    0.5855,    0.6131,    0.6211,    0.6090,    0.6762,    0.6501,    0.7058,    0.6486,    0.7350,    0.6949,    0.7393,    1.6019,    1.5619,    1.6234,    1.6364,    1.6468,    1.5878,    1.6438,    1.6857,    1.7199,    1.5984,    1.5762,    1.6368,    4.1372,    4.0928,    4.0466,    3.9240,    3.6246,    3.3993,    2.9841,    2.7451,    2.6384,    2.3124,    1.7763,    1.6496,    1.2717,    1.4964,    1.1409,    1.0889,    0.7341,    0.5327,    0.4304,    0.1727,    0.1522,    0.1080,    0.0375,    0.0304
 1348,    0.5000,  240.0347,    0.0763,  137.1401,  137.0533,    0.9893,    0.9795,  158.4330,  194.7187,  195.7029,  196.6950,  197.5930,  198.5189,  199.6262,  200.9773,  202.4004,  204.1925,  206.4994,  209.7073,  214.0710,  219.5065,  225.8024,  231.9007,  236.5855,  239.4310,  241.0950,  241.8005,  241.9411,  241.7144,  241.3999,  240.9813,  240.8207,    0.0731,    0.2785,    0.5915,    0.9835,    1.4290,    1.9061,    2.3957,    3.0176,    3.2402,    3.2689,    3.9553,    3.5002,    2.8956,    3.2711,    3.8176,    3.9282,    4.1124,    4.1652,    3.5838,    4.1933,    4.2861,    3.2280,    2.6757,    3.5877,    1.3076,    1.3257,    1.2786,    1.2617,    1.2052,    1.1877,    1.1299,    1.1141,    1.0918,    1.0261,    1.0276,    0.9635,    0.7036,    0.6667,    0.6218,    0.6172,    0.5942,    0.5410,    0.5846,    0.5826,    0.5936,    0.6091,    0.6360,    0.6657,    0.7275,    0.7352,    0.6979,    0.7513,    0.7433,    0.7570,    0.7476,    0.7621,    0.7666,    0.7632,    0.7563,    0.7467,    1.9863,    1.8793,    1.8052,    1.6590,    1.5854,    1.4875,    1.4486,    1.3789,    1.3522,    1.2848,    1.2473,    1.1853,    1.7219,    1.5236,    1.3918,    1.2963,    1.2668,    1.1613,    1.1017,    1.0031,    0.9619,    0.8733,    0.8232,    0.7462,    1.8616,    1.2874,    0.9306,    0.6500,    0.4960,    0.3554,    0.2516,    0.1673,    0.1230,    0.0843,    0.0511,    0.0363,    0.0925,    0.0466,    0.0867,    0.1065,    0.1197,    0.1110,    0.1221,    0.1367,    0.1205,    0.1658,    0.1466,    0.1594,    0.1757,    0.1431,    0.2077,    0.2299,    0.1866,    0.1993,    0.2049,    0.2235,    0.2501,    0.1839,    0.2966,    0.3128,    0.3849,    0.4114,    0.4258,    0.4527,    0.4576,    0.4773,    0.4763,    0.5188,    0.5465,    0.5379,    0.5882,    0.5989,    1.0231,    1.1174,    1.1718,    1.2067,    1.2240,    1.3323,    1.2555,    1.3304,    1.2811,    1.3652,    1.2941,    1.3853,    2.9869,    2.9403,    3.0153,    3.0425,    3.0712,    2.9519,    3.0555,    3.1335,    3.1972,    2.9726,    2.9301,    3.0428,    7.6920,    7.1649,    7.0848,    6.8713,    6.3481,    5.9547,    5.2286,    4.8114,    4.6260,    4.0561,    3.1171,    2.8965,    2.2346,    1.9489,    1.4872,    1.4208,    0.9590,    0.6968,    0.5638,    0.2267,    0.2002,    0.1424,    0.0495,    0.0403,    0.0016,    0.0061,    0.0130,    0.0215,    0.0313,    0.0418,    0.0525,    0.3097,    0.5514,    0.6098,    2.9030,    4.3870,    4.2142,    4.4289,    4.2513,    2.8471,    2.5698,    2.4414,    1.7104,    2.8049,    3.1122,    1.8973,    2.4501,    3.9916,    1.4589,    1.5270,    1.5626,    1.5718,    1.6133,    1.6166,    1.6658,    1.6666,    1.6570,    1.6495,    1.6387,    1.6246,    1.2359,    1.2232,    1.2093,    1.1997,    1.1883,    1.1716,    1.1673,    1.1574,    1.1481,    1.1388,    1.1313,    1.1222,    1.1696,    1.1491,    1.1338,    1.0966,    1.0857,    1.0626,    1.0371,    0.9923,    0.9522,    0.9166,    0.8932,    0.8777,    2.3551,    2.3564,    2.2555,    2.2601,    2.1682,    2.1130,    2.0006,    1.9162,    1.7833,    1.7062,    1.6002,    1.5245,    2.3217,    2.2111,    2.0454,    1.8620,    1.5985,    1.4542,    1.2639,    1.1560,    0.9711,    0.8875,    0.7420,    0.6755,    1.6371,    1.3751,    1.0089,    0.7602,    0.5115,    0.3493,    0.2489,    0.1945,    0.1294,    0.0935,    0.0760,    0.0514,    0.0017,    0.0000,    0.0050,    0.0146,    0.0165,    0.0151,    0.0169,    0.0252,    0.0224,    0.0309,    0.0273,    0.0445,    0.0488,    0.0396,    0.0571,    0.0623,    0.0581,    0.0350,    0.0036,    0.0087,    0.0469,    0.0592,    0.0900,    0.0944,    0.1170,    0.1252,    0.1296,    0.1377,    0.1867,    0.1907,    0.1751,    0.1592,    0.1397,    0.1682,    0.2355,    0.2395,    0.4499,    0.4915,    0.5147,    0.5212,    0.5109,    0.5674,    0.5456,    0.5954,    0.5472,    0.6203,    0.5864,    0.6239,    1.3518,    1.3179,    1.3700,    1.3786,    1.3874,    1.3377,    1.3848,    1.4202,    1.4490,    1.3466,    1.3279,    1.3789,    3.4855,    3.4823,    3.4430,    3.3388,    3.0840,    2.8923,    2.5390,    2.3358,    2.2450,    1.9676,    1.5114,    1.4037,    1.0822,    1.3541,    1.0324,    0.9854,    0.6644,    0.4821,    0.3895,    0.1563,    0.1378,    0.0978,    0.0339,    0.0276
 1628,    0.7500,  243.4086,    0.0557,  140.3052,  140.0994,    0.9856,    0.8896,  158.4330,  198.6635,  199.6379,  200.6130,  201.3767,  202.2985,  203.3072,  204.5943,  206.1072,  207.9979,  210.5996,  214.2100,  219.1067,  225.2814,  232.2382,  238.7010,  243.1155,  245.4134,  246.4008,  246.5402,  246.3165,  245.9126,  245.4712,  244.8496,  244.6902,    0.0735,    0.2800,    0.5955,    0.9912,    1.4419,    1.9258,    2.4236,    3.1303,    3.2583,    3.1119,    4.0336,    3.5503,    2.9366,    3.3195,    3.8851,    3.9654,    4.1478,    4.1892,    3.2960,    4.2489,    4.3834,    2.8507,    2.2739,    3.6720,    1.3434,    1.3624,    1.3134,    1.2975,    1.2392,    1.2229,    1.1679,    1.1509,    1.1302,    1.0694,    1.0706,    1.0132,    0.7466,    0.7128,    0.6701,    0.6662,    0.6430,    0.5896,    0.6339,    0.6315,    0.6431,    0.6565,    0.6798,    0.7072,    0.7654,    0.7695,    0.7389,    0.7847,    0.7768,    0.7939,    0.7833,    0.7941,    0.7988,    0.7941,    0.7864,    0.7764,    2.0653,    1.9511,    1.8746,    1.7187,    1.6435,    1.5413,    1.5034,    1.4321,    1.4086,    1.3395,    1.3038,    1.2399,    1.7998,    1.5897,    1.4542,    1.3584,    1.3374,    1.2268,    1.1705,    1.0673,    1.0312,    0.9380,    0.8912,    0.8094,    2.0258,    1.3989,    1.0150,    0.7105,    0.5488,    0.3962,    0.2822,    0.1878,    0.1400,    0.0968,    0.0581,    0.0413,    0.0922,    0.0464,    0.0867,    0.1070,    0.1202,    0.1114,    0.1226,    0.1376,    0.1213,    0.1670,    0.1476,    0.1615,    0.1780,    0.1449,    0.2104,    0.2327,    0.1893,    0.2003,    0.2044,    0.2230,    0.2519,    0.1867,    0.3010,    0.3173,    0.3905,    0.4175,    0.4321,    0.4594,    0.4675,    0.4874,    0.4851,    0.5261,    0.5523,    0.5457,    0.6006,    0.6115,    1.0474,    1.1439,    1.1995,    1.2345,    1.2508,    1.3624,    1.2848,    1.3618,    1.3091,    1.3981,    1.3252,    1.4183,    3.0585,    3.0098,    3.0879,    3.1123,    3.1413,    3.0197,    3.1257,    3.2055,    3.2706,    3.0409,    2.9975,    3.1128,    7.8690,    7.3221,    7.2405,    7.0225,    6.4880,    6.0864,    5.3445,    4.9185,    4.7294,    4.1471,    3.1875,    2.9623,    2.2858,    1.9988,    1.5257,    1.4581,    0.9845,    0.7157,    0.5794,    0.2331,    0.2059,    0.1466,    0.0510,    0.0416,    0.0024,    0.0092,    0.0196,    0.0326,    0.0474,    0.0633,    0.0796,    0.4725,    0.8211,    0.8708,    3.6610,    4.8116,    4.4831,    4.7246,    4.7945,    3.7371,    3.4708,    3.3404,    2.3316,    3.7748,    4.1169,    2.5099,    3.1011,    4.8574,    1.7469,    1.7879,    1.8011,    1.7978,    1.8087,    1.8010,    1.8077,    1.8004,    1.7858,    1.7658,    1.7543,    1.7312,    1.3154,    1.3010,    1.2849,    1.2757,    1.2635,    1.2438,    1.2425,    1.2328,    1.2242,    1.2159,    1.2106,    1.2040,    1.2622,    1.2500,    1.2293,    1.2169,    1.2046,    1.1865,    1.1677,    1.1441,    1.1173,    1.0936,    1.0755,    1.0609,    2.8553,    2.8116,    2.7075,    2.6567,    2.5563,    2.4735,    2.3659,    2.2706,    2.1519,    2.0619,    1.9570,    1.8703,    2.8278,    2.6586,    2.4645,    2.2673,    2.0254,    1.8599,    1.6619,    1.5260,    1.3299,    1.2187,    1.0488,    0.9578,    2.3617,    1.9283,    1.4328,    1.0775,    0.7538,    0.5270,    0.3798,    0.2903,    0.1987,    0.1429,    0.1114,    0.0777,    0.0005,    0.0000,    0.0015,    0.0054,    0.0061,    0.0056,    0.0063,    0.0108,    0.0096,    0.0132,    0.0117,    0.0232,    0.0254,    0.0207,    0.0298,    0.0325,    0.0324,    0.0192,    0.0019,    0.0047,    0.0259,    0.0332,    0.0489,    0.0513,    0.0636,    0.0680,    0.0704,    0.0748,    0.1166,    0.1191,    0.1089,    0.0990,    0.0868,    0.1047,    0.1469,    0.1495,    0.2906,    0.3174,    0.3324,    0.3365,    0.3297,    0.3663,    0.3523,    0.3896,    0.3580,    0.4061,    0.3839,    0.4084,    0.8849,    0.8626,    0.8969,    0.8991,    0.9048,    0.8724,    0.9032,    0.9262,    0.9450,    0.8782,    0.8660,    0.8993,    2.2732,    2.3301,    2.3038,    2.2341,    2.0636,    1.9354,    1.6990,    1.5630,    1.5023,    1.3168,    1.0115,    0.9395,    0.7243,    1.0561,    0.8053,    0.7686,    0.5183,    0.3761,    0.3039,    0.1220,    0.1075,    0.0763,    0.0265,    0.0215
 1877,    1.0000,  244.7957,    0.0461,  141.8274,  141.5247,    0.9660,    0.9387,  158.4330,  201.1534,  202.1100,  202.9932,  203.6974,  204.5284,  205.5734,  206.8256,  208.4039,  210.5000,  213.4101,  217.5052,  223.0069,  229.6899,  237.0882,  243.5050,  247.3926,  248.9048,  249.2008,  248.7901,  248.2134,  247.6068,  247.1016,  246.4629,  246.1899,    0.0731,    0.2788,    0.5931,    0.9877,    1.4374,    1.9207,    2.4184,    3.2008,    3.2413,    2.9296,    4.0800,    3.5812,    2.9626,    3.3502,    3.9255,    3.9981,    4.1739,    4.2048,    3.0338,    4.2896,    4.4486,    2.5109,    1.9515,    3.7317,    1.3658,    1.3844,    1.3344,    1.3192,    1.2599,    1.2444,    1.1916,    1.1738,    1.1542,    1.0967,    1.0973,    1.0442,    0.7736,    0.7420,    0.7011,    0.6977,    0.6745,    0.6211,    0.6660,    0.6633,    0.6756,    0.6873,    0.7077,    0.7336,    0.7892,    0.7908,    0.7652,    0.8053,    0.7973,    0.8165,    0.8054,    0.8135,    0.8183,    0.8126,    0.8044,    0.7941,    2.1124,    1.9938,    1.9158,    1.7548,    1.6786,    1.5742,    1.5365,    1.4643,    1.4421,    1.3722,    1.3372,    1.2722,    1.8463,    1.6297,    1.4920,    1.3958,    1.3791,    1.2655,    1.2112,    1.1054,    1.0727,    0.9768,    0.9326,    0.8479,    2.1267,    1.4664,    1.0662,    0.7472,    0.5811,    0.4217,    0.3014,    0.2005,    0.1507,    0.1047,    0.0624,    0.0443,    0.0920,    0.0462,    0.0866,    0.1070,    0.1203,    0.1115,    0.1227,    0.1378,    0.1215,    0.1672,    0.1478,    0.1621,    0.1787,    0.1455,    0.2111,    0.2336,    0.1902,    0.2005,    0.2039,    0.2226,    0.2523,    0.1877,    0.3024,    0.3188,    0.3923,    0.4194,    0.4341,    0.4615,    0.4716,    0.4915,    0.4887,    0.5290,    0.5545,    0.5487,    0.6057,    0.6168,    1.0581,    1.1556,    1.2117,    1.2468,    1.2626,    1.3757,    1.2977,    1.3759,    1.3217,    1.4130,    1.3392,    1.4332,    3.0908,    3.0412,    3.1208,    3.1436,    3.1728,    3.0500,    3.1571,    3.2377,    3.3036,    3.0715,    3.0277,    3.1442,    7.9484,    7.3959,    7.3136,    7.0936,    6.5540,    6.1485,    5.3993,    4.9692,    4.7785,    4.1905,    3.2211,    2.9938,    2.3105,    2.0305,    1.5502,    1.4819,    1.0009,    0.7278,    0.5894,    0.2372,    0.2097,    0.1494,    0.0520,    0.0425,    0.0032,    0.0122,    0.0260,    0.0433,    0.0630,    0.0841,    0.1060,    0.6304,    1.0703,    1.0931,    4.1135,    4.9703,    4.5807,    4.8334,    5.0152,    4.3308,    4.1163,    4.0053,    2.8076,    4.4538,    4.7794,    2.9431,    3.5242,    5.3085,    1.8867,    1.9057,    1.9047,    1.8958,    1.8903,    1.8785,    1.8663,    1.8555,    1.8392,    1.8143,    1.8027,    1.7764,    1.3493,    1.3343,    1.3174,    1.3086,    1.2961,    1.2743,    1.2750,    1.2655,    1.2571,    1.2491,    1.2445,    1.2390,    1.3017,    1.2929,    1.2704,    1.2690,    1.2563,    1.2416,    1.2261,    1.2129,    1.1944,    1.1777,    1.1628,    1.1489,    3.0963,    3.0202,    2.9158,    2.8299,    2.7265,    2.6291,    2.5264,    2.4270,    2.3211,    2.2257,    2.1260,    2.0349,    3.0633,    2.8597,    2.6536,    2.4544,    2.2415,    2.0673,    1.8792,    1.7290,    1.5449,    1.4178,    1.2490,    1.1427,    2.8472,    2.2670,    1.6942,    1.2691,    0.9112,    0.6479,    0.4698,    0.3523,    0.2464,    0.1769,    0.1331,    0.0940,    0.0001,    0.0000,    0.0004,    0.0020,    0.0023,    0.0021,    0.0024,    0.0047,    0.0041,    0.0057,    0.0050,    0.0121,    0.0133,    0.0108,    0.0156,    0.0170,    0.0182,    0.0107,    0.0010,    0.0026,    0.0144,    0.0187,    0.0266,    0.0279,    0.0346,    0.0370,    0.0383,    0.0407,    0.0729,    0.0744,    0.0679,    0.0618,    0.0541,    0.0654,    0.0918,    0.0935,    0.1879,    0.2052,    0.2149,    0.2175,    0.2130,    0.2367,    0.2277,    0.2552,    0.2346,    0.2662,    0.2516,    0.2676,    0.5800,    0.5652,    0.5879,    0.5874,    0.5911,    0.5700,    0.5901,    0.6051,    0.6174,    0.5738,    0.5658,    0.5876,    1.4852,    1.5640,    1.5464,    1.4996,    1.3852,    1.2992,    1.1405,    1.0493,    1.0085,    0.8840,    0.6791,    0.6307,    0.4863,    0.8252,    0.6292,    0.6007,    0.4050,    0.2940,    0.2376,    0.0954,    0.0841,    0.0597,    0.0207,    0.0168
 2038,    1.2500,  244.9018,    0.0415,  142.5699,  142.2034,    0.9568,    0.7482,  158.4330,  202.8570,  203.7948,  204.6088,  205.2834,  206.1076,  207.1173,  208.4051,  210.1017,  212.4004,  215.6264,  220.1833,  226.0981,  233.2198,  240.8046,  246.9106,  250.1021,  250.8960,  250.4827,  249.5112,  248.6192,  247.9357,  247.4314,  246.7600,  246.6443,    0.0724,    0.2761,    0.5875,    0.9785,    1.4241,    1.9030,    2.3964,    3.2484,    3.2118,    2.7475,    4.1101,    3.6011,    2.9798,    3.3707,    3.9511,    4.0269,    4.1985,    4.2223,    2.8157,    4.3244,    4.4964,    2.2217,    1.6953,    3.7721,    1.3802,    1.3984,    1.3477,    1.3330,    1.2733,    1.2584,    1.2073,    1.1890,    1.1701,    1.1153,    1.1153,    1.0652,    0.7922,    0.7624,    0.7232,    0.7202,    0.6970,    0.6439,    0.6891,    0.6862,    0.6990,    0.7091,    0.7271,    0.7516,    0.8051,    0.8050,    0.7833,    0.8188,    0.8108,    0.8313,    0.8199,    0.8259,    0.8307,    0.8244,    0.8157,    0.8053,    2.1421,    2.0208,    1.9418,    1.7779,    1.7010,    1.5954,    1.5577,    1.4849,    1.4634,    1.3929,    1.3584,    1.2926,    1.8757,    1.6553,    1.5162,    1.4196,    1.4054,    1.2898,    1.2368,    1.1294,    1.0993,    1.0016,    0.9597,    0.8733,    2.1935,    1.5099,    1.0993,    0.7707,    0.6021,    0.4387,    0.3142,    0.2089,    0.1579,    0.1101,    0.0652,    0.0463,    0.0919,    0.0461,    0.0866,    0.1070,    0.1203,    0.1115,    0.1227,    0.1378,    0.1215,    0.1672,    0.1479,    0.1623,    0.1789,    0.1456,    0.2114,    0.2338,    0.1905,    0.2005,    0.2036,    0.2223,    0.2523,    0.1880,    0.3028,    0.3193,    0.3929,    0.4200,    0.4348,    0.4622,    0.4734,    0.4932,    0.4902,    0.5301,    0.5553,    0.5499,    0.6078,    0.6189,    1.0628,    1.1608,    1.2171,    1.2522,    1.2678,    1.3815,    1.3034,    1.3823,    1.3274,    1.4197,    1.3455,    1.4399,    3.1055,    3.0554,    3.1357,    3.1576,    3.1869,    3.0637,    3.1713,    3.2523,    3.3184,    3.0852,    3.0413,    3.1583,    7.9841,    7.4308,    7.3482,    7.1273,    6.5853,    6.1780,    5.4254,    4.9934,    4.8020,    4.2113,    3.2373,    3.0091,    2.3225,    2.0507,    1.5659,    1.4972,    1.0115,    0.7357,    0.5960,    0.2399,    0.2122,    0.1512,    0.0527,    0.0430,    0.0040,    0.0151,    0.0322,    0.0536,    0.0780,    0.1042,    0.1312,    0.7809,    1.2975,    1.2814,    4.3697,    5.0186,    4.6050,    4.8606,    5.0906,    4.7094,    4.5613,    4.4802,    3.1740,    4.9079,    5.1911,    3.2493,    3.8005,    5.5173,    1.9452,    1.9500,    1.9409,    1.9295,    1.9156,    1.9020,    1.8810,    1.8684,    1.8514,    1.8238,    1.8124,    1.7841,    1.3546,    1.3391,    1.3215,    1.3127,    1.3001,    1.2780,    1.2790,    1.2696,    1.2615,    1.2538,    1.2500,    1.2454,    1.3101,    1.3030,    1.2794,    1.2838,    1.2709,    1.2585,    1.2445,    1.2365,    1.2227,    1.2098,    1.1967,    1.1833,    3.1903,    3.0943,    2.9905,    2.8852,    2.7810,    2.6765,    2.5775,    2.4767,    2.3794,    2.2821,    2.1872,    2.0947,    3.1449,    2.9237,    2.7136,    2.5164,    2.3265,    2.1498,    1.9746,    1.8183,    1.6522,    1.5172,    1.3606,    1.2458,    3.1251,    2.4362,    1.8247,    1.3608,    0.9940,    0.7154,    0.5202,    0.3840,    0.2727,    0.1955,    0.1427,    0.1015,    0.0000,    0.0000,    0.0001,    0.0008,    0.0009,    0.0008,    0.0009,    0.0020,    0.0018,    0.0025,    0.0022,    0.0064,    0.0070,    0.0057,    0.0082,    0.0089,    0.0103,    0.0060,    0.0006,    0.0014,    0.0081,    0.0105,    0.0145,    0.0152,    0.0189,    0.0202,    0.0209,    0.0222,    0.0457,    0.0466,    0.0425,    0.0386,    0.0338,    0.0409,    0.0575,    0.0585,    0.1216,    0.1328,    0.1391,    0.1408,    0.1378,    0.1532,    0.1474,    0.1675,    0.1539,    0.1747,    0.1651,    0.1756,    0.3806,    0.3709,    0.3858,    0.3845,    0.3870,    0.3731,    0.3863,    0.3961,    0.4042,    0.3756,    0.3704,    0.3846,    0.9723,    1.0532,    1.0414,    1.0099,    0.9328,    0.8749,    0.7681,    0.7067,    0.6792,    0.5954,    0.4574,    0.4249,    0.3276,    0.6460,    0.4926,    0.4703,    0.3172,    0.2302,    0.1861,    0.0747,    0.0659,    0.0468,    0.0162,    0.0132
 2184,    1.5000,  244.3104,    0.0393,  142.9222,  142.5335,    0.9779,    0.9446,  158.4330,  204.1173,  205.0657,  205.8334,  206.4021,  207.2037,  208.2011,  209.6138,  211.4013,  213.9256,  217.5002,  222.4327,  228.8111,  236.2808,  243.9074,  249.4982,  251.9037,  251.9122,  250.8279,  249.4177,  248.2934,  247.5295,  246.9781,  246.1977,  246.0633,    0.0715,    0.2725,    0.5797,    0.9653,    1.4047,    1.8766,    2.3626,    3.2797,    3.1766,    2.5714,    4.1314,    3.6153,    2.9923,    3.3854,    3.9693,    4.0513,    4.2209,    4.2404,    2.6362,    4.3540,    4.5327,    1.9741,    1.4865,    3.8010,    1.3904,    1.4084,    1.3573,    1.3429,    1.2830,    1.2684,    1.2186,    1.1999,    1.1815,    1.1286,    1.1280,    1.0802,    0.8055,    0.7771,    0.7394,    0.7367,    0.7137,    0.6611,    0.7063,    0.7031,    0.7162,    0.7251,    0.7411,    0.7647,    0.8166,    0.8152,    0.7965,    0.8286,    0.8205,    0.8421,    0.8304,    0.8349,    0.8397,    0.8328,    0.8238,    0.8133,    2.1633,    2.0401,    1.9604,    1.7947,    1.7173,    1.6108,    1.5731,    1.4999,    1.4788,    1.4078,    1.3735,    1.3072,    1.8970,    1.6739,    1.5339,    1.4369,    1.4243,    1.3072,    1.2550,    1.1463,    1.1180,    1.0192,    0.9791,    0.8913,    2.2412,    1.5407,    1.1227,    0.7874,    0.6170,    0.4509,    0.3234,    0.2149,    0.1630,    0.1140,    0.0672,    0.0477,    0.0917,    0.0460,    0.0865,    0.1070,    0.1203,    0.1115,    0.1227,    0.1378,    0.1215,    0.1673,    0.1479,    0.1623,    0.1789,    0.1457,    0.2114,    0.2339,    0.1906,    0.2004,    0.2034,    0.2220,    0.2523,    0.1881,    0.3030,    0.3194,    0.3931,    0.4202,    0.4350,    0.4624,    0.4741,    0.4940,    0.4908,    0.5305,    0.5556,    0.5504,    0.6087,    0.6198,    1.0649,    1.1631,    1.2195,    1.2546,    1.2700,    1.3841,    1.3059,    1.3852,    1.3299,    1.4228,    1.3484,    1.4430,    3.1121,    3.0618,    3.1424,    3.1640,    3.1932,    3.0698,    3.1777,    3.2588,    3.3251,    3.0915,    3.0474,    3.1647,    8.0003,    7.4473,    7.3646,    7.1433,    6.6002,    6.1921,    5.4380,    5.0051,    4.8134,    4.2215,    3.2453,    3.0167,    2.3285,    2.0637,    1.5761,    1.5071,    1.0184,    0.7409,    0.6003,    0.2418,    0.2139,    0.1525,    0.0531,    0.0434,    0.0047,    0.0179,    0.0381,    0.0634,    0.0923,    0.1233,    0.1553,    0.9234,    1.5025,    1.4391,    4.5028,    5.0137,    4.5903,    4.8450,    5.0951,    4.9355,    4.8539,    4.8053,    3.4526,    5.1935,    5.4259,    3.4582,    3.9710,    5.5846,    1.9588,    1.9552,    1.9417,    1.9292,    1.9111,    1.8968,    1.8717,    1.8580,    1.8408,    1.8122,    1.8007,    1.7720,    1.3452,    1.3297,    1.3122,    1.3035,    1.2908,    1.2680,    1.2699,    1.2604,    1.2523,    1.2446,    1.2408,    1.2364,    1.3012,    1.2948,    1.2713,    1.2779,    1.2650,    1.2540,    1.2407,    1.2351,    1.2240,    1.2129,    1.2007,    1.1875,    3.2017,    3.0947,    2.9916,    2.8764,    2.7724,    2.6650,    2.5687,    2.4680,    2.3763,    2.2789,    2.1878,    2.0954,    3.1402,    2.9115,    2.7018,    2.5080,    2.3342,    2.1582,    1.9944,    1.8367,    1.6872,    1.5495,    1.4077,    1.2894,    3.2475,    2.4885,    1.8640,    1.3841,    1.0223,    0.7417,    0.5398,    0.3933,    0.2824,    0.2021,    0.1441,    0.1027,    0.0000,    0.0000,    0.0000,    0.0003,    0.0003,    0.0003,    0.0003,    0.0009,    0.0008,    0.0011,    0.0010,    0.0033,    0.0037,    0.0030,    0.0043,    0.0047,    0.0058,    0.0034,    0.0003,    0.0008,    0.0046,    0.0060,    0.0080,    0.0083,    0.0103,    0.0111,    0.0114,    0.0122,    0.0286,    0.0292,    0.0266,    0.0242,    0.0212,    0.0256,    0.0360,    0.0367,    0.0788,    0.0861,    0.0901,    0.0912,    0.0893,    0.0992,    0.0955,    0.1100,    0.1011,    0.1148,    0.1085,    0.1154,    0.2501,    0.2437,    0.2535,    0.2522,    0.2538,    0.2448,    0.2534,    0.2599,    0.2651,    0.2464,    0.2430,    0.2523,    0.6378,    0.7115,    0.7035,    0.6823,    0.6302,    0.5911,    0.5189,    0.4774,    0.4589,    0.4023,    0.3091,    0.2871,    0.2214,    0.5066,    0.3864,    0.3689,    0.2488,    0.1806,    0.1460,    0.0586,    0.0517,    0.0367,    0.0127,    0.0104
 2297,    1.7500,  243.2843,    0.0382,  143.1327,  142.6984,    0.9668,    0.9714,  158.4330,  205.1210,  206.0181,  206.7133,  207.3228,  208.1333,  209.1463,  210.6073,  212.5759,  215.3048,  219.1772,  224.4806,  231.2040,  238.8943,  246.3953,  251.4048,  252.9958,  252.3075,  250.6144,  248.7114,  247.3993,  246.4594,  245.9152,  245.2197,  245.1671,    0.0704,    0.2684,    0.5707,    0.9499,    1.3817,    1.8452,    2.3220,    3.3003,    3.1409,    2.4060,    4.1475,    3.6275,    3.0036,    3.3988,    3.9847,    4.0716,    4.2409,    4.2580,    2.4912,    4.3791,    4.5612,    1.7630,    1.3147,    3.8234,    1.3984,    1.4164,    1.3652,    1.3511,    1.2912,    1.2769,    1.2283,    1.2095,    1.1914,    1.1403,    1.1391,    1.0930,    0.8168,    0.7896,    0.7532,    0.7508,    0.7278,    0.6755,    0.7209,    0.7175,    0.7309,    0.7386,    0.7530,    0.7756,    0.8262,    0.8238,    0.8077,    0.8367,    0.8285,    0.8508,    0.8390,    0.8422,    0.8469,    0.8396,    0.8303,    0.8197,    2.1803,    2.0562,    1.9758,    1.8091,    1.7312,    1.6242,    1.5863,    1.5128,    1.4916,    1.4203,    1.3860,    1.3192,    1.9147,    1.6899,    1.5490,    1.4515,    1.4393,    1.3210,    1.2691,    1.1595,    1.1321,    1.0324,    0.9935,    0.9048,    2.2768,    1.5639,    1.1402,    0.8000,    0.6281,    0.4600,    0.3302,    0.2193,    0.1668,    0.1168,    0.0688,    0.0488,    0.0916,    0.0459,    0.0865,    0.1070,    0.1203,    0.1115,    0.1227,    0.1378,    0.1215,    0.1673,    0.1479,    0.1623,    0.1790,    0.1457,    0.2115,    0.2339,    0.1906,    0.2003,    0.2032,    0.2218,    0.2522,    0.1881,    0.3030,    0.3194,    0.3932,    0.4203,    0.4350,    0.4625,    0.4744,    0.4942,    0.4910,    0.5306,    0.5556,    0.5505,    0.6090,    0.6202,    1.0658,    1.1641,    1.2206,    1.2557,    1.2710,    1.3852,    1.3070,    1.3865,    1.3310,    1.4242,    1.3497,    1.4444,    3.1151,    3.0647,    3.1455,    3.1668,    3.1961,    3.0726,    3.1805,    3.2618,    3.3281,    3.0943,    3.0502,    3.1676,    8.0077,    7.4552,    7.3725,    7.1510,    6.6074,    6.1990,    5.4441,    5.0109,    4.8191,    4.2266,    3.2493,    3.0206,    2.3317,    2.0721,    1.5826,    1.5136,    1.0229,    0.7443,    0.6033,    0.2430,    0.2150,    0.1533,    0.0534,    0.0437,    0.0054,    0.0206,    0.0438,    0.0728,    0.1059,    0.1415,    0.1780,    1.0571,    1.6860,    1.5709,    4.5556,    4.9752,    4.5483,    4.7988,    5.0556,    5.0523,    5.0301,    5.0128,    3.6631,    5.3525,    5.5339,    3.5960,    4.0681,    5.5622,    1.9440,    1.9354,    1.9194,    1.9064,    1.8861,    1.8713,    1.8442,    1.8297,    1.8123,    1.7832,    1.7718,    1.7429,    1.3227,    1.3070,    1.2892,    1.2805,    1.2677,    1.2450,    1.2468,    1.2374,    1.2295,    1.2220,    1.2185,    1.2145,    1.2785,    1.2722,    1.2488,    1.2566,    1.2437,    1.2338,    1.2208,    1.2162,    1.2067,    1.1965,    1.1847,    1.1717,    3.1583,    3.0455,    2.9434,    2.8235,    2.7206,    2.6125,    2.5185,    2.4190,    2.3314,    2.2351,    2.1472,    2.0559,    3.0764,    2.8463,    2.6397,    2.4508,    2.2890,    2.1160,    1.9621,    1.8063,    1.6710,    1.5341,    1.4068,    1.2882,    3.2518,    2.4563,    1.8373,    1.3580,    1.0098,    0.7364,    0.5357,    0.3858,    0.2790,    0.1992,    0.1393,    0.0993,    0.0000,    0.0000,    0.0000,    0.0001,    0.0001,    0.0001,    0.0001,    0.0004,    0.0003,    0.0005,    0.0004,    0.0018,    0.0019,    0.0016,    0.0023,    0.0025,    0.0033,    0.0019,    0.0002,    0.0005,    0.0026,    0.0034,    0.0044,    0.0046,    0.0057,    0.0061,    0.0063,    0.0067,    0.0180,    0.0183,    0.0167,    0.0152,    0.0133,    0.0161,    0.0226,    0.0230,    0.0511,    0.0558,    0.0585,    0.0592,    0.0579,    0.0644,    0.0619,    0.0724,    0.0665,    0.0755,    0.0714,    0.0759,    0.1646,    0.1603,    0.1668,    0.1658,    0.1669,    0.1609,    0.1666,    0.1708,    0.1743,    0.1620,    0.1597,    0.1659,    0.4193,    0.4822,    0.4768,    0.4624,    0.4271,    0.4006,    0.3517,    0.3236,    0.3111,    0.2727,    0.2095,    0.1946,    0.1501,    0.3981,    0.3036,    0.2899,    0.1955,    0.1420,    0.1148,    0.0461,    0.0406,    0.0289,    0.0100,    0.0082
 2374,    2.0000,  241.9973,    0.0376,  143.2305,  142.7835,    0.9893,    0.9658,  158.4330,  206.1127,  206.9407,  207.4905,  208.0693,  208.9051,  209.9092,  211.4399,  213.5504,  216.4799,  220.6383,  226.2975,  233.3065,  241.1014,  248.4035,  252.8992,  253.6170,  252.2554,  250.0043,  247.7842,  246.1890,  245.1889,  244.6064,  243.8507,  243.8544,    0.0693,    0.2640,    0.5612,    0.9337,    1.3576,    1.8121,    2.2793,    3.3155,    3.1090,    2.2548,    4.1604,    3.6369,    3.0120,    3.4088,    3.9964,    4.0889,    4.2592,    4.2756,    2.3775,    4.4011,    4.5846,    1.5850,    1.1736,    3.8410,    1.4048,    1.4228,    1.3714,    1.3576,    1.2975,    1.2834,    1.2357,    1.2166,    1.1989,    1.1491,    1.1474,    1.1026,    0.8253,    0.7992,    0.7640,    0.7618,    0.7390,    0.6876,    0.7325,    0.7288,    0.7425,    0.7491,    0.7621,    0.7839,    0.8336,    0.8304,    0.8164,    0.8430,    0.8347,    0.8576,    0.8457,    0.8479,    0.8526,    0.8449,    0.8355,    0.8248,    2.1938,    2.0687,    1.9879,    1.8201,    1.7420,    1.6345,    1.5965,    1.5227,    1.5017,    1.4301,    1.3958,    1.3287,    1.9286,    1.7023,    1.5608,    1.4629,    1.4512,    1.3320,    1.2803,    1.1700,    1.1435,    1.0430,    1.0052,    0.9156,    2.3055,    1.5826,    1.1544,    0.8102,    0.6371,    0.4673,    0.3357,    0.2229,    0.1700,    0.1192,    0.0700,    0.0497,    0.0915,    0.0458,    0.0865,    0.1070,    0.1203,    0.1115,    0.1227,    0.1378,    0.1215,    0.1673,    0.1479,    0.1623,    0.1790,    0.1457,    0.2115,    0.2339,    0.1906,    0.2002,    0.2030,    0.2216,    0.2520,    0.1881,    0.3030,    0.3195,    0.3932,    0.4203,    0.4351,    0.4625,    0.4745,    0.4944,    0.4911,    0.5306,    0.5556,    0.5505,    0.6092,    0.6203,    1.0663,    1.1645,    1.2210,    1.2561,    1.2714,    1.3857,    1.3075,    1.3871,    1.3315,    1.4248,    1.3503,    1.4450,    3.1165,    3.0660,    3.1469,    3.1681,    3.1974,    3.0739,    3.1818,    3.2631,    3.3295,    3.0956,    3.0515,    3.1689,    8.0110,    7.4590,    7.3763,    7.1548,    6.6110,    6.2024,    5.4472,    5.0138,    4.8220,    4.2293,    3.2515,    3.0227,    2.3334,    2.0776,    1.5870,    1.5180,    1.0260,    0.7467,    0.6052,    0.2438,    0.2158,    0.1539,    0.0537,    0.0439,    0.0061,    0.0231,    0.0492,    0.0818,    0.1190,    0.1588,    0.1997,    1.1820,    1.8501,    1.6825,    4.5619,    4.9226,    4.4956,    4.7407,    4.9972,    5.0989,    5.1258,    5.1361,    3.8252,    5.4266,    5.5624,    3.6872,    4.1201,    5.4953,    1.9161,    1.9045,    1.8873,    1.8740,    1.8527,    1.8378,    1.8102,    1.7949,    1.7777,    1.7490,    1.7373,    1.7090,    1.2970,    1.2816,    1.2642,    1.2555,    1.2428,    1.2199,    1.2219,    1.2125,    1.2045,    1.1969,    1.1930,    1.1889,    1.2511,    1.2447,    1.2222,    1.2294,    1.2165,    1.2074,    1.1946,    1.1901,    1.1815,    1.1715,    1.1599,    1.1471,    3.0907,    2.9753,    2.8743,    2.7530,    2.6514,    2.5439,    2.4519,    2.3538,    2.2692,    2.1744,    2.0892,    1.9994,    2.9883,    2.7603,    2.5580,    2.3741,    2.2210,    2.0517,    1.9056,    1.7532,    1.6286,    1.4942,    1.3789,    1.2621,    3.1889,    2.3813,    1.7774,    1.3083,    0.9762,    0.7138,    0.5185,    0.3699,    0.2687,    0.1914,    0.1318,    0.0939,    0.0000,    0.0000,    0.0000,    0.0000,    0.0000,    0.0000,    0.0001,    0.0002,    0.0002,    0.0002,    0.0002,    0.0009,    0.0010,    0.0008,    0.0012,    0.0013,    0.0019,    0.0011,    0.0001,    0.0003,    0.0015,    0.0019,    0.0024,    0.0025,    0.0031,    0.0033,    0.0035,    0.0037,    0.0113,    0.0115,    0.0105,    0.0096,    0.0084,    0.0101,    0.0142,    0.0145,    0.0332,    0.0363,    0.0380,    0.0384,    0.0376,    0.0418,    0.0402,    0.0477,    0.0438,    0.0498,    0.0470,    0.0500,    0.1084,    0.1056,    0.1099,    0.1092,    0.1099,    0.1060,    0.1097,    0.1125,    0.1148,    0.1067,    0.1052,    0.1093,    0.2762,    0.3277,    0.3241,    0.3143,    0.2903,    0.2723,    0.2391,    0.2200,    0.2114,    0.1854,    0.1424,    0.1323,    0.1020,    0.3133,    0.2390,    0.2282,    0.1539,    0.1118,    0.0904,    0.0363,    0.0320,    0.0227,    0.0079,    0.0064
