Particle       ,data/QEXT_96IR_84_VIS_NC10v1_2umrod
Ncase          ,  14
dt (sols)      ,  0.020833
Qext 0.67um    ,  1.681550
Alb sfc        ,  0.220000
Conrath nu     ,  0.002000
Sun Flux (W/m2),148.393084
BWN IR (cm-1)  ,     10.0000,     34.1670,     58.3330,     82.5000,    106.6670,    130.8330,    155.0000,    179.1670,    203.3330,    227.5000,    251.6670,    275.8330,    300.0000,    320.7880,    341.5750,    362.3630,    383.1500,    403.9380,    424.7250,    445.5130,    466.3010,    487.0880,    507.8760,    528.6630,    549.4510,    556.7420,    564.0330,    571.3240,    578.6150,    585.9060,    593.1970,    600.4880,    607.7790,    615.0700,    622.3610,    629.6520,    636.9430,    642.5500,    648.1570,    653.7640,    659.3700,    664.9770,    670.5840,    676.1910,    681.7980,    687.4050,    693.0110,    698.6180,    704.2250,    710.1390,    716.0530,    721.9670,    727.8810,    733.7950,    739.7090,    745.6240,    751.5380,    757.4520,    763.3660,    769.2800,    775.1940,    791.5010,    807.8070,    824.1140,    840.4210,    856.7270,    873.0340,    889.3410,    905.6470,    921.9540,    938.2610,    954.5670,    970.8740,    996.8050,   1022.7370,   1048.6680,   1074.6000,   1100.5310,   1126.4630,   1152.3940,   1178.3250,   1204.2570,   1230.1880,   1256.1200,   1282.0510,   1360.3990,   1438.7460,   1517.0940,   1595.4410,   1673.7890,   1752.1370,   1830.4840,   1908.8320,   1987.1790,   2065.5270,   2143.8740,   2222.2220
BWN VIS (cm-1) ,   2222.2200,   2294.3160,   2366.4120,   2438.5080,   2510.6030,   2582.6990,   2654.7950,   2726.8910,   2798.9870,   2871.0820,   2943.1780,   3015.2740,   3087.3700,   3165.9750,   3244.5800,   3323.1850,   3401.7900,   3480.3950,   3559.0000,   3637.6050,   3716.2100,   3794.8150,   3873.4200,   3952.0250,   4030.6300,   4142.2920,   4253.9530,   4365.6150,   4477.2770,   4588.9380,   4700.6000,   4812.2620,   4923.9230,   5035.5850,   5147.2470,   5258.9080,   5370.5700,   5560.6150,   5750.6600,   5940.7050,   6130.7500,   6320.7950,   6510.8400,   6700.8850,   6890.9300,   7080.9750,   7271.0200,   7461.0650,   7651.1100,   8055.1840,   8459.2580,   8863.3330,   9267.4070,   9671.4810,  10075.5550,  10479.6290,  10883.7030,  11287.7780,  11691.8520,  12095.9260,  12500.0000,  13541.6670,  14583.3330,  15625.0000,  16666.6670,  17708.3330,  18750.0000,  19791.6670,  20833.3330,  21875.0000,  22916.6670,  23958.3330,  25000.0000,  26388.8890,  27777.7780,  29166.6670,  30555.5570,  31944.4460,  33333.3350,  34722.2240,  36111.1130,  37500.0030,  38888.8920,  40277.7810,  41666.6700
SUN VIS (W/m2) ,      0.1008,      0.0862,      0.0968,      0.1089,      0.1224,      0.1136,      0.1248,      0.1400,      0.1233,      0.1698,      0.1502,      0.1645,      0.1814,      0.1477,      0.2144,      0.2377,      0.1946,      0.2106,      0.2276,      0.2472,      0.2683,      0.1918,      0.3072,      0.3239,      0.3986,      0.4261,      0.4410,      0.4688,      0.4810,      0.5017,      0.5013,      0.5485,      0.5772,      0.5665,      0.6183,      0.6303,      1.0809,      1.1806,      1.2379,      1.2751,      1.2949,      1.4092,      1.3262,      1.4132,      1.3634,      1.4505,      1.3747,      1.4716,      3.1730,      3.1258,      3.2038,      3.2543,      3.2846,      3.1576,      3.2685,      3.3520,      3.4202,      3.1800,      3.1347,      3.2554,      8.2299,      7.8425,      7.7561,      7.5237,      6.9524,      6.5235,      5.7299,      5.2748,      5.0739,      4.4511,      3.4228,      3.1828,      2.4579,      2.2644,      1.7312,      1.6575,      1.1215,      0.8173,      0.6634,      0.2677,      0.2374,      0.1697,      0.0593,      0.0486
================
wavelenght [um],    0.244068,    0.252632,    0.261818,    0.271698,    0.282353,    0.293878,    0.306383,    0.320000,    0.334884,    0.351220,    0.369231,    0.389189,    0.408511,    0.426667,    0.446512,    0.468293,    0.492308,    0.518919,    0.548571,    0.581818,    0.619355,    0.662069,    0.711111,    0.768000,    0.813143,    0.840768,    0.870336,    0.902060,    0.936184,    0.972991,    1.012810,    1.056028,    1.103099,    1.154562,    1.211061,    1.273375,    1.323436,    1.357581,    1.393534,    1.431444,    1.471474,    1.513807,    1.558648,    1.606226,    1.656801,    1.710664,    1.768147,    1.829628,    1.881560,    1.921939,    1.964090,    2.008131,    2.054193,    2.102417,    2.152960,    2.205992,    2.261704,    2.320302,    2.382017,    2.447105,    2.505432,    2.555765,    2.608162,    2.662752,    2.719677,    2.779088,    2.841153,    2.906054,    2.973989,    3.045176,    3.119855,    3.198288,    3.277268,    3.356577,    3.439819,    3.527294,    3.619334,    3.716307,    3.818620,    3.926726,    4.041130,    4.162400,    4.291175,    4.428172,    4.580751,    4.751270,    4.934974,    5.133456,    5.348572,    5.582505,    5.837838,    6.117648,    6.425631,    6.766266,    7.145039,    7.568734,    7.879690,    8.044056,    8.215425,    8.394255,    8.581043,    8.776330,    8.980716,    9.194848,    9.419442,    9.655282,    9.903235,   10.164260,   10.387231,   10.566200,   10.751445,   10.943308,   11.142136,   11.348323,   11.562291,   11.784476,   12.015368,   12.255495,   12.505409,   12.765727,   12.949392,   13.049328,   13.150818,   13.253898,   13.358608,   13.464994,   13.573088,   13.682923,   13.794549,   13.908012,   14.023357,   14.140631,   14.256763,   14.371646,   14.488386,   14.607038,   14.727660,   14.850291,   14.974981,   15.101782,   15.230738,   15.361915,   15.495384,   15.631191,   15.790367,   15.974275,   16.162517,   16.355249,   16.552633,   16.754839,   16.962047,   17.174443,   17.392227,   17.615605,   17.844795,   18.080028,   18.550914,   19.294981,   20.101230,   20.977796,   21.934298,   22.982219,   24.135264,   25.410119,   26.827165,   28.411593,   30.194923,   32.217118,   34.732292,   37.914692,   41.739101,   46.421699,   52.287582,   59.850314,   69.970927,   84.210526,  105.726686,  142.012170,  216.216216,  452.826771
Qext           ,      1.3187,      1.3187,      1.3187,      1.3187,      1.3187,      1.3187,      1.3187,      1.3187,      1.3187,      1.3187,      1.3187,      1.6816,      1.6816,      1.6816,      1.6816,      1.6816,      1.6816,      1.6816,      1.6816,      1.6816,      1.6816,      1.6816,      1.6816,      1.2599,      1.2599,      1.2599,      1.2599,      1.2599,      1.2599,      1.2599,      1.2599,      1.2599,      1.2599,      1.1909,      1.1909,      1.1909,      1.1909,      1.1909,      1.1909,      1.1909,      1.1909,      1.3040,      1.3040,      1.3040,      1.3040,      1.3040,      1.3040,      1.3040,      1.2983,      1.2983,      1.2983,      1.2983,      1.2983,      1.2983,      1.2983,      1.2983,      1.4679,      1.4679,      1.4679,      1.4679,      1.4679,      1.4679,      1.5450,      1.5450,      1.5450,      1.5450,      1.5450,      1.5450,      1.8581,      1.8581,      1.8581,      1.8581,      1.8581,      1.5669,      1.5669,      1.5669,      1.5669,      1.6983,      1.6983,      1.6983,      1.6983,      1.5219,      1.5219,      1.5219,      1.9532,      1.9532,      2.0833,      2.0833,      1.9991,      2.4856,      2.4856,      3.3582,      4.4468,      4.7166,      3.8299,      4.9142,      6.3783,      6.3783,      6.8094,      6.8094,      5.8285,      5.8285,      4.0367,      4.0367,      2.9440,      2.6859,      2.6859,      2.9205,      3.8833,      3.8833,      5.4201,      5.4201,      6.6341,      6.6341,      6.7791,      5.8809,      5.8809,      4.5000,      4.5000,      3.2009,      2.2663,      2.2663,      2.2663,      2.2663,      1.7090,      1.7090,      1.7090,      1.4079,      1.4079,      1.4079,      1.2253,      1.2253,      1.2253,      1.0660,      1.0660,      1.0660,      0.8922,      0.8922,      0.8922,      0.7136,      0.7136,      0.7136,      0.5692,      0.5692,      0.5692,      0.5058,      0.5058,      0.5607,      0.5607,      0.7496,      1.0629,      1.0629,      1.4691,      1.4691,      1.9219,      2.3706,      2.5694,      3.1776,      3.2883,      2.8292,      2.0543,      1.1602,      0.5397,      0.1957,      0.0973,      0.1160,      0.1254,      0.0914,      0.0378,      0.0082,      0.0112,      0.0203,      0.0162,      0.0115,      0.0115,      0.0115,      0.0115,      0.0115,      0.0115,      0.0115
Qscat          ,      0.6187,      0.6187,      0.6187,      0.6187,      0.6187,      0.6187,      0.6187,      0.6187,      0.6187,      0.6187,      0.6187,      0.4979,      0.4979,      0.4979,      0.4979,      0.4979,      0.4979,      0.4979,      0.4979,      0.4979,      0.4979,      0.4979,      0.4979,      0.1694,      0.1694,      0.1694,      0.1694,      0.1694,      0.1694,      0.1694,      0.1694,      0.1694,      0.1694,      0.1286,      0.1286,      0.1286,      0.1286,      0.1286,      0.1286,      0.1286,      0.1286,      0.1383,      0.1383,      0.1383,      0.1383,      0.1383,      0.1383,      0.1383,      0.1022,      0.1022,      0.1022,      0.1022,      0.1022,      0.1022,      0.1022,      0.1022,      0.0797,      0.0797,      0.0797,      0.0797,      0.0797,      0.0797,      0.1132,      0.1132,      0.1132,      0.1132,      0.1132,      0.1132,      0.1664,      0.1664,      0.1664,      0.1664,      0.1664,      0.0974,      0.0974,      0.0974,      0.0974,      0.1842,      0.1842,      0.1842,      0.1842,      0.1120,      0.1120,      0.1120,      0.1176,      0.1176,      0.1484,      0.1484,      0.2058,      0.2810,      0.2810,      0.3105,      0.3937,      0.5517,      0.5508,      0.6835,      0.8811,      0.8811,      0.9698,      0.9698,      1.3084,      1.3084,      0.9435,      0.9435,      0.5757,      0.8819,      0.8819,      0.8254,      0.5264,      0.5264,      0.7978,      0.7978,      1.5615,      1.5615,      2.1901,      2.3064,      2.3064,      1.9514,      1.9514,      1.3780,      0.8395,      0.8395,      0.8395,      0.8395,      0.4869,      0.4869,      0.4869,      0.3578,      0.3578,      0.3578,      0.4055,      0.4055,      0.4055,      0.5361,      0.5361,      0.5361,      0.6469,      0.6469,      0.6469,      0.6621,      0.6621,      0.6621,      0.5608,      0.5608,      0.5608,      0.3843,      0.3843,      0.2199,      0.2199,      0.1687,      0.3108,      0.3108,      0.6802,      0.6802,      1.2563,      1.9713,      2.3497,      3.1773,      3.2879,      2.8289,      1.9381,      0.1936,     -0.5908,     -0.3482,      0.0973,      0.1160,      0.1254,     -0.3027,     -0.5554,     -0.0384,      0.0112,      0.0203,     -0.3008,     -0.5332,     -0.5332,     -0.5332,     -0.5332,     -0.5332,     -0.5332,     -0.5332
G factor       ,      0.4990,      0.4990,      0.4990,      0.4990,      0.4990,      0.4990,      0.4990,      0.4990,      0.4990,      0.4990,      0.4990,      0.4160,      0.4160,      0.4160,      0.4160,      0.4160,      0.4160,      0.4160,      0.4160,      0.4160,      0.4160,      0.4160,      0.4160,      0.2500,      0.2500,      0.2500,      0.2500,      0.2500,      0.2500,      0.2500,      0.2500,      0.2500,      0.2500,      0.2030,      0.2030,      0.2030,      0.2030,      0.2030,      0.2030,      0.2030,      0.2030,      0.1700,      0.1700,      0.1700,      0.1700,      0.1700,      0.1700,      0.1700,      0.1680,      0.1680,      0.1680,      0.1680,      0.1680,      0.1680,      0.1680,      0.1680,      0.1820,      0.1820,      0.1820,      0.1820,      0.1820,      0.1820,      0.1140,      0.1140,      0.1140,      0.1140,      0.1140,      0.1140,      0.1900,      0.1900,      0.1900,      0.1900,      0.1900,      0.2040,      0.2040,      0.2040,      0.2040,      0.1540,      0.1540,      0.1540,      0.1540,      0.1730,      0.1730,      0.1730,      0.2270,      0.2270,      0.1040,      0.1040,      0.1090,      0.1300,      0.1300,      0.0940,      0.0760,      0.1040,      0.1530,      0.1480,      0.1330,      0.1330,      0.1220,      0.1220,      0.0920,      0.0920,      0.0310,      0.0310,     -0.0180,     -0.0260,     -0.0260,     -0.0350,     -0.0170,     -0.0170,      0.0120,      0.0120,      0.0240,      0.0240,      0.0170,     -0.0020,     -0.0020,     -0.0270,     -0.0270,     -0.0480,     -0.0540,     -0.0540,     -0.0540,     -0.0540,     -0.0430,     -0.0430,     -0.0430,     -0.0240,     -0.0240,     -0.0240,     -0.0130,     -0.0130,     -0.0130,     -0.0130,     -0.0130,     -0.0130,     -0.0190,     -0.0190,     -0.0190,     -0.0280,     -0.0280,     -0.0280,     -0.0360,     -0.0360,     -0.0360,     -0.0400,     -0.0400,     -0.0350,     -0.0350,     -0.0260,     -0.0200,     -0.0200,     -0.0160,     -0.0160,     -0.0130,     -0.0120,     -0.0110,     -0.0090,     -0.0080,     -0.0070,     -0.0050,     -0.0020,      0.0020,      0.0060,     -0.0030,     -0.0080,     -0.0030,      0.0020,      0.0040,     -0.0250,     -0.0220,      0.0000,      0.0100,      0.0120,      0.0120,      0.0120,      0.0120,      0.0120,      0.0120,      0.0120
================
P [mbar]       ,    0.1004,    0.1015,    0.1034,    0.1069,    0.1130,    0.1239,    0.1432,    0.1740,    0.2226,    0.3028,    0.4349,    0.6529,    1.0121,    1.6044,    2.4646,    3.4606,    4.3994,    5.2226,    5.8426,    6.2132,    6.3980,    6.4686,    6.5039,    6.5168
Temp initial[K],  155.0000,  155.0000,  155.0000,  155.0000,  155.0000,  155.0000,  155.0000,  155.0000,  155.0000,  155.0000,  155.0000,  155.0000,  158.8233,  165.4041,  173.2716,  181.4436,  190.2788,  198.8130,  204.5783,  207.8249,  209.4219,  210.0497,  210.3719,  210.4891
================
it   ,   tau    ,  Tsfc    ,   alb    ,   OLR    ,    ASR   ,  NET top ,  NET bot , T lev  01, T lev  02, T lev  03, T lev  04, T lev  05, T lev  06, T lev  07, T lev  08, T lev  09, T lev  10, T lev  11, T lev  12, T lev  13, T lev  14, T lev  15, T lev  16, T lev  17, T lev  18, T lev  19, T lev  20, T lev  21, T lev  22, T lev  23, T lev  24, T lev  25,  OLR IR01,  OLR IR02,  OLR IR03,  OLR IR04,  OLR IR05,  OLR IR06,  OLR IR07,  OLR IR08,  OLR IR09,  OLR IR10,  OLR IR11,  OLR IR12,  OLR IR13,  OLR IR14,  OLR IR15,  OLR IR16,  OLR IR17,  OLR IR18,  OLR IR19,  OLR IR20,  OLR IR21,  OLR IR22,  OLR IR23,  OLR IR24,  OLR IR25,  OLR IR26,  OLR IR27,  OLR IR28,  OLR IR29,  OLR IR30,  OLR IR31,  OLR IR32,  OLR IR33,  OLR IR34,  OLR IR35,  OLR IR36,  OLR IR37,  OLR IR38,  OLR IR39,  OLR IR40,  OLR IR41,  OLR IR42,  OLR IR43,  OLR IR44,  OLR IR45,  OLR IR46,  OLR IR47,  OLR IR48,  OLR IR49,  OLR IR50,  OLR IR51,  OLR IR52,  OLR IR53,  OLR IR54,  OLR IR55,  OLR IR56,  OLR IR57,  OLR IR58,  OLR IR59,  OLR IR60,  OLR IR61,  OLR IR62,  OLR IR63,  OLR IR64,  OLR IR65,  OLR IR66,  OLR IR67,  OLR IR68,  OLR IR69,  OLR IR70,  OLR IR71,  OLR IR72,  OLR IR73,  OLR IR74,  OLR IR75,  OLR IR76,  OLR IR77,  OLR IR78,  OLR IR79,  OLR IR80,  OLR IR81,  OLR IR82,  OLR IR83,  OLR IR84,  OLR IR85,  OLR IR86,  OLR IR87,  OLR IR88,  OLR IR89,  OLR IR90,  OLR IR91,  OLR IR92,  OLR IR93,  OLR IR94,  OLR IR95,  OLR IR96, ASR VIS01, ASR VIS02, ASR VIS03, ASR VIS04, ASR VIS05, ASR VIS06, ASR VIS07, ASR VIS08, ASR VIS09, ASR VIS10, ASR VIS11, ASR VIS12, ASR VIS13, ASR VIS14, ASR VIS15, ASR VIS16, ASR VIS17, ASR VIS18, ASR VIS19, ASR VIS20, ASR VIS21, ASR VIS22, ASR VIS23, ASR VIS24, ASR VIS25, ASR VIS26, ASR VIS27, ASR VIS28, ASR VIS29, ASR VIS30, ASR VIS31, ASR VIS32, ASR VIS33, ASR VIS34, ASR VIS35, ASR VIS36, ASR VIS37, ASR VIS38, ASR VIS39, ASR VIS40, ASR VIS41, ASR VIS42, ASR VIS43, ASR VIS44, ASR VIS45, ASR VIS46, ASR VIS47, ASR VIS48, ASR VIS49, ASR VIS50, ASR VIS51, ASR VIS52, ASR VIS53, ASR VIS54, ASR VIS55, ASR VIS56, ASR VIS57, ASR VIS58, ASR VIS59, ASR VIS60, ASR VIS61, ASR VIS62, ASR VIS63, ASR VIS64, ASR VIS65, ASR VIS66, ASR VIS67, ASR VIS68, ASR VIS69, ASR VIS70, ASR VIS71, ASR VIS72, ASR VIS73, ASR VIS74, ASR VIS75, ASR VIS76, ASR VIS77, ASR VIS78, ASR VIS79, ASR VIS80, ASR VIS81, ASR VIS82, ASR VIS83, ASR VIS84, SFC DIR01, SFC DIR02, SFC DIR03, SFC DIR04, SFC DIR05, SFC DIR06, SFC DIR07, SFC DIR08, SFC DIR09, SFC DIR10, SFC DIR11, SFC DIR12, SFC DIR13, SFC DIR14, SFC DIR15, SFC DIR16, SFC DIR17, SFC DIR18, SFC DIR19, SFC DIR20, SFC DIR21, SFC DIR22, SFC DIR23, SFC DIR24, SFC DIR25, SFC DIR26, SFC DIR27, SFC DIR28, SFC DIR29, SFC DIR30, SFC DIR31, SFC DIR32, SFC DIR33, SFC DIR34, SFC DIR35, SFC DIR36, SFC DIR37, SFC DIR38, SFC DIR39, SFC DIR40, SFC DIR41, SFC DIR42, SFC DIR43, SFC DIR44, SFC DIR45, SFC DIR46, SFC DIR47, SFC DIR48, SFC DIR49, SFC DIR50, SFC DIR51, SFC DIR52, SFC DIR53, SFC DIR54, SFC DIR55, SFC DIR56, SFC DIR57, SFC DIR58, SFC DIR59, SFC DIR60, SFC DIR61, SFC DIR62, SFC DIR63, SFC DIR64, SFC DIR65, SFC DIR66, SFC DIR67, SFC DIR68, SFC DIR69, SFC DIR70, SFC DIR71, SFC DIR72, SFC DIR73, SFC DIR74, SFC DIR75, SFC DIR76, SFC DIR77, SFC DIR78, SFC DIR79, SFC DIR80, SFC DIR81, SFC DIR82, SFC DIR83, SFC DIR84, SFC DIR85, SFC DIR86, SFC DIR87, SFC DIR88, SFC DIR89, SFC DIR90, SFC DIR91, SFC DIR92, SFC DIR93, SFC DIR94, SFC DIR95, SFC DIR96,SFC DVIS01,SFC DVIS02,SFC DVIS03,SFC DVIS04,SFC DVIS05,SFC DVIS06,SFC DVIS07,SFC DVIS08,SFC DVIS09,SFC DVIS10,SFC DVIS11,SFC DVIS12,SFC DVIS13,SFC DVIS14,SFC DVIS15,SFC DVIS16,SFC DVIS17,SFC DVIS18,SFC DVIS19,SFC DVIS20,SFC DVIS21,SFC DVIS22,SFC DVIS23,SFC DVIS24,SFC DVIS25,SFC DVIS26,SFC DVIS27,SFC DVIS28,SFC DVIS29,SFC DVIS30,SFC DVIS31,SFC DVIS32,SFC DVIS33,SFC DVIS34,SFC DVIS35,SFC DVIS36,SFC DVIS37,SFC DVIS38,SFC DVIS39,SFC DVIS40,SFC DVIS41,SFC DVIS42,SFC DVIS43,SFC DVIS44,SFC DVIS45,SFC DVIS46,SFC DVIS47,SFC DVIS48,SFC DVIS49,SFC DVIS50,SFC DVIS51,SFC DVIS52,SFC DVIS53,SFC DVIS54,SFC DVIS55,SFC DVIS56,SFC DVIS57,SFC DVIS58,SFC DVIS59,SFC DVIS60,SFC DVIS61,SFC DVIS62,SFC DVIS63,SFC DVIS64,SFC DVIS65,SFC DVIS66,SFC DVIS67,SFC DVIS68,SFC DVIS69,SFC DVIS70,SFC DVIS71,SFC DVIS72,SFC DVIS73,SFC DVIS74,SFC DVIS75,SFC DVIS76,SFC DVIS77,SFC DVIS78,SFC DVIS79,SFC DVIS80,SFC DVIS81,SFC DVIS82,SFC DVIS83,SFC DVIS84
 1007,    0.0000,  218.8983,    0.2194,  117.0969,  115.8380,   -0.8625,   -0.7595,  158.4330,  155.0000,  155.0000,  155.0000,  155.0000,  155.0000,  155.0000,  155.0000,  155.0000,  155.0000,  155.0000,  155.0000,  155.0000,  158.8202,  165.3996,  173.2672,  181.4393,  190.2764,  198.8104,  204.5754,  207.8212,  209.4182,  210.0462,  210.3680,  210.4855,    0.0676,    0.2556,    0.5389,    0.8888,    1.2804,    1.6928,    2.1082,    2.5121,    2.8933,    3.2429,    3.5544,    3.8241,    3.4712,    3.6087,    3.7179,    3.7987,    3.8530,    3.8815,    3.8866,    3.8696,    3.8324,    3.7775,    3.7019,    3.5964,    1.2424,    1.2267,    1.2047,    1.1662,    1.1137,    1.0481,    0.8756,    0.8393,    0.7711,    0.6138,    0.5638,    0.3590,    0.1995,    0.1649,    0.1438,    0.1375,    0.1329,    0.1277,    0.1258,    0.1235,    0.1245,    0.1364,    0.1735,    0.2440,    0.3730,    0.4452,    0.3502,    0.5089,    0.4971,    0.5051,    0.5244,    0.6000,    0.6202,    0.6335,    0.6351,    0.6285,    1.6842,    1.6087,    1.5504,    1.4822,    1.4116,    1.3421,    1.2748,    1.2087,    1.1452,    1.0819,    1.0194,    0.9639,    1.4270,    1.3066,    1.1824,    1.0659,    0.9702,    0.8860,    0.8005,    0.7221,    0.6504,    0.5836,    0.5141,    0.4584,    1.1328,    0.8012,    0.5722,    0.3992,    0.2764,    0.1901,    0.1299,    0.0861,    0.0569,    0.0365,    0.0240,    0.0175,    0.0899,    0.0485,    0.0757,    0.0853,    0.0957,    0.0892,    0.0975,    0.1095,    0.0962,    0.1325,    0.1172,    0.1283,    0.1417,    0.1155,    0.1679,    0.1865,    0.1530,    0.1811,    0.2062,    0.2231,    0.2234,    0.1500,    0.2398,    0.2531,    0.3109,    0.3324,    0.3440,    0.3658,    0.3756,    0.3936,    0.3989,    0.4549,    0.4935,    0.4704,    0.4844,    0.4940,    0.8433,    0.9209,    0.9662,    0.9986,    1.0221,    1.1068,    1.0376,    1.1056,    1.0799,    1.1314,    1.0731,    1.1504,    2.4777,    2.4439,    2.4989,    2.5383,    2.5642,    2.4625,    2.5489,    2.6139,    2.6670,    2.4800,    2.4441,    2.5380,    6.4157,    6.1123,    6.0433,    5.8603,    5.4132,    5.0767,    4.4565,    4.0997,    3.9404,    3.4535,    2.6528,    2.4637,    1.8993,    1.7458,    1.3311,    1.2705,    0.8565,    0.6215,    0.5021,    0.2015,    0.1776,    0.1261,    0.0437,    0.0355,    0.0000,    0.0000,    0.0000,    0.0000,    0.0000,    0.0000,    0.0000,    0.0000,    0.0000,    0.0000,    0.0000,    0.0000,    0.0000,    0.0000,    0.0000,    0.0000,    0.0000,    0.0000,    0.0000,    0.0001,    0.0002,    0.0007,    0.0108,    0.0490,    0.0110,    0.0180,    0.0344,    0.0771,    0.1397,    0.2137,    0.4309,    0.4495,    0.5119,    0.6671,    0.7005,    0.8672,    0.6959,    0.7036,    0.7106,    0.6982,    0.6956,    0.7186,    0.6761,    0.6645,    0.6491,    0.6306,    0.6025,    0.5551,    0.4721,    0.3712,    0.4491,    0.2585,    0.2602,    0.2432,    0.2110,    0.1067,    0.0696,    0.0377,    0.0207,    0.0150,    0.0329,    0.0299,    0.0085,    0.0020,    0.0004,    0.0004,    0.0002,    0.0011,    0.0019,    0.0049,    0.0091,    0.0081,    0.0085,    0.0012,    0.0075,    0.0141,    0.0089,    0.0000,    0.0000,    0.0000,    0.0000,    0.0008,    0.0066,    0.0072,    0.0065,    0.0059,    0.0000,    0.0000,    0.0000,    0.0000,    0.0000,    0.0009,    0.0011,    0.0014,    0.0012,    0.0002,    0.0266,    0.0000,    0.0608,    0.1075,    0.1214,    0.1110,    0.1245,    0.1386,    0.1233,    0.1698,    0.1501,    0.1645,    0.1808,    0.1468,    0.2123,    0.2321,    0.1900,    0.1318,    0.0189,    0.0386,    0.1649,    0.1902,    0.3067,    0.3223,    0.3984,    0.4260,    0.4410,    0.4686,    0.4799,    0.4920,    0.4648,    0.4226,    0.3741,    0.4433,    0.6104,    0.6178,    1.0805,    1.1804,    1.2359,    1.2564,    1.2364,    1.3694,    1.3136,    1.3975,    1.2854,    1.4503,    1.3718,    1.4606,    3.1621,    3.0885,    3.2030,    3.2531,    3.2748,    3.1568,    3.2678,    3.3511,    3.4192,    3.1776,    3.1334,    3.2539,    8.2247,    7.8363,    7.7478,    7.5132,    6.9399,    6.5086,    5.7135,    5.2561,    5.0518,    4.4276,    3.4010,    3.1586,    2.4350,    2.2382,    1.7066,    1.6288,    1.0981,    0.7968,    0.6438,    0.2584,    0.2277,    0.1616,    0.0560,    0.0455
  840,    0.0500,  220.8980,    0.1973,  120.5408,  119.1043,   -0.9081,   -0.7749,  158.4330,  166.8034,  167.6081,  168.5210,  169.7396,  170.5854,  171.5011,  172.6013,  173.8601,  175.3984,  177.6690,  180.9991,  185.7712,  192.0081,  199.1407,  205.3194,  209.8472,  212.9743,  215.2651,  216.9978,  218.2000,  219.2007,  219.7743,  220.0999,  220.2184,    0.0692,    0.2618,    0.5522,    0.9113,    1.3138,    1.7381,    2.1662,    2.5698,    2.9411,    3.3008,    3.6258,    3.9463,    3.5650,    3.6760,    3.7921,    3.8808,    3.9698,    4.0040,    3.9290,    3.7565,    3.6351,    3.5412,    3.4861,    3.4691,    1.2080,    1.2139,    1.2127,    1.1819,    1.1566,    1.1144,    1.0079,    0.9954,    0.9498,    0.8296,    0.8196,    0.6766,    0.4422,    0.3829,    0.3248,    0.3142,    0.2953,    0.2546,    0.2869,    0.2885,    0.3033,    0.3351,    0.3883,    0.4437,    0.5373,    0.5771,    0.4957,    0.6059,    0.5965,    0.5883,    0.5905,    0.6333,    0.6315,    0.6371,    0.6353,    0.6278,    1.6491,    1.5367,    1.4758,    1.3764,    1.3110,    1.2317,    1.1785,    1.1171,    1.0857,    1.0261,    0.9969,    0.9432,    1.4170,    1.3028,    1.1810,    1.0646,    0.9454,    0.8627,    0.7517,    0.6780,    0.5992,    0.5378,    0.4825,    0.4317,    1.0931,    0.7954,    0.5528,    0.3886,    0.2775,    0.1960,    0.1344,    0.0912,    0.0609,    0.0398,    0.0263,    0.0187,    0.0908,    0.0480,    0.0776,    0.0887,    0.0996,    0.0927,    0.1014,    0.1140,    0.1002,    0.1379,    0.1220,    0.1342,    0.1481,    0.1207,    0.1755,    0.1949,    0.1592,    0.1858,    0.2063,    0.2237,    0.2291,    0.1560,    0.2492,    0.2631,    0.3232,    0.3454,    0.3575,    0.3801,    0.3881,    0.4067,    0.4121,    0.4657,    0.5028,    0.4816,    0.5008,    0.5102,    0.8702,    0.9503,    0.9970,    1.0302,    1.0531,    1.1411,    1.0705,    1.1380,    1.1088,    1.1646,    1.1046,    1.1839,    2.5501,    2.5150,    2.5721,    2.6132,    2.6396,    2.5352,    2.6241,    2.6910,    2.7456,    2.5531,    2.5162,    2.6129,    6.6051,    6.2831,    6.2123,    6.0243,    5.5647,    5.2190,    4.5816,    4.2149,    4.0513,    3.5509,    2.7278,    2.5335,    1.9533,    1.7698,    1.3495,    1.2882,    0.8686,    0.6304,    0.5094,    0.2045,    0.1803,    0.1280,    0.0444,    0.0361,    0.0010,    0.0036,    0.0075,    0.0122,    0.0173,    0.0226,    0.0277,    0.0197,    0.0018,    0.0011,    0.0046,    0.0530,    0.0387,    0.0140,    0.0134,    0.0114,    0.0643,    0.1470,    0.2056,    0.2424,    0.3136,    0.3571,    0.3601,    0.3755,    0.1193,    0.1238,    0.1395,    0.2147,    0.2981,    0.3996,    0.6806,    0.6986,    0.7747,    0.9172,    0.9599,    1.0862,    0.8414,    0.8380,    0.8337,    0.8240,    0.8157,    0.8101,    0.7964,    0.7861,    0.7748,    0.7616,    0.7443,    0.7182,    0.6800,    0.5735,    0.6290,    0.4304,    0.4336,    0.4227,    0.3700,    0.2293,    0.1856,    0.1289,    0.0980,    0.0870,    0.2627,    0.3093,    0.2623,    0.3042,    0.2841,    0.3089,    0.2936,    0.2796,    0.2305,    0.2225,    0.1673,    0.1554,    0.1719,    0.1311,    0.1320,    0.1460,    0.1577,    0.1246,    0.1538,    0.1380,    0.1439,    0.1304,    0.1186,    0.1073,    0.1954,    0.1137,    0.0866,    0.0567,    0.0298,    0.0151,    0.0101,    0.0077,    0.0063,    0.0058,    0.0044,    0.0015,    0.0218,    0.0000,    0.0550,    0.0975,    0.1103,    0.1008,    0.1132,    0.1265,    0.1126,    0.1551,    0.1371,    0.1480,    0.1625,    0.1320,    0.1906,    0.2082,    0.1722,    0.1132,    0.0140,    0.0308,    0.1464,    0.1736,    0.2814,    0.2955,    0.3657,    0.3911,    0.4049,    0.4302,    0.4453,    0.4559,    0.4256,    0.3871,    0.3413,    0.4072,    0.5645,    0.5724,    1.0041,    1.0969,    1.1484,    1.1656,    1.1452,    1.2698,    1.2193,    1.3052,    1.2000,    1.3566,    1.2829,    1.3653,    2.9570,    2.8861,    2.9961,    3.0358,    3.0557,    2.9459,    3.0496,    3.1273,    3.1908,    2.9654,    2.9242,    3.0366,    7.6754,    7.2403,    7.1586,    6.9417,    6.4120,    6.0134,    5.2788,    4.8561,    4.6673,    4.0905,    3.1421,    2.9181,    2.2496,    2.1277,    1.6223,    1.5483,    1.0438,    0.7575,    0.6119,    0.2456,    0.2164,    0.1536,    0.0533,    0.0433
  751,    0.1000,  222.2973,    0.1782,  123.5935,  121.9399,   -0.9844,   -0.8337,  158.4330,  176.1477,  176.9971,  177.9549,  179.1862,  180.1976,  181.4006,  182.9013,  184.5013,  186.3983,  188.9390,  192.3647,  196.9243,  202.8978,  209.2992,  214.3715,  217.8247,  220.0943,  221.4971,  222.2970,  222.5968,  222.5916,  222.4963,  222.4219,  222.3744,    0.0707,    0.2676,    0.5649,    0.9327,    1.3454,    1.7811,    2.2212,    2.6205,    2.9740,    3.3411,    3.6781,    4.0627,    3.6479,    3.7190,    3.8401,    3.9350,    4.0770,    4.1352,    3.9794,    3.6328,    3.4382,    3.3161,    3.2780,    3.3441,    1.1760,    1.2053,    1.2244,    1.2014,    1.1963,    1.1658,    1.0926,    1.0863,    1.0495,    0.9430,    0.9438,    0.8199,    0.5566,    0.4964,    0.4333,    0.4244,    0.4010,    0.3473,    0.3918,    0.3934,    0.4087,    0.4399,    0.4911,    0.5401,    0.6273,    0.6544,    0.5776,    0.6667,    0.6585,    0.6453,    0.6397,    0.6657,    0.6513,    0.6501,    0.6448,    0.6362,    1.6519,    1.5271,    1.4625,    1.3617,    1.2970,    1.2255,    1.1837,    1.1226,    1.1026,    1.0431,    1.0198,    0.9651,    1.4418,    1.3235,    1.2028,    1.0945,    0.9649,    0.8786,    0.7625,    0.6882,    0.6112,    0.5493,    0.4958,    0.4442,    1.1273,    0.8261,    0.5721,    0.4041,    0.2906,    0.2067,    0.1420,    0.0975,    0.0656,    0.0434,    0.0290,    0.0203,    0.0911,    0.0476,    0.0790,    0.0916,    0.1028,    0.0956,    0.1047,    0.1177,    0.1035,    0.1425,    0.1260,    0.1390,    0.1534,    0.1250,    0.1817,    0.2016,    0.1642,    0.1885,    0.2060,    0.2236,    0.2331,    0.1610,    0.2572,    0.2715,    0.3336,    0.3565,    0.3690,    0.3924,    0.3991,    0.4178,    0.4225,    0.4743,    0.5098,    0.4906,    0.5146,    0.5242,    0.8937,    0.9760,    1.0238,    1.0574,    1.0795,    1.1706,    1.0990,    1.1663,    1.1339,    1.1939,    1.1322,    1.2134,    2.6139,    2.5773,    2.6368,    2.6789,    2.7058,    2.5990,    2.6901,    2.7588,    2.8148,    2.6173,    2.5796,    2.6787,    6.7715,    6.4307,    6.3583,    6.1659,    5.6957,    5.3420,    4.6897,    4.3146,    4.1473,    3.6352,    2.7927,    2.5940,    2.0002,    1.7919,    1.3665,    1.3046,    0.8798,    0.6386,    0.5161,    0.2072,    0.1827,    0.1298,    0.0450,    0.0366,    0.0021,    0.0077,    0.0162,    0.0266,    0.0381,    0.0500,    0.0619,    0.0447,    0.0036,    0.0023,    0.0105,    0.1236,    0.0892,    0.0283,    0.0271,    0.0232,    0.1495,    0.3345,    0.4444,    0.4728,    0.5929,    0.6679,    0.6621,    0.6624,    0.2199,    0.2237,    0.2345,    0.3197,    0.4015,    0.5080,    0.7951,    0.8081,    0.8871,    1.0150,    1.0609,    1.1643,    0.8906,    0.8813,    0.8715,    0.8619,    0.8521,    0.8412,    0.8327,    0.8230,    0.8133,    0.8034,    0.7931,    0.7771,    0.7615,    0.6612,    0.7024,    0.5168,    0.5195,    0.5142,    0.4554,    0.3108,    0.2736,    0.2086,    0.1733,    0.1600,    0.5004,    0.5951,    0.5345,    0.6219,    0.5863,    0.6337,    0.6105,    0.5811,    0.4928,    0.4715,    0.3564,    0.3338,    0.3717,    0.2959,    0.2849,    0.3072,    0.3387,    0.2862,    0.3437,    0.3098,    0.3213,    0.2906,    0.2567,    0.2314,    0.4513,    0.2664,    0.2144,    0.1440,    0.0786,    0.0411,    0.0280,    0.0185,    0.0142,    0.0116,    0.0083,    0.0039,    0.0192,    0.0000,    0.0502,    0.0886,    0.1002,    0.0916,    0.1029,    0.1155,    0.1028,    0.1416,    0.1252,    0.1332,    0.1462,    0.1187,    0.1714,    0.1871,    0.1570,    0.1009,    0.0119,    0.0268,    0.1321,    0.1587,    0.2583,    0.2712,    0.3357,    0.3590,    0.3717,    0.3949,    0.4133,    0.4228,    0.3931,    0.3574,    0.3148,    0.3764,    0.5233,    0.5310,    0.9330,    1.0193,    1.0672,    1.0825,    1.0629,    1.1791,    1.1326,    1.2201,    1.1215,    1.2689,    1.1999,    1.2768,    2.7658,    2.6986,    2.8026,    2.8330,    2.8515,    2.7491,    2.8459,    2.9185,    2.9777,    2.7674,    2.7289,    2.8338,    7.1628,    6.6901,    6.6145,    6.4142,    5.9247,    5.5564,    4.8776,    4.4870,    4.3126,    3.7797,    2.9033,    2.6963,    2.0786,    2.0232,    1.5425,    1.4722,    0.9925,    0.7202,    0.5819,    0.2335,    0.2058,    0.1461,    0.0506,    0.0412
  686,    0.1500,  223.3986,    0.1615,  126.1490,  124.4082,   -0.9607,   -0.8159,  158.4330,  182.1090,  182.9984,  183.9960,  185.2091,  186.3992,  187.7747,  189.3963,  191.1444,  193.1727,  195.6965,  199.0013,  203.3975,  208.8973,  214.5987,  219.0520,  222.0973,  223.9969,  225.1356,  225.5965,  225.4450,  224.9873,  224.5936,  224.1517,  223.9346,    0.0722,    0.2732,    0.5768,    0.9528,    1.3751,    1.8214,    2.2727,    2.6664,    2.9996,    3.3725,    3.7206,    4.1710,    3.7226,    3.7496,    3.8749,    3.9751,    4.1744,    4.2582,    4.0259,    3.5113,    3.2547,    3.1125,    3.0877,    3.2262,    1.1463,    1.1971,    1.2340,    1.2163,    1.2264,    1.2026,    1.1495,    1.1455,    1.1137,    1.0149,    1.0206,    0.9082,    0.6290,    0.5704,    0.5064,    0.4992,    0.4735,    0.4130,    0.4639,    0.4652,    0.4798,    0.5087,    0.5569,    0.6008,    0.6843,    0.7043,    0.6312,    0.7075,    0.6999,    0.6838,    0.6741,    0.6903,    0.6681,    0.6625,    0.6549,    0.6455,    1.6651,    1.5379,    1.4707,    1.3763,    1.3111,    1.2484,    1.2136,    1.1518,    1.1363,    1.0760,    1.0522,    0.9962,    1.4755,    1.3512,    1.2303,    1.1306,    0.9957,    0.9058,    0.7891,    0.7129,    0.6376,    0.5737,    0.5191,    0.4658,    1.1808,    0.8671,    0.6025,    0.4272,    0.3077,    0.2190,    0.1509,    0.1042,    0.0706,    0.0472,    0.0317,    0.0220,    0.0914,    0.0473,    0.0802,    0.0939,    0.1054,    0.0980,    0.1074,    0.1209,    0.1064,    0.1464,    0.1295,    0.1430,    0.1578,    0.1285,    0.1868,    0.2071,    0.1683,    0.1906,    0.2057,    0.2236,    0.2364,    0.1652,    0.2640,    0.2786,    0.3424,    0.3660,    0.3788,    0.4028,    0.4085,    0.4275,    0.4313,    0.4815,    0.5157,    0.4983,    0.5266,    0.5364,    0.9141,    0.9983,    1.0472,    1.0810,    1.1023,    1.1962,    1.1238,    1.1911,    1.1561,    1.2197,    1.1567,    1.2393,    2.6702,    2.6321,    2.6938,    2.7367,    2.7639,    2.6551,    2.7482,    2.8183,    2.8756,    2.6738,    2.6353,    2.7366,    6.9178,    6.5580,    6.4842,    6.2882,    5.8088,    5.4482,    4.7831,    4.4007,    4.2302,    3.7081,    2.8489,    2.6464,    2.0407,    1.8122,    1.3821,    1.3196,    0.8900,    0.6462,    0.5223,    0.2098,    0.1850,    0.1314,    0.0456,    0.0371,    0.0032,    0.0119,    0.0251,    0.0413,    0.0594,    0.0783,    0.0973,    0.0708,    0.0055,    0.0035,    0.0169,    0.1980,    0.1428,    0.0427,    0.0410,    0.0352,    0.2401,    0.5286,    0.6853,    0.6879,    0.8417,    0.9395,    0.9262,    0.9208,    0.3126,    0.3171,    0.3229,    0.4114,    0.4864,    0.5929,    0.8748,    0.8820,    0.9617,    1.0790,    1.1267,    1.2169,    0.9250,    0.9121,    0.8984,    0.8888,    0.8781,    0.8638,    0.8586,    0.8493,    0.8409,    0.8332,    0.8272,    0.8167,    0.8145,    0.7200,    0.7521,    0.5790,    0.5811,    0.5800,    0.5195,    0.3777,    0.3486,    0.2808,    0.2440,    0.2295,    0.7236,    0.8545,    0.7849,    0.9016,    0.8541,    0.9117,    0.8819,    0.8398,    0.7275,    0.6944,    0.5363,    0.5046,    0.5713,    0.4640,    0.4398,    0.4681,    0.5141,    0.4461,    0.5203,    0.4704,    0.4809,    0.4351,    0.3834,    0.3457,    0.7036,    0.4249,    0.3452,    0.2353,    0.1326,    0.0712,    0.0490,    0.0311,    0.0234,    0.0181,    0.0127,    0.0067,    0.0171,    0.0000,    0.0459,    0.0805,    0.0911,    0.0833,    0.0935,    0.1055,    0.0939,    0.1293,    0.1143,    0.1198,    0.1315,    0.1068,    0.1541,    0.1682,    0.1433,    0.0909,    0.0105,    0.0238,    0.1197,    0.1451,    0.2371,    0.2489,    0.3082,    0.3296,    0.3412,    0.3625,    0.3836,    0.3923,    0.3638,    0.3307,    0.2911,    0.3486,    0.4853,    0.4927,    0.8670,    0.9472,    0.9917,    1.0056,    0.9870,    1.0952,    1.0523,    1.1409,    1.0486,    1.1869,    1.1223,    1.1942,    2.5870,    2.5236,    2.6215,    2.6438,    2.6609,    2.5654,    2.6558,    2.7235,    2.7788,    2.5825,    2.5466,    2.6445,    6.6843,    6.1820,    6.1122,    5.9271,    5.4748,    5.1344,    4.5072,    4.1463,    3.9851,    3.4926,    2.6828,    2.4915,    1.9207,    1.9240,    1.4669,    1.4000,    0.9439,    0.6849,    0.5533,    0.2221,    0.1957,    0.1389,    0.0482,    0.0391
  597,    0.2000,  224.2970,    0.1470,  128.4063,  126.5578,   -0.9753,   -0.8256,  158.4330,  186.5589,  187.4521,  188.4698,  189.7060,  190.8994,  192.3972,  194.0973,  195.8974,  197.8986,  200.4628,  203.6680,  207.7997,  212.8986,  218.1001,  222.1968,  224.9997,  226.7590,  227.7135,  227.9980,  227.5959,  226.8107,  226.1746,  225.4605,  225.2703,    0.0735,    0.2784,    0.5880,    0.9719,    1.4032,    1.8594,    2.3212,    2.7089,    3.0201,    3.3980,    3.7565,    4.2729,    3.7911,    3.7721,    3.9008,    4.0058,    4.2641,    4.3724,    4.0689,    3.3956,    3.0863,    2.9297,    2.9155,    3.1183,    1.1195,    1.1898,    1.2422,    1.2286,    1.2510,    1.2318,    1.1930,    1.1897,    1.1615,    1.0674,    1.0760,    0.9713,    0.6811,    0.6244,    0.5609,    0.5550,    0.5282,    0.4640,    0.5182,    0.5189,    0.5325,    0.5592,    0.6046,    0.6447,    0.7260,    0.7413,    0.6712,    0.7386,    0.7313,    0.7133,    0.7010,    0.7108,    0.6830,    0.6743,    0.6652,    0.6552,    1.6844,    1.5592,    1.4902,    1.4033,    1.3375,    1.2813,    1.2504,    1.1875,    1.1741,    1.1127,    1.0872,    1.0299,    1.5131,    1.3823,    1.2607,    1.1687,    1.0305,    0.9374,    0.8206,    0.7421,    0.6669,    0.6008,    0.5446,    0.4892,    1.2397,    0.9115,    0.6362,    0.4527,    0.3262,    0.2320,    0.1603,    0.1111,    0.0757,    0.0509,    0.0344,    0.0238,    0.0916,    0.0471,    0.0812,    0.0959,    0.1077,    0.1000,    0.1097,    0.1235,    0.1087,    0.1497,    0.1324,    0.1462,    0.1613,    0.1314,    0.1909,    0.2116,    0.1718,    0.1923,    0.2055,    0.2235,    0.2390,    0.1687,    0.2698,    0.2847,    0.3500,    0.3741,    0.3872,    0.4117,    0.4168,    0.4359,    0.4390,    0.4878,    0.5208,    0.5049,    0.5370,    0.5469,    0.9320,    1.0178,    1.0676,    1.1016,    1.1222,    1.2184,    1.1453,    1.2129,    1.1756,    1.2425,    1.1782,    1.2622,    2.7198,    2.6804,    2.7442,    2.7875,    2.8149,    2.7044,    2.7992,    2.8706,    2.9290,    2.7234,    2.6842,    2.7874,    7.0463,    6.6678,    6.5929,    6.3937,    5.9063,    5.5398,    4.8637,    4.4749,    4.3018,    3.7710,    2.8974,    2.6916,    2.0758,    1.8307,    1.3964,    1.3334,    0.8995,    0.6531,    0.5280,    0.2121,    0.1871,    0.1330,    0.0461,    0.0376,    0.0043,    0.0161,    0.0340,    0.0561,    0.0808,    0.1068,    0.1330,    0.0976,    0.0074,    0.0047,    0.0236,    0.2738,    0.1979,    0.0573,    0.0551,    0.0472,    0.3332,    0.7228,    0.9224,    0.8879,    1.0640,    1.1783,    1.1590,    1.1559,    0.3985,    0.4052,    0.4065,    0.4954,    0.5621,    0.6667,    0.9391,    0.9406,    1.0201,    1.1288,    1.1773,    1.2583,    0.9531,    0.9378,    0.9214,    0.9120,    0.9005,    0.8832,    0.8809,    0.8719,    0.8644,    0.8581,    0.8549,    0.8479,    0.8553,    0.7661,    0.7916,    0.6303,    0.6316,    0.6338,    0.5734,    0.4366,    0.4155,    0.3473,    0.3102,    0.2950,    0.9297,    1.0851,    1.0092,    1.1406,    1.0836,    1.1417,    1.1056,    1.0535,    0.9286,    0.8856,    0.7003,    0.6607,    0.7628,    0.6280,    0.5905,    0.6224,    0.6767,    0.5958,    0.6758,    0.6123,    0.6165,    0.5583,    0.4932,    0.4452,    0.9368,    0.5786,    0.4692,    0.3234,    0.1874,    0.1031,    0.0714,    0.0448,    0.0333,    0.0251,    0.0174,    0.0098,    0.0154,    0.0000,    0.0419,    0.0731,    0.0828,    0.0757,    0.0850,    0.0963,    0.0857,    0.1181,    0.1044,    0.1078,    0.1183,    0.0961,    0.1386,    0.1513,    0.1309,    0.0823,    0.0093,    0.0213,    0.1088,    0.1327,    0.2177,    0.2284,    0.2829,    0.3026,    0.3133,    0.3328,    0.3561,    0.3641,    0.3370,    0.3063,    0.2695,    0.3231,    0.4503,    0.4572,    0.8057,    0.8802,    0.9216,    0.9343,    0.9167,    1.0174,    0.9777,    1.0669,    0.9805,    1.1103,    1.0498,    1.1169,    2.4197,    2.3602,    2.4521,    2.4672,    2.4831,    2.3941,    2.4784,    2.5416,    2.5932,    2.4100,    2.3765,    2.4678,    6.2379,    5.7129,    5.6484,    5.4773,    5.0593,    4.7448,    4.1652,    3.8317,    3.6827,    3.2276,    2.4793,    2.3025,    1.7750,    1.8298,    1.3951,    1.3315,    0.8977,    0.6514,    0.5263,    0.2112,    0.1861,    0.1321,    0.0458,    0.0372
  401,    0.3000,  225.4946,    0.1234,  132.0723,  130.0622,   -0.9823,   -0.8519,  158.4330,  192.9113,  193.8458,  194.9004,  196.0967,  197.3911,  198.8948,  200.5989,  202.4934,  204.4970,  206.8931,  209.8031,  213.5975,  218.1904,  222.7992,  226.5957,  229.1320,  230.5992,  231.2944,  231.2911,  230.6418,  229.4820,  228.4923,  227.3944,  227.0371,    0.0760,    0.2879,    0.6085,    1.0063,    1.4539,    1.9279,    2.4084,    2.7824,    3.0463,    3.4314,    3.8081,    4.4540,    3.9077,    3.7926,    3.9263,    4.0389,    4.4169,    4.5689,    4.1392,    3.1779,    2.7837,    2.6106,    2.6117,    2.9254,    1.0725,    1.1764,    1.2543,    1.2466,    1.2883,    1.2752,    1.2568,    1.2531,    1.2300,    1.1423,    1.1543,    1.0609,    0.7558,    0.7023,    0.6405,    0.6361,    0.6084,    0.5407,    0.5978,    0.5977,    0.6096,    0.6327,    0.6735,    0.7082,    0.7861,    0.7948,    0.7299,    0.7847,    0.7777,    0.7571,    0.7415,    0.7431,    0.7082,    0.6955,    0.6843,    0.6737,    1.7295,    1.6127,    1.5414,    1.4663,    1.3987,    1.3489,    1.3209,    1.2559,    1.2447,    1.1810,    1.1532,    1.0935,    1.5876,    1.4444,    1.3206,    1.2411,    1.0987,    1.0001,    0.8813,    0.7983,    0.7201,    0.6498,    0.5907,    0.5317,    1.3506,    0.9963,    0.7003,    0.5013,    0.3620,    0.2570,    0.1785,    0.1241,    0.0854,    0.0580,    0.0395,    0.0272,    0.0918,    0.0468,    0.0828,    0.0989,    0.1111,    0.1031,    0.1133,    0.1277,    0.1124,    0.1548,    0.1369,    0.1511,    0.1666,    0.1357,    0.1971,    0.2183,    0.1772,    0.1948,    0.2052,    0.2233,    0.2430,    0.1742,    0.2790,    0.2943,    0.3619,    0.3868,    0.4004,    0.4257,    0.4302,    0.4495,    0.4512,    0.4978,    0.5290,    0.5155,    0.5538,    0.5640,    0.9611,    1.0496,    1.1008,    1.1351,    1.1545,    1.2547,    1.1805,    1.2492,    1.2079,    1.2804,    1.2140,    1.3002,    2.8023,    2.7607,    2.8279,    2.8713,    2.8992,    2.7857,    2.8835,    2.9570,    3.0171,    2.8053,    2.7651,    2.8714,    7.2585,    6.8443,    6.7675,    6.5633,    6.0632,    5.6872,    4.9933,    4.5945,    4.4170,    3.8723,    2.9755,    2.7644,    2.1322,    1.8631,    1.4213,    1.3575,    0.9159,    0.6653,    0.5380,    0.2162,    0.1908,    0.1356,    0.0471,    0.0384,    0.0064,    0.0244,    0.0515,    0.0852,    0.1232,    0.1634,    0.2042,    0.1520,    0.0112,    0.0071,    0.0375,    0.4264,    0.3103,    0.0864,    0.0832,    0.0714,    0.5222,    1.1021,    1.3746,    1.2444,    1.4391,    1.5733,    1.5454,    1.5650,    0.5513,    0.5653,    0.5598,    0.6453,    0.6944,    0.7924,    1.0394,    1.0302,    1.1076,    1.2008,    1.2497,    1.3163,    0.9925,    0.9737,    0.9532,    0.9441,    0.9315,    0.9098,    0.9117,    0.9033,    0.8970,    0.8929,    0.8938,    0.8916,    0.9130,    0.8344,    0.8494,    0.7115,    0.7114,    0.7179,    0.6602,    0.5371,    0.5293,    0.4644,    0.4287,    0.4129,    1.2874,    1.4625,    1.3786,    1.5082,    1.4380,    1.4790,    1.4316,    1.3656,    1.2369,    1.1792,    0.9744,    0.9227,    1.1075,    0.9301,    0.8675,    0.8994,    0.9539,    0.8537,    0.9216,    0.8375,    0.8203,    0.7443,    0.6627,    0.5993,    1.3274,    0.8539,    0.6831,    0.4783,    0.2906,    0.1669,    0.1165,    0.0729,    0.0537,    0.0392,    0.0269,    0.0164,    0.0126,    0.0000,    0.0351,    0.0604,    0.0684,    0.0625,    0.0702,    0.0803,    0.0715,    0.0985,    0.0871,    0.0873,    0.0958,    0.0778,    0.1122,    0.1224,    0.1093,    0.0678,    0.0074,    0.0173,    0.0901,    0.1110,    0.1835,    0.1925,    0.2384,    0.2550,    0.2640,    0.2805,    0.3068,    0.3136,    0.2895,    0.2631,    0.2313,    0.2777,    0.3877,    0.3938,    0.6958,    0.7601,    0.7959,    0.8065,    0.7911,    0.8782,    0.8441,    0.9331,    0.8575,    0.9714,    0.9185,    0.9771,    2.1171,    2.0646,    2.1455,    2.1487,    2.1625,    2.0850,    2.1584,    2.2135,    2.2584,    2.0989,    2.0697,    2.1493,    5.4326,    4.8799,    4.8249,    4.6788,    4.3218,    4.0531,    3.5580,    3.2731,    3.1459,    2.7572,    2.1179,    1.9669,    1.5164,    1.6555,    1.2623,    1.2048,    0.8123,    0.5894,    0.4762,    0.1911,    0.1685,    0.1196,    0.0415,    0.0337
  282,    0.4000,  225.9977,    0.1054,  134.8016,  132.7246,   -0.9280,   -0.7586,  158.4330,  197.3562,  198.3000,  199.3718,  200.6045,  201.8795,  203.3901,  205.1062,  206.9075,  208.8917,  211.1204,  213.8934,  217.3995,  221.6737,  226.0984,  229.6991,  232.0932,  233.2930,  233.5940,  233.2936,  232.4040,  231.0532,  229.8798,  228.5655,  228.0634,    0.0782,    0.2963,    0.6264,    1.0363,    1.4978,    1.9870,    2.4834,    2.8423,    3.0550,    3.4439,    3.8361,    4.6066,    3.9995,    3.7847,    3.9211,    4.0390,    4.5372,    4.7259,    4.1912,    2.9783,    2.5184,    2.3390,    2.3501,    2.7595,    1.0331,    1.1647,    1.2620,    1.2585,    1.3144,    1.3055,    1.3020,    1.2964,    1.2774,    1.1940,    1.2087,    1.1241,    0.8088,    0.7578,    0.6975,    0.6940,    0.6659,    0.5968,    0.6548,    0.6543,    0.6648,    0.6854,    0.7229,    0.7538,    0.8289,    0.8329,    0.7723,    0.8179,    0.8110,    0.7888,    0.7714,    0.7676,    0.7287,    0.7137,    0.7013,    0.6903,    1.7759,    1.6675,    1.5947,    1.5252,    1.4561,    1.4070,    1.3794,    1.3125,    1.3032,    1.2376,    1.2098,    1.1481,    1.6559,    1.5022,    1.3757,    1.3051,    1.1591,    1.0563,    0.9327,    0.8459,    0.7629,    0.6894,    0.6281,    0.5661,    1.4446,    1.0704,    0.7551,    0.5431,    0.3938,    0.2796,    0.1950,    0.1357,    0.0940,    0.0643,    0.0439,    0.0302,    0.0919,    0.0466,    0.0839,    0.1010,    0.1135,    0.1053,    0.1157,    0.1306,    0.1151,    0.1584,    0.1401,    0.1543,    0.1702,    0.1386,    0.2013,    0.2228,    0.1811,    0.1965,    0.2049,    0.2231,    0.2458,    0.1782,    0.2856,    0.3013,    0.3706,    0.3961,    0.4100,    0.4359,    0.4404,    0.4598,    0.4604,    0.5053,    0.5351,    0.5235,    0.5665,    0.5769,    0.9832,    1.0738,    1.1261,    1.1605,    1.1790,    1.2822,    1.2072,    1.2774,    1.2331,    1.3099,    1.2418,    1.3298,    2.8665,    2.8231,    2.8931,    2.9360,    2.9642,    2.8485,    2.9485,    3.0237,    3.0852,    2.8685,    2.8274,    2.9362,    7.4224,    6.9757,    6.8976,    6.6895,    6.1800,    5.7969,    5.0899,    4.6836,    4.5029,    3.9479,    3.0338,    2.8188,    2.1745,    1.8901,    1.4421,    1.3776,    0.9297,    0.6754,    0.5464,    0.2196,    0.1939,    0.1379,    0.0479,    0.0390,    0.0085,    0.0324,    0.0687,    0.1138,    0.1648,    0.2190,    0.2743,    0.2070,    0.0150,    0.0095,    0.0519,    0.5782,    0.4238,    0.1150,    0.1108,    0.0952,    0.7115,    1.4623,    1.7901,    1.5467,    1.7353,    1.8777,    1.8443,    1.9029,    0.6808,    0.7044,    0.6952,    0.7743,    0.8066,    0.8961,    1.1142,    1.0957,    1.1695,    1.2482,    1.2965,    1.3514,    1.0161,    0.9949,    0.9716,    0.9628,    0.9492,    0.9237,    0.9295,    0.9215,    0.9163,    0.9135,    0.9172,    0.9181,    0.9498,    0.8812,    0.8877,    0.7725,    0.7710,    0.7799,    0.7264,    0.6186,    0.6207,    0.5615,    0.5284,    0.5127,    1.5747,    1.7417,    1.6538,    1.7574,    1.6792,    1.6935,    1.6372,    1.5629,    1.4441,    1.3770,    1.1807,    1.1206,    1.3943,    1.1888,    1.1043,    1.1283,    1.1673,    1.0541,    1.0918,    0.9940,    0.9528,    0.8656,    0.7763,    0.7031,    1.6172,    1.0762,    0.8466,    0.5997,    0.3789,    0.2259,    0.1586,    0.1001,    0.0733,    0.0527,    0.0360,    0.0230,    0.0104,    0.0000,    0.0294,    0.0499,    0.0565,    0.0517,    0.0580,    0.0670,    0.0596,    0.0822,    0.0726,    0.0707,    0.0775,    0.0630,    0.0908,    0.0991,    0.0913,    0.0561,    0.0060,    0.0142,    0.0749,    0.0929,    0.1546,    0.1622,    0.2010,    0.2149,    0.2225,    0.2364,    0.2644,    0.2701,    0.2489,    0.2263,    0.1988,    0.2389,    0.3339,    0.3393,    0.6009,    0.6564,    0.6873,    0.6964,    0.6828,    0.7582,    0.7288,    0.8162,    0.7501,    0.8500,    0.8036,    0.8549,    1.8524,    1.8063,    1.8773,    1.8715,    1.8835,    1.8160,    1.8799,    1.9279,    1.9670,    1.8281,    1.8026,    1.8719,    4.7316,    4.1702,    4.1231,    3.9983,    3.6932,    3.4637,    3.0406,    2.7971,    2.6884,    2.3563,    1.8100,    1.6810,    1.2959,    1.4983,    1.1424,    1.0904,    0.7352,    0.5335,    0.4311,    0.1730,    0.1525,    0.1083,    0.0375,    0.0305
  228,    0.5000,  226.0980,    0.0918,  136.9588,  134.7496,   -0.9581,   -0.8285,  158.4330,  200.7466,  201.7206,  202.7848,  204.0041,  205.2841,  206.7987,  208.4948,  210.2003,  212.0914,  214.2066,  216.8689,  220.2061,  224.2951,  228.6023,  232.1193,  234.3038,  235.1950,  235.1914,  234.4936,  233.4888,  231.9076,  230.6536,  229.0686,  228.5292,    0.0801,    0.3038,    0.6425,    1.0633,    1.5373,    2.0400,    2.5504,    2.8939,    3.0537,    3.4445,    3.8506,    4.7408,    4.0766,    3.7610,    3.8987,    4.0205,    4.6377,    4.8565,    4.2355,    2.8028,    2.2893,    2.1096,    2.1276,    2.6230,    1.0023,    1.1570,    1.2690,    1.2685,    1.3347,    1.3289,    1.3363,    1.3280,    1.3126,    1.2319,    1.2490,    1.1716,    0.8488,    0.7997,    0.7406,    0.7376,    0.7096,    0.6402,    0.6980,    0.6970,    0.7065,    0.7253,    0.7604,    0.7886,    0.8615,    0.8618,    0.8050,    0.8437,    0.8368,    0.8135,    0.7951,    0.7878,    0.7467,    0.7305,    0.7174,    0.7062,    1.8222,    1.7185,    1.6447,    1.5756,    1.5052,    1.4541,    1.4261,    1.3578,    1.3506,    1.2834,    1.2577,    1.1945,    1.7190,    1.5570,    1.4277,    1.3621,    1.2115,    1.1053,    0.9748,    0.8850,    0.7970,    0.7209,    0.6581,    0.5937,    1.5228,    1.1345,    0.8011,    0.5783,    0.4219,    0.3003,    0.2101,    0.1464,    0.1020,    0.0700,    0.0480,    0.0331,    0.0920,    0.0464,    0.0847,    0.1025,    0.1152,    0.1068,    0.1175,    0.1327,    0.1170,    0.1610,    0.1424,    0.1565,    0.1726,    0.1405,    0.2041,    0.2259,    0.1838,    0.1977,    0.2046,    0.2229,    0.2478,    0.1810,    0.2905,    0.3064,    0.3769,    0.4028,    0.4170,    0.4433,    0.4480,    0.4676,    0.4673,    0.5110,    0.5396,    0.5296,    0.5761,    0.5867,    1.0000,    1.0921,    1.1453,    1.1799,    1.1976,    1.3030,    1.2275,    1.2994,    1.2527,    1.3329,    1.2635,    1.3529,    2.9165,    2.8717,    2.9438,    2.9860,    3.0144,    2.8970,    2.9987,    3.0752,    3.1377,    2.9174,    2.8756,    2.9862,    7.5489,    7.0735,    6.9944,    6.7836,    6.2671,    5.8787,    5.1619,    4.7500,    4.5670,    4.0043,    3.0773,    2.8595,    2.2061,    1.9126,    1.4595,    1.3944,    0.9412,    0.6839,    0.5534,    0.2225,    0.1965,    0.1398,    0.0486,    0.0396,    0.0106,    0.0402,    0.0853,    0.1415,    0.2052,    0.2732,    0.3428,    0.2618,    0.0187,    0.0119,    0.0668,    0.7270,    0.5369,    0.1429,    0.1377,    0.1185,    0.8978,    1.7987,    2.1661,    1.8040,    1.9712,    2.1151,    2.0779,    2.1842,    0.7908,    0.8249,    0.8139,    0.8853,    0.9027,    0.9831,    1.1716,    1.1450,    1.2145,    1.2799,    1.3268,    1.3713,    1.0287,    1.0059,    0.9809,    0.9723,    0.9581,    0.9301,    0.9384,    0.9307,    0.9261,    0.9243,    0.9298,    0.9332,    0.9728,    0.9138,    0.9130,    0.8192,    0.8164,    0.8262,    0.7773,    0.6849,    0.6935,    0.6410,    0.6110,    0.5956,    1.8004,    1.9427,    1.8529,    1.9211,    1.8381,    1.8258,    1.7628,    1.6837,    1.5786,    1.5056,    1.3305,    1.2646,    1.6249,    1.4030,    1.3001,    1.3107,    1.3250,    1.2032,    1.2046,    1.0980,    1.0352,    0.9413,    0.8489,    0.7697,    1.8214,    1.2465,    0.9646,    0.6891,    0.4498,    0.2772,    0.1954,    0.1248,    0.0909,    0.0648,    0.0442,    0.0290,    0.0086,    0.0000,    0.0247,    0.0412,    0.0467,    0.0427,    0.0480,    0.0559,    0.0497,    0.0685,    0.0606,    0.0573,    0.0628,    0.0510,    0.0735,    0.0802,    0.0763,    0.0466,    0.0050,    0.0117,    0.0624,    0.0777,    0.1303,    0.1367,    0.1694,    0.1812,    0.1875,    0.1993,    0.2278,    0.2327,    0.2142,    0.1947,    0.1711,    0.2057,    0.2876,    0.2923,    0.5190,    0.5669,    0.5936,    0.6013,    0.5896,    0.6547,    0.6294,    0.7141,    0.6562,    0.7438,    0.7032,    0.7481,    1.6209,    1.5804,    1.6428,    1.6301,    1.6406,    1.5818,    1.6375,    1.6793,    1.7134,    1.5924,    1.5702,    1.6306,    4.1215,    3.5652,    3.5250,    3.4183,    3.1575,    2.9613,    2.5996,    2.3915,    2.2986,    2.0146,    1.5475,    1.4373,    1.1080,    1.3565,    1.0343,    0.9873,    0.6657,    0.4831,    0.3904,    0.1567,    0.1381,    0.0981,    0.0340,    0.0276
  549,    0.7500,  224.7972,    0.0702,  140.3818,  137.9465,   -0.9894,   -0.8615,  158.4330,  206.7419,  207.7025,  208.7830,  209.8687,  210.9988,  212.4797,  214.0079,  215.5955,  217.3017,  219.3347,  221.8018,  225.0618,  229.0023,  233.2052,  236.4936,  238.0030,  237.9006,  236.7909,  235.1872,  233.6955,  231.8827,  230.4779,  228.6489,  227.9865,    0.0842,    0.3194,    0.6757,    1.1184,    1.6174,    2.1469,    2.6847,    2.9899,    3.0123,    3.4000,    3.8346,    5.0003,    4.2100,    3.6426,    3.7782,    3.9043,    4.8103,    5.0848,    4.3158,    2.4458,    1.8269,    1.6592,    1.6860,    2.3728,    0.9516,    1.1483,    1.2830,    1.2868,    1.3675,    1.3665,    1.3918,    1.3744,    1.3665,    1.2906,    1.3131,    1.2528,    0.9188,    0.8737,    0.8169,    0.8145,    0.7869,    0.7182,    0.7744,    0.7728,    0.7806,    0.7962,    0.8265,    0.8498,    0.9171,    0.9103,    0.8619,    0.8876,    0.8807,    0.8561,    0.8370,    0.8248,    0.7819,    0.7648,    0.7513,    0.7397,    1.9202,    1.8175,    1.7421,    1.6663,    1.5937,    1.5371,    1.5082,    1.4373,    1.4337,    1.3639,    1.3450,    1.2788,    1.8448,    1.6705,    1.5346,    1.4721,    1.3087,    1.1963,    1.0493,    0.9542,    0.8575,    0.7768,    0.7112,    0.6427,    1.6626,    1.2535,    0.8840,    0.6422,    0.4751,    0.3416,    0.2405,    0.1683,    0.1182,    0.0817,    0.0564,    0.0391,    0.0919,    0.0461,    0.0858,    0.1046,    0.1175,    0.1089,    0.1198,    0.1357,    0.1196,    0.1647,    0.1456,    0.1594,    0.1757,    0.1431,    0.2077,    0.2298,    0.1877,    0.1992,    0.2039,    0.2224,    0.2503,    0.1851,    0.2975,    0.3137,    0.3860,    0.4127,    0.4271,    0.4541,    0.4600,    0.4797,    0.4781,    0.5197,    0.5465,    0.5388,    0.5911,    0.6020,    1.0264,    1.1210,    1.1755,    1.2102,    1.2267,    1.3358,    1.2593,    1.3353,    1.2847,    1.3705,    1.2990,    1.3905,    2.9983,    2.9512,    3.0269,    3.0665,    3.0953,    2.9752,    3.0797,    3.1583,    3.2225,    2.9961,    2.9533,    3.0669,    7.7530,    7.2224,    7.1419,    6.9269,    6.3997,    6.0035,    5.2718,    4.8515,    4.6650,    4.0907,    3.1441,    2.9220,    2.2547,    1.9539,    1.4914,    1.4254,    0.9625,    0.6997,    0.5665,    0.2279,    0.2014,    0.1434,    0.0499,    0.0407,    0.0154,    0.0585,    0.1243,    0.2069,    0.3009,    0.4017,    0.5054,    0.3966,    0.0277,    0.0176,    0.1050,    1.0821,    0.8124,    0.2075,    0.2001,    0.1726,    1.3410,    2.5257,    2.9292,    2.2817,    2.3577,    2.4893,    2.4463,    2.6865,    0.9931,    1.0514,    1.0425,    1.0931,    1.0828,    1.1404,    1.2591,    1.2170,    1.2738,    1.3079,    1.3501,    1.3718,    1.0240,    0.9983,    0.9700,    0.9618,    0.9467,    0.9144,    0.9271,    0.9200,    0.9167,    0.9168,    0.9258,    0.9338,    0.9874,    0.9497,    0.9337,    0.8870,    0.8815,    0.8894,    0.8524,    0.7947,    0.8087,    0.7726,    0.7502,    0.7362,    2.1413,    2.1950,    2.1050,    2.0873,    1.9998,    1.9387,    1.8675,    1.7843,    1.7096,    1.6305,    1.5181,    1.4455,    1.9806,    1.7524,    1.6180,    1.5843,    1.5256,    1.3951,    1.3136,    1.1987,    1.1005,    1.0013,    0.9105,    0.8261,    2.0442,    1.4705,    1.0977,    0.7938,    0.5508,    0.3633,    0.2574,    0.1698,    0.1223,    0.0860,    0.0589,    0.0401,    0.0055,    0.0000,    0.0159,    0.0256,    0.0291,    0.0265,    0.0298,    0.0355,    0.0316,    0.0436,    0.0385,    0.0338,    0.0371,    0.0301,    0.0435,    0.0474,    0.0489,    0.0296,    0.0031,    0.0074,    0.0397,    0.0498,    0.0850,    0.0892,    0.1105,    0.1182,    0.1224,    0.1300,    0.1571,    0.1605,    0.1474,    0.1340,    0.1177,    0.1417,    0.1982,    0.2016,    0.3600,    0.3932,    0.4118,    0.4170,    0.4087,    0.4540,    0.4365,    0.5116,    0.4701,    0.5330,    0.5039,    0.5360,    1.1615,    1.1323,    1.1772,    1.1551,    1.1625,    1.1208,    1.1603,    1.1899,    1.2141,    1.1283,    1.1126,    1.1554,    2.9204,    2.4150,    2.3878,    2.3155,    2.1389,    2.0060,    1.7610,    1.6201,    1.5572,    1.3648,    1.0484,    0.9738,    0.7508,    1.0596,    0.8080,    0.7713,    0.5201,    0.3775,    0.3051,    0.1225,    0.1080,    0.0767,    0.0266,    0.0216
  995,    1.0000,  222.1450,    0.0592,  142.1444,  139.5773,   -0.9811,   -0.9774,  158.4330,  210.6149,  211.6175,  212.6307,  213.5923,  214.7160,  215.9931,  217.4827,  218.9901,  220.5945,  222.5906,  225.0026,  228.3002,  232.2723,  236.4010,  239.2125,  239.8058,  238.5953,  236.3990,  233.9068,  231.8968,  229.8911,  228.3953,  226.5064,  225.9020,    0.0875,    0.3316,    0.7014,    1.1608,    1.6784,    2.2276,    2.7852,    3.0547,    2.9392,    3.3175,    3.7753,    5.1833,    4.2891,    3.4789,    3.6081,    3.7334,    4.9111,    5.2237,    4.3751,    2.1891,    1.4831,    1.3333,    1.3634,    2.2204,    0.9275,    1.1510,    1.2966,    1.3018,    1.3875,    1.3887,    1.4228,    1.3941,    1.3923,    1.3192,    1.3462,    1.3025,    0.9643,    0.9225,    0.8675,    0.8654,    0.8382,    0.7703,    0.8251,    0.8231,    0.8300,    0.8434,    0.8697,    0.8894,    0.9512,    0.9392,    0.8985,    0.9150,    0.9079,    0.8831,    0.8644,    0.8503,    0.8072,    0.7907,    0.7773,    0.7658,    1.9920,    1.8832,    1.8068,    1.7243,    1.6502,    1.5910,    1.5618,    1.4893,    1.4872,    1.4157,    1.4012,    1.3332,    1.9334,    1.7539,    1.6130,    1.5474,    1.3721,    1.2558,    1.0975,    0.9990,    0.8980,    0.8142,    0.7465,    0.6752,    1.7531,    1.3315,    0.9379,    0.6838,    0.5107,    0.3710,    0.2622,    0.1846,    0.1301,    0.0902,    0.0626,    0.0435,    0.0917,    0.0458,    0.0863,    0.1054,    0.1184,    0.1098,    0.1208,    0.1370,    0.1208,    0.1662,    0.1470,    0.1604,    0.1769,    0.1440,    0.2090,    0.2313,    0.1894,    0.1997,    0.2034,    0.2219,    0.2512,    0.1868,    0.3007,    0.3171,    0.3902,    0.4171,    0.4317,    0.4589,    0.4660,    0.4858,    0.4833,    0.5239,    0.5497,    0.5433,    0.5985,    0.6096,    1.0397,    1.1355,    1.1906,    1.2254,    1.2413,    1.3523,    1.2753,    1.3544,    1.3017,    1.3906,    1.3180,    1.4107,    3.0421,    2.9937,    3.0714,    3.1087,    3.1377,    3.0162,    3.1221,    3.2018,    3.2669,    3.0374,    2.9941,    3.1093,    7.8601,    7.2940,    7.2128,    6.9958,    6.4636,    6.0637,    5.3249,    4.9007,    4.7126,    4.1327,    3.1767,    2.9525,    2.2786,    1.9802,    1.5119,    1.4453,    0.9763,    0.7100,    0.5750,    0.2314,    0.2046,    0.1458,    0.0507,    0.0414,    0.0197,    0.0751,    0.1599,    0.2665,    0.3882,    0.5192,    0.6543,    0.5258,    0.0360,    0.0229,    0.1439,    1.4070,    1.0709,    0.2643,    0.2548,    0.2201,    1.7396,    3.0881,    3.4599,    2.5849,    2.5492,    2.6601,    2.6129,    2.9821,    1.1159,    1.1907,    1.1883,    1.2198,    1.1945,    1.2312,    1.2918,    1.2398,    1.2832,    1.2900,    1.3263,    1.3286,    0.9872,    0.9599,    0.9303,    0.9221,    0.9067,    0.8732,    0.8875,    0.8807,    0.8781,    0.8793,    0.8903,    0.9015,    0.9637,    0.9432,    0.9157,    0.9057,    0.8981,    0.9014,    0.8742,    0.8435,    0.8536,    0.8305,    0.8141,    0.8016,    2.2535,    2.2237,    2.1361,    2.0602,    1.9736,    1.8881,    1.8151,    1.7333,    1.6774,    1.5987,    1.5343,    1.4611,    2.0961,    1.8873,    1.7382,    1.6613,    1.5413,    1.4122,    1.2787,    1.1661,    1.0541,    0.9581,    0.8739,    0.7922,    2.0054,    1.4861,    1.0772,    0.7820,    0.5649,    0.3926,    0.2783,    0.1892,    0.1347,    0.0939,    0.0645,    0.0448,    0.0035,    0.0000,    0.0103,    0.0160,    0.0181,    0.0165,    0.0186,    0.0226,    0.0201,    0.0277,    0.0245,    0.0200,    0.0220,    0.0179,    0.0257,    0.0281,    0.0314,    0.0190,    0.0020,    0.0047,    0.0255,    0.0320,    0.0555,    0.0582,    0.0722,    0.0772,    0.0799,    0.0849,    0.1084,    0.1107,    0.1017,    0.0925,    0.0812,    0.0978,    0.1368,    0.1391,    0.2499,    0.2730,    0.2859,    0.2895,    0.2837,    0.3152,    0.3030,    0.3668,    0.3371,    0.3822,    0.3614,    0.3844,    0.8330,    0.8120,    0.8442,    0.8194,    0.8246,    0.7951,    0.8231,    0.8441,    0.8612,    0.8004,    0.7893,    0.8196,    2.0717,    1.6415,    1.6231,    1.5740,    1.4539,    1.3636,    1.1971,    1.1013,    1.0586,    0.9279,    0.7128,    0.6621,    0.5105,    0.8296,    0.6327,    0.6040,    0.4073,    0.2957,    0.2390,    0.0959,    0.0846,    0.0601,    0.0208,    0.0169
 1322,    1.2500,  218.9670,    0.0535,  143.0828,  140.4173,   -0.9753,   -0.9685,  158.4330,  213.3499,  214.3084,  215.2856,  216.2031,  217.2749,  218.5023,  219.8894,  221.2986,  222.9059,  224.8942,  227.3970,  230.7020,  234.7182,  238.7032,  240.9064,  240.4982,  238.1936,  234.9310,  231.6781,  229.1683,  227.0895,  225.5467,  223.4934,  222.9689,    0.0901,    0.3414,    0.7219,    1.1944,    1.7265,    2.2906,    2.8631,    3.1015,    2.8521,    3.2180,    3.6967,    5.3167,    4.3380,    3.2995,    3.4204,    3.5424,    4.9725,    5.3140,    4.4260,    2.0099,    1.2231,    1.0915,    1.1223,    2.1337,    0.9197,    1.1601,    1.3110,    1.3161,    1.4025,    1.4045,    1.4417,    1.4010,    1.4039,    1.3316,    1.3620,    1.3340,    0.9958,    0.9574,    0.9042,    0.9024,    0.8754,    0.8083,    0.8620,    0.8597,    0.8661,    0.8777,    0.9001,    0.9168,    0.9736,    0.9579,    0.9240,    0.9339,    0.9265,    0.9019,    0.8840,    0.8692,    0.8261,    0.8104,    0.7974,    0.7859,    2.0439,    1.9285,    1.8514,    1.7650,    1.6899,    1.6299,    1.6008,    1.5272,    1.5254,    1.4528,    1.4401,    1.3708,    1.9965,    1.8150,    1.6703,    1.6004,    1.4161,    1.2969,    1.1322,    1.0313,    0.9281,    0.8421,    0.7725,    0.6993,    1.8174,    1.3859,    0.9761,    0.7133,    0.5356,    0.3922,    0.2779,    0.1968,    0.1389,    0.0966,    0.0672,    0.0469,    0.0916,    0.0456,    0.0865,    0.1057,    0.1188,    0.1101,    0.1212,    0.1375,    0.1212,    0.1669,    0.1476,    0.1608,    0.1773,    0.1444,    0.2095,    0.2318,    0.1901,    0.1998,    0.2030,    0.2215,    0.2515,    0.1876,    0.3021,    0.3185,    0.3920,    0.4191,    0.4338,    0.4611,    0.4690,    0.4888,    0.4859,    0.5259,    0.5512,    0.5454,    0.6022,    0.6134,    1.0464,    1.1428,    1.1983,    1.2331,    1.2486,    1.3605,    1.2834,    1.3647,    1.3108,    1.4014,    1.3282,    1.4215,    3.0655,    3.0164,    3.0952,    3.1309,    3.1600,    3.0377,    3.1444,    3.2247,    3.2902,    3.0591,    3.0155,    3.1315,    7.9163,    7.3285,    7.2471,    7.0292,    6.4946,    6.0929,    5.3507,    4.9247,    4.7359,    4.1533,    3.1927,    2.9677,    2.2905,    1.9971,    1.5251,    1.4582,    0.9852,    0.7166,    0.5806,    0.2337,    0.2067,    0.1474,    0.0513,    0.0419,    0.0236,    0.0900,    0.1920,    0.3203,    0.4672,    0.6256,    0.7895,    0.6479,    0.0437,    0.0278,    0.1829,    1.6997,    1.3087,    0.3133,    0.3019,    0.2610,    2.0889,    3.5029,    3.8023,    2.7719,    2.6246,    2.7135,    2.6627,    3.1428,    1.1834,    1.2668,    1.2720,    1.2883,    1.2580,    1.2776,    1.2946,    1.2367,    1.2677,    1.2513,    1.2819,    1.2677,    0.9377,    0.9096,    0.8797,    0.8715,    0.8562,    0.8226,    0.8375,    0.8308,    0.8285,    0.8304,    0.8426,    0.8562,    0.9235,    0.9163,    0.8800,    0.8963,    0.8873,    0.8851,    0.8652,    0.8535,    0.8556,    0.8410,    0.8287,    0.8172,    2.2330,    2.1440,    2.0594,    1.9526,    1.8686,    1.7741,    1.7024,    1.6237,    1.5783,    1.5027,    1.4670,    1.3960,    2.0672,    1.8847,    1.7320,    1.6229,    1.4647,    1.3414,    1.1845,    1.0783,    0.9653,    0.8758,    0.7991,    0.7231,    1.8501,    1.3934,    0.9867,    0.7156,    0.5301,    0.3832,    0.2711,    0.1893,    0.1331,    0.0921,    0.0635,    0.0446,    0.0023,    0.0000,    0.0067,    0.0100,    0.0113,    0.0103,    0.0116,    0.0144,    0.0128,    0.0177,    0.0156,    0.0119,    0.0130,    0.0106,    0.0153,    0.0167,    0.0202,    0.0122,    0.0013,    0.0031,    0.0164,    0.0206,    0.0363,    0.0380,    0.0472,    0.0504,    0.0522,    0.0555,    0.0749,    0.0765,    0.0702,    0.0639,    0.0561,    0.0676,    0.0945,    0.0961,    0.1737,    0.1898,    0.1987,    0.2012,    0.1972,    0.2191,    0.2106,    0.2633,    0.2420,    0.2744,    0.2594,    0.2759,    0.5979,    0.5829,    0.6060,    0.5820,    0.5857,    0.5647,    0.5846,    0.5995,    0.6117,    0.5685,    0.5606,    0.5821,    1.4714,    1.1197,    1.1071,    1.0737,    0.9918,    0.9302,    0.8166,    0.7513,    0.7222,    0.6330,    0.4863,    0.4517,    0.3483,    0.6510,    0.4965,    0.4740,    0.3197,    0.2321,    0.1876,    0.0753,    0.0664,    0.0472,    0.0164,    0.0133
 1645,    1.5000,  215.4980,    0.0506,  143.6063,  140.8550,   -0.9769,   -0.7998,  158.4330,  215.4470,  216.3785,  217.3331,  218.1799,  219.1835,  220.3884,  221.6864,  223.0558,  224.6802,  226.6946,  229.2947,  232.7113,  236.7041,  240.4091,  241.8945,  240.3866,  237.0034,  232.8082,  228.8919,  225.9840,  223.7607,  222.2015,  220.2215,  219.5989,    0.0922,    0.3494,    0.7386,    1.2215,    1.7650,    2.3406,    2.9244,    3.1362,    2.7587,    3.1108,    3.6091,    5.4149,    4.3681,    3.1167,    3.2286,    3.3457,    5.0104,    5.3779,    4.4728,    1.8869,    1.0221,    0.9069,    0.9375,    2.0890,    0.9210,    1.1722,    1.3258,    1.3303,    1.4158,    1.4176,    1.4548,    1.4021,    1.4086,    1.3356,    1.3684,    1.3545,    1.0186,    0.9837,    0.9324,    0.9309,    0.9042,    0.8378,    0.8906,    0.8879,    0.8940,    0.9038,    0.9227,    0.9371,    0.9895,    0.9714,    0.9433,    0.9485,    0.9408,    0.9163,    0.8993,    0.8844,    0.8412,    0.8262,    0.8135,    0.8020,    2.0836,    1.9629,    1.8851,    1.7965,    1.7207,    1.6605,    1.6316,    1.5571,    1.5553,    1.4818,    1.4699,    1.3996,    2.0446,    1.8622,    1.7146,    1.6407,    1.4498,    1.3283,    1.1595,    1.0567,    0.9521,    0.8644,    0.7932,    0.7184,    1.8678,    1.4279,    1.0061,    0.7364,    0.5548,    0.4087,    0.2901,    0.2065,    0.1459,    0.1016,    0.0709,    0.0495,    0.0914,    0.0455,    0.0865,    0.1059,    0.1190,    0.1103,    0.1214,    0.1378,    0.1214,    0.1672,    0.1478,    0.1610,    0.1775,    0.1445,    0.2097,    0.2320,    0.1904,    0.1997,    0.2027,    0.2211,    0.2516,    0.1879,    0.3028,    0.3192,    0.3929,    0.4200,    0.4347,    0.4621,    0.4705,    0.4903,    0.4872,    0.5268,    0.5518,    0.5464,    0.6040,    0.6152,    1.0498,    1.1465,    1.2022,    1.2369,    1.2523,    1.3647,    1.2874,    1.3702,    1.3156,    1.4072,    1.3337,    1.4273,    3.0781,    3.0286,    3.1080,    3.1425,    3.1716,    3.0490,    3.1561,    3.2367,    3.3025,    3.0705,    3.0267,    3.1432,    7.9458,    7.3452,    7.2637,    7.0454,    6.5097,    6.1073,    5.3634,    4.9365,    4.7474,    4.1636,    3.2008,    2.9754,    2.2966,    2.0081,    1.5336,    1.4666,    0.9911,    0.7211,    0.5843,    0.2353,    0.2082,    0.1484,    0.0517,    0.0423,    0.0271,    0.1036,    0.2210,    0.3691,    0.5387,    0.7220,    0.9119,    0.7627,    0.0507,    0.0323,    0.2216,    1.9623,    1.5253,    0.3552,    0.3420,    0.2959,    2.3899,    3.7930,    3.9986,    2.8785,    2.6278,    2.6961,    2.6419,    3.2112,    1.2115,    1.2970,    1.3098,    1.3145,    1.2860,    1.2918,    1.2782,    1.2177,    1.2377,    1.2019,    1.2269,    1.1992,    0.8830,    0.8545,    0.8250,    0.8168,    0.8017,    0.7686,    0.7834,    0.7769,    0.7748,    0.7771,    0.7899,    0.8052,    0.8752,    0.8777,    0.8351,    0.8692,    0.8593,    0.8519,    0.8371,    0.8378,    0.8310,    0.8216,    0.8118,    0.8011,    2.1384,    2.0129,    1.9317,    1.8112,    1.7309,    1.6349,    1.5659,    1.4913,    1.4520,    1.3804,    1.3609,    1.2934,    1.9575,    1.8003,    1.6509,    1.5220,    1.3451,    1.2298,    1.0675,    0.9696,    0.8619,    0.7801,    0.7111,    0.6420,    1.6490,    1.2515,    0.8692,    0.6278,    0.4722,    0.3517,    0.2478,    0.1770,    0.1230,    0.0845,    0.0585,    0.0412,    0.0015,    0.0000,    0.0043,    0.0062,    0.0071,    0.0065,    0.0073,    0.0092,    0.0082,    0.0113,    0.0100,    0.0071,    0.0078,    0.0063,    0.0091,    0.0099,    0.0130,    0.0079,    0.0008,    0.0020,    0.0106,    0.0132,    0.0237,    0.0249,    0.0308,    0.0330,    0.0342,    0.0363,    0.0518,    0.0529,    0.0486,    0.0442,    0.0389,    0.0467,    0.0654,    0.0665,    0.1209,    0.1321,    0.1383,    0.1400,    0.1373,    0.1525,    0.1466,    0.1892,    0.1739,    0.1971,    0.1864,    0.1983,    0.4296,    0.4188,    0.4354,    0.4139,    0.4165,    0.4016,    0.4158,    0.4264,    0.4350,    0.4043,    0.3987,    0.4140,    1.0465,    0.7664,    0.7578,    0.7349,    0.6789,    0.6367,    0.5590,    0.5143,    0.4944,    0.4333,    0.3329,    0.3093,    0.2385,    0.5119,    0.3905,    0.3728,    0.2515,    0.1826,    0.1476,    0.0593,    0.0523,    0.0371,    0.0129,    0.0105
 1901,    1.7500,  212.0982,    0.0490,  143.8718,  141.0860,   -0.9435,   -0.8545,  158.4330,  217.0720,  217.9926,  218.9190,  219.7057,  220.7050,  221.7949,  223.0783,  224.4002,  226.0927,  228.1129,  230.8032,  234.3770,  238.3124,  241.6950,  242.3016,  239.6941,  235.3922,  230.4023,  225.8811,  222.5951,  220.2913,  218.7932,  216.7929,  216.2694,    0.0940,    0.3562,    0.7525,    1.2440,    1.7967,    2.3816,    2.9743,    3.1649,    2.6687,    3.0075,    3.5254,    5.4897,    4.3893,    2.9450,    3.0484,    3.1607,    5.0362,    5.4245,    4.5128,    1.8058,    0.8667,    0.7657,    0.7957,    2.0698,    0.9262,    1.1840,    1.3391,    1.3425,    1.4268,    1.4280,    1.4633,    1.3992,    1.4082,    1.3332,    1.3672,    1.3663,    1.0350,    1.0038,    0.9549,    0.9538,    0.9274,    0.8616,    0.9137,    0.9107,    0.9163,    0.9243,    0.9396,    0.9518,    1.0003,    0.9804,    0.9576,    0.9590,    0.9510,    0.9268,    0.9106,    0.8958,    0.8522,    0.8379,    0.8253,    0.8139,    2.1122,    1.9885,    1.9103,    1.8213,    1.7448,    1.6852,    1.6566,    1.5814,    1.5791,    1.5048,    1.4924,    1.4214,    2.0794,    1.8963,    1.7466,    1.6701,    1.4751,    1.3519,    1.1813,    1.0770,    0.9718,    0.8826,    0.8101,    0.7340,    1.9073,    1.4594,    1.0296,    0.7543,    0.5690,    0.4205,    0.2988,    0.2135,    0.1509,    0.1053,    0.0736,    0.0515,    0.0912,    0.0454,    0.0865,    0.1059,    0.1190,    0.1103,    0.1215,    0.1379,    0.1215,    0.1673,    0.1480,    0.1610,    0.1775,    0.1445,    0.2098,    0.2321,    0.1906,    0.1996,    0.2025,    0.2208,    0.2515,    0.1881,    0.3031,    0.3195,    0.3932,    0.4204,    0.4351,    0.4626,    0.4712,    0.4911,    0.4878,    0.5272,    0.5520,    0.5469,    0.6050,    0.6162,    1.0515,    1.1484,    1.2041,    1.2389,    1.2541,    1.3667,    1.2895,    1.3731,    1.3181,    1.4103,    1.3366,    1.4304,    3.0848,    3.0351,    3.1148,    3.1486,    3.1778,    3.0549,    3.1622,    3.2430,    3.3089,    3.0765,    3.0326,    3.1493,    7.9615,    7.3534,    7.2719,    7.0534,    6.5172,    6.1144,    5.3698,    4.9425,    4.7533,    4.1689,    3.2050,    2.9794,    2.2998,    2.0152,    1.5393,    1.4722,    0.9950,    0.7240,    0.5868,    0.2364,    0.2092,    0.1492,    0.0520,    0.0425,    0.0302,    0.1156,    0.2468,    0.4124,    0.6024,    0.8077,    1.0207,    0.8682,    0.0572,    0.0364,    0.2593,    2.1913,    1.7176,    0.3915,    0.3767,    0.3261,    2.6404,    3.9757,    4.0835,    2.9349,    2.5953,    2.6456,    2.5883,    3.2210,    1.2130,    1.2953,    1.3142,    1.3107,    1.2878,    1.2832,    1.2499,    1.1895,    1.1999,    1.1486,    1.1685,    1.1297,    0.8282,    0.7998,    0.7711,    0.7627,    0.7481,    0.7163,    0.7303,    0.7239,    0.7218,    0.7244,    0.7373,    0.7538,    0.8246,    0.8338,    0.7869,    0.8319,    0.8214,    0.8095,    0.7981,    0.8062,    0.7915,    0.7849,    0.7765,    0.7664,    2.0084,    1.8644,    1.7866,    1.6629,    1.5865,    1.4930,    1.4272,    1.3570,    1.3212,    1.2541,    1.2425,    1.1790,    1.8098,    1.6739,    1.5315,    1.3935,    1.2129,    1.1062,    0.9492,    0.8599,    0.7604,    0.6863,    0.6245,    0.5622,    1.4439,    1.0974,    0.7501,    0.5385,    0.4079,    0.3102,    0.2174,    0.1582,    0.1085,    0.0741,    0.0514,    0.0362,    0.0010,    0.0000,    0.0028,    0.0039,    0.0044,    0.0041,    0.0046,    0.0059,    0.0052,    0.0072,    0.0064,    0.0042,    0.0046,    0.0038,    0.0054,    0.0059,    0.0084,    0.0051,    0.0006,    0.0013,    0.0068,    0.0085,    0.0155,    0.0163,    0.0202,    0.0216,    0.0224,    0.0238,    0.0359,    0.0366,    0.0337,    0.0306,    0.0270,    0.0324,    0.0452,    0.0460,    0.0842,    0.0920,    0.0964,    0.0976,    0.0957,    0.1062,    0.1021,    0.1361,    0.1251,    0.1418,    0.1341,    0.1426,    0.3090,    0.3012,    0.3132,    0.2948,    0.2966,    0.2860,    0.2961,    0.3037,    0.3098,    0.2879,    0.2839,    0.2948,    0.7453,    0.5263,    0.5204,    0.5047,    0.4662,    0.4373,    0.3839,    0.3532,    0.3395,    0.2976,    0.2287,    0.2124,    0.1638,    0.4034,    0.3077,    0.2938,    0.1982,    0.1439,    0.1163,    0.0467,    0.0412,    0.0293,    0.0102,    0.0083
 2111,    2.0000,  208.8773,    0.0481,  144.0776,  141.2101,   -0.9652,   -0.9770,  158.4330,  218.4405,  219.3875,  220.2084,  220.9851,  221.8756,  222.9979,  224.2116,  225.6008,  227.2176,  229.3986,  232.1959,  235.7987,  239.6968,  242.5964,  242.3637,  238.6940,  233.4646,  227.7981,  222.8057,  219.2973,  216.9094,  215.4254,  213.4732,  212.9990,    0.0956,    0.3620,    0.7645,    1.2633,    1.8237,    2.4164,    3.0163,    3.1905,    2.5844,    2.9109,    3.4488,    5.5497,    4.4068,    2.7873,    2.8829,    2.9905,    5.0575,    5.4643,    4.5503,    1.7549,    0.7449,    0.6559,    0.6852,    2.0671,    0.9336,    1.1956,    1.3519,    1.3542,    1.4375,    1.4378,    1.4705,    1.3960,    1.4067,    1.3283,    1.3629,    1.3731,    1.0472,    1.0196,    0.9730,    0.9721,    0.9461,    0.8812,    0.9323,    0.9291,    0.9344,    0.9408,    0.9527,    0.9633,    1.0087,    0.9876,    0.9694,    0.9681,    0.9597,    0.9357,    0.9202,    0.9056,    0.8615,    0.8476,    0.8352,    0.8239,    2.1359,    2.0100,    1.9314,    1.8421,    1.7651,    1.7058,    1.6773,    1.6015,    1.5991,    1.5242,    1.5114,    1.4397,    2.1083,    1.9246,    1.7731,    1.6947,    1.4965,    1.3719,    1.1997,    1.0941,    0.9883,    0.8979,    0.8243,    0.7471,    1.9409,    1.4863,    1.0496,    0.7696,    0.5812,    0.4306,    0.3063,    0.2195,    0.1552,    0.1084,    0.0759,    0.0531,    0.0911,    0.0453,    0.0865,    0.1059,    0.1191,    0.1104,    0.1215,    0.1379,    0.1216,    0.1674,    0.1480,    0.1611,    0.1776,    0.1445,    0.2098,    0.2321,    0.1906,    0.1995,    0.2022,    0.2206,    0.2514,    0.1881,    0.3032,    0.3197,    0.3934,    0.4206,    0.4353,    0.4628,    0.4716,    0.4914,    0.4881,    0.5274,    0.5521,    0.5470,    0.6054,    0.6166,    1.0523,    1.1493,    1.2051,    1.2398,    1.2549,    1.3678,    1.2905,    1.3747,    1.3195,    1.4120,    1.3382,    1.4320,    3.0884,    3.0386,    3.1185,    3.1518,    3.1810,    3.0581,    3.1655,    3.2463,    3.3123,    3.0796,    3.0357,    3.1526,    7.9697,    7.3575,    7.2759,    7.0574,    6.5210,    6.1180,    5.3730,    4.9455,    4.7563,    4.1717,    3.2072,    2.9815,    2.3016,    2.0199,    1.5430,    1.4759,    0.9976,    0.7261,    0.5885,    0.2371,    0.2099,    0.1497,    0.0522,    0.0427,    0.0331,    0.1264,    0.2699,    0.4512,    0.6592,    0.8842,    1.1177,    0.9656,    0.0634,    0.0402,    0.2960,    2.3920,    1.8884,    0.4235,    0.4072,    0.3526,    2.8479,    4.0775,    4.0919,    2.9585,    2.5443,    2.5792,    2.5191,    3.1934,    1.1974,    1.2734,    1.2969,    1.2876,    1.2723,    1.2599,    1.2153,    1.1570,    1.1595,    1.0956,    1.1110,    1.0629,    0.7757,    0.7477,    0.7200,    0.7116,    0.6976,    0.6678,    0.6803,    0.6739,    0.6717,    0.6742,    0.6872,    0.7044,    0.7750,    0.7887,    0.7390,    0.7901,    0.7793,    0.7638,    0.7546,    0.7667,    0.7456,    0.7404,    0.7328,    0.7231,    1.8680,    1.7170,    1.6426,    1.5210,    1.4487,    1.3592,    1.2967,    1.2308,    1.1972,    1.1345,    1.1265,    1.0672,    1.6529,    1.5340,    1.4003,    1.2607,    1.0849,    0.9868,    0.8398,    0.7587,    0.6679,    0.6012,    0.5457,    0.4900,    1.2552,    0.9519,    0.6418,    0.4575,    0.3472,    0.2677,    0.1865,    0.1377,    0.0933,    0.0633,    0.0439,    0.0309,    0.0006,    0.0000,    0.0018,    0.0025,    0.0028,    0.0025,    0.0029,    0.0038,    0.0033,    0.0046,    0.0041,    0.0025,    0.0028,    0.0022,    0.0032,    0.0035,    0.0054,    0.0033,    0.0004,    0.0009,    0.0044,    0.0055,    0.0102,    0.0107,    0.0132,    0.0142,    0.0147,    0.0156,    0.0248,    0.0254,    0.0233,    0.0213,    0.0187,    0.0225,    0.0314,    0.0319,    0.0588,    0.0642,    0.0672,    0.0681,    0.0668,    0.0741,    0.0713,    0.0980,    0.0901,    0.1021,    0.0965,    0.1027,    0.2225,    0.2169,    0.2255,    0.2102,    0.2116,    0.2040,    0.2112,    0.2166,    0.2210,    0.2054,    0.2025,    0.2103,    0.5315,    0.3625,    0.3585,    0.3476,    0.3211,    0.3012,    0.2644,    0.2433,    0.2339,    0.2050,    0.1575,    0.1463,    0.1129,    0.3185,    0.2429,    0.2320,    0.1565,    0.1137,    0.0919,    0.0369,    0.0326,    0.0231,    0.0080,    0.0065
