Particle       ,data/QEXT_96IR_84_VIS_NC100v2_2umrod
Ncase          ,  14
dt (sols)      ,  0.020833
Qext 0.67um    ,  1.413941
Alb sfc        ,  0.220000
Conrath nu     ,  0.002000
Sun Flux (W/m2),148.393084
BWN IR (cm-1)  ,     10.0000,     34.1670,     58.3330,     82.5000,    106.6670,    130.8330,    155.0000,    179.1670,    203.3330,    227.5000,    251.6670,    275.8330,    300.0000,    320.7880,    341.5750,    362.3630,    383.1500,    403.9380,    424.7250,    445.5130,    466.3010,    487.0880,    507.8760,    528.6630,    549.4510,    556.7420,    564.0330,    571.3240,    578.6150,    585.9060,    593.1970,    600.4880,    607.7790,    615.0700,    622.3610,    629.6520,    636.9430,    642.5500,    648.1570,    653.7640,    659.3700,    664.9770,    670.5840,    676.1910,    681.7980,    687.4050,    693.0110,    698.6180,    704.2250,    710.1390,    716.0530,    721.9670,    727.8810,    733.7950,    739.7090,    745.6240,    751.5380,    757.4520,    763.3660,    769.2800,    775.1940,    791.5010,    807.8070,    824.1140,    840.4210,    856.7270,    873.0340,    889.3410,    905.6470,    921.9540,    938.2610,    954.5670,    970.8740,    996.8050,   1022.7370,   1048.6680,   1074.6000,   1100.5310,   1126.4630,   1152.3940,   1178.3250,   1204.2570,   1230.1880,   1256.1200,   1282.0510,   1360.3990,   1438.7460,   1517.0940,   1595.4410,   1673.7890,   1752.1370,   1830.4840,   1908.8320,   1987.1790,   2065.5270,   2143.8740,   2222.2220
BWN VIS (cm-1) ,   2222.2200,   2294.3160,   2366.4120,   2438.5080,   2510.6030,   2582.6990,   2654.7950,   2726.8910,   2798.9870,   2871.0820,   2943.1780,   3015.2740,   3087.3700,   3165.9750,   3244.5800,   3323.1850,   3401.7900,   3480.3950,   3559.0000,   3637.6050,   3716.2100,   3794.8150,   3873.4200,   3952.0250,   4030.6300,   4142.2920,   4253.9530,   4365.6150,   4477.2770,   4588.9380,   4700.6000,   4812.2620,   4923.9230,   5035.5850,   5147.2470,   5258.9080,   5370.5700,   5560.6150,   5750.6600,   5940.7050,   6130.7500,   6320.7950,   6510.8400,   6700.8850,   6890.9300,   7080.9750,   7271.0200,   7461.0650,   7651.1100,   8055.1840,   8459.2580,   8863.3330,   9267.4070,   9671.4810,  10075.5550,  10479.6290,  10883.7030,  11287.7780,  11691.8520,  12095.9260,  12500.0000,  13541.6670,  14583.3330,  15625.0000,  16666.6670,  17708.3330,  18750.0000,  19791.6670,  20833.3330,  21875.0000,  22916.6670,  23958.3330,  25000.0000,  26388.8890,  27777.7780,  29166.6670,  30555.5570,  31944.4460,  33333.3350,  34722.2240,  36111.1130,  37500.0030,  38888.8920,  40277.7810,  41666.6700
SUN VIS (W/m2) ,      0.1008,      0.0862,      0.0968,      0.1089,      0.1224,      0.1136,      0.1248,      0.1400,      0.1233,      0.1698,      0.1502,      0.1645,      0.1814,      0.1477,      0.2144,      0.2377,      0.1946,      0.2106,      0.2276,      0.2472,      0.2683,      0.1918,      0.3072,      0.3239,      0.3986,      0.4261,      0.4410,      0.4688,      0.4810,      0.5017,      0.5013,      0.5485,      0.5772,      0.5665,      0.6183,      0.6303,      1.0809,      1.1806,      1.2379,      1.2751,      1.2949,      1.4092,      1.3262,      1.4132,      1.3634,      1.4505,      1.3747,      1.4716,      3.1730,      3.1258,      3.2038,      3.2543,      3.2846,      3.1576,      3.2685,      3.3520,      3.4202,      3.1800,      3.1347,      3.2554,      8.2299,      7.8425,      7.7561,      7.5237,      6.9524,      6.5235,      5.7299,      5.2748,      5.0739,      4.4511,      3.4228,      3.1828,      2.4579,      2.2644,      1.7312,      1.6575,      1.1215,      0.8173,      0.6634,      0.2677,      0.2374,      0.1697,      0.0593,      0.0486
================
wavelenght [um],    0.244068,    0.252632,    0.261818,    0.271698,    0.282353,    0.293878,    0.306383,    0.320000,    0.334884,    0.351220,    0.369231,    0.389189,    0.408511,    0.426667,    0.446512,    0.468293,    0.492308,    0.518919,    0.548571,    0.581818,    0.619355,    0.662069,    0.711111,    0.768000,    0.813143,    0.840768,    0.870336,    0.902060,    0.936184,    0.972991,    1.012810,    1.056028,    1.103099,    1.154562,    1.211061,    1.273375,    1.323436,    1.357581,    1.393534,    1.431444,    1.471474,    1.513807,    1.558648,    1.606226,    1.656801,    1.710664,    1.768147,    1.829628,    1.881560,    1.921939,    1.964090,    2.008131,    2.054193,    2.102417,    2.152960,    2.205992,    2.261704,    2.320302,    2.382017,    2.447105,    2.505432,    2.555765,    2.608162,    2.662752,    2.719677,    2.779088,    2.841153,    2.906054,    2.973989,    3.045176,    3.119855,    3.198288,    3.277268,    3.356577,    3.439819,    3.527294,    3.619334,    3.716307,    3.818620,    3.926726,    4.041130,    4.162400,    4.291175,    4.428172,    4.580751,    4.751270,    4.934974,    5.133456,    5.348572,    5.582505,    5.837838,    6.117648,    6.425631,    6.766266,    7.145039,    7.568734,    7.879690,    8.044056,    8.215425,    8.394255,    8.581043,    8.776330,    8.980716,    9.194848,    9.419442,    9.655282,    9.903235,   10.164260,   10.387231,   10.566200,   10.751445,   10.943308,   11.142136,   11.348323,   11.562291,   11.784476,   12.015368,   12.255495,   12.505409,   12.765727,   12.949392,   13.049328,   13.150818,   13.253898,   13.358608,   13.464994,   13.573088,   13.682923,   13.794549,   13.908012,   14.023357,   14.140631,   14.256763,   14.371646,   14.488386,   14.607038,   14.727660,   14.850291,   14.974981,   15.101782,   15.230738,   15.361915,   15.495384,   15.631191,   15.790367,   15.974275,   16.162517,   16.355249,   16.552633,   16.754839,   16.962047,   17.174443,   17.392227,   17.615605,   17.844795,   18.080028,   18.550914,   19.294981,   20.101230,   20.977796,   21.934298,   22.982219,   24.135264,   25.410119,   26.827165,   28.411593,   30.194923,   32.217118,   34.732292,   37.914692,   41.739101,   46.421699,   52.287582,   59.850314,   69.970927,   84.210526,  105.726686,  142.012170,  216.216216,  452.826771
Qext           ,      1.1730,      1.1730,      1.1730,      1.1730,      1.1730,      1.1730,      1.1730,      1.1730,      1.1730,      1.1730,      1.1730,      1.4139,      1.4139,      1.4139,      1.4139,      1.4139,      1.4139,      1.4139,      1.4139,      1.4139,      1.4139,      1.4139,      1.4139,      1.2185,      1.2185,      1.2185,      1.2185,      1.2185,      1.2185,      1.2185,      1.2185,      1.2185,      1.2185,      1.2261,      1.2261,      1.2261,      1.2261,      1.2261,      1.2261,      1.2261,      1.2261,      1.3827,      1.3827,      1.3827,      1.3827,      1.3827,      1.3827,      1.3827,      1.4701,      1.4701,      1.4701,      1.4701,      1.4701,      1.4701,      1.4701,      1.4701,      1.7463,      1.7463,      1.7463,      1.7463,      1.7463,      1.7463,      1.5613,      1.5613,      1.5613,      1.5613,      1.5613,      1.5613,      1.4010,      1.4010,      1.4010,      1.4010,      1.4010,      1.3679,      1.3679,      1.3679,      1.3679,      1.6840,      1.6840,      1.6840,      1.6840,      2.0650,      2.0650,      2.0650,      2.1291,      2.1291,      2.1368,      2.1368,      1.9030,      1.5360,      1.5360,      1.6224,      1.8085,      1.6541,      1.6763,      1.9359,      2.0519,      2.0519,      2.1391,      2.1391,      1.9438,      1.9438,      1.9645,      1.9645,      1.9784,      1.8578,      1.8578,      2.1328,      2.1061,      2.1061,      1.9451,      1.9451,      1.9676,      1.9676,      1.5527,      1.4449,      1.4449,      1.5048,      1.5048,      1.5547,      1.5982,      1.5982,      1.5982,      1.5982,      1.7446,      1.7446,      1.7446,      2.1226,      2.1226,      2.1226,      2.3589,      2.3589,      2.3589,      2.4461,      2.4461,      2.4461,      2.3627,      2.3627,      2.3627,      2.1792,      2.1792,      2.1792,      2.0567,      2.0567,      2.0567,      2.2880,      2.2880,      2.7237,      2.7237,      2.7019,      2.3889,      2.3889,      2.2036,      2.2036,      1.9646,      1.7420,      1.7079,      1.8710,      2.8881,      4.1377,      3.7918,      2.4425,      2.2278,      1.4350,      0.8277,      0.3801,      0.1984,      0.2114,      0.4872,      1.3746,      1.2333,      1.1307,      1.7465,      2.4556,      2.4556,      2.4556,      2.4556,      2.4556,      2.4556,      2.4556
Qscat          ,      0.5767,      0.5767,      0.5767,      0.5767,      0.5767,      0.5767,      0.5767,      0.5767,      0.5767,      0.5767,      0.5767,      0.4672,      0.4672,      0.4672,      0.4672,      0.4672,      0.4672,      0.4672,      0.4672,      0.4672,      0.4672,      0.4672,      0.4672,      0.2347,      0.2347,      0.2347,      0.2347,      0.2347,      0.2347,      0.2347,      0.2347,      0.2347,      0.2347,      0.1718,      0.1718,      0.1718,      0.1718,      0.1718,      0.1718,      0.1718,      0.1718,      0.1719,      0.1719,      0.1719,      0.1719,      0.1719,      0.1719,      0.1719,      0.1591,      0.1591,      0.1591,      0.1591,      0.1591,      0.1591,      0.1591,      0.1591,      0.1766,      0.1766,      0.1766,      0.1766,      0.1766,      0.1766,      0.1559,      0.1559,      0.1559,      0.1559,      0.1559,      0.1559,      0.1487,      0.1487,      0.1487,      0.1487,      0.1487,      0.1576,      0.1576,      0.1576,      0.1576,      0.1901,      0.1901,      0.1901,      0.1901,      0.2209,      0.2209,      0.2209,      0.2205,      0.2205,      0.3174,      0.3174,      0.2866,      0.2861,      0.2861,      0.2680,      0.3207,      0.4374,      0.4392,      0.4373,      0.4919,      0.4919,      0.5073,      0.5073,      0.5466,      0.5466,      0.5961,      0.5961,      0.6520,      0.7514,      0.7514,      0.8228,      0.7745,      0.7745,      0.8227,      0.8227,      1.0370,      1.0370,      1.0999,      1.1405,      1.1405,      1.1157,      1.1157,      1.0458,      1.0114,      1.0114,      1.0114,      1.0114,      0.9623,      0.9623,      0.9623,      0.9564,      0.9564,      0.9564,      0.9226,      0.9226,      0.9226,      0.9587,      0.9587,      0.9587,      1.0095,      1.0095,      1.0095,      1.0466,      1.0466,      1.0466,      1.1837,      1.1837,      1.1837,      1.4524,      1.4524,      1.8892,      1.8892,      1.6796,      1.2906,      1.2906,      1.1369,      1.1369,      0.9782,      0.9444,      0.9092,      0.9565,      1.3209,      1.8724,      2.2329,      2.4423,      1.8640,      0.8650,      0.5567,      0.3801,      0.1984,      0.2114,      0.4871,      1.3745,      1.2331,      1.1306,      1.7463,      2.4554,      2.4554,      2.4554,      2.4554,      2.4554,      2.4554,      2.4554
G factor       ,      0.4720,      0.4720,      0.4720,      0.4720,      0.4720,      0.4720,      0.4720,      0.4720,      0.4720,      0.4720,      0.4720,      0.3520,      0.3520,      0.3520,      0.3520,      0.3520,      0.3520,      0.3520,      0.3520,      0.3520,      0.3520,      0.3520,      0.3520,      0.3050,      0.3050,      0.3050,      0.3050,      0.3050,      0.3050,      0.3050,      0.3050,      0.3050,      0.3050,      0.2930,      0.2930,      0.2930,      0.2930,      0.2930,      0.2930,      0.2930,      0.2930,      0.2780,      0.2780,      0.2780,      0.2780,      0.2780,      0.2780,      0.2780,      0.2870,      0.2870,      0.2870,      0.2870,      0.2870,      0.2870,      0.2870,      0.2870,      0.2800,      0.2800,      0.2800,      0.2800,      0.2800,      0.2800,      0.1970,      0.1970,      0.1970,      0.1970,      0.1970,      0.1970,      0.2100,      0.2100,      0.2100,      0.2100,      0.2100,      0.1980,      0.1980,      0.1980,      0.1980,      0.2300,      0.2300,      0.2300,      0.2300,      0.2730,      0.2730,      0.2730,      0.2810,      0.2810,      0.2600,      0.2600,      0.2050,      0.1440,      0.1440,      0.1490,      0.1220,      0.1100,      0.1510,      0.1910,      0.1900,      0.1900,      0.2070,      0.2070,      0.2230,      0.2230,      0.2610,      0.2610,      0.2060,      0.1450,      0.1450,      0.1690,      0.0790,      0.0790,      0.0760,      0.0760,      0.1090,      0.1090,      0.0070,     -0.0620,     -0.0620,     -0.0760,     -0.0760,     -0.0530,     -0.0160,     -0.0160,     -0.0160,     -0.0160,      0.1270,      0.1270,      0.1270,      0.2150,      0.2150,      0.2150,      0.1890,      0.1890,      0.1890,      0.1730,      0.1730,      0.1730,      0.1710,      0.1710,      0.1710,      0.1570,      0.1570,      0.1570,      0.1430,      0.1430,      0.1430,      0.1600,      0.1600,      0.1880,      0.1880,      0.1680,      0.1480,      0.1480,      0.1650,      0.1650,      0.1850,      0.2180,      0.2350,      0.2850,      0.3040,      0.2950,      0.2810,      0.2790,      0.2170,      0.1500,      0.1480,      0.0610,     -0.1580,     -0.2270,     -0.1320,     -0.0720,     -0.1030,     -0.0660,     -0.0160,     -0.0020,     -0.0020,     -0.0020,     -0.0020,     -0.0020,     -0.0020,     -0.0020
================
P [mbar]       ,    0.1004,    0.1015,    0.1034,    0.1069,    0.1130,    0.1239,    0.1432,    0.1740,    0.2226,    0.3028,    0.4349,    0.6529,    1.0121,    1.6044,    2.4646,    3.4606,    4.3994,    5.2226,    5.8426,    6.2132,    6.3980,    6.4686,    6.5039,    6.5168
Temp initial[K],  155.0000,  155.0000,  155.0000,  155.0000,  155.0000,  155.0000,  155.0000,  155.0000,  155.0000,  155.0000,  155.0000,  155.0000,  158.8233,  165.4041,  173.2716,  181.4436,  190.2788,  198.8130,  204.5783,  207.8249,  209.4219,  210.0497,  210.3719,  210.4891
================
it   ,   tau    ,  Tsfc    ,   alb    ,   OLR    ,    ASR   ,  NET top ,  NET bot , T lev  01, T lev  02, T lev  03, T lev  04, T lev  05, T lev  06, T lev  07, T lev  08, T lev  09, T lev  10, T lev  11, T lev  12, T lev  13, T lev  14, T lev  15, T lev  16, T lev  17, T lev  18, T lev  19, T lev  20, T lev  21, T lev  22, T lev  23, T lev  24, T lev  25,  OLR IR01,  OLR IR02,  OLR IR03,  OLR IR04,  OLR IR05,  OLR IR06,  OLR IR07,  OLR IR08,  OLR IR09,  OLR IR10,  OLR IR11,  OLR IR12,  OLR IR13,  OLR IR14,  OLR IR15,  OLR IR16,  OLR IR17,  OLR IR18,  OLR IR19,  OLR IR20,  OLR IR21,  OLR IR22,  OLR IR23,  OLR IR24,  OLR IR25,  OLR IR26,  OLR IR27,  OLR IR28,  OLR IR29,  OLR IR30,  OLR IR31,  OLR IR32,  OLR IR33,  OLR IR34,  OLR IR35,  OLR IR36,  OLR IR37,  OLR IR38,  OLR IR39,  OLR IR40,  OLR IR41,  OLR IR42,  OLR IR43,  OLR IR44,  OLR IR45,  OLR IR46,  OLR IR47,  OLR IR48,  OLR IR49,  OLR IR50,  OLR IR51,  OLR IR52,  OLR IR53,  OLR IR54,  OLR IR55,  OLR IR56,  OLR IR57,  OLR IR58,  OLR IR59,  OLR IR60,  OLR IR61,  OLR IR62,  OLR IR63,  OLR IR64,  OLR IR65,  OLR IR66,  OLR IR67,  OLR IR68,  OLR IR69,  OLR IR70,  OLR IR71,  OLR IR72,  OLR IR73,  OLR IR74,  OLR IR75,  OLR IR76,  OLR IR77,  OLR IR78,  OLR IR79,  OLR IR80,  OLR IR81,  OLR IR82,  OLR IR83,  OLR IR84,  OLR IR85,  OLR IR86,  OLR IR87,  OLR IR88,  OLR IR89,  OLR IR90,  OLR IR91,  OLR IR92,  OLR IR93,  OLR IR94,  OLR IR95,  OLR IR96, ASR VIS01, ASR VIS02, ASR VIS03, ASR VIS04, ASR VIS05, ASR VIS06, ASR VIS07, ASR VIS08, ASR VIS09, ASR VIS10, ASR VIS11, ASR VIS12, ASR VIS13, ASR VIS14, ASR VIS15, ASR VIS16, ASR VIS17, ASR VIS18, ASR VIS19, ASR VIS20, ASR VIS21, ASR VIS22, ASR VIS23, ASR VIS24, ASR VIS25, ASR VIS26, ASR VIS27, ASR VIS28, ASR VIS29, ASR VIS30, ASR VIS31, ASR VIS32, ASR VIS33, ASR VIS34, ASR VIS35, ASR VIS36, ASR VIS37, ASR VIS38, ASR VIS39, ASR VIS40, ASR VIS41, ASR VIS42, ASR VIS43, ASR VIS44, ASR VIS45, ASR VIS46, ASR VIS47, ASR VIS48, ASR VIS49, ASR VIS50, ASR VIS51, ASR VIS52, ASR VIS53, ASR VIS54, ASR VIS55, ASR VIS56, ASR VIS57, ASR VIS58, ASR VIS59, ASR VIS60, ASR VIS61, ASR VIS62, ASR VIS63, ASR VIS64, ASR VIS65, ASR VIS66, ASR VIS67, ASR VIS68, ASR VIS69, ASR VIS70, ASR VIS71, ASR VIS72, ASR VIS73, ASR VIS74, ASR VIS75, ASR VIS76, ASR VIS77, ASR VIS78, ASR VIS79, ASR VIS80, ASR VIS81, ASR VIS82, ASR VIS83, ASR VIS84, SFC DIR01, SFC DIR02, SFC DIR03, SFC DIR04, SFC DIR05, SFC DIR06, SFC DIR07, SFC DIR08, SFC DIR09, SFC DIR10, SFC DIR11, SFC DIR12, SFC DIR13, SFC DIR14, SFC DIR15, SFC DIR16, SFC DIR17, SFC DIR18, SFC DIR19, SFC DIR20, SFC DIR21, SFC DIR22, SFC DIR23, SFC DIR24, SFC DIR25, SFC DIR26, SFC DIR27, SFC DIR28, SFC DIR29, SFC DIR30, SFC DIR31, SFC DIR32, SFC DIR33, SFC DIR34, SFC DIR35, SFC DIR36, SFC DIR37, SFC DIR38, SFC DIR39, SFC DIR40, SFC DIR41, SFC DIR42, SFC DIR43, SFC DIR44, SFC DIR45, SFC DIR46, SFC DIR47, SFC DIR48, SFC DIR49, SFC DIR50, SFC DIR51, SFC DIR52, SFC DIR53, SFC DIR54, SFC DIR55, SFC DIR56, SFC DIR57, SFC DIR58, SFC DIR59, SFC DIR60, SFC DIR61, SFC DIR62, SFC DIR63, SFC DIR64, SFC DIR65, SFC DIR66, SFC DIR67, SFC DIR68, SFC DIR69, SFC DIR70, SFC DIR71, SFC DIR72, SFC DIR73, SFC DIR74, SFC DIR75, SFC DIR76, SFC DIR77, SFC DIR78, SFC DIR79, SFC DIR80, SFC DIR81, SFC DIR82, SFC DIR83, SFC DIR84, SFC DIR85, SFC DIR86, SFC DIR87, SFC DIR88, SFC DIR89, SFC DIR90, SFC DIR91, SFC DIR92, SFC DIR93, SFC DIR94, SFC DIR95, SFC DIR96,SFC DVIS01,SFC DVIS02,SFC DVIS03,SFC DVIS04,SFC DVIS05,SFC DVIS06,SFC DVIS07,SFC DVIS08,SFC DVIS09,SFC DVIS10,SFC DVIS11,SFC DVIS12,SFC DVIS13,SFC DVIS14,SFC DVIS15,SFC DVIS16,SFC DVIS17,SFC DVIS18,SFC DVIS19,SFC DVIS20,SFC DVIS21,SFC DVIS22,SFC DVIS23,SFC DVIS24,SFC DVIS25,SFC DVIS26,SFC DVIS27,SFC DVIS28,SFC DVIS29,SFC DVIS30,SFC DVIS31,SFC DVIS32,SFC DVIS33,SFC DVIS34,SFC DVIS35,SFC DVIS36,SFC DVIS37,SFC DVIS38,SFC DVIS39,SFC DVIS40,SFC DVIS41,SFC DVIS42,SFC DVIS43,SFC DVIS44,SFC DVIS45,SFC DVIS46,SFC DVIS47,SFC DVIS48,SFC DVIS49,SFC DVIS50,SFC DVIS51,SFC DVIS52,SFC DVIS53,SFC DVIS54,SFC DVIS55,SFC DVIS56,SFC DVIS57,SFC DVIS58,SFC DVIS59,SFC DVIS60,SFC DVIS61,SFC DVIS62,SFC DVIS63,SFC DVIS64,SFC DVIS65,SFC DVIS66,SFC DVIS67,SFC DVIS68,SFC DVIS69,SFC DVIS70,SFC DVIS71,SFC DVIS72,SFC DVIS73,SFC DVIS74,SFC DVIS75,SFC DVIS76,SFC DVIS77,SFC DVIS78,SFC DVIS79,SFC DVIS80,SFC DVIS81,SFC DVIS82,SFC DVIS83,SFC DVIS84
 1007,    0.0000,  218.8983,    0.2194,  117.0969,  115.8380,   -0.8625,   -0.7595,  158.4330,  155.0000,  155.0000,  155.0000,  155.0000,  155.0000,  155.0000,  155.0000,  155.0000,  155.0000,  155.0000,  155.0000,  155.0000,  158.8202,  165.3996,  173.2672,  181.4393,  190.2764,  198.8104,  204.5754,  207.8212,  209.4182,  210.0462,  210.3680,  210.4855,    0.0676,    0.2556,    0.5389,    0.8888,    1.2804,    1.6928,    2.1082,    2.5121,    2.8933,    3.2429,    3.5544,    3.8241,    3.4712,    3.6087,    3.7179,    3.7987,    3.8530,    3.8815,    3.8866,    3.8696,    3.8324,    3.7775,    3.7019,    3.5964,    1.2424,    1.2267,    1.2047,    1.1662,    1.1137,    1.0481,    0.8756,    0.8393,    0.7711,    0.6138,    0.5638,    0.3590,    0.1995,    0.1649,    0.1438,    0.1375,    0.1329,    0.1277,    0.1258,    0.1235,    0.1245,    0.1364,    0.1735,    0.2440,    0.3730,    0.4452,    0.3502,    0.5089,    0.4971,    0.5051,    0.5244,    0.6000,    0.6202,    0.6335,    0.6351,    0.6285,    1.6842,    1.6087,    1.5504,    1.4822,    1.4116,    1.3421,    1.2748,    1.2087,    1.1452,    1.0819,    1.0194,    0.9639,    1.4270,    1.3066,    1.1824,    1.0659,    0.9702,    0.8860,    0.8005,    0.7221,    0.6504,    0.5836,    0.5141,    0.4584,    1.1328,    0.8012,    0.5722,    0.3992,    0.2764,    0.1901,    0.1299,    0.0861,    0.0569,    0.0365,    0.0240,    0.0175,    0.0899,    0.0485,    0.0757,    0.0853,    0.0957,    0.0892,    0.0975,    0.1095,    0.0962,    0.1325,    0.1172,    0.1283,    0.1417,    0.1155,    0.1679,    0.1865,    0.1530,    0.1811,    0.2062,    0.2231,    0.2234,    0.1500,    0.2398,    0.2531,    0.3109,    0.3324,    0.3440,    0.3658,    0.3756,    0.3936,    0.3989,    0.4549,    0.4935,    0.4704,    0.4844,    0.4940,    0.8433,    0.9209,    0.9662,    0.9986,    1.0221,    1.1068,    1.0376,    1.1056,    1.0799,    1.1314,    1.0731,    1.1504,    2.4777,    2.4439,    2.4989,    2.5383,    2.5642,    2.4625,    2.5489,    2.6139,    2.6670,    2.4800,    2.4441,    2.5380,    6.4157,    6.1123,    6.0433,    5.8603,    5.4132,    5.0767,    4.4565,    4.0997,    3.9404,    3.4535,    2.6528,    2.4637,    1.8993,    1.7458,    1.3311,    1.2705,    0.8565,    0.6215,    0.5021,    0.2015,    0.1776,    0.1261,    0.0437,    0.0355,    0.0000,    0.0000,    0.0000,    0.0000,    0.0000,    0.0000,    0.0000,    0.0000,    0.0000,    0.0000,    0.0000,    0.0000,    0.0000,    0.0000,    0.0000,    0.0000,    0.0000,    0.0000,    0.0000,    0.0001,    0.0002,    0.0007,    0.0108,    0.0490,    0.0110,    0.0180,    0.0344,    0.0771,    0.1397,    0.2137,    0.4309,    0.4495,    0.5119,    0.6671,    0.7005,    0.8672,    0.6959,    0.7036,    0.7106,    0.6982,    0.6956,    0.7186,    0.6761,    0.6645,    0.6491,    0.6306,    0.6025,    0.5551,    0.4721,    0.3712,    0.4491,    0.2585,    0.2602,    0.2432,    0.2110,    0.1067,    0.0696,    0.0377,    0.0207,    0.0150,    0.0329,    0.0299,    0.0085,    0.0020,    0.0004,    0.0004,    0.0002,    0.0011,    0.0019,    0.0049,    0.0091,    0.0081,    0.0085,    0.0012,    0.0075,    0.0141,    0.0089,    0.0000,    0.0000,    0.0000,    0.0000,    0.0008,    0.0066,    0.0072,    0.0065,    0.0059,    0.0000,    0.0000,    0.0000,    0.0000,    0.0000,    0.0009,    0.0011,    0.0014,    0.0012,    0.0002,    0.0266,    0.0000,    0.0608,    0.1075,    0.1214,    0.1110,    0.1245,    0.1386,    0.1233,    0.1698,    0.1501,    0.1645,    0.1808,    0.1468,    0.2123,    0.2321,    0.1900,    0.1318,    0.0189,    0.0386,    0.1649,    0.1902,    0.3067,    0.3223,    0.3984,    0.4260,    0.4410,    0.4686,    0.4799,    0.4920,    0.4648,    0.4226,    0.3741,    0.4433,    0.6104,    0.6178,    1.0805,    1.1804,    1.2359,    1.2564,    1.2364,    1.3694,    1.3136,    1.3975,    1.2854,    1.4503,    1.3718,    1.4606,    3.1621,    3.0885,    3.2030,    3.2531,    3.2748,    3.1568,    3.2678,    3.3511,    3.4192,    3.1776,    3.1334,    3.2539,    8.2247,    7.8363,    7.7478,    7.5132,    6.9399,    6.5086,    5.7135,    5.2561,    5.0518,    4.4276,    3.4010,    3.1586,    2.4350,    2.2382,    1.7066,    1.6288,    1.0981,    0.7968,    0.6438,    0.2584,    0.2277,    0.1616,    0.0560,    0.0455
  840,    0.0500,  220.8984,    0.1974,  120.4645,  119.0930,   -0.8558,   -0.7324,  158.4330,  165.8572,  166.6388,  167.5526,  168.7952,  169.5724,  170.4964,  171.5982,  172.8009,  174.3895,  176.7003,  180.1998,  185.1988,  191.9011,  199.7796,  206.8260,  212.0528,  215.4999,  217.8214,  219.2363,  219.9952,  220.3955,  220.5677,  220.7169,  220.7100,    0.0627,    0.2374,    0.5008,    0.8267,    1.1920,    1.5774,    1.9663,    2.3996,    2.8208,    3.1481,    3.4409,    3.8265,    3.5131,    3.6598,    3.7573,    3.8165,    3.8283,    3.7743,    3.7574,    3.7080,    3.6797,    3.7022,    3.6887,    3.5983,    1.2403,    1.2202,    1.1949,    1.1671,    1.1285,    1.0919,    0.9885,    0.9770,    0.9365,    0.8274,    0.8219,    0.6817,    0.4416,    0.3790,    0.3184,    0.3074,    0.2883,    0.2473,    0.2800,    0.2820,    0.2978,    0.3320,    0.3893,    0.4493,    0.5453,    0.5824,    0.5011,    0.6092,    0.6006,    0.5966,    0.5963,    0.6352,    0.6377,    0.6415,    0.6388,    0.6310,    1.6911,    1.6155,    1.5519,    1.4845,    1.4152,    1.3485,    1.2777,    1.2124,    1.1514,    1.0892,    1.0259,    0.9710,    1.4390,    1.3247,    1.2017,    1.0864,    0.9895,    0.9030,    0.8166,    0.7374,    0.6617,    0.5948,    0.5304,    0.4752,    1.1696,    0.8365,    0.5957,    0.4154,    0.2903,    0.2008,    0.1377,    0.0914,    0.0608,    0.0399,    0.0263,    0.0186,    0.0911,    0.0480,    0.0784,    0.0893,    0.1002,    0.0932,    0.1020,    0.1137,    0.1000,    0.1376,    0.1217,    0.1335,    0.1474,    0.1201,    0.1746,    0.1939,    0.1600,    0.1863,    0.2064,    0.2238,    0.2299,    0.1568,    0.2517,    0.2657,    0.3264,    0.3489,    0.3611,    0.3840,    0.3914,    0.4100,    0.4152,    0.4683,    0.5050,    0.4843,    0.5049,    0.5144,    0.8758,    0.9565,    1.0035,    1.0368,    1.0595,    1.1482,    1.0774,    1.1427,    1.1130,    1.1694,    1.1091,    1.1888,    2.5607,    2.5253,    2.5828,    2.6146,    2.6410,    2.5365,    2.6255,    2.6924,    2.7471,    2.5544,    2.5176,    2.6143,    6.6086,    6.2632,    6.1926,    6.0052,    5.5471,    5.2025,    4.5671,    4.2016,    4.0385,    3.5397,    2.7192,    2.5255,    1.9472,    1.7681,    1.3482,    1.2869,    0.8678,    0.6298,    0.5089,    0.2043,    0.1801,    0.1279,    0.0443,    0.0361,    0.0055,    0.0210,    0.0443,    0.0731,    0.1054,    0.1394,    0.1738,    0.1529,    0.1221,    0.1538,    0.1821,    0.0758,    0.0327,    0.0302,    0.0482,    0.1275,    0.2312,    0.2796,    0.2377,    0.5452,    0.6432,    0.4536,    0.3077,    0.3517,    0.1153,    0.1455,    0.1859,    0.2628,    0.3650,    0.4635,    0.7455,    0.7628,    0.8339,    0.9611,    1.0025,    1.1132,    0.8564,    0.8496,    0.8419,    0.8322,    0.8231,    0.8145,    0.8038,    0.7939,    0.7837,    0.7727,    0.7596,    0.7387,    0.7100,    0.6082,    0.6537,    0.4608,    0.4638,    0.4461,    0.3900,    0.2444,    0.1867,    0.1244,    0.0907,    0.0789,    0.1853,    0.1651,    0.1188,    0.0970,    0.0861,    0.0865,    0.1044,    0.1018,    0.1040,    0.1047,    0.1163,    0.1070,    0.1493,    0.1068,    0.1120,    0.1243,    0.1048,    0.0735,    0.0665,    0.0597,    0.0600,    0.0561,    0.0590,    0.0545,    0.1078,    0.0708,    0.0399,    0.0306,    0.0189,    0.0121,    0.0082,    0.0092,    0.0078,    0.0070,    0.0054,    0.0021,    0.0205,    0.0000,    0.0522,    0.0959,    0.1085,    0.0992,    0.1113,    0.1265,    0.1126,    0.1551,    0.1370,    0.1498,    0.1645,    0.1336,    0.1929,    0.2106,    0.1694,    0.1106,    0.0135,    0.0299,    0.1436,    0.1709,    0.2728,    0.2864,    0.3545,    0.3791,    0.3925,    0.4170,    0.4350,    0.4453,    0.4154,    0.3777,    0.3329,    0.3974,    0.5513,    0.5592,    0.9867,    1.0779,    1.1286,    1.1453,    1.1251,    1.2476,    1.1981,    1.2886,    1.1846,    1.3395,    1.2667,    1.3481,    2.9197,    2.8495,    2.9584,    3.0160,    3.0357,    2.9266,    3.0296,    3.1069,    3.1700,    2.9460,    2.9051,    3.0167,    7.6253,    7.2532,    7.1713,    6.9542,    6.4235,    6.0242,    5.2883,    4.8648,    4.6757,    4.0980,    3.1478,    2.9234,    2.2537,    2.1238,    1.6193,    1.5454,    1.0419,    0.7561,    0.6108,    0.2451,    0.2160,    0.1534,    0.0532,    0.0432
  718,    0.1000,  222.3979,    0.1786,  123.4992,  121.8874,   -0.9542,   -0.8350,  158.4330,  175.4502,  176.2924,  177.2459,  178.4856,  179.4981,  180.7932,  182.3002,  183.9997,  185.9992,  188.7967,  192.5757,  197.6984,  204.5662,  212.0982,  218.3414,  222.4995,  224.8989,  226.0835,  226.1738,  225.5940,  224.6764,  224.0082,  223.3452,  223.1672,    0.0585,    0.2213,    0.4672,    0.7716,    1.1133,    1.4742,    1.8390,    2.2909,    2.7427,    3.0485,    3.3230,    3.8102,    3.5362,    3.6904,    3.7749,    3.8281,    3.8197,    3.6831,    3.6193,    3.6601,    3.6811,    3.7200,    3.7176,    3.6352,    1.2514,    1.2333,    1.2084,    1.1918,    1.1639,    1.1437,    1.0768,    1.0711,    1.0438,    0.9578,    0.9672,    0.8497,    0.5723,    0.5058,    0.4361,    0.4267,    0.4017,    0.3442,    0.3928,    0.3954,    0.4132,    0.4493,    0.5082,    0.5644,    0.6567,    0.6796,    0.6008,    0.6862,    0.6794,    0.6710,    0.6599,    0.6764,    0.6652,    0.6585,    0.6503,    0.6407,    1.7096,    1.6267,    1.5563,    1.4860,    1.4165,    1.3579,    1.3003,    1.2353,    1.1820,    1.1201,    1.0609,    1.0046,    1.4900,    1.3698,    1.2472,    1.1384,    1.0391,    0.9453,    0.8564,    0.7744,    0.6975,    0.6284,    0.5637,    0.5063,    1.2449,    0.8928,    0.6350,    0.4470,    0.3137,    0.2176,    0.1498,    0.1010,    0.0681,    0.0455,    0.0305,    0.0211,    0.0916,    0.0476,    0.0803,    0.0925,    0.1038,    0.0965,    0.1057,    0.1172,    0.1031,    0.1419,    0.1255,    0.1378,    0.1521,    0.1239,    0.1802,    0.2000,    0.1655,    0.1894,    0.2060,    0.2238,    0.2344,    0.1622,    0.2613,    0.2758,    0.3389,    0.3622,    0.3749,    0.3986,    0.4045,    0.4234,    0.4277,    0.4786,    0.5134,    0.4951,    0.5216,    0.5312,    0.9033,    0.9865,    1.0349,    1.0686,    1.0904,    1.1827,    1.1107,    1.1743,    1.1412,    1.2022,    1.1401,    1.2218,    2.6321,    2.5950,    2.6552,    2.6808,    2.7076,    2.6008,    2.6920,    2.7606,    2.8167,    2.6191,    2.5814,    2.6806,    6.7761,    6.3940,    6.3221,    6.1309,    5.6633,    5.3116,    4.6631,    4.2901,    4.1237,    3.6146,    2.7769,    2.5793,    1.9889,    1.7886,    1.3640,    1.3022,    0.8782,    0.6375,    0.5152,    0.2069,    0.1824,    0.1296,    0.0449,    0.0366,    0.0103,    0.0391,    0.0826,    0.1364,    0.1968,    0.2606,    0.3251,    0.2920,    0.2375,    0.2979,    0.3518,    0.1510,    0.0659,    0.0609,    0.0968,    0.2688,    0.4860,    0.5626,    0.4580,    1.1135,    1.3206,    0.9607,    0.6460,    0.6741,    0.2285,    0.2792,    0.3353,    0.4232,    0.5393,    0.6385,    0.9215,    0.9336,    1.0013,    1.0986,    1.1403,    1.2117,    0.9170,    0.9017,    0.8858,    0.8763,    0.8652,    0.8493,    0.8458,    0.8369,    0.8292,    0.8229,    0.8200,    0.8132,    0.8170,    0.7287,    0.7493,    0.5796,    0.5818,    0.5628,    0.4972,    0.3442,    0.2782,    0.1999,    0.1584,    0.1433,    0.3409,    0.3008,    0.2387,    0.2016,    0.1824,    0.1883,    0.2380,    0.2302,    0.2375,    0.2334,    0.2534,    0.2353,    0.3359,    0.2539,    0.2517,    0.2692,    0.2365,    0.1854,    0.1692,    0.1529,    0.1547,    0.1426,    0.1361,    0.1241,    0.2692,    0.1733,    0.1099,    0.0874,    0.0553,    0.0360,    0.0248,    0.0244,    0.0194,    0.0156,    0.0117,    0.0059,    0.0169,    0.0000,    0.0453,    0.0857,    0.0970,    0.0887,    0.0995,    0.1155,    0.1028,    0.1416,    0.1252,    0.1365,    0.1497,    0.1216,    0.1755,    0.1916,    0.1518,    0.0963,    0.0111,    0.0252,    0.1268,    0.1537,    0.2427,    0.2547,    0.3154,    0.3374,    0.3492,    0.3711,    0.3945,    0.4035,    0.3742,    0.3402,    0.2994,    0.3585,    0.4991,    0.5067,    0.9010,    0.9843,    1.0306,    1.0451,    1.0258,    1.1381,    1.0935,    1.1892,    1.0930,    1.2372,    1.1698,    1.2448,    2.6964,    2.6305,    2.7324,    2.7962,    2.8143,    2.7133,    2.8089,    2.8805,    2.9390,    2.7314,    2.6934,    2.7969,    7.0696,    6.7140,    6.6382,    6.4372,    5.9460,    5.5764,    4.8951,    4.5032,    4.3282,    3.7933,    2.9138,    2.7061,    2.0862,    2.0157,    1.5369,    1.4668,    0.9889,    0.7176,    0.5797,    0.2327,    0.2050,    0.1456,    0.0505,    0.0410
  615,    0.1500,  223.6974,    0.1623,  126.0195,  124.2931,   -0.9537,   -0.8122,  158.4330,  181.7672,  182.6065,  183.5920,  184.8941,  186.0000,  187.4969,  189.2014,  191.1019,  193.3968,  196.2938,  200.0988,  205.2999,  211.8658,  218.8478,  224.3982,  227.9782,  229.8353,  230.5646,  230.1589,  228.9964,  227.4952,  226.4075,  225.3792,  225.0996,    0.0547,    0.2072,    0.4377,    0.7233,    1.0442,    1.3835,    1.7269,    2.1905,    2.6663,    2.9523,    3.2099,    3.7873,    3.5518,    3.7128,    3.7838,    3.8370,    3.8180,    3.6057,    3.4872,    3.6579,    3.7303,    3.7674,    3.7591,    3.6793,    1.2657,    1.2508,    1.2264,    1.2167,    1.1946,    1.1832,    1.1351,    1.1297,    1.1099,    1.0397,    1.0558,    0.9540,    0.6568,    0.5907,    0.5183,    0.5108,    0.4827,    0.4156,    0.4734,    0.4760,    0.4940,    0.5287,    0.5858,    0.6375,    0.7274,    0.7431,    0.6669,    0.7390,    0.7330,    0.7218,    0.7049,    0.7087,    0.6880,    0.6738,    0.6620,    0.6512,    1.7295,    1.6376,    1.5625,    1.4884,    1.4185,    1.3699,    1.3308,    1.2657,    1.2208,    1.1588,    1.1043,    1.0461,    1.5532,    1.4245,    1.3011,    1.1987,    1.0972,    0.9967,    0.9049,    0.8194,    0.7421,    0.6700,    0.6029,    0.5426,    1.3351,    0.9579,    0.6822,    0.4860,    0.3422,    0.2378,    0.1645,    0.1129,    0.0770,    0.0521,    0.0353,    0.0242,    0.0919,    0.0473,    0.0817,    0.0951,    0.1067,    0.0991,    0.1087,    0.1202,    0.1057,    0.1455,    0.1287,    0.1415,    0.1561,    0.1272,    0.1849,    0.2050,    0.1699,    0.1916,    0.2057,    0.2237,    0.2378,    0.1667,    0.2690,    0.2839,    0.3489,    0.3729,    0.3860,    0.4104,    0.4155,    0.4345,    0.4379,    0.4869,    0.5201,    0.5039,    0.5354,    0.5452,    0.9265,    1.0118,    1.0614,    1.0954,    1.1163,    1.2117,    1.1388,    1.2014,    1.1653,    1.2305,    1.1668,    1.2501,    2.6936,    2.6549,    2.7175,    2.7382,    2.7654,    2.6566,    2.7497,    2.8199,    2.8771,    2.6752,    2.6367,    2.7381,    6.9216,    6.5073,    6.4341,    6.2396,    5.7639,    5.4061,    4.7462,    4.3667,    4.1976,    3.6795,    2.8269,    2.6260,    2.0250,    1.8073,    1.3784,    1.3161,    0.8877,    0.6445,    0.5210,    0.2092,    0.1845,    0.1311,    0.0455,    0.0370,    0.0145,    0.0550,    0.1161,    0.1918,    0.2769,    0.3669,    0.4579,    0.4189,    0.3463,    0.4328,    0.5097,    0.2251,    0.0993,    0.0919,    0.1455,    0.4123,    0.7394,    0.8335,    0.6619,    1.6372,    1.9314,    1.4444,    0.9811,    0.9865,    0.3385,    0.4059,    0.4725,    0.5619,    0.6818,    0.7757,    1.0441,    1.0510,    1.1130,    1.1887,    1.2284,    1.2762,    0.9592,    0.9396,    0.9189,    0.9096,    0.8972,    0.8767,    0.8777,    0.8693,    0.8632,    0.8595,    0.8619,    0.8618,    0.8840,    0.8077,    0.8128,    0.6639,    0.6651,    0.6437,    0.5748,    0.4232,    0.3529,    0.2663,    0.2210,    0.2040,    0.4902,    0.4314,    0.3584,    0.3065,    0.2803,    0.2935,    0.3777,    0.3642,    0.3768,    0.3671,    0.3944,    0.3685,    0.5312,    0.4120,    0.3999,    0.4206,    0.3760,    0.3089,    0.2830,    0.2566,    0.2597,    0.2384,    0.2206,    0.2006,    0.4517,    0.2909,    0.1930,    0.1555,    0.1001,    0.0659,    0.0458,    0.0428,    0.0335,    0.0257,    0.0190,    0.0107,    0.0143,    0.0000,    0.0394,    0.0766,    0.0867,    0.0793,    0.0890,    0.1055,    0.0939,    0.1293,    0.1143,    0.1243,    0.1363,    0.1107,    0.1597,    0.1743,    0.1363,    0.0851,    0.0094,    0.0219,    0.1128,    0.1383,    0.2160,    0.2266,    0.2807,    0.3002,    0.3108,    0.3302,    0.3577,    0.3657,    0.3381,    0.3073,    0.2702,    0.3242,    0.4522,    0.4593,    0.8228,    0.8988,    0.9411,    0.9540,    0.9359,    1.0387,    0.9983,    1.0979,    1.0090,    1.1427,    1.0804,    1.1495,    2.4904,    2.4289,    2.5237,    2.5924,    2.6091,    2.5156,    2.6042,    2.6706,    2.7248,    2.5323,    2.4971,    2.5931,    6.5544,    6.2153,    6.1451,    5.9590,    5.5043,    5.1622,    4.5316,    4.1687,    4.0067,    3.5116,    2.6974,    2.5051,    1.9312,    1.9134,    1.4589,    1.3924,    0.9387,    0.6812,    0.5503,    0.2209,    0.1947,    0.1382,    0.0479,    0.0389
  463,    0.2000,  224.8965,    0.1483,  128.2265,  126.3660,   -0.9869,   -0.8773,  158.4330,  186.5176,  187.4158,  188.4094,  189.6939,  190.8995,  192.4837,  194.2993,  196.2995,  198.6985,  201.6607,  205.5000,  210.4996,  216.7564,  223.2538,  228.2964,  231.3991,  232.9949,  233.4532,  232.8046,  231.4841,  229.5992,  228.3020,  227.0170,  226.6284,    0.0515,    0.1949,    0.4119,    0.6810,    0.9836,    1.3039,    1.6284,    2.0988,    2.5934,    2.8615,    3.1041,    3.7617,    3.5636,    3.7310,    3.7884,    3.8450,    3.8210,    3.5410,    3.3643,    3.6789,    3.7957,    3.8260,    3.8056,    3.7256,    1.2811,    1.2696,    1.2454,    1.2400,    1.2208,    1.2144,    1.1761,    1.1690,    1.1541,    1.0967,    1.1158,    1.0274,    0.7184,    0.6544,    0.5818,    0.5761,    0.5461,    0.4730,    0.5367,    0.5389,    0.5563,    0.5888,    0.6428,    0.6896,    0.7767,    0.7879,    0.7148,    0.7776,    0.7720,    0.7585,    0.7383,    0.7343,    0.7065,    0.6873,    0.6731,    0.6615,    1.7496,    1.6487,    1.5703,    1.4919,    1.4219,    1.3837,    1.3647,    1.2992,    1.2622,    1.1996,    1.1492,    1.0895,    1.6192,    1.4822,    1.3569,    1.2597,    1.1562,    1.0502,    0.9555,    0.8664,    0.7886,    0.7132,    0.6428,    0.5795,    1.4285,    1.0253,    0.7320,    0.5272,    0.3723,    0.2593,    0.1801,    0.1254,    0.0863,    0.0589,    0.0403,    0.0276,    0.0920,    0.0471,    0.0828,    0.0971,    0.1091,    0.1013,    0.1112,    0.1227,    0.1080,    0.1486,    0.1314,    0.1445,    0.1595,    0.1299,    0.1888,    0.2093,    0.1735,    0.1933,    0.2054,    0.2235,    0.2404,    0.1704,    0.2752,    0.2904,    0.3570,    0.3816,    0.3949,    0.4199,    0.4246,    0.4438,    0.4462,    0.4937,    0.5256,    0.5111,    0.5468,    0.5568,    0.9461,    1.0332,    1.0837,    1.1179,    1.1380,    1.2361,    1.1624,    1.2248,    1.1861,    1.2548,    1.1898,    1.2745,    2.7465,    2.7065,    2.7713,    2.7881,    2.8155,    2.7050,    2.7998,    2.8713,    2.9296,    2.7240,    2.6848,    2.7880,    7.0478,    6.6053,    6.5312,    6.3338,    5.8511,    5.4880,    4.8182,    4.4331,    4.2616,    3.7358,    2.8703,    2.6664,    2.0564,    1.8244,    1.3916,    1.3288,    0.8964,    0.6509,    0.5263,    0.2114,    0.1865,    0.1325,    0.0460,    0.0375,    0.0182,    0.0689,    0.1456,    0.2408,    0.3477,    0.4610,    0.5757,    0.5351,    0.4492,    0.5593,    0.6572,    0.2981,    0.1328,    0.1232,    0.1943,    0.5549,    0.9849,    1.0899,    0.8514,    2.1054,    2.4610,    1.8879,    1.3018,    1.2831,    0.4430,    0.5239,    0.5972,    0.6840,    0.8025,    0.8890,    1.1376,    1.1397,    1.1955,    1.2548,    1.2915,    1.3233,    0.9915,    0.9694,    0.9460,    0.9368,    0.9237,    0.9005,    0.9040,    0.8960,    0.8906,    0.8884,    0.8937,    0.8972,    0.9310,    0.8649,    0.8595,    0.7288,    0.7290,    0.7050,    0.6356,    0.4892,    0.4164,    0.3259,    0.2788,    0.2608,    0.6321,    0.5560,    0.4752,    0.4091,    0.3771,    0.3983,    0.5156,    0.4963,    0.5134,    0.4978,    0.5307,    0.4979,    0.7222,    0.5701,    0.5468,    0.5687,    0.5133,    0.4332,    0.3979,    0.3615,    0.3649,    0.3344,    0.3052,    0.2773,    0.6377,    0.4126,    0.2808,    0.2272,    0.1480,    0.0983,    0.0688,    0.0624,    0.0484,    0.0362,    0.0265,    0.0159,    0.0122,    0.0000,    0.0342,    0.0685,    0.0776,    0.0709,    0.0796,    0.0963,    0.0857,    0.1181,    0.1044,    0.1132,    0.1241,    0.1008,    0.1454,    0.1586,    0.1225,    0.0756,    0.0082,    0.0192,    0.1007,    0.1245,    0.1922,    0.2016,    0.2498,    0.2672,    0.2766,    0.2939,    0.3244,    0.3316,    0.3058,    0.2780,    0.2443,    0.2935,    0.4098,    0.4164,    0.7514,    0.8208,    0.8595,    0.8709,    0.8541,    0.9482,    0.9115,    1.0137,    0.9315,    1.0554,    0.9979,    1.0616,    2.3001,    2.2430,    2.3310,    2.4036,    2.4190,    2.3323,    2.4145,    2.4760,    2.5263,    2.3478,    2.3152,    2.4042,    6.0769,    5.7540,    5.6891,    5.5168,    5.0959,    4.7791,    4.1953,    3.8594,    3.7094,    3.2511,    2.4973,    2.3193,    1.7880,    1.8164,    1.3850,    1.3219,    0.8912,    0.6467,    0.5225,    0.2097,    0.1848,    0.1312,    0.0455,    0.0370
  111,    0.3000,  226.4780,    0.1259,  130.0137,  129.6947,    0.7017,   -0.9799,  158.4330,  192.6766,  193.6003,  194.6355,  195.9225,  197.2264,  198.8682,  200.8302,  202.9259,  205.2991,  208.1952,  211.7926,  216.4211,  221.9847,  227.6108,  231.8413,  234.4206,  235.6970,  236.0375,  235.4178,  234.0122,  232.0084,  230.5314,  229.0279,  228.5529,    0.0459,    0.1738,    0.3676,    0.6081,    0.8789,    1.1659,    1.4571,    1.9288,    2.4470,    2.6822,    2.8969,    3.6852,    3.5583,    3.7355,    3.7647,    3.8301,    3.8030,    3.4122,    3.1208,    3.7067,    3.8804,    3.9004,    3.8568,    3.7719,    1.2963,    1.2899,    1.2652,    1.2631,    1.2448,    1.2421,    1.2101,    1.1974,    1.1877,    1.1506,    1.1703,    1.1036,    0.7871,    0.7291,    0.6607,    0.6571,    0.6262,    0.5492,    0.6163,    0.6177,    0.6327,    0.6601,    0.7065,    0.7446,    0.8246,    0.8307,    0.7651,    0.8149,    0.8092,    0.7924,    0.7701,    0.7588,    0.7220,    0.6983,    0.6820,    0.6699,    1.7605,    1.6445,    1.5638,    1.4781,    1.4089,    1.3903,    1.4069,    1.3411,    1.3163,    1.2527,    1.2082,    1.1466,    1.7068,    1.5594,    1.4309,    1.3408,    1.2356,    1.1238,    1.0251,    0.9314,    0.8523,    0.7724,    0.6973,    0.6299,    1.5580,    1.1198,    0.8029,    0.5858,    0.4158,    0.2906,    0.2031,    0.1431,    0.0993,    0.0682,    0.0470,    0.0324,    0.0921,    0.0468,    0.0843,    0.1002,    0.1125,    0.1044,    0.1147,    0.1265,    0.1114,    0.1534,    0.1356,    0.1492,    0.1646,    0.1341,    0.1948,    0.2158,    0.1788,    0.1956,    0.2050,    0.2232,    0.2443,    0.1759,    0.2842,    0.2997,    0.3686,    0.3940,    0.4079,    0.4336,    0.4385,    0.4579,    0.4588,    0.5039,    0.5338,    0.5220,    0.5642,    0.5745,    0.9765,    1.0665,    1.1185,    1.1529,    1.1717,    1.2739,    1.1991,    1.2621,    1.2194,    1.2938,    1.2267,    1.3137,    2.8315,    2.7891,    2.8576,    2.8689,    2.8967,    2.7834,    2.8811,    2.9546,    3.0146,    2.8030,    2.7628,    2.8690,    7.2525,    6.7637,    6.6879,    6.4861,    5.9919,    5.6203,    4.9346,    4.5404,    4.3651,    3.8268,    2.9405,    2.7319,    2.1072,    1.8541,    1.4145,    1.3510,    0.9116,    0.6621,    0.5355,    0.2152,    0.1899,    0.1350,    0.0469,    0.0382,    0.0243,    0.0922,    0.1949,    0.3225,    0.4661,    0.6183,    0.7727,    0.7377,    0.6357,    0.7864,    0.9201,    0.4380,    0.1990,    0.1850,    0.2896,    0.8253,    1.4307,    1.5450,    1.1846,    2.8499,    3.2567,    2.6127,    1.8634,    1.7983,    0.6241,    0.7221,    0.8003,    0.8746,    0.9818,    1.0518,    1.2566,    1.2511,    1.2950,    1.3326,    1.3630,    1.3776,    1.0309,    1.0070,    0.9812,    0.9723,    0.9584,    0.9321,    0.9386,    0.9308,    0.9263,    0.9250,    0.9323,    0.9379,    0.9823,    0.9308,    0.9144,    0.8114,    0.8095,    0.7805,    0.7151,    0.5837,    0.5096,    0.4207,    0.3745,    0.3559,    0.8762,    0.7729,    0.6841,    0.5942,    0.5538,    0.5886,    0.7585,    0.7285,    0.7500,    0.7233,    0.7606,    0.7175,    1.0478,    0.8482,    0.8020,    0.8195,    0.7465,    0.6495,    0.5977,    0.5443,    0.5445,    0.4979,    0.4494,    0.4082,    0.9598,    0.6284,    0.4388,    0.3540,    0.2343,    0.1574,    0.1108,    0.0966,    0.0738,    0.0538,    0.0388,    0.0248,    0.0090,    0.0000,    0.0260,    0.0547,    0.0620,    0.0567,    0.0637,    0.0803,    0.0715,    0.0985,    0.0871,    0.0939,    0.1030,    0.0836,    0.1206,    0.1315,    0.0992,    0.0606,    0.0064,    0.0152,    0.0810,    0.1009,    0.1522,    0.1597,    0.1978,    0.2116,    0.2191,    0.2328,    0.2669,    0.2727,    0.2510,    0.2281,    0.2004,    0.2410,    0.3369,    0.3425,    0.6267,    0.6846,    0.7168,    0.7262,    0.7120,    0.7906,    0.7601,    0.8645,    0.7945,    0.9004,    0.8513,    0.9056,    1.9622,    1.9133,    1.9887,    2.0663,    2.0795,    2.0050,    2.0757,    2.1286,    2.1718,    2.0184,    1.9903,    2.0668,    5.2243,    4.9332,    4.8775,    4.7299,    4.3690,    4.0974,    3.5969,    3.3090,    3.1804,    2.7874,    2.1412,    1.9886,    1.5331,    1.6376,    1.2486,    1.1918,    0.8035,    0.5831,    0.4711,    0.1891,    0.1667,    0.1183,    0.0410,    0.0334
  340,    0.4000,  227.3023,    0.1092,  132.4285,  132.1733,    0.9151,    0.7806,  158.4330,  198.0435,  198.9992,  200.0598,  201.3118,  202.6931,  204.4080,  206.4038,  208.5991,  210.9736,  213.8032,  217.2508,  221.6051,  226.7993,  231.8993,  235.5149,  237.6030,  238.4034,  238.4025,  237.5018,  235.9050,  233.7003,  232.0613,  230.3485,  229.8409,    0.0413,    0.1566,    0.3312,    0.5480,    0.7924,    1.0516,    1.3147,    1.7782,    2.3064,    2.5131,    2.7035,    3.5901,    3.5284,    3.7127,    3.7138,    3.8053,    3.7970,    3.3144,    2.8924,    3.7862,    4.0066,    4.0091,    3.9261,    3.8337,    1.3174,    1.3185,    1.2954,    1.2963,    1.2799,    1.2802,    1.2540,    1.2352,    1.2300,    1.2096,    1.2302,    1.1818,    0.8551,    0.8013,    0.7357,    0.7337,    0.7019,    0.6211,    0.6917,    0.6925,    0.7058,    0.7298,    0.7709,    0.8025,    0.8778,    0.8792,    0.8191,    0.8575,    0.8517,    0.8309,    0.8065,    0.7878,    0.7418,    0.7132,    0.6945,    0.6817,    1.7792,    1.6454,    1.5615,    1.4651,    1.3963,    1.4002,    1.4596,    1.3930,    1.3803,    1.3154,    1.2777,    1.2137,    1.8090,    1.6471,    1.5148,    1.4323,    1.3243,    1.2059,    1.1028,    1.0038,    0.9242,    0.8393,    0.7587,    0.6867,    1.7029,    1.2238,    0.8811,    0.6515,    0.4640,    0.3252,    0.2285,    0.1635,    0.1145,    0.0792,    0.0550,    0.0381,    0.0921,    0.0465,    0.0851,    0.1022,    0.1148,    0.1065,    0.1171,    0.1293,    0.1139,    0.1568,    0.1386,    0.1526,    0.1683,    0.1370,    0.1990,    0.2204,    0.1824,    0.1970,    0.2045,    0.2228,    0.2467,    0.1796,    0.2900,    0.3058,    0.3762,    0.4021,    0.4162,    0.4425,    0.4481,    0.4676,    0.4674,    0.5108,    0.5394,    0.5294,    0.5762,    0.5867,    0.9982,    1.0901,    1.1432,    1.1778,    1.1956,    1.3008,    1.2253,    1.2898,    1.2440,    1.3228,    1.2540,    1.3428,    2.8946,    2.8504,    2.9216,    2.9298,    2.9579,    2.8425,    2.9423,    3.0173,    3.0787,    2.8625,    2.8215,    2.9300,    7.4067,    6.8825,    6.8055,    6.6002,    6.0975,    5.7195,    5.0219,    4.6210,    4.4428,    3.8952,    2.9933,    2.7812,    2.1455,    1.8787,    1.4335,    1.3694,    0.9242,    0.6715,    0.5432,    0.2184,    0.1928,    0.1371,    0.0476,    0.0388,    0.0292,    0.1107,    0.2341,    0.3875,    0.5602,    0.7435,    0.9296,    0.9067,    0.7989,    0.9824,    1.1449,    0.5690,    0.2631,    0.2452,    0.3809,    1.0870,    1.8440,    1.9488,    1.4639,    3.4449,    3.8570,    3.2191,    2.3769,    2.2746,    0.7914,    0.9009,    0.9797,    1.0422,    1.1362,    1.1912,    1.3541,    1.3435,    1.3761,    1.3938,    1.4183,    1.4151,    1.0569,    1.0313,    1.0034,    0.9947,    0.9802,    0.9513,    0.9603,    0.9528,    0.9489,    0.9487,    0.9580,    0.9662,    1.0209,    0.9834,    0.9566,    0.8820,    0.8782,    0.8458,    0.7849,    0.6695,    0.5950,    0.5088,    0.4641,    0.4453,    1.1059,    0.9763,    0.8808,    0.7685,    0.7204,    0.7706,    0.9880,    0.9483,    0.9733,    0.9364,    0.9747,    0.9226,    1.3543,    1.1171,    1.0494,    1.0601,    0.9715,    0.8599,    0.7925,    0.7233,    0.7172,    0.6558,    0.5899,    0.5363,    1.2805,    0.8504,    0.6035,    0.4853,    0.3261,    0.2214,    0.1569,    0.1331,    0.1006,    0.0723,    0.0520,    0.0344,    0.0067,    0.0000,    0.0197,    0.0438,    0.0496,    0.0453,    0.0509,    0.0670,    0.0596,    0.0822,    0.0726,    0.0779,    0.0854,    0.0694,    0.1000,    0.1090,    0.0803,    0.0486,    0.0050,    0.0121,    0.0652,    0.0818,    0.1206,    0.1265,    0.1567,    0.1677,    0.1736,    0.1844,    0.2196,    0.2243,    0.2060,    0.1873,    0.1644,    0.1979,    0.2770,    0.2817,    0.5228,    0.5710,    0.5980,    0.6056,    0.5936,    0.6593,    0.6339,    0.7374,    0.6776,    0.7683,    0.7263,    0.7726,    1.6742,    1.6322,    1.6969,    1.7767,    1.7880,    1.7240,    1.7848,    1.8303,    1.8674,    1.7355,    1.7114,    1.7772,    4.4921,    4.2314,    4.1836,    4.0570,    3.7475,    3.5146,    3.0853,    2.8383,    2.7281,    2.3910,    1.8367,    1.7058,    1.3151,    1.4769,    1.1262,    1.0749,    0.7248,    0.5260,    0.4250,    0.1706,    0.1504,    0.1068,    0.0370,    0.0301
  570,    0.5000,  228.5027,    0.0967,  134.3209,  134.0223,    0.9872,    0.8138,  158.4330,  201.8266,  202.8028,  203.8848,  205.1346,  206.5169,  208.2603,  210.2977,  212.3999,  214.7063,  217.4972,  220.7955,  224.9016,  229.6997,  234.3021,  237.6036,  239.3002,  239.9033,  239.7036,  238.7581,  237.2107,  235.1019,  233.4159,  231.7165,  231.1531,    0.0376,    0.1428,    0.3021,    0.5001,    0.7235,    0.9606,    1.2017,    1.6548,    2.1880,    2.3723,    2.5438,    3.5113,    3.5102,    3.7024,    3.6774,    3.7959,    3.8068,    3.2530,    2.7100,    3.8560,    4.0970,    4.0993,    3.9958,    3.8966,    1.3392,    1.3449,    1.3217,    1.3229,    1.3054,    1.3059,    1.2785,    1.2541,    1.2508,    1.2427,    1.2618,    1.2273,    0.8968,    0.8476,    0.7861,    0.7851,    0.7534,    0.6722,    0.7430,    0.7431,    0.7545,    0.7749,    0.8109,    0.8371,    0.9081,    0.9070,    0.8519,    0.8833,    0.8772,    0.8534,    0.8291,    0.8081,    0.7564,    0.7263,    0.7071,    0.6941,    1.8039,    1.6557,    1.5709,    1.4654,    1.3970,    1.4195,    1.5104,    1.4427,    1.4373,    1.3709,    1.3356,    1.2700,    1.8951,    1.7253,    1.5887,    1.5081,    1.3977,    1.2751,    1.1680,    1.0646,    0.9821,    0.8930,    0.8082,    0.7325,    1.8223,    1.3136,    0.9498,    0.7064,    0.5054,    0.3556,    0.2509,    0.1802,    0.1265,    0.0877,    0.0611,    0.0426,    0.0920,    0.0463,    0.0856,    0.1035,    0.1163,    0.1079,    0.1186,    0.1313,    0.1156,    0.1592,    0.1408,    0.1549,    0.1708,    0.1391,    0.2020,    0.2236,    0.1848,    0.1979,    0.2042,    0.2225,    0.2483,    0.1821,    0.2937,    0.3097,    0.3810,    0.4073,    0.4216,    0.4482,    0.4548,    0.4744,    0.4733,    0.5156,    0.5431,    0.5345,    0.5845,    0.5952,    1.0136,    1.1070,    1.1608,    1.1955,    1.2126,    1.3199,    1.2439,    1.3103,    1.2623,    1.3444,    1.2744,    1.3644,    2.9415,    2.8959,    2.9692,    2.9756,    3.0040,    2.8870,    2.9884,    3.0646,    3.1269,    2.9073,    2.8657,    2.9759,    7.5229,    6.9715,    6.8936,    6.6858,    6.1767,    5.7940,    5.0875,    4.6816,    4.5012,    3.9466,    3.0330,    2.8184,    2.1743,    1.8992,    1.4493,    1.3848,    0.9347,    0.6793,    0.5497,    0.2210,    0.1952,    0.1389,    0.0483,    0.0394,    0.0333,    0.1262,    0.2670,    0.4420,    0.6394,    0.8489,    1.0620,    1.0547,    0.9474,    1.1592,    1.3465,    0.6956,    0.3271,    0.3056,    0.4715,    1.3333,    2.2115,    2.3058,    1.7144,    3.8881,    4.2683,    3.6839,    2.8121,    2.6819,    0.9342,    1.0483,    1.1237,    1.1745,    1.2546,    1.2969,    1.4248,    1.4106,    1.4343,    1.4397,    1.4591,    1.4469,    1.0813,    1.0555,    1.0270,    1.0184,    1.0036,    0.9737,    0.9836,    0.9762,    0.9725,    0.9723,    0.9817,    0.9899,    1.0489,    1.0204,    0.9889,    0.9333,    0.9281,    0.8935,    0.8379,    0.7369,    0.6635,    0.5828,    0.5405,    0.5219,    1.3073,    1.1581,    1.0588,    0.9282,    0.8742,    0.9358,    1.1834,    1.1353,    1.1591,    1.1133,    1.1475,    1.0887,    1.6037,    1.3437,    1.2567,    1.2561,    1.1545,    1.0329,    0.9524,    0.8702,    0.8551,    0.7816,    0.7029,    0.6394,    1.5420,    1.0379,    0.7438,    0.5939,    0.4037,    0.2764,    0.1965,    0.1630,    0.1221,    0.0872,    0.0624,    0.0421,    0.0051,    0.0000,    0.0150,    0.0350,    0.0397,    0.0363,    0.0408,    0.0559,    0.0497,    0.0685,    0.0606,    0.0646,    0.0708,    0.0575,    0.0829,    0.0904,    0.0651,    0.0391,    0.0040,    0.0097,    0.0526,    0.0664,    0.0956,    0.1002,    0.1242,    0.1329,    0.1376,    0.1462,    0.1807,    0.1845,    0.1693,    0.1539,    0.1351,    0.1627,    0.2279,    0.2318,    0.4362,    0.4764,    0.4989,    0.5052,    0.4951,    0.5500,    0.5289,    0.6292,    0.5782,    0.6557,    0.6198,    0.6593,    1.4288,    1.3928,    1.4481,    1.5280,    1.5378,    1.4827,    1.5350,    1.5741,    1.6061,    1.4926,    1.4719,    1.5284,    3.8634,    3.6313,    3.5903,    3.4817,    3.2161,    3.0162,    2.6478,    2.4359,    2.3413,    2.0521,    1.5763,    1.4640,    1.1287,    1.3326,    1.0161,    0.9700,    0.6540,    0.4747,    0.3836,    0.1540,    0.1357,    0.0964,    0.0334,    0.0272
  857,    0.7500,  230.5077,    0.0776,  137.3878,  136.8537,    0.9761,    0.9160,  158.4330,  208.5253,  209.5273,  210.6105,  211.8170,  213.1994,  214.9003,  216.8933,  218.8989,  221.1013,  223.5980,  226.5987,  230.2577,  234.4015,  238.3041,  240.9044,  242.0068,  242.0205,  241.4087,  240.3144,  238.9074,  237.0147,  235.5143,  233.8505,  233.2912,    0.0308,    0.1168,    0.2474,    0.4099,    0.5935,    0.7886,    0.9874,    1.4063,    1.9315,    2.0727,    2.2078,    3.3049,    3.4340,    3.6410,    3.5558,    3.7635,    3.8373,    3.1618,    2.3291,    3.9932,    4.2505,    4.2669,    4.1380,    4.0254,    1.3842,    1.3975,    1.3738,    1.3739,    1.3529,    1.3519,    1.3187,    1.2827,    1.2815,    1.2950,    1.3096,    1.3003,    0.9653,    0.9251,    0.8730,    0.8732,    0.8427,    0.7641,    0.8315,    0.8303,    0.8379,    0.8518,    0.8779,    0.8948,    0.9579,    0.9531,    0.9071,    0.9267,    0.9196,    0.8898,    0.8671,    0.8438,    0.7826,    0.7521,    0.7326,    0.7197,    1.8574,    1.6801,    1.5948,    1.4683,    1.4009,    1.4626,    1.6122,    1.5421,    1.5467,    1.4770,    1.4431,    1.3745,    2.0555,    1.8750,    1.7295,    1.6483,    1.5325,    1.4031,    1.2883,    1.1769,    1.0863,    0.9897,    0.8982,    0.8159,    2.0413,    1.4838,    1.0807,    0.8086,    0.5839,    0.4140,    0.2942,    0.2113,    0.1485,    0.1035,    0.0724,    0.0508,    0.0916,    0.0459,    0.0861,    0.1052,    0.1182,    0.1096,    0.1206,    0.1340,    0.1181,    0.1626,    0.1438,    0.1582,    0.1744,    0.1420,    0.2061,    0.2281,    0.1879,    0.1988,    0.2033,    0.2217,    0.2501,    0.1853,    0.2982,    0.3145,    0.3870,    0.4137,    0.4282,    0.4552,    0.4639,    0.4836,    0.4813,    0.5219,    0.5479,    0.5412,    0.5958,    0.6068,    1.0354,    1.1308,    1.1857,    1.2205,    1.2366,    1.3469,    1.2701,    1.3414,    1.2899,    1.3770,    1.3052,    1.3970,    3.0124,    2.9648,    3.0413,    3.0467,    3.0754,    2.9560,    3.0598,    3.1379,    3.2017,    2.9768,    2.9343,    3.0472,    7.7031,    7.1086,    7.0294,    6.8178,    6.2989,    5.9090,    5.1888,    4.7751,    4.5916,    4.0263,    3.0946,    2.8760,    2.2192,    1.9363,    1.4781,    1.4127,    0.9540,    0.6936,    0.5615,    0.2259,    0.1997,    0.1422,    0.0495,    0.0404,    0.0408,    0.1549,    0.3279,    0.5433,    0.7866,    1.0452,    1.3086,    1.3443,    1.2544,    1.5191,    1.7528,    0.9820,    0.4801,    0.4508,    0.6838,    1.8839,    2.9619,    3.0209,    2.2098,    4.5677,    4.8268,    4.4358,    3.6415,    3.4739,    1.2108,    1.3196,    1.3794,    1.4061,    1.4548,    1.4733,    1.5358,    1.5174,    1.5244,    1.5104,    1.5196,    1.4934,    1.1181,    1.0930,    1.0649,    1.0566,    1.0416,    1.0109,    1.0214,    1.0140,    1.0101,    1.0092,    1.0175,    1.0245,    1.0886,    1.0745,    1.0379,    1.0158,    1.0078,    0.9721,    0.9287,    0.8584,    0.7908,    0.7257,    0.6903,    0.6729,    1.7122,    1.5303,    1.4269,    1.2638,    1.1985,    1.2788,    1.5556,    1.4915,    1.5031,    1.4408,    1.4542,    1.3843,    2.0516,    1.7719,    1.6476,    1.6119,    1.4870,    1.3499,    1.2448,    1.1394,    1.0965,    1.0023,    0.9040,    0.8232,    2.0179,    1.3988,    1.0166,    0.7966,    0.5538,    0.3854,    0.2755,    0.2184,    0.1606,    0.1137,    0.0807,    0.0560,    0.0025,    0.0000,    0.0076,    0.0201,    0.0228,    0.0208,    0.0234,    0.0356,    0.0317,    0.0436,    0.0386,    0.0406,    0.0445,    0.0361,    0.0520,    0.0568,    0.0386,    0.0230,    0.0023,    0.0057,    0.0310,    0.0394,    0.0535,    0.0561,    0.0696,    0.0745,    0.0771,    0.0819,    0.1112,    0.1135,    0.1039,    0.0945,    0.0830,    0.1000,    0.1401,    0.1426,    0.2777,    0.3033,    0.3177,    0.3216,    0.3151,    0.3501,    0.3367,    0.4236,    0.3893,    0.4416,    0.4174,    0.4440,    0.9622,    0.9378,    0.9753,    1.0494,    1.0561,    1.0183,    1.0542,    1.0811,    1.1030,    1.0251,    1.0109,    1.0497,    2.6534,    2.4837,    2.4557,    2.3814,    2.1997,    2.0631,    1.8111,    1.6662,    1.6015,    1.4037,    1.0783,    1.0016,    0.7722,    1.0324,    0.7873,    0.7516,    0.5069,    0.3679,    0.2973,    0.1194,    0.1052,    0.0747,    0.0259,    0.0211
 1026,    1.0000,  231.5031,    0.0682,  138.9315,  138.2352,    0.9836,    0.8416,  158.4330,  213.1015,  214.0989,  215.1809,  216.3126,  217.6330,  219.3058,  221.1004,  223.0066,  225.0999,  227.4102,  230.2066,  233.5961,  237.3931,  240.8057,  242.9283,  243.5056,  243.1009,  242.0072,  240.7060,  239.3047,  237.6109,  236.2361,  234.6630,  234.2374,    0.0260,    0.0987,    0.2091,    0.3466,    0.5019,    0.6673,    0.8358,    1.2185,    1.7210,    1.8320,    1.9412,    3.0993,    3.3316,    3.5482,    3.4107,    3.7296,    3.8705,    3.1246,    2.0297,    4.0814,    4.3405,    4.3727,    4.2409,    4.1202,    1.4176,    1.4345,    1.4097,    1.4083,    1.3841,    1.3813,    1.3427,    1.2981,    1.2975,    1.3251,    1.3352,    1.3428,    1.0067,    0.9734,    0.9297,    0.9301,    0.9012,    0.8266,    0.8895,    0.8871,    0.8919,    0.9011,    0.9199,    0.9306,    0.9885,    0.9812,    0.9417,    0.9531,    0.9454,    0.9110,    0.8902,    0.8666,    0.7999,    0.7707,    0.7519,    0.7392,    1.9010,    1.7031,    1.6186,    1.4748,    1.4082,    1.4992,    1.6839,    1.6119,    1.6197,    1.5477,    1.5121,    1.4416,    2.1589,    1.9750,    1.8232,    1.7382,    1.6186,    1.4850,    1.3651,    1.2487,    1.1510,    1.0498,    0.9547,    0.8683,    2.1801,    1.5958,    1.1675,    0.8741,    0.6353,    0.4529,    0.3232,    0.2312,    0.1624,    0.1135,    0.0796,    0.0560,    0.0912,    0.0456,    0.0862,    0.1057,    0.1188,    0.1102,    0.1213,    0.1352,    0.1192,    0.1641,    0.1451,    0.1595,    0.1759,    0.1432,    0.2078,    0.2299,    0.1890,    0.1990,    0.2027,    0.2210,    0.2505,    0.1865,    0.2998,    0.3161,    0.3890,    0.4158,    0.4304,    0.4575,    0.4675,    0.4872,    0.4844,    0.5243,    0.5495,    0.5437,    0.6003,    0.6114,    1.0447,    1.1410,    1.1964,    1.2312,    1.2467,    1.3584,    1.2814,    1.3562,    1.3029,    1.3925,    1.3198,    1.4126,    3.0462,    2.9976,    3.0756,    3.0818,    3.1106,    2.9901,    3.0951,    3.1741,    3.2386,    3.0111,    2.9682,    3.0823,    7.7921,    7.1757,    7.0959,    6.8824,    6.3588,    5.9654,    5.2386,    4.8212,    4.6362,    4.0657,    3.1252,    2.9047,    2.2417,    1.9597,    1.4963,    1.4305,    0.9663,    0.7028,    0.5692,    0.2291,    0.2026,    0.1443,    0.0502,    0.0410,    0.0459,    0.1744,    0.3694,    0.6123,    0.8868,    1.1789,    1.4766,    1.5529,    1.4902,    1.7901,    2.0548,    1.2279,    0.6210,    0.5858,    0.8746,    2.3453,    3.5101,    3.5361,    2.5672,    4.8769,    5.0301,    4.8083,    4.1798,    4.0060,    1.3957,    1.4867,    1.5279,    1.5383,    1.5630,    1.5665,    1.5877,    1.5689,    1.5651,    1.5410,    1.5429,    1.5091,    1.1316,    1.1077,    1.0810,    1.0727,    1.0579,    1.0281,    1.0377,    1.0300,    1.0255,    1.0238,    1.0304,    1.0361,    1.1016,    1.0950,    1.0577,    1.0555,    1.0457,    1.0128,    0.9791,    0.9317,    0.8722,    0.8214,    0.7925,    0.7763,    1.9980,    1.8017,    1.6983,    1.5176,    1.4449,    1.5307,    1.7906,    1.7163,    1.7097,    1.6370,    1.6253,    1.5496,    2.3053,    2.0360,    1.8875,    1.8163,    1.6776,    1.5336,    1.4129,    1.2943,    1.2247,    1.1194,    1.0133,    0.9232,    2.2855,    1.6213,    1.1867,    0.9133,    0.6455,    0.4545,    0.3256,    0.2492,    0.1805,    0.1273,    0.0899,    0.0630,    0.0013,    0.0000,    0.0039,    0.0116,    0.0131,    0.0120,    0.0135,    0.0227,    0.0202,    0.0278,    0.0246,    0.0255,    0.0280,    0.0227,    0.0327,    0.0357,    0.0229,    0.0136,    0.0014,    0.0033,    0.0184,    0.0234,    0.0301,    0.0315,    0.0391,    0.0418,    0.0433,    0.0460,    0.0685,    0.0700,    0.0640,    0.0583,    0.0511,    0.0616,    0.0864,    0.0879,    0.1772,    0.1935,    0.2027,    0.2051,    0.2010,    0.2233,    0.2148,    0.2857,    0.2626,    0.2979,    0.2816,    0.2995,    0.6491,    0.6326,    0.6579,    0.7222,    0.7268,    0.7008,    0.7255,    0.7440,    0.7591,    0.7055,    0.6957,    0.7224,    1.8260,    1.7051,    1.6859,    1.6349,    1.5102,    1.4164,    1.2435,    1.1440,    1.0996,    0.9639,    0.7405,    0.6878,    0.5303,    0.8020,    0.6117,    0.5840,    0.3938,    0.2859,    0.2311,    0.0928,    0.0818,    0.0581,    0.0202,    0.0164
 1117,    1.2500,  231.8054,    0.0636,  139.7961,  138.9180,    0.9392,    0.9346,  158.4330,  216.4163,  217.3919,  218.4938,  219.5303,  220.8797,  222.4066,  224.1865,  225.9958,  227.8996,  230.1013,  232.7193,  236.0029,  239.4973,  242.6042,  244.3048,  244.4097,  243.4977,  242.0180,  240.5011,  239.1011,  237.5183,  236.3364,  234.8397,  234.4228,    0.0225,    0.0853,    0.1807,    0.2995,    0.4338,    0.5768,    0.7225,    1.0714,    1.5459,    1.6348,    1.7249,    2.9021,    3.2152,    3.4373,    3.2556,    3.7014,    3.9047,    3.1170,    1.7882,    4.1431,    4.4034,    4.4464,    4.3194,    4.1944,    1.4438,    1.4622,    1.4363,    1.4336,    1.4070,    1.4029,    1.3600,    1.3091,    1.3086,    1.3460,    1.3520,    1.3714,    1.0351,    1.0071,    0.9703,    0.9706,    0.9433,    0.8732,    0.9311,    0.9278,    0.9305,    0.9361,    0.9496,    0.9561,    1.0106,    1.0017,    0.9667,    0.9723,    0.9640,    0.9260,    0.9069,    0.8834,    0.8132,    0.7857,    0.7676,    0.7552,    1.9391,    1.7267,    1.6432,    1.4858,    1.4196,    1.5321,    1.7374,    1.6640,    1.6724,    1.5988,    1.5608,    1.4890,    2.2320,    2.0471,    1.8909,    1.8018,    1.6793,    1.5427,    1.4191,    1.2992,    1.1961,    1.0917,    0.9943,    0.9050,    2.2779,    1.6761,    1.2300,    0.9205,    0.6721,    0.4811,    0.3442,    0.2455,    0.1723,    0.1207,    0.0848,    0.0598,    0.0909,    0.0454,    0.0861,    0.1059,    0.1191,    0.1104,    0.1215,    0.1357,    0.1196,    0.1647,    0.1457,    0.1601,    0.1765,    0.1437,    0.2086,    0.2307,    0.1895,    0.1988,    0.2022,    0.2204,    0.2505,    0.1870,    0.3003,    0.3166,    0.3896,    0.4165,    0.4311,    0.4583,    0.4690,    0.4887,    0.4856,    0.5251,    0.5500,    0.5446,    0.6021,    0.6132,    1.0487,    1.1454,    1.2010,    1.2357,    1.2510,    1.3633,    1.2862,    1.3632,    1.3090,    1.3999,    1.3268,    1.4200,    3.0623,    3.0131,    3.0920,    3.0991,    3.1280,    3.0069,    3.1125,    3.1920,    3.2569,    3.0281,    2.9849,    3.0997,    7.8361,    7.2086,    7.1286,    6.9142,    6.3884,    5.9933,    5.2633,    4.8441,    4.6584,    4.0854,    3.1405,    2.9192,    2.2531,    1.9746,    1.5079,    1.4419,    0.9742,    0.7087,    0.5742,    0.2312,    0.2045,    0.1458,    0.0508,    0.0415,    0.0496,    0.1883,    0.3988,    0.6611,    0.9576,    1.2732,    1.5950,    1.7064,    1.6730,    1.9965,    2.2819,    1.4372,    0.7491,    0.7093,    1.0435,    2.7286,    3.9038,    3.9043,    2.8265,    4.9997,    5.0826,    4.9747,    4.5166,    4.3526,    1.5153,    1.5850,    1.6094,    1.6094,    1.6170,    1.6115,    1.6075,    1.5897,    1.5793,    1.5500,    1.5470,    1.5091,    1.1329,    1.1102,    1.0848,    1.0765,    1.0620,    1.0330,    1.0417,    1.0338,    1.0289,    1.0264,    1.0315,    1.0358,    1.1010,    1.0984,    1.0620,    1.0713,    1.0604,    1.0318,    1.0052,    0.9740,    0.9229,    0.8837,    0.8599,    0.8449,    2.1936,    1.9949,    1.8928,    1.7054,    1.6276,    1.7097,    1.9293,    1.8487,    1.8238,    1.7450,    1.7106,    1.6321,    2.4340,    2.1858,    2.0228,    1.9215,    1.7753,    1.6286,    1.4989,    1.3734,    1.2824,    1.1719,    1.0641,    0.9695,    2.4155,    1.7443,    1.2815,    0.9710,    0.6947,    0.4934,    0.3538,    0.2631,    0.1882,    0.1324,    0.0932,    0.0656,    0.0006,    0.0000,    0.0020,    0.0067,    0.0076,    0.0069,    0.0078,    0.0145,    0.0129,    0.0178,    0.0157,    0.0161,    0.0176,    0.0143,    0.0206,    0.0225,    0.0137,    0.0081,    0.0008,    0.0020,    0.0110,    0.0140,    0.0170,    0.0178,    0.0220,    0.0236,    0.0244,    0.0259,    0.0424,    0.0432,    0.0395,    0.0360,    0.0316,    0.0381,    0.0534,    0.0543,    0.1133,    0.1237,    0.1296,    0.1311,    0.1285,    0.1428,    0.1373,    0.1931,    0.1774,    0.2013,    0.1903,    0.2024,    0.4386,    0.4275,    0.4446,    0.4981,    0.5013,    0.4833,    0.5004,    0.5131,    0.5236,    0.4866,    0.4798,    0.4982,    1.2594,    1.1751,    1.1618,    1.1267,    1.0408,    0.9762,    0.8570,    0.7884,    0.7579,    0.6643,    0.5104,    0.4741,    0.3655,    0.6246,    0.4764,    0.4549,    0.3068,    0.2228,    0.1801,    0.0723,    0.0638,    0.0453,    0.0157,    0.0128
 1172,    1.5000,  231.7060,    0.0613,  140.2189,  139.2605,    0.9672,    0.8899,  158.4330,  218.9313,  219.9106,  220.9918,  221.9992,  223.3058,  224.7883,  226.4179,  228.1834,  229.9956,  232.1160,  234.6928,  237.7963,  241.0987,  243.9587,  245.3011,  244.9111,  243.5112,  241.7176,  239.9244,  238.5075,  237.0610,  235.9702,  234.6044,  234.2035,    0.0197,    0.0750,    0.1588,    0.2632,    0.3813,    0.5069,    0.6349,    0.9537,    1.3994,    1.4718,    1.5474,    2.7194,    3.0951,    3.3202,    3.1016,    3.6815,    3.9368,    3.1240,    1.5916,    4.1870,    4.4491,    4.4986,    4.3788,    4.2519,    1.4641,    1.4828,    1.4557,    1.4521,    1.4237,    1.4186,    1.3724,    1.3168,    1.3161,    1.3605,    1.3629,    1.3909,    1.0547,    1.0311,    1.0002,    1.0003,    0.9745,    0.9084,    0.9619,    0.9579,    0.9589,    0.9618,    0.9712,    0.9746,    1.0267,    1.0168,    0.9851,    0.9863,    0.9775,    0.9366,    0.9189,    0.8959,    0.8235,    0.7976,    0.7803,    0.7682,    1.9713,    1.7493,    1.6669,    1.4995,    1.4337,    1.5610,    1.7770,    1.7025,    1.7106,    1.6357,    1.5957,    1.5229,    2.2844,    2.0995,    1.9401,    1.8475,    1.7229,    1.5840,    1.4577,    1.3353,    1.2282,    1.1216,    1.0226,    0.9313,    2.3480,    1.7344,    1.2754,    0.9539,    0.6988,    0.5017,    0.3595,    0.2558,    0.1795,    0.1260,    0.0886,    0.0625,    0.0907,    0.0452,    0.0861,    0.1060,    0.1192,    0.1104,    0.1216,    0.1360,    0.1198,    0.1650,    0.1459,    0.1603,    0.1767,    0.1439,    0.2088,    0.2310,    0.1896,    0.1987,    0.2017,    0.2200,    0.2504,    0.1871,    0.3005,    0.3168,    0.3899,    0.4168,    0.4314,    0.4586,    0.4696,    0.4893,    0.4860,    0.5253,    0.5500,    0.5448,    0.6028,    0.6140,    1.0504,    1.1473,    1.2030,    1.2377,    1.2528,    1.3654,    1.2882,    1.3665,    1.3118,    1.4035,    1.3301,    1.4235,    3.0699,    3.0205,    3.0998,    3.1077,    3.1366,    3.0153,    3.1212,    3.2008,    3.2659,    3.0365,    2.9932,    3.1084,    7.8580,    7.2249,    7.1447,    6.9300,    6.4031,    6.0072,    5.2756,    4.8557,    4.6697,    4.0955,    3.1484,    2.9267,    2.2590,    1.9841,    1.5154,    1.4493,    0.9794,    0.7126,    0.5775,    0.2326,    0.2058,    0.1467,    0.0511,    0.0418,    0.0523,    0.1985,    0.4204,    0.6970,    1.0095,    1.3421,    1.6812,    1.8223,    1.8172,    2.1567,    2.4562,    1.6161,    0.8653,    0.8222,    1.1929,    3.0444,    4.1790,    4.1629,    3.0180,    5.0256,    5.0654,    5.0259,    4.7125,    4.5651,    1.5880,    1.6370,    1.6478,    1.6413,    1.6373,    1.6263,    1.6076,    1.5911,    1.5765,    1.5449,    1.5386,    1.4986,    1.1260,    1.1044,    1.0804,    1.0719,    1.0578,    1.0300,    1.0375,    1.0294,    1.0240,    1.0208,    1.0245,    1.0278,    1.0918,    1.0910,    1.0563,    1.0717,    1.0602,    1.0360,    1.0145,    0.9946,    0.9515,    0.9213,    0.9015,    0.8874,    2.3203,    2.1269,    2.0268,    1.8403,    1.7591,    1.8305,    2.0001,    1.9159,    1.8750,    1.7930,    1.7405,    1.6609,    2.4809,    2.2555,    2.0846,    1.9603,    1.8106,    1.6638,    1.5295,    1.4013,    1.2952,    1.1831,    1.0766,    0.9807,    2.4528,    1.7948,    1.3209,    0.9874,    0.7126,    0.5093,    0.3652,    0.2653,    0.1879,    0.1319,    0.0925,    0.0652,    0.0003,    0.0000,    0.0010,    0.0039,    0.0044,    0.0040,    0.0045,    0.0093,    0.0083,    0.0114,    0.0101,    0.0101,    0.0111,    0.0090,    0.0130,    0.0142,    0.0082,    0.0049,    0.0005,    0.0012,    0.0066,    0.0084,    0.0096,    0.0101,    0.0125,    0.0133,    0.0138,    0.0147,    0.0262,    0.0268,    0.0245,    0.0223,    0.0196,    0.0236,    0.0330,    0.0336,    0.0726,    0.0793,    0.0830,    0.0840,    0.0823,    0.0915,    0.0880,    0.1307,    0.1201,    0.1363,    0.1288,    0.1370,    0.2970,    0.2894,    0.3010,    0.3443,    0.3465,    0.3341,    0.3459,    0.3547,    0.3619,    0.3363,    0.3317,    0.3444,    0.8706,    0.8127,    0.8035,    0.7793,    0.7198,    0.6752,    0.5927,    0.5453,    0.5242,    0.4595,    0.3530,    0.3279,    0.2529,    0.4877,    0.3720,    0.3552,    0.2396,    0.1740,    0.1406,    0.0565,    0.0498,    0.0354,    0.0123,    0.0100
 1165,    1.7500,  231.3082,    0.0601,  140.4716,  139.4354,    0.9801,    0.9329,  158.4330,  220.9761,  221.9722,  222.9719,  223.9857,  225.2048,  226.6149,  228.2167,  229.9039,  231.6850,  233.7029,  236.1972,  239.1990,  242.3954,  244.9953,  246.0032,  245.1824,  243.3635,  241.2105,  239.2139,  237.7041,  236.3446,  235.3587,  234.1045,  233.6236,    0.0176,    0.0668,    0.1414,    0.2344,    0.3395,    0.4512,    0.5651,    0.8573,    1.2751,    1.3349,    1.3992,    2.5509,    2.9748,    3.2009,    2.9518,    3.6693,    3.9667,    3.1383,    1.4284,    4.2223,    4.4874,    4.5401,    4.4266,    4.2990,    1.4807,    1.4992,    1.4713,    1.4670,    1.4373,    1.4315,    1.3827,    1.3233,    1.3225,    1.3721,    1.3715,    1.4060,    1.0700,    1.0499,    1.0241,    1.0239,    0.9992,    0.9368,    0.9865,    0.9818,    0.9816,    0.9824,    0.9886,    0.9897,    1.0400,    1.0293,    1.0000,    0.9978,    0.9887,    0.9453,    0.9287,    0.9061,    0.8321,    0.8077,    0.7910,    0.7792,    1.9995,    1.7709,    1.6896,    1.5150,    1.4493,    1.5868,    1.8085,    1.7332,    1.7408,    1.6650,    1.6234,    1.5498,    2.3259,    2.1409,    1.9790,    1.8838,    1.7575,    1.6166,    1.4883,    1.3639,    1.2539,    1.1455,    1.0452,    0.9524,    2.4038,    1.7807,    1.3113,    0.9806,    0.7200,    0.5181,    0.3718,    0.2642,    0.1854,    0.1303,    0.0918,    0.0648,    0.0905,    0.0450,    0.0860,    0.1060,    0.1192,    0.1105,    0.1216,    0.1360,    0.1199,    0.1651,    0.1460,    0.1604,    0.1768,    0.1440,    0.2090,    0.2312,    0.1896,    0.1985,    0.2014,    0.2196,    0.2502,    0.1872,    0.3005,    0.3168,    0.3899,    0.4168,    0.4315,    0.4587,    0.4698,    0.4895,    0.4862,    0.5253,    0.5498,    0.5448,    0.6030,    0.6143,    1.0512,    1.1481,    1.2038,    1.2385,    1.2535,    1.3663,    1.2891,    1.3681,    1.3131,    1.4052,    1.3317,    1.4252,    3.0736,    3.0241,    3.1035,    3.1120,    3.1408,    3.0194,    3.1254,    3.2053,    3.2704,    3.0407,    2.9974,    3.1127,    7.8689,    7.2330,    7.1528,    6.9380,    6.4105,    6.0143,    5.2819,    4.8615,    4.6755,    4.1007,    3.1525,    2.9306,    2.2622,    1.9903,    1.5203,    1.4541,    0.9828,    0.7152,    0.5797,    0.2335,    0.2067,    0.1474,    0.0514,    0.0420,    0.0543,    0.2062,    0.4366,    0.7237,    1.0481,    1.3932,    1.7449,    1.9107,    1.9316,    2.2818,    2.5906,    1.7686,    0.9703,    0.9247,    1.3245,    3.3032,    4.3662,    4.3398,    3.1588,    5.0040,    5.0187,    5.0171,    4.8148,    4.6854,    1.6284,    1.6597,    1.6601,    1.6496,    1.6380,    1.6239,    1.5968,    1.5815,    1.5645,    1.5321,    1.5235,    1.4826,    1.1146,    1.0938,    1.0708,    1.0623,    1.0485,    1.0217,    1.0282,    1.0199,    1.0142,    1.0104,    1.0131,    1.0156,    1.0782,    1.0781,    1.0450,    1.0635,    1.0517,    1.0316,    1.0137,    1.0014,    0.9653,    0.9417,    0.9248,    0.9114,    2.3965,    2.2126,    2.1145,    1.9338,    1.8503,    1.9074,    2.0267,    1.9408,    1.8872,    1.8038,    1.7380,    1.6585,    2.4794,    2.2743,    2.0999,    1.9593,    1.8087,    1.6632,    1.5272,    1.3987,    1.2829,    1.1713,    1.0673,    0.9719,    2.4361,    1.7995,    1.3249,    0.9793,    0.7111,    0.5104,    0.3657,    0.2608,    0.1831,    0.1283,    0.0897,    0.0632,    0.0002,    0.0000,    0.0005,    0.0022,    0.0026,    0.0023,    0.0026,    0.0060,    0.0053,    0.0073,    0.0065,    0.0064,    0.0070,    0.0057,    0.0082,    0.0090,    0.0049,    0.0029,    0.0003,    0.0007,    0.0039,    0.0050,    0.0054,    0.0057,    0.0071,    0.0076,    0.0078,    0.0083,    0.0163,    0.0166,    0.0152,    0.0138,    0.0122,    0.0147,    0.0205,    0.0209,    0.0466,    0.0509,    0.0533,    0.0540,    0.0529,    0.0588,    0.0565,    0.0887,    0.0815,    0.0924,    0.0874,    0.0930,    0.2015,    0.1963,    0.2042,    0.2386,    0.2401,    0.2315,    0.2396,    0.2458,    0.2507,    0.2330,    0.2298,    0.2386,    0.6032,    0.5640,    0.5576,    0.5408,    0.4995,    0.4685,    0.4113,    0.3785,    0.3638,    0.3189,    0.2450,    0.2276,    0.1755,    0.3816,    0.2911,    0.2779,    0.1875,    0.1362,    0.1101,    0.0442,    0.0390,    0.0277,    0.0096,    0.0078
 1154,    2.0000,  230.8085,    0.0595,  140.6552,  139.5267,    0.9667,    0.8830,  158.4330,  222.6348,  223.6027,  224.6511,  225.5937,  226.7654,  228.1037,  229.6977,  231.2812,  233.0070,  235.0071,  237.4181,  240.4120,  243.4905,  245.8892,  246.4995,  245.2229,  243.1028,  240.6236,  238.4357,  236.8702,  235.5752,  234.6388,  233.4189,  233.0398,    0.0158,    0.0602,    0.1274,    0.2111,    0.3056,    0.4062,    0.5086,    0.7777,    1.1697,    1.2197,    1.2750,    2.3989,    2.8598,    3.0858,    2.8118,    3.6659,    3.9953,    3.1568,    1.2929,    4.2509,    4.5181,    4.5740,    4.4670,    4.3396,    1.4950,    1.5130,    1.4842,    1.4794,    1.4486,    1.4423,    1.3912,    1.3289,    1.3279,    1.3813,    1.3781,    1.4171,    1.0812,    1.0639,    1.0426,    1.0420,    1.0186,    0.9600,    1.0057,    1.0004,    0.9991,    0.9982,    1.0019,    1.0014,    1.0506,    1.0395,    1.0120,    1.0075,    0.9980,    0.9528,    0.9370,    0.9149,    0.8399,    0.8167,    0.8007,    0.7890,    2.0254,    1.7925,    1.7121,    1.5325,    1.4669,    1.6112,    1.8349,    1.7589,    1.7659,    1.6894,    1.6463,    1.5720,    2.3603,    2.1756,    2.0117,    1.9140,    1.7863,    1.6439,    1.5138,    1.3878,    1.2752,    1.1655,    1.0641,    0.9699,    2.4505,    1.8197,    1.3419,    1.0031,    0.7381,    0.5320,    0.3823,    0.2713,    0.1904,    0.1340,    0.0945,    0.0667,    0.0903,    0.0449,    0.0860,    0.1060,    0.1192,    0.1105,    0.1216,    0.1361,    0.1200,    0.1652,    0.1460,    0.1605,    0.1769,    0.1440,    0.2090,    0.2312,    0.1897,    0.1983,    0.2011,    0.2193,    0.2500,    0.1872,    0.3005,    0.3169,    0.3900,    0.4169,    0.4315,    0.4587,    0.4699,    0.4896,    0.4862,    0.5252,    0.5496,    0.5447,    0.6031,    0.6144,    1.0515,    1.1484,    1.2042,    1.2388,    1.2538,    1.3666,    1.2895,    1.3689,    1.3137,    1.4060,    1.3325,    1.4260,    3.0754,    3.0258,    3.1053,    3.1141,    3.1430,    3.0215,    3.1276,    3.2075,    3.2727,    3.0428,    2.9994,    3.1148,    7.8744,    7.2371,    7.1569,    6.9420,    6.4143,    6.0179,    5.2851,    4.8646,    4.6785,    4.1034,    3.1547,    2.9328,    2.2639,    1.9943,    1.5235,    1.4573,    0.9851,    0.7170,    0.5812,    0.2342,    0.2073,    0.1479,    0.0516,    0.0422,    0.0559,    0.2121,    0.4492,    0.7444,    1.0778,    1.4325,    1.7937,    1.9803,    2.0247,    2.3823,    2.6975,    1.9007,    1.0661,    1.0188,    1.4419,    3.5160,    4.4904,    4.4591,    3.2662,    4.9603,    4.9596,    4.9781,    4.8575,    4.7448,    1.6478,    1.6645,    1.6572,    1.6444,    1.6278,    1.6119,    1.5803,    1.5660,    1.5475,    1.5152,    1.5049,    1.4639,    1.1011,    1.0811,    1.0591,    1.0505,    1.0370,    1.0114,    1.0168,    1.0083,    1.0022,    0.9979,    0.9997,    1.0014,    1.0625,    1.0625,    1.0311,    1.0507,    1.0386,    1.0221,    1.0066,    0.9994,    0.9694,    0.9506,    0.9359,    0.9231,    2.4384,    2.2660,    2.1699,    1.9978,    1.9127,    1.9536,    2.0264,    1.9398,    1.8766,    1.7929,    1.7178,    1.6389,    2.4512,    2.2628,    2.0876,    1.9358,    1.7858,    1.6423,    1.5064,    1.3790,    1.2576,    1.1475,    1.0465,    0.9524,    2.3899,    1.7771,    1.3080,    0.9578,    0.6983,    0.5027,    0.3597,    0.2527,    0.1763,    0.1233,    0.0859,    0.0605,    0.0001,    0.0000,    0.0003,    0.0013,    0.0015,    0.0014,    0.0015,    0.0038,    0.0034,    0.0047,    0.0041,    0.0041,    0.0045,    0.0036,    0.0052,    0.0057,    0.0029,    0.0018,    0.0002,    0.0004,    0.0024,    0.0030,    0.0031,    0.0032,    0.0040,    0.0043,    0.0045,    0.0047,    0.0101,    0.0103,    0.0095,    0.0086,    0.0076,    0.0091,    0.0128,    0.0130,    0.0300,    0.0328,    0.0343,    0.0347,    0.0340,    0.0378,    0.0364,    0.0603,    0.0554,    0.0628,    0.0594,    0.0632,    0.1369,    0.1334,    0.1388,    0.1656,    0.1667,    0.1607,    0.1664,    0.1706,    0.1741,    0.1618,    0.1596,    0.1657,    0.4188,    0.3926,    0.3882,    0.3764,    0.3477,    0.3262,    0.2864,    0.2635,    0.2533,    0.2220,    0.1706,    0.1585,    0.1222,    0.2992,    0.2282,    0.2180,    0.1470,    0.1068,    0.0863,    0.0347,    0.0306,    0.0217,    0.0075,    0.0061
