Particle       ,data/QEXT_96IR_84_VIS_NC50v2_2umrod
Ncase          ,  14
dt (sols)      ,  0.020833
Qext 0.67um    ,  1.529831
Alb sfc        ,  0.220000
Conrath nu     ,  0.002000
Sun Flux (W/m2),148.393084
BWN IR (cm-1)  ,     10.0000,     34.1670,     58.3330,     82.5000,    106.6670,    130.8330,    155.0000,    179.1670,    203.3330,    227.5000,    251.6670,    275.8330,    300.0000,    320.7880,    341.5750,    362.3630,    383.1500,    403.9380,    424.7250,    445.5130,    466.3010,    487.0880,    507.8760,    528.6630,    549.4510,    556.7420,    564.0330,    571.3240,    578.6150,    585.9060,    593.1970,    600.4880,    607.7790,    615.0700,    622.3610,    629.6520,    636.9430,    642.5500,    648.1570,    653.7640,    659.3700,    664.9770,    670.5840,    676.1910,    681.7980,    687.4050,    693.0110,    698.6180,    704.2250,    710.1390,    716.0530,    721.9670,    727.8810,    733.7950,    739.7090,    745.6240,    751.5380,    757.4520,    763.3660,    769.2800,    775.1940,    791.5010,    807.8070,    824.1140,    840.4210,    856.7270,    873.0340,    889.3410,    905.6470,    921.9540,    938.2610,    954.5670,    970.8740,    996.8050,   1022.7370,   1048.6680,   1074.6000,   1100.5310,   1126.4630,   1152.3940,   1178.3250,   1204.2570,   1230.1880,   1256.1200,   1282.0510,   1360.3990,   1438.7460,   1517.0940,   1595.4410,   1673.7890,   1752.1370,   1830.4840,   1908.8320,   1987.1790,   2065.5270,   2143.8740,   2222.2220
BWN VIS (cm-1) ,   2222.2200,   2294.3160,   2366.4120,   2438.5080,   2510.6030,   2582.6990,   2654.7950,   2726.8910,   2798.9870,   2871.0820,   2943.1780,   3015.2740,   3087.3700,   3165.9750,   3244.5800,   3323.1850,   3401.7900,   3480.3950,   3559.0000,   3637.6050,   3716.2100,   3794.8150,   3873.4200,   3952.0250,   4030.6300,   4142.2920,   4253.9530,   4365.6150,   4477.2770,   4588.9380,   4700.6000,   4812.2620,   4923.9230,   5035.5850,   5147.2470,   5258.9080,   5370.5700,   5560.6150,   5750.6600,   5940.7050,   6130.7500,   6320.7950,   6510.8400,   6700.8850,   6890.9300,   7080.9750,   7271.0200,   7461.0650,   7651.1100,   8055.1840,   8459.2580,   8863.3330,   9267.4070,   9671.4810,  10075.5550,  10479.6290,  10883.7030,  11287.7780,  11691.8520,  12095.9260,  12500.0000,  13541.6670,  14583.3330,  15625.0000,  16666.6670,  17708.3330,  18750.0000,  19791.6670,  20833.3330,  21875.0000,  22916.6670,  23958.3330,  25000.0000,  26388.8890,  27777.7780,  29166.6670,  30555.5570,  31944.4460,  33333.3350,  34722.2240,  36111.1130,  37500.0030,  38888.8920,  40277.7810,  41666.6700
SUN VIS (W/m2) ,      0.1008,      0.0862,      0.0968,      0.1089,      0.1224,      0.1136,      0.1248,      0.1400,      0.1233,      0.1698,      0.1502,      0.1645,      0.1814,      0.1477,      0.2144,      0.2377,      0.1946,      0.2106,      0.2276,      0.2472,      0.2683,      0.1918,      0.3072,      0.3239,      0.3986,      0.4261,      0.4410,      0.4688,      0.4810,      0.5017,      0.5013,      0.5485,      0.5772,      0.5665,      0.6183,      0.6303,      1.0809,      1.1806,      1.2379,      1.2751,      1.2949,      1.4092,      1.3262,      1.4132,      1.3634,      1.4505,      1.3747,      1.4716,      3.1730,      3.1258,      3.2038,      3.2543,      3.2846,      3.1576,      3.2685,      3.3520,      3.4202,      3.1800,      3.1347,      3.2554,      8.2299,      7.8425,      7.7561,      7.5237,      6.9524,      6.5235,      5.7299,      5.2748,      5.0739,      4.4511,      3.4228,      3.1828,      2.4579,      2.2644,      1.7312,      1.6575,      1.1215,      0.8173,      0.6634,      0.2677,      0.2374,      0.1697,      0.0593,      0.0486
================
wavelenght [um],    0.244068,    0.252632,    0.261818,    0.271698,    0.282353,    0.293878,    0.306383,    0.320000,    0.334884,    0.351220,    0.369231,    0.389189,    0.408511,    0.426667,    0.446512,    0.468293,    0.492308,    0.518919,    0.548571,    0.581818,    0.619355,    0.662069,    0.711111,    0.768000,    0.813143,    0.840768,    0.870336,    0.902060,    0.936184,    0.972991,    1.012810,    1.056028,    1.103099,    1.154562,    1.211061,    1.273375,    1.323436,    1.357581,    1.393534,    1.431444,    1.471474,    1.513807,    1.558648,    1.606226,    1.656801,    1.710664,    1.768147,    1.829628,    1.881560,    1.921939,    1.964090,    2.008131,    2.054193,    2.102417,    2.152960,    2.205992,    2.261704,    2.320302,    2.382017,    2.447105,    2.505432,    2.555765,    2.608162,    2.662752,    2.719677,    2.779088,    2.841153,    2.906054,    2.973989,    3.045176,    3.119855,    3.198288,    3.277268,    3.356577,    3.439819,    3.527294,    3.619334,    3.716307,    3.818620,    3.926726,    4.041130,    4.162400,    4.291175,    4.428172,    4.580751,    4.751270,    4.934974,    5.133456,    5.348572,    5.582505,    5.837838,    6.117648,    6.425631,    6.766266,    7.145039,    7.568734,    7.879690,    8.044056,    8.215425,    8.394255,    8.581043,    8.776330,    8.980716,    9.194848,    9.419442,    9.655282,    9.903235,   10.164260,   10.387231,   10.566200,   10.751445,   10.943308,   11.142136,   11.348323,   11.562291,   11.784476,   12.015368,   12.255495,   12.505409,   12.765727,   12.949392,   13.049328,   13.150818,   13.253898,   13.358608,   13.464994,   13.573088,   13.682923,   13.794549,   13.908012,   14.023357,   14.140631,   14.256763,   14.371646,   14.488386,   14.607038,   14.727660,   14.850291,   14.974981,   15.101782,   15.230738,   15.361915,   15.495384,   15.631191,   15.790367,   15.974275,   16.162517,   16.355249,   16.552633,   16.754839,   16.962047,   17.174443,   17.392227,   17.615605,   17.844795,   18.080028,   18.550914,   19.294981,   20.101230,   20.977796,   21.934298,   22.982219,   24.135264,   25.410119,   26.827165,   28.411593,   30.194923,   32.217118,   34.732292,   37.914692,   41.739101,   46.421699,   52.287582,   59.850314,   69.970927,   84.210526,  105.726686,  142.012170,  216.216216,  452.826771
Qext           ,      1.2034,      1.2034,      1.2034,      1.2034,      1.2034,      1.2034,      1.2034,      1.2034,      1.2034,      1.2034,      1.2034,      1.5298,      1.5298,      1.5298,      1.5298,      1.5298,      1.5298,      1.5298,      1.5298,      1.5298,      1.5298,      1.5298,      1.5298,      1.3728,      1.3728,      1.3728,      1.3728,      1.3728,      1.3728,      1.3728,      1.3728,      1.3728,      1.3728,      1.3198,      1.3198,      1.3198,      1.3198,      1.3198,      1.3198,      1.3198,      1.3198,      1.3387,      1.3387,      1.3387,      1.3387,      1.3387,      1.3387,      1.3387,      1.5457,      1.5457,      1.5457,      1.5457,      1.5457,      1.5457,      1.5457,      1.5457,      1.8977,      1.8977,      1.8977,      1.8977,      1.8977,      1.8977,      1.8645,      1.8645,      1.8645,      1.8645,      1.8645,      1.8645,      2.1789,      2.1789,      2.1789,      2.1789,      2.1789,      1.5697,      1.5697,      1.5697,      1.5697,      1.5324,      1.5324,      1.5324,      1.5324,      1.7226,      1.7226,      1.7226,      2.5023,      2.5023,      2.8280,      2.8280,      3.0301,      3.2455,      3.2455,      2.9690,      2.4479,      1.9082,      1.7210,      2.1517,      2.2961,      2.2961,      2.2182,      2.2182,      1.9723,      1.9723,      1.8677,      1.8677,      2.0068,      2.3618,      2.3618,      2.2669,      1.9409,      1.9409,      1.7025,      1.7025,      1.8160,      1.8160,      2.0024,      2.4558,      2.4558,      3.0945,      3.0945,      3.5464,      3.7080,      3.7080,      3.7080,      3.7080,      3.5069,      3.5069,      3.5069,      3.1387,      3.1387,      3.1387,      3.0649,      3.0649,      3.0649,      3.4329,      3.4329,      3.4329,      4.0404,      4.0404,      4.0404,      4.7846,      4.7846,      4.7846,      5.6866,      5.6866,      5.6866,      6.5349,      6.5349,      6.8409,      6.8409,      6.2511,      4.9243,      4.9243,      3.4772,      3.4772,      2.5808,      2.5705,      2.9479,      4.8992,      5.7321,      4.3472,      2.7212,      1.5962,      1.0399,      0.8877,      0.9795,      0.8755,      0.8388,      1.3105,      1.7534,      1.2701,      0.4406,      0.1108,      0.0901,      0.0727,      0.0727,      0.0727,      0.0727,      0.0727,      0.0727,      0.0727
Qscat          ,      0.5801,      0.5801,      0.5801,      0.5801,      0.5801,      0.5801,      0.5801,      0.5801,      0.5801,      0.5801,      0.5801,      0.4821,      0.4821,      0.4821,      0.4821,      0.4821,      0.4821,      0.4821,      0.4821,      0.4821,      0.4821,      0.4821,      0.4821,      0.2472,      0.2472,      0.2472,      0.2472,      0.2472,      0.2472,      0.2472,      0.2472,      0.2472,      0.2472,      0.2009,      0.2009,      0.2009,      0.2009,      0.2009,      0.2009,      0.2009,      0.2009,      0.1453,      0.1453,      0.1453,      0.1453,      0.1453,      0.1453,      0.1453,      0.1367,      0.1367,      0.1367,      0.1367,      0.1367,      0.1367,      0.1367,      0.1367,      0.1891,      0.1891,      0.1891,      0.1891,      0.1891,      0.1891,      0.2056,      0.2056,      0.2056,      0.2056,      0.2056,      0.2056,      0.2532,      0.2532,      0.2532,      0.2532,      0.2532,      0.1928,      0.1928,      0.1928,      0.1928,      0.1824,      0.1824,      0.1824,      0.1824,      0.1530,      0.1530,      0.1530,      0.2336,      0.2336,      0.2929,      0.2929,      0.2908,      0.4085,      0.4085,      0.5358,      0.5067,      0.3568,      0.3672,      0.5099,      0.4217,      0.4217,      0.4277,      0.4277,      0.4381,      0.4381,      0.4104,      0.4104,      0.3827,      0.4209,      0.4209,      0.3660,      0.3739,      0.3739,      0.3213,      0.3213,      0.3415,      0.3415,      0.3644,      0.4098,      0.4098,      0.5117,      0.5117,      0.5041,      0.4820,      0.4820,      0.4820,      0.4820,      0.4950,      0.4950,      0.4950,      0.4702,      0.4702,      0.4702,      0.4679,      0.4679,      0.4679,      0.5490,      0.5490,      0.5490,      0.6610,      0.6610,      0.6610,      0.7886,      0.7886,      0.7886,      0.9941,      0.9941,      0.9941,      1.2741,      1.2741,      1.5093,      1.5093,      1.5941,      1.5613,      1.5613,      1.5588,      1.5588,      1.7194,      2.0549,      2.2529,      2.7723,      2.1850,      1.1309,      0.7021,      0.6370,      0.5012,      0.5309,      0.7330,      0.4205,      0.1258,      0.9056,      1.7533,      0.9918,      0.0053,      0.1108,      0.0901,     -0.0243,     -0.0243,     -0.0243,     -0.0243,     -0.0243,     -0.0243,     -0.0243
G factor       ,      0.5220,      0.5220,      0.5220,      0.5220,      0.5220,      0.5220,      0.5220,      0.5220,      0.5220,      0.5220,      0.5220,      0.4310,      0.4310,      0.4310,      0.4310,      0.4310,      0.4310,      0.4310,      0.4310,      0.4310,      0.4310,      0.4310,      0.4310,      0.3290,      0.3290,      0.3290,      0.3290,      0.3290,      0.3290,      0.3290,      0.3290,      0.3290,      0.3290,      0.2880,      0.2880,      0.2880,      0.2880,      0.2880,      0.2880,      0.2880,      0.2880,      0.1920,      0.1920,      0.1920,      0.1920,      0.1920,      0.1920,      0.1920,      0.2350,      0.2350,      0.2350,      0.2350,      0.2350,      0.2350,      0.2350,      0.2350,      0.1990,      0.1990,      0.1990,      0.1990,      0.1990,      0.1990,      0.1590,      0.1590,      0.1590,      0.1590,      0.1590,      0.1590,      0.1010,      0.1010,      0.1010,      0.1010,      0.1010,      0.0270,      0.0270,      0.0270,      0.0270,      0.0700,      0.0700,      0.0700,      0.0700,      0.1590,      0.1590,      0.1590,      0.1860,      0.1860,      0.1580,      0.1580,      0.1430,      0.1690,      0.1690,      0.1690,      0.1430,      0.1120,      0.1500,      0.2540,      0.2660,      0.2660,      0.2410,      0.2410,      0.1720,      0.1720,      0.1640,      0.1640,      0.1670,      0.1730,      0.1730,      0.1670,      0.1340,      0.1340,      0.0960,      0.0960,      0.0800,      0.0800,      0.0850,      0.1050,      0.1050,      0.0990,      0.0990,      0.0660,      0.0250,      0.0250,      0.0250,      0.0250,     -0.0140,     -0.0140,     -0.0140,     -0.0350,     -0.0350,     -0.0350,     -0.0260,     -0.0260,     -0.0260,     -0.0050,     -0.0050,     -0.0050,      0.0130,      0.0130,      0.0130,      0.0310,      0.0310,      0.0310,      0.0490,      0.0490,      0.0490,      0.0580,      0.0580,      0.0560,      0.0560,      0.0470,      0.0370,      0.0370,      0.0420,      0.0420,      0.0830,      0.1380,      0.1450,      0.1260,      0.0810,      0.0500,      0.0340,      0.0300,      0.0210,     -0.0060,     -0.0240,     -0.0350,     -0.0500,     -0.0430,     -0.0250,     -0.0080,      0.0100,      0.0040,      0.0020,      0.0090,      0.0090,      0.0090,      0.0090,      0.0090,      0.0090,      0.0090
================
P [mbar]       ,    0.1004,    0.1015,    0.1034,    0.1069,    0.1130,    0.1239,    0.1432,    0.1740,    0.2226,    0.3028,    0.4349,    0.6529,    1.0121,    1.6044,    2.4646,    3.4606,    4.3994,    5.2226,    5.8426,    6.2132,    6.3980,    6.4686,    6.5039,    6.5168
Temp initial[K],  155.0000,  155.0000,  155.0000,  155.0000,  155.0000,  155.0000,  155.0000,  155.0000,  155.0000,  155.0000,  155.0000,  155.0000,  158.8233,  165.4041,  173.2716,  181.4436,  190.2788,  198.8130,  204.5783,  207.8249,  209.4219,  210.0497,  210.3719,  210.4891
================
it   ,   tau    ,  Tsfc    ,   alb    ,   OLR    ,    ASR   ,  NET top ,  NET bot , T lev  01, T lev  02, T lev  03, T lev  04, T lev  05, T lev  06, T lev  07, T lev  08, T lev  09, T lev  10, T lev  11, T lev  12, T lev  13, T lev  14, T lev  15, T lev  16, T lev  17, T lev  18, T lev  19, T lev  20, T lev  21, T lev  22, T lev  23, T lev  24, T lev  25,  OLR IR01,  OLR IR02,  OLR IR03,  OLR IR04,  OLR IR05,  OLR IR06,  OLR IR07,  OLR IR08,  OLR IR09,  OLR IR10,  OLR IR11,  OLR IR12,  OLR IR13,  OLR IR14,  OLR IR15,  OLR IR16,  OLR IR17,  OLR IR18,  OLR IR19,  OLR IR20,  OLR IR21,  OLR IR22,  OLR IR23,  OLR IR24,  OLR IR25,  OLR IR26,  OLR IR27,  OLR IR28,  OLR IR29,  OLR IR30,  OLR IR31,  OLR IR32,  OLR IR33,  OLR IR34,  OLR IR35,  OLR IR36,  OLR IR37,  OLR IR38,  OLR IR39,  OLR IR40,  OLR IR41,  OLR IR42,  OLR IR43,  OLR IR44,  OLR IR45,  OLR IR46,  OLR IR47,  OLR IR48,  OLR IR49,  OLR IR50,  OLR IR51,  OLR IR52,  OLR IR53,  OLR IR54,  OLR IR55,  OLR IR56,  OLR IR57,  OLR IR58,  OLR IR59,  OLR IR60,  OLR IR61,  OLR IR62,  OLR IR63,  OLR IR64,  OLR IR65,  OLR IR66,  OLR IR67,  OLR IR68,  OLR IR69,  OLR IR70,  OLR IR71,  OLR IR72,  OLR IR73,  OLR IR74,  OLR IR75,  OLR IR76,  OLR IR77,  OLR IR78,  OLR IR79,  OLR IR80,  OLR IR81,  OLR IR82,  OLR IR83,  OLR IR84,  OLR IR85,  OLR IR86,  OLR IR87,  OLR IR88,  OLR IR89,  OLR IR90,  OLR IR91,  OLR IR92,  OLR IR93,  OLR IR94,  OLR IR95,  OLR IR96, ASR VIS01, ASR VIS02, ASR VIS03, ASR VIS04, ASR VIS05, ASR VIS06, ASR VIS07, ASR VIS08, ASR VIS09, ASR VIS10, ASR VIS11, ASR VIS12, ASR VIS13, ASR VIS14, ASR VIS15, ASR VIS16, ASR VIS17, ASR VIS18, ASR VIS19, ASR VIS20, ASR VIS21, ASR VIS22, ASR VIS23, ASR VIS24, ASR VIS25, ASR VIS26, ASR VIS27, ASR VIS28, ASR VIS29, ASR VIS30, ASR VIS31, ASR VIS32, ASR VIS33, ASR VIS34, ASR VIS35, ASR VIS36, ASR VIS37, ASR VIS38, ASR VIS39, ASR VIS40, ASR VIS41, ASR VIS42, ASR VIS43, ASR VIS44, ASR VIS45, ASR VIS46, ASR VIS47, ASR VIS48, ASR VIS49, ASR VIS50, ASR VIS51, ASR VIS52, ASR VIS53, ASR VIS54, ASR VIS55, ASR VIS56, ASR VIS57, ASR VIS58, ASR VIS59, ASR VIS60, ASR VIS61, ASR VIS62, ASR VIS63, ASR VIS64, ASR VIS65, ASR VIS66, ASR VIS67, ASR VIS68, ASR VIS69, ASR VIS70, ASR VIS71, ASR VIS72, ASR VIS73, ASR VIS74, ASR VIS75, ASR VIS76, ASR VIS77, ASR VIS78, ASR VIS79, ASR VIS80, ASR VIS81, ASR VIS82, ASR VIS83, ASR VIS84, SFC DIR01, SFC DIR02, SFC DIR03, SFC DIR04, SFC DIR05, SFC DIR06, SFC DIR07, SFC DIR08, SFC DIR09, SFC DIR10, SFC DIR11, SFC DIR12, SFC DIR13, SFC DIR14, SFC DIR15, SFC DIR16, SFC DIR17, SFC DIR18, SFC DIR19, SFC DIR20, SFC DIR21, SFC DIR22, SFC DIR23, SFC DIR24, SFC DIR25, SFC DIR26, SFC DIR27, SFC DIR28, SFC DIR29, SFC DIR30, SFC DIR31, SFC DIR32, SFC DIR33, SFC DIR34, SFC DIR35, SFC DIR36, SFC DIR37, SFC DIR38, SFC DIR39, SFC DIR40, SFC DIR41, SFC DIR42, SFC DIR43, SFC DIR44, SFC DIR45, SFC DIR46, SFC DIR47, SFC DIR48, SFC DIR49, SFC DIR50, SFC DIR51, SFC DIR52, SFC DIR53, SFC DIR54, SFC DIR55, SFC DIR56, SFC DIR57, SFC DIR58, SFC DIR59, SFC DIR60, SFC DIR61, SFC DIR62, SFC DIR63, SFC DIR64, SFC DIR65, SFC DIR66, SFC DIR67, SFC DIR68, SFC DIR69, SFC DIR70, SFC DIR71, SFC DIR72, SFC DIR73, SFC DIR74, SFC DIR75, SFC DIR76, SFC DIR77, SFC DIR78, SFC DIR79, SFC DIR80, SFC DIR81, SFC DIR82, SFC DIR83, SFC DIR84, SFC DIR85, SFC DIR86, SFC DIR87, SFC DIR88, SFC DIR89, SFC DIR90, SFC DIR91, SFC DIR92, SFC DIR93, SFC DIR94, SFC DIR95, SFC DIR96,SFC DVIS01,SFC DVIS02,SFC DVIS03,SFC DVIS04,SFC DVIS05,SFC DVIS06,SFC DVIS07,SFC DVIS08,SFC DVIS09,SFC DVIS10,SFC DVIS11,SFC DVIS12,SFC DVIS13,SFC DVIS14,SFC DVIS15,SFC DVIS16,SFC DVIS17,SFC DVIS18,SFC DVIS19,SFC DVIS20,SFC DVIS21,SFC DVIS22,SFC DVIS23,SFC DVIS24,SFC DVIS25,SFC DVIS26,SFC DVIS27,SFC DVIS28,SFC DVIS29,SFC DVIS30,SFC DVIS31,SFC DVIS32,SFC DVIS33,SFC DVIS34,SFC DVIS35,SFC DVIS36,SFC DVIS37,SFC DVIS38,SFC DVIS39,SFC DVIS40,SFC DVIS41,SFC DVIS42,SFC DVIS43,SFC DVIS44,SFC DVIS45,SFC DVIS46,SFC DVIS47,SFC DVIS48,SFC DVIS49,SFC DVIS50,SFC DVIS51,SFC DVIS52,SFC DVIS53,SFC DVIS54,SFC DVIS55,SFC DVIS56,SFC DVIS57,SFC DVIS58,SFC DVIS59,SFC DVIS60,SFC DVIS61,SFC DVIS62,SFC DVIS63,SFC DVIS64,SFC DVIS65,SFC DVIS66,SFC DVIS67,SFC DVIS68,SFC DVIS69,SFC DVIS70,SFC DVIS71,SFC DVIS72,SFC DVIS73,SFC DVIS74,SFC DVIS75,SFC DVIS76,SFC DVIS77,SFC DVIS78,SFC DVIS79,SFC DVIS80,SFC DVIS81,SFC DVIS82,SFC DVIS83,SFC DVIS84
 1007,    0.0000,  218.8983,    0.2194,  117.0969,  115.8380,   -0.8625,   -0.7595,  158.4330,  155.0000,  155.0000,  155.0000,  155.0000,  155.0000,  155.0000,  155.0000,  155.0000,  155.0000,  155.0000,  155.0000,  155.0000,  158.8202,  165.3996,  173.2672,  181.4393,  190.2764,  198.8104,  204.5754,  207.8212,  209.4182,  210.0462,  210.3680,  210.4855,    0.0676,    0.2556,    0.5389,    0.8888,    1.2804,    1.6928,    2.1082,    2.5121,    2.8933,    3.2429,    3.5544,    3.8241,    3.4712,    3.6087,    3.7179,    3.7987,    3.8530,    3.8815,    3.8866,    3.8696,    3.8324,    3.7775,    3.7019,    3.5964,    1.2424,    1.2267,    1.2047,    1.1662,    1.1137,    1.0481,    0.8756,    0.8393,    0.7711,    0.6138,    0.5638,    0.3590,    0.1995,    0.1649,    0.1438,    0.1375,    0.1329,    0.1277,    0.1258,    0.1235,    0.1245,    0.1364,    0.1735,    0.2440,    0.3730,    0.4452,    0.3502,    0.5089,    0.4971,    0.5051,    0.5244,    0.6000,    0.6202,    0.6335,    0.6351,    0.6285,    1.6842,    1.6087,    1.5504,    1.4822,    1.4116,    1.3421,    1.2748,    1.2087,    1.1452,    1.0819,    1.0194,    0.9639,    1.4270,    1.3066,    1.1824,    1.0659,    0.9702,    0.8860,    0.8005,    0.7221,    0.6504,    0.5836,    0.5141,    0.4584,    1.1328,    0.8012,    0.5722,    0.3992,    0.2764,    0.1901,    0.1299,    0.0861,    0.0569,    0.0365,    0.0240,    0.0175,    0.0899,    0.0485,    0.0757,    0.0853,    0.0957,    0.0892,    0.0975,    0.1095,    0.0962,    0.1325,    0.1172,    0.1283,    0.1417,    0.1155,    0.1679,    0.1865,    0.1530,    0.1811,    0.2062,    0.2231,    0.2234,    0.1500,    0.2398,    0.2531,    0.3109,    0.3324,    0.3440,    0.3658,    0.3756,    0.3936,    0.3989,    0.4549,    0.4935,    0.4704,    0.4844,    0.4940,    0.8433,    0.9209,    0.9662,    0.9986,    1.0221,    1.1068,    1.0376,    1.1056,    1.0799,    1.1314,    1.0731,    1.1504,    2.4777,    2.4439,    2.4989,    2.5383,    2.5642,    2.4625,    2.5489,    2.6139,    2.6670,    2.4800,    2.4441,    2.5380,    6.4157,    6.1123,    6.0433,    5.8603,    5.4132,    5.0767,    4.4565,    4.0997,    3.9404,    3.4535,    2.6528,    2.4637,    1.8993,    1.7458,    1.3311,    1.2705,    0.8565,    0.6215,    0.5021,    0.2015,    0.1776,    0.1261,    0.0437,    0.0355,    0.0000,    0.0000,    0.0000,    0.0000,    0.0000,    0.0000,    0.0000,    0.0000,    0.0000,    0.0000,    0.0000,    0.0000,    0.0000,    0.0000,    0.0000,    0.0000,    0.0000,    0.0000,    0.0000,    0.0001,    0.0002,    0.0007,    0.0108,    0.0490,    0.0110,    0.0180,    0.0344,    0.0771,    0.1397,    0.2137,    0.4309,    0.4495,    0.5119,    0.6671,    0.7005,    0.8672,    0.6959,    0.7036,    0.7106,    0.6982,    0.6956,    0.7186,    0.6761,    0.6645,    0.6491,    0.6306,    0.6025,    0.5551,    0.4721,    0.3712,    0.4491,    0.2585,    0.2602,    0.2432,    0.2110,    0.1067,    0.0696,    0.0377,    0.0207,    0.0150,    0.0329,    0.0299,    0.0085,    0.0020,    0.0004,    0.0004,    0.0002,    0.0011,    0.0019,    0.0049,    0.0091,    0.0081,    0.0085,    0.0012,    0.0075,    0.0141,    0.0089,    0.0000,    0.0000,    0.0000,    0.0000,    0.0008,    0.0066,    0.0072,    0.0065,    0.0059,    0.0000,    0.0000,    0.0000,    0.0000,    0.0000,    0.0009,    0.0011,    0.0014,    0.0012,    0.0002,    0.0266,    0.0000,    0.0608,    0.1075,    0.1214,    0.1110,    0.1245,    0.1386,    0.1233,    0.1698,    0.1501,    0.1645,    0.1808,    0.1468,    0.2123,    0.2321,    0.1900,    0.1318,    0.0189,    0.0386,    0.1649,    0.1902,    0.3067,    0.3223,    0.3984,    0.4260,    0.4410,    0.4686,    0.4799,    0.4920,    0.4648,    0.4226,    0.3741,    0.4433,    0.6104,    0.6178,    1.0805,    1.1804,    1.2359,    1.2564,    1.2364,    1.3694,    1.3136,    1.3975,    1.2854,    1.4503,    1.3718,    1.4606,    3.1621,    3.0885,    3.2030,    3.2531,    3.2748,    3.1568,    3.2678,    3.3511,    3.4192,    3.1776,    3.1334,    3.2539,    8.2247,    7.8363,    7.7478,    7.5132,    6.9399,    6.5086,    5.7135,    5.2561,    5.0518,    4.4276,    3.4010,    3.1586,    2.4350,    2.2382,    1.7066,    1.6288,    1.0981,    0.7968,    0.6438,    0.2584,    0.2277,    0.1616,    0.0560,    0.0455
  840,    0.0500,  221.2988,    0.1964,  120.5917,  119.2393,   -0.8263,   -0.7159,  158.4330,  166.6670,  167.4639,  168.3881,  169.5977,  170.4001,  171.2988,  172.3784,  173.4997,  174.9955,  177.0994,  180.2996,  184.8824,  190.8995,  197.8082,  204.0712,  208.8448,  212.2809,  214.8497,  216.7999,  218.2352,  219.3937,  219.9988,  220.3265,  220.4439,    0.0684,    0.2590,    0.5464,    0.9021,    1.3009,    1.7217,    2.1465,    2.5530,    2.9421,    3.2997,    3.5119,    3.6973,    3.4396,    3.6611,    3.7497,    3.8056,    3.8863,    3.9161,    3.8890,    3.8167,    3.6836,    3.5256,    3.4732,    3.4924,    1.2144,    1.2011,    1.1684,    1.1391,    1.0834,    1.0454,    0.9343,    0.9167,    0.8774,    0.7771,    0.7685,    0.6466,    0.4257,    0.3709,    0.3175,    0.3073,    0.2894,    0.2512,    0.2811,    0.2823,    0.2959,    0.3255,    0.3755,    0.4290,    0.5197,    0.5586,    0.4804,    0.5872,    0.5778,    0.5700,    0.5724,    0.6144,    0.6189,    0.6248,    0.6232,    0.6158,    1.6577,    1.5992,    1.5372,    1.4887,    1.4190,    1.3630,    1.3009,    1.2342,    1.1732,    1.1095,    1.0419,    0.9863,    1.4498,    1.3249,    1.2010,    1.0946,    0.9994,    0.9135,    0.8242,    0.7444,    0.6676,    0.6000,    0.5325,    0.4769,    1.1771,    0.8457,    0.5997,    0.4135,    0.2828,    0.1932,    0.1324,    0.0891,    0.0601,    0.0392,    0.0261,    0.0187,    0.0909,    0.0480,    0.0779,    0.0886,    0.0994,    0.0925,    0.1013,    0.1138,    0.1000,    0.1377,    0.1218,    0.1353,    0.1493,    0.1216,    0.1769,    0.1964,    0.1604,    0.1863,    0.2063,    0.2237,    0.2300,    0.1572,    0.2517,    0.2657,    0.3264,    0.3489,    0.3611,    0.3840,    0.3915,    0.4100,    0.4151,    0.4682,    0.5049,    0.4843,    0.5049,    0.5145,    0.8733,    0.9537,    1.0006,    1.0338,    1.0566,    1.1450,    1.0743,    1.1416,    1.1119,    1.1683,    1.1081,    1.1877,    2.5583,    2.5229,    2.5804,    2.6200,    2.6465,    2.5418,    2.6309,    2.6980,    2.7528,    2.5597,    2.5228,    2.6198,    6.6223,    6.2759,    6.2051,    6.0173,    5.5583,    5.2129,    4.5763,    4.2100,    4.0466,    3.5467,    2.7246,    2.5306,    1.9510,    1.7691,    1.3490,    1.2877,    0.8683,    0.6302,    0.5092,    0.2044,    0.1802,    0.1279,    0.0444,    0.0361,    0.0004,    0.0013,    0.0027,    0.0045,    0.0064,    0.0084,    0.0104,    0.0076,    0.0108,    0.0816,    0.1715,    0.2206,    0.1845,    0.1577,    0.1465,    0.1454,    0.1429,    0.1750,    0.2735,    0.4763,    0.7158,    0.8448,    0.6645,    0.4332,    0.1262,    0.1523,    0.2311,    0.2973,    0.4385,    0.5201,    0.7815,    0.8039,    0.8569,    0.9635,    0.9908,    1.0898,    0.8442,    0.8414,    0.8376,    0.8278,    0.8196,    0.8149,    0.8002,    0.7898,    0.7784,    0.7649,    0.7467,    0.7199,    0.6837,    0.5844,    0.6366,    0.4506,    0.4524,    0.4427,    0.3947,    0.2658,    0.2204,    0.1681,    0.1391,    0.1282,    0.3121,    0.2620,    0.2162,    0.1596,    0.1463,    0.1143,    0.0979,    0.0950,    0.0872,    0.0881,    0.1001,    0.0921,    0.1484,    0.1254,    0.1265,    0.1147,    0.0915,    0.0638,    0.0600,    0.0538,    0.0537,    0.0501,    0.0558,    0.0515,    0.0994,    0.0626,    0.0392,    0.0337,    0.0275,    0.0204,    0.0137,    0.0107,    0.0077,    0.0067,    0.0048,    0.0019,    0.0214,    0.0000,    0.0539,    0.0977,    0.1104,    0.1010,    0.1133,    0.1258,    0.1119,    0.1542,    0.1363,    0.1439,    0.1580,    0.1283,    0.1853,    0.2023,    0.1679,    0.1105,    0.0137,    0.0301,    0.1428,    0.1692,    0.2725,    0.2862,    0.3542,    0.3787,    0.3921,    0.4166,    0.4356,    0.4459,    0.4165,    0.3788,    0.3340,    0.3984,    0.5522,    0.5600,    0.9949,    1.0869,    1.1379,    1.1550,    1.1349,    1.2583,    1.2082,    1.2903,    1.1863,    1.3410,    1.2681,    1.3497,    2.9231,    2.8530,    2.9617,    3.0046,    3.0243,    2.9156,    3.0182,    3.0952,    3.1581,    2.9350,    2.8941,    3.0054,    7.5966,    7.2522,    7.1703,    6.9531,    6.4225,    6.0232,    5.2874,    4.8640,    4.6749,    4.0972,    3.1472,    2.9228,    2.2532,    2.1298,    1.6238,    1.5498,    1.0449,    0.7582,    0.6125,    0.2458,    0.2166,    0.1538,    0.0533,    0.0433
  706,    0.1000,  223.1578,    0.1767,  123.8005,  122.1592,   -0.9870,   -0.9080,  158.4330,  175.2697,  176.1111,  177.0705,  178.3015,  179.2894,  180.4102,  181.8012,  183.3006,  185.0891,  187.3986,  190.6983,  195.1199,  200.9632,  207.3994,  212.8841,  216.8604,  219.4996,  221.2981,  222.3410,  222.8059,  223.0056,  223.0945,  223.0939,  223.1118,    0.0691,    0.2617,    0.5527,    0.9131,    1.3178,    1.7455,    2.1781,    2.5837,    2.9783,    3.3518,    3.4668,    3.5670,    3.4083,    3.7162,    3.7771,    3.8013,    3.9106,    3.9487,    3.9101,    3.8335,    3.6745,    3.4683,    3.3780,    3.4185,    1.1923,    1.1880,    1.1633,    1.1418,    1.0971,    1.0706,    0.9886,    0.9762,    0.9456,    0.8648,    0.8648,    0.7679,    0.5249,    0.4706,    0.4142,    0.4054,    0.3836,    0.3344,    0.3747,    0.3758,    0.3901,    0.4191,    0.4671,    0.5151,    0.5993,    0.6266,    0.5529,    0.6405,    0.6322,    0.6203,    0.6161,    0.6435,    0.6415,    0.6421,    0.6376,    0.6293,    1.6943,    1.6378,    1.5714,    1.5279,    1.4569,    1.4039,    1.3425,    1.2748,    1.2141,    1.1497,    1.0795,    1.0226,    1.5019,    1.3708,    1.2454,    1.1412,    1.0424,    0.9518,    0.8590,    0.7767,    0.6969,    0.6274,    0.5592,    0.5019,    1.2376,    0.8966,    0.6352,    0.4367,    0.2984,    0.2043,    0.1404,    0.0956,    0.0650,    0.0430,    0.0290,    0.0204,    0.0913,    0.0476,    0.0795,    0.0913,    0.1025,    0.0953,    0.1044,    0.1173,    0.1032,    0.1420,    0.1256,    0.1407,    0.1552,    0.1264,    0.1838,    0.2039,    0.1661,    0.1894,    0.2059,    0.2236,    0.2346,    0.1629,    0.2613,    0.2758,    0.3389,    0.3622,    0.3749,    0.3986,    0.4047,    0.4235,    0.4276,    0.4785,    0.5133,    0.4951,    0.5217,    0.5314,    0.8990,    0.9818,    1.0300,    1.0636,    1.0855,    1.1773,    1.1055,    1.1723,    1.1393,    1.2002,    1.1382,    1.2197,    2.6277,    2.5907,    2.6508,    2.6904,    2.7173,    2.6101,    2.7017,    2.7706,    2.8269,    2.6285,    2.5906,    2.6902,    6.8005,    6.4176,    6.3454,    6.1535,    5.6842,    5.3311,    4.6802,    4.3058,    4.1388,    3.6278,    2.7870,    2.5887,    1.9961,    1.7908,    1.3656,    1.3037,    0.8792,    0.6382,    0.5158,    0.2071,    0.1826,    0.1297,    0.0450,    0.0366,    0.0007,    0.0028,    0.0058,    0.0095,    0.0136,    0.0180,    0.0223,    0.0154,    0.0218,    0.1738,    0.3445,    0.4257,    0.3746,    0.3359,    0.3074,    0.2981,    0.2989,    0.3697,    0.5751,    0.9844,    1.4277,    1.6375,    1.2918,    0.7968,    0.2364,    0.2805,    0.4152,    0.4825,    0.6692,    0.7376,    0.9793,    1.0000,    1.0359,    1.1013,    1.1191,    1.1752,    0.8991,    0.8909,    0.8822,    0.8724,    0.8630,    0.8536,    0.8434,    0.8335,    0.8234,    0.8127,    0.8010,    0.7839,    0.7729,    0.6867,    0.7210,    0.5608,    0.5609,    0.5569,    0.5077,    0.3869,    0.3467,    0.2912,    0.2600,    0.2471,    0.6157,    0.5210,    0.4616,    0.3547,    0.3306,    0.2615,    0.2260,    0.2175,    0.1980,    0.1943,    0.2130,    0.1978,    0.3279,    0.2913,    0.2803,    0.2396,    0.1966,    0.1541,    0.1453,    0.1309,    0.1314,    0.1206,    0.1224,    0.1113,    0.2321,    0.1439,    0.1014,    0.0872,    0.0717,    0.0541,    0.0369,    0.0264,    0.0180,    0.0140,    0.0095,    0.0047,    0.0185,    0.0000,    0.0482,    0.0888,    0.1005,    0.0918,    0.1031,    0.1142,    0.1016,    0.1400,    0.1237,    0.1258,    0.1381,    0.1121,    0.1619,    0.1767,    0.1491,    0.0960,    0.0114,    0.0255,    0.1255,    0.1507,    0.2422,    0.2543,    0.3148,    0.3367,    0.3485,    0.3703,    0.3954,    0.4046,    0.3763,    0.3421,    0.3013,    0.3603,    0.5007,    0.5081,    0.9160,    1.0007,    1.0478,    1.0629,    1.0436,    1.1577,    1.1120,    1.1923,    1.0960,    1.2399,    1.1725,    1.2477,    2.7026,    2.6370,    2.7385,    2.7752,    2.7932,    2.6929,    2.7877,    2.8588,    2.9169,    2.7108,    2.6731,    2.7759,    7.0165,    6.7120,    6.6362,    6.4352,    5.9442,    5.5747,    4.8936,    4.5018,    4.3267,    3.7921,    2.9128,    2.7051,    2.0854,    2.0272,    1.5456,    1.4751,    0.9945,    0.7216,    0.5830,    0.2340,    0.2062,    0.1464,    0.0507,    0.0412
  585,    0.1500,  224.6982,    0.1598,  126.2742,  124.6719,   -0.8493,   -0.7319,  158.4330,  180.7185,  181.5827,  182.5796,  183.7874,  184.7996,  186.0979,  187.5929,  189.1443,  190.9953,  193.3997,  196.5993,  200.9506,  206.4979,  212.4992,  217.5417,  221.1988,  223.5972,  225.0931,  225.7937,  225.8939,  225.5990,  225.3956,  225.1293,  225.0698,    0.0697,    0.2640,    0.5577,    0.9220,    1.3314,    1.7648,    2.2036,    2.6063,    3.0045,    3.3946,    3.4174,    3.4367,    3.3726,    3.7613,    3.7936,    3.7849,    3.9216,    3.9697,    3.9269,    3.8600,    3.6952,    3.4648,    3.3315,    3.3527,    1.1707,    1.1765,    1.1644,    1.1475,    1.1136,    1.0925,    1.0254,    1.0149,    0.9881,    0.9180,    0.9209,    0.8386,    0.5844,    0.5324,    0.4766,    0.4691,    0.4456,    0.3914,    0.4364,    0.4371,    0.4510,    0.4781,    0.5233,    0.5672,    0.6481,    0.6697,    0.5989,    0.6761,    0.6682,    0.6544,    0.6470,    0.6671,    0.6621,    0.6598,    0.6538,    0.6449,    1.7361,    1.6790,    1.6098,    1.5677,    1.4955,    1.4428,    1.3811,    1.3125,    1.2516,    1.1864,    1.1145,    1.0563,    1.5525,    1.4162,    1.2890,    1.1845,    1.0820,    0.9875,    0.8916,    0.8070,    0.7253,    0.6539,    0.5846,    0.5255,    1.2945,    0.9430,    0.6688,    0.4599,    0.3149,    0.2165,    0.1493,    0.1024,    0.0701,    0.0467,    0.0317,    0.0222,    0.0916,    0.0474,    0.0809,    0.0936,    0.1051,    0.0977,    0.1071,    0.1203,    0.1058,    0.1457,    0.1288,    0.1449,    0.1598,    0.1302,    0.1892,    0.2097,    0.1706,    0.1916,    0.2056,    0.2235,    0.2381,    0.1675,    0.2689,    0.2838,    0.3488,    0.3729,    0.3859,    0.4103,    0.4157,    0.4348,    0.4379,    0.4870,    0.5202,    0.5041,    0.5356,    0.5455,    0.9211,    1.0059,    1.0552,    1.0890,    1.1101,    1.2048,    1.1322,    1.1987,    1.1629,    1.2278,    1.1643,    1.2474,    2.6877,    2.6491,    2.7116,    2.7511,    2.7783,    2.6690,    2.7626,    2.8331,    2.8907,    2.6878,    2.6491,    2.7510,    6.9541,    6.5403,    6.4668,    6.2713,    5.7931,    5.4335,    4.7702,    4.3888,    4.2188,    3.6980,    2.8411,    2.6392,    2.0352,    1.8106,    1.3809,    1.3184,    0.8892,    0.6456,    0.5218,    0.2096,    0.1848,    0.1313,    0.0456,    0.0371,    0.0011,    0.0042,    0.0089,    0.0147,    0.0211,    0.0279,    0.0347,    0.0234,    0.0330,    0.2678,    0.5121,    0.6152,    0.5598,    0.5156,    0.4693,    0.4498,    0.4561,    0.5657,    0.8721,    1.4584,    2.0440,    2.2939,    1.8406,    1.1327,    0.3392,    0.3993,    0.5790,    0.6417,    0.8528,    0.9070,    1.1178,    1.1348,    1.1567,    1.1944,    1.2046,    1.2345,    0.9393,    0.9280,    0.9159,    0.9062,    0.8959,    0.8831,    0.8762,    0.8666,    0.8575,    0.8487,    0.8406,    0.8285,    0.8325,    0.7579,    0.7803,    0.6434,    0.6419,    0.6413,    0.5945,    0.4866,    0.4527,    0.3990,    0.3685,    0.3547,    0.8957,    0.7666,    0.6980,    0.5493,    0.5158,    0.4129,    0.3594,    0.3449,    0.3136,    0.3048,    0.3288,    0.3071,    0.5122,    0.4632,    0.4388,    0.3686,    0.3065,    0.2516,    0.2376,    0.2146,    0.2153,    0.1968,    0.1933,    0.1753,    0.3775,    0.2347,    0.1724,    0.1476,    0.1213,    0.0921,    0.0633,    0.0442,    0.0297,    0.0222,    0.0148,    0.0082,    0.0162,    0.0000,    0.0432,    0.0808,    0.0914,    0.0836,    0.0938,    0.1037,    0.0923,    0.1271,    0.1123,    0.1100,    0.1207,    0.0980,    0.1415,    0.1544,    0.1326,    0.0843,    0.0097,    0.0221,    0.1109,    0.1343,    0.2153,    0.2260,    0.2798,    0.2993,    0.3098,    0.3292,    0.3590,    0.3672,    0.3407,    0.3097,    0.2726,    0.3264,    0.4543,    0.4612,    0.8435,    0.9214,    0.9647,    0.9783,    0.9603,    1.0655,    1.0237,    1.1021,    1.0130,    1.1465,    1.0841,    1.1535,    2.4989,    2.4378,    2.5322,    2.5633,    2.5799,    2.4873,    2.5749,    2.6406,    2.6942,    2.5038,    2.4690,    2.5639,    6.4807,    6.2125,    6.1424,    5.9563,    5.5018,    5.1598,    4.5294,    4.1668,    4.0048,    3.5099,    2.6960,    2.5038,    1.9302,    1.9297,    1.4713,    1.4042,    0.9467,    0.6870,    0.5550,    0.2227,    0.1963,    0.1393,    0.0483,    0.0393
  323,    0.2000,  226.0986,    0.1452,  128.5698,  126.8357,   -0.9058,   -0.7622,  158.4330,  184.4935,  185.4015,  186.4073,  187.6061,  188.6936,  189.9951,  191.5945,  193.2019,  195.0998,  197.4954,  200.6551,  204.8994,  210.1981,  215.9005,  220.6972,  224.1995,  226.4360,  227.7964,  228.2966,  228.2010,  227.7780,  227.3589,  226.8408,  226.7767,    0.0702,    0.2661,    0.5625,    0.9303,    1.3443,    1.7829,    2.2277,    2.6267,    3.0281,    3.4352,    3.3719,    3.3160,    3.3412,    3.8050,    3.8096,    3.7685,    3.9318,    3.9908,    3.9480,    3.8959,    3.7317,    3.4882,    3.3188,    3.3037,    1.1534,    1.1696,    1.1710,    1.1569,    1.1315,    1.1130,    1.0540,    1.0440,    1.0192,    0.9561,    0.9599,    0.8877,    0.6265,    0.5767,    0.5222,    0.5156,    0.4911,    0.4337,    0.4818,    0.4822,    0.4956,    0.5210,    0.5637,    0.6046,    0.6831,    0.7013,    0.6328,    0.7035,    0.6958,    0.6807,    0.6717,    0.6879,    0.6813,    0.6774,    0.6706,    0.6613,    1.7803,    1.7224,    1.6510,    1.6097,    1.5363,    1.4832,    1.4208,    1.3511,    1.2898,    1.2236,    1.1501,    1.0906,    1.6048,    1.4639,    1.3343,    1.2285,    1.1224,    1.0243,    0.9255,    0.8386,    0.7550,    0.6814,    0.6107,    0.5496,    1.3537,    0.9904,    0.7039,    0.4847,    0.3328,    0.2297,    0.1589,    0.1096,    0.0754,    0.0505,    0.0345,    0.0241,    0.0918,    0.0472,    0.0819,    0.0955,    0.1073,    0.0997,    0.1093,    0.1227,    0.1080,    0.1487,    0.1315,    0.1481,    0.1634,    0.1331,    0.1933,    0.2142,    0.1742,    0.1934,    0.2054,    0.2234,    0.2408,    0.1712,    0.2751,    0.2902,    0.3568,    0.3814,    0.3948,    0.4197,    0.4250,    0.4442,    0.4464,    0.4939,    0.5259,    0.5115,    0.5472,    0.5573,    0.9400,    1.0266,    1.0768,    1.1108,    1.1311,    1.2284,    1.1550,    1.2215,    1.1832,    1.2515,    1.1867,    1.2712,    2.7394,    2.6994,    2.7641,    2.8034,    2.8308,    2.7198,    2.8152,    2.8870,    2.9457,    2.7389,    2.6996,    2.8034,    7.0865,    6.6465,    6.5718,    6.3733,    5.8875,    5.5221,    4.8481,    4.4606,    4.2880,    3.7589,    2.8880,    2.6829,    2.0691,    1.8288,    1.3949,    1.3319,    0.8985,    0.6524,    0.5274,    0.2118,    0.1869,    0.1328,    0.0461,    0.0375,    0.0015,    0.0057,    0.0121,    0.0199,    0.0287,    0.0379,    0.0473,    0.0314,    0.0444,    0.3622,    0.6739,    0.7915,    0.7389,    0.6934,    0.6299,    0.5994,    0.6125,    0.7599,    1.1590,    1.8907,    2.5661,    2.8290,    2.3162,    1.4445,    0.4358,    0.5099,    0.7245,    0.7810,    1.0020,    1.0435,    1.2221,    1.2349,    1.2463,    1.2651,    1.2696,    1.2822,    0.9729,    0.9598,    0.9458,    0.9362,    0.9252,    0.9102,    0.9054,    0.8960,    0.8875,    0.8797,    0.8736,    0.8643,    0.8788,    0.8141,    0.8280,    0.7111,    0.7081,    0.7094,    0.6661,    0.5712,    0.5430,    0.4930,    0.4638,    0.4496,    1.1468,    0.9926,    0.9173,    0.7355,    0.6940,    0.5620,    0.4923,    0.4718,    0.4293,    0.4152,    0.4433,    0.4157,    0.6932,    0.6327,    0.5946,    0.4970,    0.4171,    0.3513,    0.3318,    0.3003,    0.3006,    0.2743,    0.2651,    0.2402,    0.5274,    0.3303,    0.2477,    0.2109,    0.1727,    0.1312,    0.0908,    0.0629,    0.0421,    0.0308,    0.0204,    0.0120,    0.0142,    0.0000,    0.0387,    0.0735,    0.0832,    0.0760,    0.0854,    0.0941,    0.0838,    0.1154,    0.1020,    0.0962,    0.1056,    0.0857,    0.1237,    0.1350,    0.1180,    0.0743,    0.0084,    0.0193,    0.0982,    0.1196,    0.1914,    0.2009,    0.2488,    0.2661,    0.2754,    0.2926,    0.3260,    0.3333,    0.3087,    0.2806,    0.2468,    0.2959,    0.4122,    0.4186,    0.7766,    0.8484,    0.8883,    0.9006,    0.8837,    0.9807,    0.9424,    1.0188,    0.9364,    1.0601,    1.0024,    1.0665,    2.3105,    2.2538,    2.3414,    2.3676,    2.3829,    2.2974,    2.3783,    2.4390,    2.4885,    2.3127,    2.2805,    2.3682,    5.9860,    5.7506,    5.6857,    5.5135,    5.0928,    4.7762,    4.1927,    3.8570,    3.7071,    3.2490,    2.4956,    2.3177,    1.7868,    1.8371,    1.4007,    1.3369,    0.9013,    0.6540,    0.5284,    0.2121,    0.1869,    0.1327,    0.0460,    0.0374
  207,    0.3000,  227.2029,    0.1218,  130.3296,  130.3068,    0.9206,    0.7498,  158.4330,  189.5625,  190.5159,  191.5301,  192.6988,  193.7993,  195.1542,  196.6985,  198.3022,  200.2006,  202.5868,  205.6041,  209.6289,  214.6059,  219.9547,  224.5023,  227.7313,  229.7036,  230.8056,  231.0938,  230.7079,  229.9208,  229.3031,  228.5290,  228.3207,    0.0707,    0.2682,    0.5671,    0.9385,    1.3568,    1.8004,    2.2507,    2.6353,    3.0357,    3.4722,    3.2536,    3.0598,    3.2475,    3.8370,    3.7870,    3.6819,    3.8901,    3.9702,    3.9368,    3.9222,    3.7677,    3.5142,    3.2950,    3.1837,    1.1074,    1.1438,    1.1724,    1.1616,    1.1491,    1.1331,    1.0834,    1.0733,    1.0508,    0.9983,    1.0018,    0.9447,    0.6775,    0.6320,    0.5812,    0.5759,    0.5508,    0.4916,    0.5414,    0.5411,    0.5533,    0.5755,    0.6136,    0.6494,    0.7232,    0.7365,    0.6727,    0.7331,    0.7255,    0.7089,    0.6984,    0.7095,    0.7012,    0.6955,    0.6877,    0.6780,    1.8252,    1.7657,    1.6922,    1.6504,    1.5759,    1.5210,    1.4574,    1.3869,    1.3252,    1.2583,    1.1840,    1.1234,    1.6567,    1.5108,    1.3792,    1.2715,    1.1608,    1.0590,    0.9577,    0.8686,    0.7845,    0.7089,    0.6371,    0.5741,    1.4118,    1.0367,    0.7389,    0.5099,    0.3516,    0.2439,    0.1692,    0.1175,    0.0812,    0.0548,    0.0377,    0.0262,    0.0920,    0.0470,    0.0835,    0.0985,    0.1106,    0.1027,    0.1128,    0.1265,    0.1114,    0.1533,    0.1356,    0.1526,    0.1683,    0.1371,    0.1991,    0.2205,    0.1795,    0.1957,    0.2049,    0.2232,    0.2446,    0.1766,    0.2840,    0.2995,    0.3684,    0.3938,    0.4076,    0.4333,    0.4391,    0.4585,    0.4592,    0.5045,    0.5345,    0.5227,    0.5649,    0.5753,    0.9701,    1.0594,    1.1111,    1.1454,    1.1645,    1.2659,    1.1913,    1.2581,    1.2158,    1.2898,    1.2229,    1.3096,    2.8227,    2.7804,    2.8487,    2.8873,    2.9152,    2.8012,    2.8995,    2.9735,    3.0339,    2.8209,    2.7805,    2.8874,    7.2990,    6.8179,    6.7415,    6.5380,    6.0398,    5.6652,    4.9740,    4.5767,    4.3999,    3.8573,    2.9639,    2.7537,    2.1240,    1.8606,    1.4194,    1.3556,    0.9147,    0.6643,    0.5372,    0.2159,    0.1905,    0.1354,    0.0470,    0.0383,    0.0023,    0.0087,    0.0184,    0.0304,    0.0439,    0.0582,    0.0726,    0.0472,    0.0667,    0.5456,    0.9698,    1.0954,    1.0661,    1.0285,    0.9332,    0.8784,    0.9079,    1.1236,    1.6758,    2.6023,    3.3332,    3.5694,    3.0382,    1.9705,    0.6009,    0.6968,    0.9528,    0.9947,    1.2056,    1.2268,    1.3453,    1.3501,    1.3476,    1.3426,    1.3399,    1.3307,    1.0060,    0.9904,    0.9735,    0.9641,    0.9523,    0.9345,    0.9324,    0.9234,    0.9158,    0.9095,    0.9065,    0.9012,    0.9298,    0.8821,    0.8828,    0.8013,    0.7958,    0.7978,    0.7623,    0.6923,    0.6730,    0.6325,    0.6077,    0.5936,    1.5356,    1.3563,    1.2735,    1.0532,    0.9992,    0.8265,    0.7316,    0.7002,    0.6390,    0.6148,    0.6464,    0.6090,    1.0088,    0.9290,    0.8656,    0.7241,    0.6157,    0.5339,    0.5034,    0.4568,    0.4540,    0.4136,    0.3929,    0.3558,    0.8005,    0.5089,    0.3884,    0.3259,    0.2636,    0.1994,    0.1390,    0.0960,    0.0643,    0.0460,    0.0304,    0.0191,    0.0112,    0.0000,    0.0311,    0.0608,    0.0689,    0.0629,    0.0707,    0.0776,    0.0690,    0.0951,    0.0841,    0.0736,    0.0807,    0.0655,    0.0946,    0.1032,    0.0936,    0.0583,    0.0065,    0.0150,    0.0774,    0.0950,    0.1513,    0.1587,    0.1966,    0.2103,    0.2177,    0.2313,    0.2688,    0.2747,    0.2538,    0.2308,    0.2029,    0.2435,    0.3397,    0.3450,    0.6585,    0.7193,    0.7532,    0.7633,    0.7488,    0.8312,    0.7989,    0.8709,    0.8003,    0.9065,    0.8571,    0.9119,    1.9756,    1.9268,    2.0021,    2.0201,    2.0331,    1.9602,    2.0293,    2.0810,    2.1233,    1.9733,    1.9458,    2.0206,    5.1075,    4.9285,    4.8729,    4.7254,    4.3648,    4.0935,    3.5934,    3.3057,    3.1773,    2.7847,    2.1390,    1.9866,    1.5315,    1.6655,    1.2699,    1.2120,    0.8171,    0.5930,    0.4791,    0.1923,    0.1695,    0.1203,    0.0417,    0.0339
  575,    0.4000,  228.8020,    0.1044,  132.9653,  132.8880,    0.9570,    0.7675,  158.4330,  193.1679,  194.1375,  195.1975,  196.3029,  197.4508,  198.7926,  200.3029,  201.9278,  203.8044,  206.1034,  209.1060,  213.0956,  217.9026,  223.1019,  227.5734,  230.6993,  232.4255,  233.3070,  233.4038,  233.0064,  232.1088,  231.3027,  230.4869,  230.1932,    0.0714,    0.2708,    0.5730,    0.9488,    1.3726,    1.8227,    2.2802,    2.6518,    3.0531,    3.5214,    3.1702,    2.8559,    3.1900,    3.8885,    3.7913,    3.6283,    3.8794,    3.9827,    3.9648,    3.9826,    3.8310,    3.5709,    3.3297,    3.1345,    1.0847,    1.1393,    1.1895,    1.1797,    1.1727,    1.1574,    1.1105,    1.0998,    1.0786,    1.0324,    1.0353,    0.9878,    0.7154,    0.6729,    0.6250,    0.6204,    0.5950,    0.5347,    0.5856,    0.5848,    0.5965,    0.6166,    0.6516,    0.6841,    0.7553,    0.7659,    0.7050,    0.7599,    0.7521,    0.7344,    0.7234,    0.7323,    0.7231,    0.7169,    0.7086,    0.6988,    1.8823,    1.8234,    1.7481,    1.7076,    1.6317,    1.5760,    1.5110,    1.4392,    1.3764,    1.3081,    1.2319,    1.1697,    1.7275,    1.5762,    1.4409,    1.3307,    1.2153,    1.1095,    1.0045,    0.9122,    0.8256,    0.7471,    0.6728,    0.6071,    1.4941,    1.1021,    0.7885,    0.5453,    0.3770,    0.2622,    0.1826,    0.1275,    0.0886,    0.0601,    0.0417,    0.0290,    0.0922,    0.0468,    0.0845,    0.1005,    0.1129,    0.1048,    0.1152,    0.1291,    0.1137,    0.1566,    0.1385,    0.1554,    0.1713,    0.1395,    0.2026,    0.2242,    0.1829,    0.1972,    0.2046,    0.2229,    0.2471,    0.1801,    0.2897,    0.3055,    0.3758,    0.4017,    0.4158,    0.4421,    0.4489,    0.4684,    0.4681,    0.5118,    0.5404,    0.5304,    0.5772,    0.5878,    0.9921,    1.0835,    1.1363,    1.1708,    1.1890,    1.2933,    1.2180,    1.2854,    1.2402,    1.3184,    1.2498,    1.3382,    2.8848,    2.8408,    2.9117,    2.9496,    2.9778,    2.8617,    2.9622,    3.0378,    3.0995,    2.8818,    2.8406,    2.9498,    7.4569,    6.9464,    6.8686,    6.6614,    6.1540,    5.7725,    5.0684,    4.6638,    4.4839,    3.9312,    3.0209,    2.8069,    2.1652,    1.8873,    1.4400,    1.3755,    0.9283,    0.6744,    0.5455,    0.2193,    0.1936,    0.1377,    0.0478,    0.0390,    0.0031,    0.0117,    0.0248,    0.0411,    0.0593,    0.0787,    0.0984,    0.0634,    0.0895,    0.7256,    1.2445,    1.3632,    1.3696,    1.3471,    1.2246,    1.1459,    1.1938,    1.4712,    2.1453,    3.1796,    3.8795,    4.0672,    3.5835,    2.4337,    0.7495,    0.8617,    1.1357,    1.1657,    1.3507,    1.3590,    1.4333,    1.4321,    1.4224,    1.4059,    1.3996,    1.3798,    1.0421,    1.0252,    1.0069,    0.9975,    0.9853,    0.9655,    0.9652,    0.9563,    0.9492,    0.9435,    0.9420,    0.9385,    0.9761,    0.9401,    0.9325,    0.8756,    0.8683,    0.8693,    0.8397,    0.7877,    0.7733,    0.7404,    0.7189,    0.7051,    1.8422,    1.6556,    1.5677,    1.3302,    1.2663,    1.0679,    0.9543,    0.9132,    0.8368,    0.8033,    0.8349,    0.7891,    1.2951,    1.1977,    1.1119,    0.9372,    0.8052,    0.7093,    0.6678,    0.6072,    0.5989,    0.5455,    0.5135,    0.4654,    1.0655,    0.6887,    0.5293,    0.4382,    0.3499,    0.2633,    0.1848,    0.1279,    0.0863,    0.0612,    0.0406,    0.0264,    0.0089,    0.0000,    0.0250,    0.0503,    0.0570,    0.0521,    0.0585,    0.0639,    0.0569,    0.0784,    0.0693,    0.0563,    0.0617,    0.0501,    0.0723,    0.0789,    0.0743,    0.0458,    0.0050,    0.0117,    0.0611,    0.0755,    0.1196,    0.1255,    0.1554,    0.1663,    0.1721,    0.1829,    0.2216,    0.2265,    0.2089,    0.1899,    0.1669,    0.2005,    0.2799,    0.2845,    0.5583,    0.6099,    0.6386,    0.6471,    0.6346,    0.7046,    0.6773,    0.7445,    0.6842,    0.7752,    0.7329,    0.7798,    1.6894,    1.6475,    1.7121,    1.7240,    1.7351,    1.6729,    1.7318,    1.7760,    1.8120,    1.6840,    1.6606,    1.7244,    4.3587,    4.2258,    4.1781,    4.0516,    3.7425,    3.5099,    3.0811,    2.8345,    2.7243,    2.3877,    1.8341,    1.7034,    1.3132,    1.5104,    1.1516,    1.0992,    0.7411,    0.5378,    0.4345,    0.1744,    0.1537,    0.1091,    0.0378,    0.0308
  752,    0.5000,  230.0021,    0.0914,  134.9534,  134.8108,    0.9677,    0.7687,  158.4330,  195.9442,  196.9153,  197.9698,  199.0988,  200.1926,  201.4961,  203.0055,  204.5896,  206.4051,  208.6975,  211.7011,  215.6034,  220.3987,  225.5038,  229.9075,  232.9003,  234.4607,  235.1056,  235.1018,  234.6083,  233.6194,  232.8288,  231.8868,  231.5869,    0.0719,    0.2729,    0.5777,    0.9570,    1.3852,    1.8403,    2.3035,    2.6602,    3.0606,    3.5598,    3.0952,    2.6726,    3.1394,    3.9283,    3.7894,    3.5730,    3.8622,    3.9884,    3.9893,    4.0333,    3.8799,    3.6146,    3.3661,    3.1041,    1.0677,    1.1383,    1.2049,    1.1954,    1.1902,    1.1752,    1.1297,    1.1185,    1.0980,    1.0568,    1.0588,    1.0184,    0.7425,    0.7025,    0.6573,    0.6531,    0.6278,    0.5677,    0.6185,    0.6172,    0.6284,    0.6468,    0.6793,    0.7094,    0.7784,    0.7871,    0.7286,    0.7794,    0.7715,    0.7528,    0.7416,    0.7491,    0.7392,    0.7327,    0.7242,    0.7142,    1.9252,    1.8677,    1.7913,    1.7531,    1.6760,    1.6204,    1.5545,    1.4815,    1.4180,    1.3485,    1.2706,    1.2071,    1.7840,    1.6285,    1.4903,    1.3785,    1.2597,    1.1509,    1.0428,    0.9479,    0.8590,    0.7781,    0.7015,    0.6336,    1.5616,    1.1562,    0.8294,    0.5742,    0.3973,    0.2766,    0.1931,    0.1355,    0.0946,    0.0644,    0.0449,    0.0313,    0.0922,    0.0466,    0.0852,    0.1020,    0.1146,    0.1063,    0.1169,    0.1310,    0.1154,    0.1588,    0.1405,    0.1570,    0.1731,    0.1410,    0.2047,    0.2265,    0.1850,    0.1980,    0.2042,    0.2226,    0.2485,    0.1823,    0.2934,    0.3094,    0.3806,    0.4069,    0.4211,    0.4477,    0.4558,    0.4754,    0.4743,    0.5168,    0.5444,    0.5358,    0.5858,    0.5965,    1.0083,    1.1012,    1.1548,    1.1894,    1.2069,    1.3135,    1.2375,    1.3057,    1.2582,    1.3397,    1.2699,    1.3596,    2.9311,    2.8858,    2.9588,    2.9959,    3.0243,    2.9067,    3.0087,    3.0855,    3.1482,    2.9271,    2.8852,    2.9962,    7.5741,    7.0426,    6.9639,    6.7539,    6.2396,    5.8530,    5.1393,    4.7292,    4.5470,    3.9867,    3.0638,    2.8469,    2.1963,    1.9096,    1.4572,    1.3922,    0.9397,    0.6828,    0.5525,    0.2221,    0.1961,    0.1396,    0.0485,    0.0395,    0.0039,    0.0148,    0.0312,    0.0517,    0.0748,    0.0994,    0.1244,    0.0795,    0.1121,    0.8989,    1.4945,    1.5947,    1.6449,    1.6425,    1.4975,    1.3955,    1.4628,    1.7936,    2.5587,    3.6318,    4.2551,    4.3909,    3.9791,    2.8264,    0.8782,    1.0013,    1.2754,    1.2955,    1.4486,    1.4484,    1.4907,    1.4853,    1.4717,    1.4492,    1.4408,    1.4154,    1.0685,    1.0511,    1.0321,    1.0229,    1.0104,    0.9892,    0.9902,    0.9814,    0.9744,    0.9690,    0.9680,    0.9655,    1.0093,    0.9821,    0.9686,    0.9302,    0.9215,    0.9206,    0.8957,    0.8571,    0.8456,    0.8188,    0.8000,    0.7865,    2.0703,    1.8878,    1.7969,    1.5583,    1.4868,    1.2758,    1.1498,    1.1003,    1.0125,    0.9708,    0.9990,    0.9462,    1.5381,    1.4254,    1.3207,    1.1232,    0.9735,    0.8666,    0.8142,    0.7414,    0.7257,    0.6612,    0.6187,    0.5612,    1.3023,    0.8549,    0.6584,    0.5379,    0.4242,    0.3174,    0.2237,    0.1554,    0.1057,    0.0746,    0.0498,    0.0330,    0.0071,    0.0000,    0.0202,    0.0417,    0.0472,    0.0432,    0.0485,    0.0527,    0.0469,    0.0647,    0.0571,    0.0431,    0.0473,    0.0384,    0.0554,    0.0604,    0.0590,    0.0362,    0.0039,    0.0091,    0.0483,    0.0600,    0.0946,    0.0992,    0.1229,    0.1315,    0.1361,    0.1446,    0.1828,    0.1868,    0.1720,    0.1564,    0.1374,    0.1651,    0.2308,    0.2346,    0.4735,    0.5172,    0.5416,    0.5487,    0.5380,    0.5974,    0.5743,    0.6367,    0.5851,    0.6631,    0.6269,    0.6669,    1.4450,    1.4090,    1.4645,    1.4716,    1.4810,    1.4280,    1.4783,    1.5160,    1.5468,    1.4375,    1.4175,    1.4720,    3.7207,    3.6250,    3.5841,    3.4756,    3.2104,    3.0109,    2.6431,    2.4316,    2.3371,    2.0484,    1.5735,    1.4614,    1.1266,    1.3702,    1.0448,    0.9972,    0.6724,    0.4880,    0.3943,    0.1583,    0.1395,    0.0990,    0.0343,    0.0279
  967,    0.7500,  231.6196,    0.0716,  138.0168,  137.7497,    0.9826,    0.8977,  158.4330,  200.6331,  201.6032,  202.6366,  203.6031,  204.6160,  205.8443,  207.3034,  208.7951,  210.5984,  212.8954,  215.8984,  219.9132,  224.7949,  229.9009,  234.0968,  236.5766,  237.5461,  237.6763,  237.2321,  236.5997,  235.6194,  234.8145,  233.7593,  233.4161,    0.0727,    0.2762,    0.5851,    0.9700,    1.4049,    1.8678,    2.3397,    2.6536,    3.0456,    3.6197,    2.9404,    2.2859,    3.0389,    3.9905,    3.7679,    3.4373,    3.8038,    3.9841,    4.0356,    4.1211,    3.9574,    3.6840,    3.4362,    3.0732,    1.0420,    1.1426,    1.2332,    1.2234,    1.2181,    1.2035,    1.1610,    1.1491,    1.1302,    1.0971,    1.0974,    1.0687,    0.7875,    0.7520,    0.7122,    0.7087,    0.6837,    0.6247,    0.6745,    0.6727,    0.6831,    0.6985,    0.7263,    0.7521,    0.8165,    0.8216,    0.7680,    0.8105,    0.8024,    0.7821,    0.7707,    0.7755,    0.7643,    0.7571,    0.7482,    0.7380,    1.9919,    1.9384,    1.8602,    1.8278,    1.7490,    1.6952,    1.6285,    1.5534,    1.4887,    1.4172,    1.3360,    1.2704,    1.8779,    1.7154,    1.5722,    1.4592,    1.3354,    1.2216,    1.1082,    1.0089,    0.9151,    0.8302,    0.7496,    0.6781,    1.6767,    1.2497,    0.9000,    0.6232,    0.4305,    0.2995,    0.2099,    0.1483,    0.1044,    0.0715,    0.0503,    0.0352,    0.0922,    0.0464,    0.0860,    0.1040,    0.1168,    0.1083,    0.1192,    0.1334,    0.1176,    0.1619,    0.1432,    0.1588,    0.1751,    0.1426,    0.2070,    0.2290,    0.1877,    0.1988,    0.2035,    0.2220,    0.2502,    0.1851,    0.2978,    0.3140,    0.3864,    0.4130,    0.4275,    0.4545,    0.4651,    0.4849,    0.4826,    0.5234,    0.5496,    0.5429,    0.5975,    0.6084,    1.0324,    1.1276,    1.1824,    1.2171,    1.2335,    1.3433,    1.2666,    1.3367,    1.2857,    1.3721,    1.3005,    1.3921,    3.0017,    2.9543,    3.0305,    3.0660,    3.0948,    2.9748,    3.0792,    3.1578,    3.2220,    2.9957,    2.9529,    3.0665,    7.7519,    7.1906,    7.1104,    6.8963,    6.3715,    5.9770,    5.2485,    4.8301,    4.6444,    4.0726,    3.1301,    2.9090,    2.2447,    1.9508,    1.4891,    1.4231,    0.9609,    0.6986,    0.5655,    0.2275,    0.2010,    0.1431,    0.0498,    0.0406,    0.0059,    0.0222,    0.0471,    0.0782,    0.1133,    0.1507,    0.1888,    0.1189,    0.1674,    1.2980,    2.0216,    2.0458,    2.2190,    2.2766,    2.0941,    1.9397,    2.0553,    2.4851,    3.3663,    4.3539,    4.7419,    4.7779,    4.5358,    3.5524,    1.1256,    1.2569,    1.4891,    1.4922,    1.5716,    1.5611,    1.5596,    1.5488,    1.5317,    1.5039,    1.4935,    1.4632,    1.1047,    1.0869,    1.0672,    1.0583,    1.0453,    1.0221,    1.0251,    1.0163,    1.0096,    1.0042,    1.0037,    1.0022,    1.0541,    1.0400,    1.0183,    1.0076,    0.9969,    0.9907,    0.9730,    0.9545,    0.9449,    0.9278,    0.9134,    0.9006,    2.3988,    2.2450,    2.1514,    1.9450,    1.8619,    1.6562,    1.5190,    1.4538,    1.3507,    1.2929,    1.3036,    1.2389,    1.9681,    1.8264,    1.6880,    1.4680,    1.2944,    1.1696,    1.0929,    0.9975,    0.9591,    0.8744,    0.8102,    0.7360,    1.7507,    1.1885,    0.9115,    0.7214,    0.5528,    0.4076,    0.2892,    0.2028,    0.1399,    0.0983,    0.0666,    0.0456,    0.0040,    0.0000,    0.0118,    0.0261,    0.0295,    0.0270,    0.0303,    0.0326,    0.0290,    0.0400,    0.0353,    0.0222,    0.0243,    0.0197,    0.0284,    0.0310,    0.0333,    0.0202,    0.0021,    0.0051,    0.0270,    0.0339,    0.0527,    0.0553,    0.0685,    0.0733,    0.0758,    0.0806,    0.1130,    0.1154,    0.1061,    0.0965,    0.0847,    0.1020,    0.1426,    0.1450,    0.3138,    0.3428,    0.3590,    0.3636,    0.3564,    0.3958,    0.3806,    0.4311,    0.3962,    0.4491,    0.4246,    0.4517,    0.9787,    0.9542,    0.9919,    0.9920,    0.9983,    0.9626,    0.9965,    1.0219,    1.0426,    0.9690,    0.9555,    0.9922,    2.5080,    2.4763,    2.4484,    2.3743,    2.1932,    2.0570,    1.8057,    1.6612,    1.5967,    1.3995,    1.0751,    0.9985,    0.7699,    1.0757,    0.8203,    0.7830,    0.5280,    0.3833,    0.3097,    0.1243,    0.1096,    0.0778,    0.0270,    0.0219
 1083,    1.0000,  232.0306,    0.0619,  139.5371,  139.1807,    0.9851,    0.9684,  158.4330,  203.5646,  204.5379,  205.5446,  206.3758,  207.3465,  208.5088,  209.8865,  211.3473,  213.2057,  215.5367,  218.6987,  222.8966,  227.8016,  232.8978,  236.7771,  238.6667,  239.0407,  238.6030,  237.8106,  236.9935,  236.0334,  235.2946,  234.2453,  234.0099,    0.0732,    0.2780,    0.5890,    0.9765,    1.4147,    1.8813,    2.3572,    2.6239,    3.0030,    3.6502,    2.8296,    1.9826,    2.9729,    4.0241,    3.7428,    3.3229,    3.7471,    3.9744,    4.0693,    4.1710,    3.9973,    3.7203,    3.4760,    3.0737,    1.0315,    1.1502,    1.2497,    1.2395,    1.2329,    1.2187,    1.1791,    1.1669,    1.1489,    1.1211,    1.1200,    1.0985,    0.8145,    0.7822,    0.7465,    0.7433,    0.7187,    0.6609,    0.7099,    0.7076,    0.7178,    0.7311,    0.7552,    0.7778,    0.8387,    0.8412,    0.7916,    0.8278,    0.8195,    0.7984,    0.7869,    0.7896,    0.7775,    0.7698,    0.7605,    0.7501,    2.0259,    1.9752,    1.8960,    1.8686,    1.7888,    1.7381,    1.6715,    1.5953,    1.5302,    1.4575,    1.3737,    1.3069,    1.9299,    1.7635,    1.6174,    1.5054,    1.3796,    1.2631,    1.1463,    1.0444,    0.9468,    0.8597,    0.7765,    0.7031,    1.7432,    1.3055,    0.9413,    0.6506,    0.4480,    0.3111,    0.2185,    0.1550,    0.1096,    0.0752,    0.0533,    0.0373,    0.0920,    0.0462,    0.0863,    0.1048,    0.1178,    0.1092,    0.1202,    0.1345,    0.1185,    0.1631,    0.1443,    0.1594,    0.1757,    0.1430,    0.2076,    0.2297,    0.1886,    0.1989,    0.2029,    0.2214,    0.2505,    0.1861,    0.2993,    0.3155,    0.3883,    0.4151,    0.4297,    0.4568,    0.4689,    0.4887,    0.4860,    0.5260,    0.5515,    0.5457,    0.6022,    0.6132,    1.0435,    1.1397,    1.1951,    1.2298,    1.2457,    1.3571,    1.2800,    1.3515,    1.2989,    1.3877,    1.3153,    1.4077,    3.0357,    2.9873,    3.0650,    3.0994,    3.1283,    3.0072,    3.1128,    3.1923,    3.2572,    3.0283,    2.9851,    3.1000,    7.8367,    7.2628,    7.1820,    6.9659,    6.4360,    6.0378,    5.3021,    4.8797,    4.6924,    4.1150,    3.1630,    2.9398,    2.2688,    1.9773,    1.5097,    1.4432,    0.9748,    0.7089,    0.5741,    0.2310,    0.2043,    0.1455,    0.0506,    0.0414,    0.0078,    0.0296,    0.0627,    0.1041,    0.1509,    0.2009,    0.2520,    0.1568,    0.2201,    1.6463,    2.4326,    2.3655,    2.6562,    2.7726,    2.5757,    2.3818,    2.5400,    3.0257,    3.9111,    4.7035,    4.9049,    4.8885,    4.7509,    4.0069,    1.2913,    1.4133,    1.5844,    1.5785,    1.6089,    1.5948,    1.5761,    1.5634,    1.5454,    1.5166,    1.5056,    1.4744,    1.1132,    1.0953,    1.0755,    1.0667,    1.0536,    1.0299,    1.0333,    1.0246,    1.0179,    1.0126,    1.0123,    1.0112,    1.0664,    1.0586,    1.0330,    1.0356,    1.0240,    1.0139,    0.9995,    0.9899,    0.9799,    0.9672,    0.9548,    0.9424,    2.5255,    2.4004,    2.3068,    2.1439,    2.0554,    1.8780,    1.7458,    1.6709,    1.5649,    1.4966,    1.4849,    1.4136,    2.2025,    2.0424,    1.8854,    1.6706,    1.4921,    1.3584,    1.2625,    1.1537,    1.0924,    0.9962,    0.9171,    0.8337,    2.0169,    1.4060,    1.0687,    0.8227,    0.6156,    0.4484,    0.3190,    0.2250,    0.1569,    0.1099,    0.0755,    0.0523,    0.0023,    0.0000,    0.0069,    0.0163,    0.0185,    0.0169,    0.0190,    0.0202,    0.0180,    0.0248,    0.0219,    0.0114,    0.0125,    0.0102,    0.0147,    0.0160,    0.0188,    0.0114,    0.0012,    0.0028,    0.0153,    0.0192,    0.0295,    0.0309,    0.0383,    0.0409,    0.0424,    0.0450,    0.0700,    0.0715,    0.0656,    0.0597,    0.0524,    0.0631,    0.0883,    0.0898,    0.2083,    0.2275,    0.2383,    0.2413,    0.2365,    0.2627,    0.2526,    0.2925,    0.2688,    0.3047,    0.2881,    0.3064,    0.6640,    0.6473,    0.6730,    0.6701,    0.6744,    0.6502,    0.6731,    0.6903,    0.7043,    0.6546,    0.6454,    0.6703,    1.6942,    1.6976,    1.6785,    1.6277,    1.5036,    1.4102,    1.2380,    1.1390,    1.0948,    0.9596,    0.7372,    0.6847,    0.5279,    0.8464,    0.6455,    0.6162,    0.4156,    0.3017,    0.2438,    0.0979,    0.0863,    0.0613,    0.0213,    0.0173
 1132,    1.2500,  231.7052,    0.0571,  140.3620,  139.8872,    0.9363,    0.8405,  158.4330,  205.5929,  206.5985,  207.5447,  208.2865,  209.2044,  210.3113,  211.6105,  213.1001,  215.0071,  217.4914,  220.8060,  225.1167,  230.1909,  235.1050,  238.5013,  239.8015,  239.6096,  238.6625,  237.5103,  236.5225,  235.6167,  234.8931,  233.9238,  233.7735,    0.0734,    0.2788,    0.5907,    0.9794,    1.4188,    1.8868,    2.3640,    2.5817,    2.9457,    3.6653,    2.7529,    1.7407,    2.9319,    4.0441,    3.7221,    3.2333,    3.7011,    3.9672,    4.0950,    4.2012,    4.0219,    3.7437,    3.5004,    3.0846,    1.0286,    1.1576,    1.2597,    1.2494,    1.2425,    1.2287,    1.1914,    1.1791,    1.1617,    1.1375,    1.1352,    1.1185,    0.8327,    0.8028,    0.7705,    0.7676,    0.7433,    0.6869,    0.7350,    0.7324,    0.7424,    0.7539,    0.7752,    0.7954,    0.8535,    0.8540,    0.8076,    0.8389,    0.8304,    0.8090,    0.7974,    0.7983,    0.7858,    0.7776,    0.7681,    0.7575,    2.0464,    1.9971,    1.9171,    1.8929,    1.8124,    1.7642,    1.6982,    1.6213,    1.5560,    1.4826,    1.3968,    1.3293,    1.9610,    1.7921,    1.6445,    1.5337,    1.4070,    1.2888,    1.1698,    1.0663,    0.9659,    0.8774,    0.7927,    0.7180,    1.7837,    1.3404,    0.9667,    0.6669,    0.4582,    0.3179,    0.2235,    0.1589,    0.1126,    0.0775,    0.0552,    0.0386,    0.0918,    0.0460,    0.0864,    0.1051,    0.1182,    0.1095,    0.1206,    0.1349,    0.1189,    0.1636,    0.1447,    0.1595,    0.1758,    0.1431,    0.2078,    0.2299,    0.1889,    0.1989,    0.2025,    0.2209,    0.2505,    0.1864,    0.2998,    0.3161,    0.3890,    0.4158,    0.4304,    0.4575,    0.4705,    0.4903,    0.4873,    0.5270,    0.5522,    0.5467,    0.6041,    0.6152,    1.0487,    1.1453,    1.2010,    1.2357,    1.2513,    1.3634,    1.2862,    1.3587,    1.3051,    1.3952,    1.3224,    1.4152,    3.0520,    3.0031,    3.0816,    3.1154,    3.1443,    3.0227,    3.1288,    3.2087,    3.2740,    3.0440,    3.0006,    3.1160,    7.8772,    7.2982,    7.2171,    7.0001,    6.4678,    6.0677,    5.3286,    4.9043,    4.7162,    4.1361,    3.1795,    2.9554,    2.2810,    1.9945,    1.5231,    1.4563,    0.9838,    0.7156,    0.5797,    0.2334,    0.2064,    0.1471,    0.0512,    0.0419,    0.0096,    0.0367,    0.0778,    0.1292,    0.1875,    0.2497,    0.3134,    0.1928,    0.2698,    1.9455,    2.7518,    2.5957,    2.9845,    3.1502,    2.9566,    2.7371,    2.9291,    3.4368,    4.2598,    4.8439,    4.9244,    4.8829,    4.8001,    4.2729,    1.3976,    1.5015,    1.6153,    1.6048,    1.6064,    1.5911,    1.5657,    1.5520,    1.5340,    1.5056,    1.4942,    1.4636,    1.1053,    1.0877,    1.0683,    1.0595,    1.0465,    1.0234,    1.0263,    1.0175,    1.0108,    1.0053,    1.0047,    1.0036,    1.0595,    1.0545,    1.0276,    1.0357,    1.0238,    1.0114,    0.9985,    0.9925,    0.9819,    0.9710,    0.9595,    0.9474,    2.5465,    2.4420,    2.3492,    2.2233,    2.1328,    1.9874,    1.8667,    1.7864,    1.6838,    1.6093,    1.5760,    1.5015,    2.3030,    2.1324,    1.9666,    1.7683,    1.5947,    1.4577,    1.3482,    1.2324,    1.1520,    1.0504,    0.9623,    0.8748,    2.1417,    1.5243,    1.1467,    0.8619,    0.6324,    0.4559,    0.3244,    0.2296,    0.1610,    0.1126,    0.0780,    0.0543,    0.0014,    0.0000,    0.0040,    0.0102,    0.0116,    0.0106,    0.0119,    0.0125,    0.0112,    0.0154,    0.0136,    0.0059,    0.0065,    0.0053,    0.0076,    0.0083,    0.0107,    0.0065,    0.0007,    0.0016,    0.0087,    0.0109,    0.0165,    0.0173,    0.0215,    0.0230,    0.0238,    0.0252,    0.0434,    0.0444,    0.0407,    0.0370,    0.0325,    0.0392,    0.0548,    0.0557,    0.1384,    0.1512,    0.1584,    0.1604,    0.1572,    0.1746,    0.1679,    0.1988,    0.1827,    0.2071,    0.1958,    0.2083,    0.4514,    0.4400,    0.4575,    0.4537,    0.4566,    0.4402,    0.4557,    0.4674,    0.4768,    0.4432,    0.4370,    0.4538,    1.1471,    1.1680,    1.1548,    1.1199,    1.0345,    0.9703,    0.8518,    0.7837,    0.7533,    0.6603,    0.5073,    0.4712,    0.3633,    0.6675,    0.5091,    0.4860,    0.3278,    0.2380,    0.1924,    0.0772,    0.0681,    0.0484,    0.0168,    0.0137
 1097,    1.5000,  230.9063,    0.0547,  140.7297,  140.2420,    0.9726,    0.8984,  158.4330,  207.0699,  208.0178,  208.9043,  209.6992,  210.5828,  211.6210,  212.9154,  214.3997,  216.4021,  218.9882,  222.5025,  226.9919,  232.0088,  236.7947,  239.7050,  240.3093,  239.5112,  238.1598,  236.7158,  235.6113,  234.6872,  234.0081,  233.0795,  232.9450,    0.0735,    0.2789,    0.5909,    0.9796,    1.4189,    1.8865,    2.3632,    2.5313,    2.8790,    3.6709,    2.6999,    1.5434,    2.9066,    4.0556,    3.7059,    3.1643,    3.6649,    3.9621,    4.1130,    4.2185,    4.0361,    3.7576,    3.5141,    3.0954,    1.0287,    1.1630,    1.2655,    1.2550,    1.2483,    1.2346,    1.1992,    1.1869,    1.1700,    1.1483,    1.1451,    1.1318,    0.8451,    0.8170,    0.7876,    0.7849,    0.7610,    0.7058,    0.7531,    0.7501,    0.7601,    0.7701,    0.7889,    0.8073,    0.8632,    0.8623,    0.8184,    0.8459,    0.8373,    0.8156,    0.8039,    0.8036,    0.7907,    0.7822,    0.7725,    0.7618,    2.0581,    2.0095,    1.9290,    1.9068,    1.8259,    1.7797,    1.7142,    1.6369,    1.5718,    1.4979,    1.4106,    1.3426,    1.9790,    1.8086,    1.6600,    1.5504,    1.4236,    1.3044,    1.1838,    1.0794,    0.9770,    0.8877,    0.8021,    0.7267,    1.8077,    1.3618,    0.9819,    0.6762,    0.4639,    0.3216,    0.2262,    0.1610,    0.1144,    0.0788,    0.0562,    0.0393,    0.0917,    0.0459,    0.0864,    0.1053,    0.1183,    0.1097,    0.1207,    0.1350,    0.1190,    0.1639,    0.1449,    0.1595,    0.1759,    0.1432,    0.2078,    0.2299,    0.1890,    0.1987,    0.2021,    0.2206,    0.2504,    0.1865,    0.2999,    0.3162,    0.3892,    0.4160,    0.4306,    0.4578,    0.4711,    0.4909,    0.4878,    0.5273,    0.5523,    0.5470,    0.6049,    0.6160,    1.0511,    1.1480,    1.2037,    1.2384,    1.2538,    1.3663,    1.2890,    1.3621,    1.3080,    1.3989,    1.3258,    1.4189,    3.0599,    3.0107,    3.0896,    3.1230,    3.1520,    3.0301,    3.1365,    3.2166,    3.2820,    3.0514,    3.0080,    3.1237,    7.8967,    7.3157,    7.2345,    7.0171,    6.4835,    6.0827,    5.3418,    4.9166,    4.7282,    4.1468,    3.1879,    2.9633,    2.2873,    2.0057,    1.5318,    1.4649,    0.9898,    0.7202,    0.5836,    0.2350,    0.2079,    0.1482,    0.0516,    0.0422,    0.0115,    0.0436,    0.0924,    0.1535,    0.2228,    0.2969,    0.3727,    0.2268,    0.3165,    2.1997,    2.9977,    2.7613,    3.2266,    3.4310,    3.2522,    3.0196,    3.2363,    3.7414,    4.4684,    4.8716,    4.8808,    4.8271,    4.7701,    4.4105,    1.4609,    1.5442,    1.6126,    1.5999,    1.5859,    1.5702,    1.5426,    1.5282,    1.5104,    1.4831,    1.4714,    1.4420,    1.0893,    1.0723,    1.0536,    1.0448,    1.0320,    1.0092,    1.0118,    1.0030,    0.9960,    0.9903,    0.9891,    0.9877,    1.0429,    1.0390,    1.0121,    1.0220,    1.0099,    0.9962,    0.9840,    0.9793,    0.9681,    0.9580,    0.9468,    0.9349,    2.5162,    2.4246,    2.3329,    2.2332,    2.1424,    2.0245,    1.9163,    1.8333,    1.7367,    1.6588,    1.6077,    1.5321,    2.3213,    2.1458,    1.9771,    1.7974,    1.6325,    1.4952,    1.3769,    1.2585,    1.1642,    1.0611,    0.9684,    0.8801,    2.1721,    1.5704,    1.1694,    0.8617,    0.6227,    0.4452,    0.3164,    0.2241,    0.1577,    0.1100,    0.0767,    0.0535,    0.0008,    0.0000,    0.0024,    0.0064,    0.0073,    0.0067,    0.0075,    0.0078,    0.0069,    0.0096,    0.0085,    0.0031,    0.0034,    0.0028,    0.0040,    0.0043,    0.0061,    0.0037,    0.0004,    0.0009,    0.0049,    0.0062,    0.0093,    0.0097,    0.0121,    0.0129,    0.0134,    0.0142,    0.0270,    0.0276,    0.0253,    0.0230,    0.0202,    0.0244,    0.0341,    0.0346,    0.0922,    0.1007,    0.1054,    0.1068,    0.1046,    0.1162,    0.1118,    0.1354,    0.1245,    0.1411,    0.1334,    0.1419,    0.3074,    0.2997,    0.3116,    0.3079,    0.3098,    0.2987,    0.3093,    0.3172,    0.3236,    0.3008,    0.2966,    0.3080,    0.7785,    0.8063,    0.7973,    0.7732,    0.7142,    0.6699,    0.5881,    0.5411,    0.5201,    0.4559,    0.3503,    0.3253,    0.2509,    0.5275,    0.4023,    0.3841,    0.2591,    0.1881,    0.1521,    0.0611,    0.0539,    0.0383,    0.0133,    0.0108
  965,    1.7500,  229.8136,    0.0535,  140.9871,  140.4237,    0.9398,    0.9761,  158.4330,  208.2652,  209.2000,  210.0417,  210.7214,  211.5899,  212.6242,  213.9138,  215.4926,  217.4973,  220.2224,  223.8946,  228.5130,  233.5981,  238.0904,  240.4161,  240.4069,  239.1076,  237.3169,  235.6203,  234.3958,  233.4124,  232.8104,  231.9991,  231.7564,    0.0734,    0.2787,    0.5903,    0.9783,    1.4166,    1.8830,    2.3581,    2.4767,    2.8077,    3.6720,    2.6643,    1.3804,    2.8924,    4.0638,    3.6950,    3.1132,    3.6388,    3.9605,    4.1275,    4.2319,    4.0490,    3.7708,    3.5258,    3.1057,    1.0303,    1.1674,    1.2701,    1.2596,    1.2536,    1.2401,    1.2064,    1.1941,    1.1775,    1.1578,    1.1538,    1.1431,    0.8553,    0.8288,    0.8017,    0.7991,    0.7755,    0.7215,    0.7681,    0.7649,    0.7747,    0.7835,    0.8003,    0.8171,    0.8712,    0.8691,    0.8274,    0.8517,    0.8430,    0.8212,    0.8095,    0.8081,    0.7950,    0.7862,    0.7763,    0.7656,    2.0682,    2.0195,    1.9386,    1.9172,    1.8360,    1.7909,    1.7258,    1.6481,    1.5831,    1.5089,    1.4205,    1.3522,    1.9921,    1.8207,    1.6715,    1.5625,    1.4354,    1.3154,    1.1938,    1.0887,    0.9849,    0.8951,    0.8089,    0.7330,    1.8248,    1.3769,    0.9925,    0.6829,    0.4682,    0.3246,    0.2284,    0.1627,    0.1156,    0.0797,    0.0570,    0.0398,    0.0915,    0.0458,    0.0863,    0.1053,    0.1184,    0.1097,    0.1208,    0.1351,    0.1191,    0.1639,    0.1450,    0.1596,    0.1759,    0.1432,    0.2079,    0.2299,    0.1890,    0.1986,    0.2019,    0.2203,    0.2502,    0.1865,    0.3000,    0.3163,    0.3893,    0.4161,    0.4307,    0.4579,    0.4714,    0.4911,    0.4880,    0.5274,    0.5522,    0.5471,    0.6052,    0.6163,    1.0522,    1.1492,    1.2049,    1.2397,    1.2550,    1.3677,    1.2904,    1.3637,    1.3094,    1.4006,    1.3274,    1.4206,    3.0637,    3.0144,    3.0935,    3.1267,    3.1556,    3.0337,    3.1402,    3.2204,    3.2859,    3.0550,    3.0115,    3.1274,    7.9061,    7.3243,    7.2431,    7.0255,    6.4914,    6.0902,    5.3485,    4.9229,    4.7344,    4.1524,    3.1922,    2.9675,    2.2906,    2.0131,    1.5376,    1.4706,    0.9939,    0.7232,    0.5861,    0.2361,    0.2089,    0.1490,    0.0519,    0.0425,    0.0132,    0.0502,    0.1065,    0.1770,    0.2569,    0.3423,    0.4298,    0.2589,    0.3601,    2.4137,    3.1854,    2.8806,    3.4012,    3.6339,    3.4773,    3.2420,    3.4751,    3.9604,    4.5785,    4.8377,    4.8057,    4.7455,    4.7001,    4.4615,    1.4935,    1.5569,    1.5918,    1.5781,    1.5557,    1.5399,    1.5114,    1.4967,    1.4790,    1.4524,    1.4406,    1.4120,    1.0665,    1.0498,    1.0314,    1.0224,    1.0098,    0.9879,    0.9898,    0.9809,    0.9740,    0.9682,    0.9669,    0.9656,    1.0197,    1.0163,    0.9894,    0.9999,    0.9879,    0.9735,    0.9617,    0.9574,    0.9459,    0.9360,    0.9250,    0.9132,    2.4590,    2.3753,    2.2848,    2.2025,    2.1124,    2.0157,    1.9186,    1.8348,    1.7446,    1.6654,    1.6008,    1.5254,    2.2895,    2.1128,    1.9450,    1.7820,    1.6269,    1.4913,    1.3682,    1.2499,    1.1467,    1.0444,    0.9502,    0.8631,    2.1413,    1.5662,    1.1552,    0.8373,    0.5978,    0.4245,    0.3010,    0.2131,    0.1501,    0.1044,    0.0730,    0.0509,    0.0005,    0.0000,    0.0014,    0.0041,    0.0046,    0.0042,    0.0047,    0.0049,    0.0043,    0.0060,    0.0053,    0.0016,    0.0018,    0.0014,    0.0021,    0.0023,    0.0035,    0.0021,    0.0002,    0.0005,    0.0028,    0.0036,    0.0052,    0.0055,    0.0068,    0.0073,    0.0075,    0.0080,    0.0168,    0.0172,    0.0158,    0.0144,    0.0126,    0.0152,    0.0212,    0.0216,    0.0615,    0.0671,    0.0703,    0.0712,    0.0698,    0.0775,    0.0745,    0.0924,    0.0849,    0.0963,    0.0910,    0.0968,    0.2098,    0.2045,    0.2127,    0.2094,    0.2108,    0.2032,    0.2104,    0.2158,    0.2201,    0.2046,    0.2017,    0.2095,    0.5295,    0.5585,    0.5522,    0.5355,    0.4947,    0.4640,    0.4073,    0.3748,    0.3603,    0.3158,    0.2426,    0.2254,    0.1738,    0.4177,    0.3186,    0.3042,    0.2052,    0.1490,    0.1205,    0.0484,    0.0427,    0.0303,    0.0105,    0.0086
  753,    2.0000,  228.6183,    0.0528,  141.0720,  140.5192,    0.9837,    0.9180,  158.4330,  209.2082,  210.1505,  210.9358,  211.5878,  212.4066,  213.4255,  214.7346,  216.3120,  218.4131,  221.3100,  225.1246,  229.8825,  234.8868,  239.0935,  240.9055,  240.2405,  238.4429,  236.3113,  234.4108,  233.0841,  232.0854,  231.4731,  230.7246,  230.5398,    0.0733,    0.2783,    0.5893,    0.9764,    1.4135,    1.8782,    2.3513,    2.4218,    2.7366,    3.6711,    2.6408,    1.2450,    2.8845,    4.0693,    3.6879,    3.0762,    3.6206,    3.9604,    4.1371,    4.2398,    4.0572,    3.7796,    3.5330,    3.1128,    1.0319,    1.1703,    1.2729,    1.2624,    1.2571,    1.2438,    1.2115,    1.1992,    1.1828,    1.1647,    1.1601,    1.1513,    0.8630,    0.8376,    0.8126,    0.8101,    0.7868,    0.7338,    0.7799,    0.7763,    0.7862,    0.7938,    0.8088,    0.8242,    0.8769,    0.8738,    0.8340,    0.8556,    0.8468,    0.8251,    0.8133,    0.8111,    0.7979,    0.7888,    0.7787,    0.7680,    2.0745,    2.0256,    1.9444,    1.9233,    1.8419,    1.7975,    1.7327,    1.6548,    1.5900,    1.5155,    1.4264,    1.3579,    1.9998,    1.8277,    1.6781,    1.5696,    1.4425,    1.3220,    1.1997,    1.0941,    0.9895,    0.8994,    0.8128,    0.7367,    1.8347,    1.3859,    0.9987,    0.6867,    0.4706,    0.3263,    0.2296,    0.1637,    0.1164,    0.0803,    0.0574,    0.0401,    0.0914,    0.0458,    0.0863,    0.1054,    0.1184,    0.1098,    0.1208,    0.1351,    0.1191,    0.1640,    0.1450,    0.1596,    0.1759,    0.1432,    0.2079,    0.2299,    0.1890,    0.1985,    0.2016,    0.2200,    0.2501,    0.1865,    0.3000,    0.3163,    0.3893,    0.4161,    0.4307,    0.4579,    0.4715,    0.4912,    0.4880,    0.5273,    0.5521,    0.5471,    0.6053,    0.6164,    1.0527,    1.1497,    1.2055,    1.2403,    1.2555,    1.3683,    1.2910,    1.3645,    1.3100,    1.4015,    1.3282,    1.4214,    3.0655,    3.0161,    3.0954,    3.1284,    3.1574,    3.0354,    3.1420,    3.2222,    3.2878,    3.0568,    3.0132,    3.1292,    7.9106,    7.3287,    7.2474,    7.0298,    6.4954,    6.0940,    5.3520,    4.9261,    4.7376,    4.1553,    3.1946,    2.9698,    2.2925,    2.0180,    1.5415,    1.4745,    0.9966,    0.7253,    0.5879,    0.2369,    0.2096,    0.1496,    0.0521,    0.0426,    0.0149,    0.0566,    0.1201,    0.1995,    0.2896,    0.3859,    0.4846,    0.2894,    0.4011,    2.5919,    3.3273,    2.9684,    3.5236,    3.7747,    3.6448,    3.4160,    3.6574,    4.1115,    4.6204,    4.7710,    4.7162,    4.6524,    4.6113,    4.4566,    1.5050,    1.5505,    1.5619,    1.5477,    1.5213,    1.5056,    1.4775,    1.4625,    1.4451,    1.4197,    1.4076,    1.3805,    1.0430,    1.0268,    1.0091,    1.0001,    0.9876,    0.9662,    0.9677,    0.9588,    0.9517,    0.9458,    0.9439,    0.9422,    0.9945,    0.9908,    0.9648,    0.9743,    0.9624,    0.9478,    0.9361,    0.9315,    0.9198,    0.9099,    0.8990,    0.8873,    2.3892,    2.3101,    2.2209,    2.1494,    2.0605,    1.9789,    1.8910,    1.8075,    1.7233,    1.6440,    1.5702,    1.4957,    2.2290,    2.0536,    1.8887,    1.7397,    1.5939,    1.4611,    1.3361,    1.2197,    1.1117,    1.0117,    0.9182,    0.8333,    2.0738,    1.5290,    1.1179,    0.7997,    0.5656,    0.3994,    0.2824,    0.1996,    0.1404,    0.0974,    0.0682,    0.0475,    0.0003,    0.0000,    0.0008,    0.0026,    0.0029,    0.0027,    0.0030,    0.0030,    0.0027,    0.0037,    0.0033,    0.0009,    0.0009,    0.0008,    0.0011,    0.0012,    0.0020,    0.0012,    0.0001,    0.0003,    0.0016,    0.0020,    0.0030,    0.0031,    0.0039,    0.0041,    0.0043,    0.0045,    0.0105,    0.0107,    0.0098,    0.0090,    0.0079,    0.0095,    0.0132,    0.0135,    0.0411,    0.0449,    0.0470,    0.0476,    0.0466,    0.0518,    0.0498,    0.0632,    0.0581,    0.0658,    0.0622,    0.0662,    0.1435,    0.1399,    0.1454,    0.1428,    0.1437,    0.1386,    0.1434,    0.1471,    0.1501,    0.1395,    0.1376,    0.1428,    0.3611,    0.3880,    0.3836,    0.3720,    0.3437,    0.3224,    0.2830,    0.2604,    0.2503,    0.2194,    0.1686,    0.1566,    0.1208,    0.3314,    0.2528,    0.2414,    0.1628,    0.1182,    0.0956,    0.0384,    0.0339,    0.0241,    0.0084,    0.0068
