Particle       ,data/QEXT_96IR_84_VIS_RNC10_2_9umrod
Ncase          ,  14
dt (sols)      ,  0.020833
Qext 0.67um    ,  1.929245
Alb sfc        ,  0.220000
Conrath nu     ,  0.002000
Sun Flux (W/m2),148.393084
BWN IR (cm-1)  ,     10.0000,     34.1670,     58.3330,     82.5000,    106.6670,    130.8330,    155.0000,    179.1670,    203.3330,    227.5000,    251.6670,    275.8330,    300.0000,    320.7880,    341.5750,    362.3630,    383.1500,    403.9380,    424.7250,    445.5130,    466.3010,    487.0880,    507.8760,    528.6630,    549.4510,    556.7420,    564.0330,    571.3240,    578.6150,    585.9060,    593.1970,    600.4880,    607.7790,    615.0700,    622.3610,    629.6520,    636.9430,    642.5500,    648.1570,    653.7640,    659.3700,    664.9770,    670.5840,    676.1910,    681.7980,    687.4050,    693.0110,    698.6180,    704.2250,    710.1390,    716.0530,    721.9670,    727.8810,    733.7950,    739.7090,    745.6240,    751.5380,    757.4520,    763.3660,    769.2800,    775.1940,    791.5010,    807.8070,    824.1140,    840.4210,    856.7270,    873.0340,    889.3410,    905.6470,    921.9540,    938.2610,    954.5670,    970.8740,    996.8050,   1022.7370,   1048.6680,   1074.6000,   1100.5310,   1126.4630,   1152.3940,   1178.3250,   1204.2570,   1230.1880,   1256.1200,   1282.0510,   1360.3990,   1438.7460,   1517.0940,   1595.4410,   1673.7890,   1752.1370,   1830.4840,   1908.8320,   1987.1790,   2065.5270,   2143.8740,   2222.2220
BWN VIS (cm-1) ,   2222.2200,   2294.3160,   2366.4120,   2438.5080,   2510.6030,   2582.6990,   2654.7950,   2726.8910,   2798.9870,   2871.0820,   2943.1780,   3015.2740,   3087.3700,   3165.9750,   3244.5800,   3323.1850,   3401.7900,   3480.3950,   3559.0000,   3637.6050,   3716.2100,   3794.8150,   3873.4200,   3952.0250,   4030.6300,   4142.2920,   4253.9530,   4365.6150,   4477.2770,   4588.9380,   4700.6000,   4812.2620,   4923.9230,   5035.5850,   5147.2470,   5258.9080,   5370.5700,   5560.6150,   5750.6600,   5940.7050,   6130.7500,   6320.7950,   6510.8400,   6700.8850,   6890.9300,   7080.9750,   7271.0200,   7461.0650,   7651.1100,   8055.1840,   8459.2580,   8863.3330,   9267.4070,   9671.4810,  10075.5550,  10479.6290,  10883.7030,  11287.7780,  11691.8520,  12095.9260,  12500.0000,  13541.6670,  14583.3330,  15625.0000,  16666.6670,  17708.3330,  18750.0000,  19791.6670,  20833.3330,  21875.0000,  22916.6670,  23958.3330,  25000.0000,  26388.8890,  27777.7780,  29166.6670,  30555.5570,  31944.4460,  33333.3350,  34722.2240,  36111.1130,  37500.0030,  38888.8920,  40277.7810,  41666.6700
SUN VIS (W/m2) ,      0.1008,      0.0862,      0.0968,      0.1089,      0.1224,      0.1136,      0.1248,      0.1400,      0.1233,      0.1698,      0.1502,      0.1645,      0.1814,      0.1477,      0.2144,      0.2377,      0.1946,      0.2106,      0.2276,      0.2472,      0.2683,      0.1918,      0.3072,      0.3239,      0.3986,      0.4261,      0.4410,      0.4688,      0.4810,      0.5017,      0.5013,      0.5485,      0.5772,      0.5665,      0.6183,      0.6303,      1.0809,      1.1806,      1.2379,      1.2751,      1.2949,      1.4092,      1.3262,      1.4132,      1.3634,      1.4505,      1.3747,      1.4716,      3.1730,      3.1258,      3.2038,      3.2543,      3.2846,      3.1576,      3.2685,      3.3520,      3.4202,      3.1800,      3.1347,      3.2554,      8.2299,      7.8425,      7.7561,      7.5237,      6.9524,      6.5235,      5.7299,      5.2748,      5.0739,      4.4511,      3.4228,      3.1828,      2.4579,      2.2644,      1.7312,      1.6575,      1.1215,      0.8173,      0.6634,      0.2677,      0.2374,      0.1697,      0.0593,      0.0486
================
wavelenght [um],    0.244068,    0.252632,    0.261818,    0.271698,    0.282353,    0.293878,    0.306383,    0.320000,    0.334884,    0.351220,    0.369231,    0.389189,    0.408511,    0.426667,    0.446512,    0.468293,    0.492308,    0.518919,    0.548571,    0.581818,    0.619355,    0.662069,    0.711111,    0.768000,    0.813143,    0.840768,    0.870336,    0.902060,    0.936184,    0.972991,    1.012810,    1.056028,    1.103099,    1.154562,    1.211061,    1.273375,    1.323436,    1.357581,    1.393534,    1.431444,    1.471474,    1.513807,    1.558648,    1.606226,    1.656801,    1.710664,    1.768147,    1.829628,    1.881560,    1.921939,    1.964090,    2.008131,    2.054193,    2.102417,    2.152960,    2.205992,    2.261704,    2.320302,    2.382017,    2.447105,    2.505432,    2.555765,    2.608162,    2.662752,    2.719677,    2.779088,    2.841153,    2.906054,    2.973989,    3.045176,    3.119855,    3.198288,    3.277268,    3.356577,    3.439819,    3.527294,    3.619334,    3.716307,    3.818620,    3.926726,    4.041130,    4.162400,    4.291175,    4.428172,    4.580751,    4.751270,    4.934974,    5.133456,    5.348572,    5.582505,    5.837838,    6.117648,    6.425631,    6.766266,    7.145039,    7.568734,    7.879690,    8.044056,    8.215425,    8.394255,    8.581043,    8.776330,    8.980716,    9.194848,    9.419442,    9.655282,    9.903235,   10.164260,   10.387231,   10.566200,   10.751445,   10.943308,   11.142136,   11.348323,   11.562291,   11.784476,   12.015368,   12.255495,   12.505409,   12.765727,   12.949392,   13.049328,   13.150818,   13.253898,   13.358608,   13.464994,   13.573088,   13.682923,   13.794549,   13.908012,   14.023357,   14.140631,   14.256763,   14.371646,   14.488386,   14.607038,   14.727660,   14.850291,   14.974981,   15.101782,   15.230738,   15.361915,   15.495384,   15.631191,   15.790367,   15.974275,   16.162517,   16.355249,   16.552633,   16.754839,   16.962047,   17.174443,   17.392227,   17.615605,   17.844795,   18.080028,   18.550914,   19.294981,   20.101230,   20.977796,   21.934298,   22.982219,   24.135264,   25.410119,   26.827165,   28.411593,   30.194923,   32.217118,   34.732292,   37.914692,   41.739101,   46.421699,   52.287582,   59.850314,   69.970927,   84.210526,  105.726686,  142.012170,  216.216216,  452.826771
Qext           ,      2.1530,      2.1530,      2.1530,      2.1530,      2.1530,      2.1530,      2.1530,      2.1530,      2.1530,      2.1530,      2.1530,      2.1530,      2.1530,      2.1530,      2.1530,      2.1530,      1.9292,      1.9292,      1.9292,      1.9292,      1.9292,      1.9292,      1.9292,      1.9292,      1.9292,      1.9292,      1.9292,      1.9292,      1.9292,      1.9292,      1.9292,      1.2478,      1.2478,      1.2478,      1.2478,      1.2478,      1.2478,      1.2478,      1.2478,      1.2478,      1.2478,      1.2478,      1.2478,      1.3122,      1.3122,      1.3122,      1.3122,      1.3122,      1.3122,      1.3122,      1.3122,      1.3122,      1.3122,      1.3122,      1.5115,      1.5115,      1.5115,      1.5115,      1.5115,      1.5115,      1.5115,      1.5115,      1.5115,      1.5115,      1.5057,      1.5057,      1.5057,      1.5057,      1.5057,      1.5057,      1.5057,      1.5057,      1.7469,      1.7469,      1.7469,      1.7469,      1.7469,      1.7469,      1.9753,      1.9753,      1.9753,      1.9753,      1.9753,      2.6812,      2.6812,      2.6812,      2.7567,      2.7567,      2.7567,      2.7928,      2.7928,      2.6933,      2.6933,      3.3974,      3.8026,      3.8026,      3.9374,      3.9374,      4.4946,      4.4946,      4.4946,      3.6081,      3.6081,      3.6081,      3.7482,      3.7482,      3.9544,      3.9544,      4.2881,      4.2881,      4.2881,      5.3620,      5.3620,      5.3620,      7.0014,      7.0014,      7.6033,      7.6033,      7.6033,      4.7277,      4.7277,      4.7277,      3.7535,      3.7535,      3.7535,      3.7535,      3.7535,      3.8107,      3.8107,      3.8107,      3.8107,      3.8107,      4.2405,      4.2405,      4.2405,      4.2405,      4.3353,      4.3353,      4.3353,      4.3353,      4.3353,      3.9506,      3.9506,      3.9506,      3.9506,      4.1861,      4.1861,      4.1861,      4.9225,      4.9225,      6.0814,      6.0814,      6.0814,      7.4555,      7.4555,      8.8399,      9.4113,     10.7522,     11.4917,     11.9918,     11.1822,      9.3700,      9.0205,      6.2720,      3.8901,      3.2734,      3.8760,      5.2106,      5.0781,      7.5236,     11.3481,     13.2872,      8.7650,     16.1874,     16.1874,     16.1874,     16.1874,     16.1874,     16.1874,     16.1874
Qscat          ,      1.3994,      1.3994,      1.3994,      1.3994,      1.3994,      1.3994,      1.3994,      1.3994,      1.3994,      1.3994,      1.3994,      1.3994,      1.3994,      1.3994,      1.3994,      1.3994,      1.6696,      1.6696,      1.6696,      1.6696,      1.6696,      1.6696,      1.6696,      1.6696,      1.6696,      1.6696,      1.6696,      1.6696,      1.6696,      1.6696,      1.6696,      1.1420,      1.1420,      1.1420,      1.1420,      1.1420,      1.1420,      1.1420,      1.1420,      1.1420,      1.1420,      1.1420,      1.1420,      1.2267,      1.2267,      1.2267,      1.2267,      1.2267,      1.2267,      1.2267,      1.2267,      1.2267,      1.2267,      1.2267,      1.4024,      1.4024,      1.4024,      1.4024,      1.4024,      1.4024,      1.4024,      1.4024,      1.4024,      1.4024,      1.4066,      1.4066,      1.4066,      1.4066,      1.4066,      1.4066,      1.4066,      1.4066,      1.6231,      1.6231,      1.6231,      1.6231,      1.6231,      1.6231,      1.8184,      1.8184,      1.8184,      1.8184,      1.8184,      2.4350,      2.4350,      2.4350,      2.4821,      2.4821,      2.4821,      2.5187,      2.5187,      2.4305,      2.4305,      3.0386,      3.3641,      3.3641,      3.4942,      3.4942,      3.8177,      3.8177,      3.8177,      3.2017,      3.2017,      3.2017,      3.4262,      3.4262,      3.6173,      3.6173,      3.8941,      3.8941,      3.8941,      4.7832,      4.7832,      4.7832,      6.0395,      6.0395,      6.2391,      6.2391,      6.2391,      3.8816,      3.8816,      3.8816,      3.1621,      3.1621,      3.1621,      3.1621,      3.1621,      3.1869,      3.1869,      3.1869,      3.1869,      3.1869,      3.4027,      3.4027,      3.4027,      3.4027,      3.3287,      3.3287,      3.3287,      3.3287,      3.3287,      3.1357,      3.1357,      3.1357,      3.1357,      3.5184,      3.5184,      3.5184,      4.2528,      4.2528,      5.2821,      5.2821,      5.2821,      6.5115,      6.5115,      7.6900,      8.1804,      9.2601,      9.7714,     10.0372,      9.0219,      6.9436,      6.0771,      4.0538,      2.5254,      2.1738,      2.6569,      3.6115,      3.5262,      4.6536,      5.1840,      4.1851,      4.0110,      8.3619,      8.3619,      8.3619,      8.3619,      8.3619,      8.3619,      8.3619
G factor       ,      0.5970,      0.5970,      0.5970,      0.5970,      0.5970,      0.5970,      0.5970,      0.5970,      0.5970,      0.5970,      0.5970,      0.5970,      0.5970,      0.5970,      0.5970,      0.5970,      0.2650,      0.2650,      0.2650,      0.2650,      0.2650,      0.2650,      0.2650,      0.2650,      0.2650,      0.2650,      0.2650,      0.2650,      0.2650,      0.2650,      0.2650,      0.2430,      0.2430,      0.2430,      0.2430,      0.2430,      0.2430,      0.2430,      0.2430,      0.2430,      0.2430,      0.2430,      0.2430,      0.1960,      0.1960,      0.1960,      0.1960,      0.1960,      0.1960,      0.1960,      0.1960,      0.1960,      0.1960,      0.1960,      0.1890,      0.1890,      0.1890,      0.1890,      0.1890,      0.1890,      0.1890,      0.1890,      0.1890,      0.1890,      0.2270,      0.2270,      0.2270,      0.2270,      0.2270,      0.2270,      0.2270,      0.2270,      0.1830,      0.1830,      0.1830,      0.1830,      0.1830,      0.1830,      0.1720,      0.1720,      0.1720,      0.1720,      0.1720,      0.2070,      0.2070,      0.2070,      0.1590,      0.1590,      0.1590,      0.1900,      0.1900,      0.2250,      0.2250,      0.2180,      0.2170,      0.2170,      0.1880,      0.1880,      0.1190,      0.1190,      0.1190,      0.0970,      0.0970,      0.0970,      0.1010,      0.1010,      0.1100,      0.1100,      0.1170,      0.1170,      0.1170,      0.1140,      0.1140,      0.1140,      0.0880,      0.0880,      0.0530,      0.0530,      0.0530,      0.0720,      0.0720,      0.0720,      0.1840,      0.1840,      0.1840,      0.1840,      0.1840,      0.2780,      0.2780,      0.2780,      0.2780,      0.2780,      0.3370,      0.3370,      0.3370,      0.3370,      0.2710,      0.2710,      0.2710,      0.2710,      0.2710,      0.1700,      0.1700,      0.1700,      0.1700,      0.1750,      0.1750,      0.1750,      0.2020,      0.2020,      0.2260,      0.2260,      0.2260,      0.2260,      0.2260,      0.2040,      0.1890,      0.1280,      0.0670,      0.0200,     -0.0290,     -0.1400,     -0.1550,      0.0640,      0.1860,      0.1290,     -0.0300,     -0.0700,     -0.0590,     -0.0150,     -0.0040,      0.0300,      0.0150,      0.0100,      0.0100,      0.0100,      0.0100,      0.0100,      0.0100,      0.0100
================
P [mbar]       ,    0.1004,    0.1015,    0.1034,    0.1069,    0.1130,    0.1239,    0.1432,    0.1740,    0.2226,    0.3028,    0.4349,    0.6529,    1.0121,    1.6044,    2.4646,    3.4606,    4.3994,    5.2226,    5.8426,    6.2132,    6.3980,    6.4686,    6.5039,    6.5168
Temp initial[K],  155.0000,  155.0000,  155.0000,  155.0000,  155.0000,  155.0000,  155.0000,  155.0000,  155.0000,  155.0000,  155.0000,  155.0000,  158.8233,  165.4041,  173.2716,  181.4436,  190.2788,  198.8130,  204.5783,  207.8249,  209.4219,  210.0497,  210.3719,  210.4891
================
it   ,   tau    ,  Tsfc    ,   alb    ,   OLR    ,    ASR   ,  NET top ,  NET bot , T lev  01, T lev  02, T lev  03, T lev  04, T lev  05, T lev  06, T lev  07, T lev  08, T lev  09, T lev  10, T lev  11, T lev  12, T lev  13, T lev  14, T lev  15, T lev  16, T lev  17, T lev  18, T lev  19, T lev  20, T lev  21, T lev  22, T lev  23, T lev  24, T lev  25,  OLR IR01,  OLR IR02,  OLR IR03,  OLR IR04,  OLR IR05,  OLR IR06,  OLR IR07,  OLR IR08,  OLR IR09,  OLR IR10,  OLR IR11,  OLR IR12,  OLR IR13,  OLR IR14,  OLR IR15,  OLR IR16,  OLR IR17,  OLR IR18,  OLR IR19,  OLR IR20,  OLR IR21,  OLR IR22,  OLR IR23,  OLR IR24,  OLR IR25,  OLR IR26,  OLR IR27,  OLR IR28,  OLR IR29,  OLR IR30,  OLR IR31,  OLR IR32,  OLR IR33,  OLR IR34,  OLR IR35,  OLR IR36,  OLR IR37,  OLR IR38,  OLR IR39,  OLR IR40,  OLR IR41,  OLR IR42,  OLR IR43,  OLR IR44,  OLR IR45,  OLR IR46,  OLR IR47,  OLR IR48,  OLR IR49,  OLR IR50,  OLR IR51,  OLR IR52,  OLR IR53,  OLR IR54,  OLR IR55,  OLR IR56,  OLR IR57,  OLR IR58,  OLR IR59,  OLR IR60,  OLR IR61,  OLR IR62,  OLR IR63,  OLR IR64,  OLR IR65,  OLR IR66,  OLR IR67,  OLR IR68,  OLR IR69,  OLR IR70,  OLR IR71,  OLR IR72,  OLR IR73,  OLR IR74,  OLR IR75,  OLR IR76,  OLR IR77,  OLR IR78,  OLR IR79,  OLR IR80,  OLR IR81,  OLR IR82,  OLR IR83,  OLR IR84,  OLR IR85,  OLR IR86,  OLR IR87,  OLR IR88,  OLR IR89,  OLR IR90,  OLR IR91,  OLR IR92,  OLR IR93,  OLR IR94,  OLR IR95,  OLR IR96, ASR VIS01, ASR VIS02, ASR VIS03, ASR VIS04, ASR VIS05, ASR VIS06, ASR VIS07, ASR VIS08, ASR VIS09, ASR VIS10, ASR VIS11, ASR VIS12, ASR VIS13, ASR VIS14, ASR VIS15, ASR VIS16, ASR VIS17, ASR VIS18, ASR VIS19, ASR VIS20, ASR VIS21, ASR VIS22, ASR VIS23, ASR VIS24, ASR VIS25, ASR VIS26, ASR VIS27, ASR VIS28, ASR VIS29, ASR VIS30, ASR VIS31, ASR VIS32, ASR VIS33, ASR VIS34, ASR VIS35, ASR VIS36, ASR VIS37, ASR VIS38, ASR VIS39, ASR VIS40, ASR VIS41, ASR VIS42, ASR VIS43, ASR VIS44, ASR VIS45, ASR VIS46, ASR VIS47, ASR VIS48, ASR VIS49, ASR VIS50, ASR VIS51, ASR VIS52, ASR VIS53, ASR VIS54, ASR VIS55, ASR VIS56, ASR VIS57, ASR VIS58, ASR VIS59, ASR VIS60, ASR VIS61, ASR VIS62, ASR VIS63, ASR VIS64, ASR VIS65, ASR VIS66, ASR VIS67, ASR VIS68, ASR VIS69, ASR VIS70, ASR VIS71, ASR VIS72, ASR VIS73, ASR VIS74, ASR VIS75, ASR VIS76, ASR VIS77, ASR VIS78, ASR VIS79, ASR VIS80, ASR VIS81, ASR VIS82, ASR VIS83, ASR VIS84, SFC DIR01, SFC DIR02, SFC DIR03, SFC DIR04, SFC DIR05, SFC DIR06, SFC DIR07, SFC DIR08, SFC DIR09, SFC DIR10, SFC DIR11, SFC DIR12, SFC DIR13, SFC DIR14, SFC DIR15, SFC DIR16, SFC DIR17, SFC DIR18, SFC DIR19, SFC DIR20, SFC DIR21, SFC DIR22, SFC DIR23, SFC DIR24, SFC DIR25, SFC DIR26, SFC DIR27, SFC DIR28, SFC DIR29, SFC DIR30, SFC DIR31, SFC DIR32, SFC DIR33, SFC DIR34, SFC DIR35, SFC DIR36, SFC DIR37, SFC DIR38, SFC DIR39, SFC DIR40, SFC DIR41, SFC DIR42, SFC DIR43, SFC DIR44, SFC DIR45, SFC DIR46, SFC DIR47, SFC DIR48, SFC DIR49, SFC DIR50, SFC DIR51, SFC DIR52, SFC DIR53, SFC DIR54, SFC DIR55, SFC DIR56, SFC DIR57, SFC DIR58, SFC DIR59, SFC DIR60, SFC DIR61, SFC DIR62, SFC DIR63, SFC DIR64, SFC DIR65, SFC DIR66, SFC DIR67, SFC DIR68, SFC DIR69, SFC DIR70, SFC DIR71, SFC DIR72, SFC DIR73, SFC DIR74, SFC DIR75, SFC DIR76, SFC DIR77, SFC DIR78, SFC DIR79, SFC DIR80, SFC DIR81, SFC DIR82, SFC DIR83, SFC DIR84, SFC DIR85, SFC DIR86, SFC DIR87, SFC DIR88, SFC DIR89, SFC DIR90, SFC DIR91, SFC DIR92, SFC DIR93, SFC DIR94, SFC DIR95, SFC DIR96,SFC DVIS01,SFC DVIS02,SFC DVIS03,SFC DVIS04,SFC DVIS05,SFC DVIS06,SFC DVIS07,SFC DVIS08,SFC DVIS09,SFC DVIS10,SFC DVIS11,SFC DVIS12,SFC DVIS13,SFC DVIS14,SFC DVIS15,SFC DVIS16,SFC DVIS17,SFC DVIS18,SFC DVIS19,SFC DVIS20,SFC DVIS21,SFC DVIS22,SFC DVIS23,SFC DVIS24,SFC DVIS25,SFC DVIS26,SFC DVIS27,SFC DVIS28,SFC DVIS29,SFC DVIS30,SFC DVIS31,SFC DVIS32,SFC DVIS33,SFC DVIS34,SFC DVIS35,SFC DVIS36,SFC DVIS37,SFC DVIS38,SFC DVIS39,SFC DVIS40,SFC DVIS41,SFC DVIS42,SFC DVIS43,SFC DVIS44,SFC DVIS45,SFC DVIS46,SFC DVIS47,SFC DVIS48,SFC DVIS49,SFC DVIS50,SFC DVIS51,SFC DVIS52,SFC DVIS53,SFC DVIS54,SFC DVIS55,SFC DVIS56,SFC DVIS57,SFC DVIS58,SFC DVIS59,SFC DVIS60,SFC DVIS61,SFC DVIS62,SFC DVIS63,SFC DVIS64,SFC DVIS65,SFC DVIS66,SFC DVIS67,SFC DVIS68,SFC DVIS69,SFC DVIS70,SFC DVIS71,SFC DVIS72,SFC DVIS73,SFC DVIS74,SFC DVIS75,SFC DVIS76,SFC DVIS77,SFC DVIS78,SFC DVIS79,SFC DVIS80,SFC DVIS81,SFC DVIS82,SFC DVIS83,SFC DVIS84
 1007,    0.0000,  218.8983,    0.2194,  117.0969,  115.8380,   -0.8625,   -0.7595,  158.4330,  155.0000,  155.0000,  155.0000,  155.0000,  155.0000,  155.0000,  155.0000,  155.0000,  155.0000,  155.0000,  155.0000,  155.0000,  158.8202,  165.3996,  173.2672,  181.4393,  190.2764,  198.8104,  204.5754,  207.8212,  209.4182,  210.0462,  210.3680,  210.4855,    0.0676,    0.2556,    0.5389,    0.8888,    1.2804,    1.6928,    2.1082,    2.5121,    2.8933,    3.2429,    3.5544,    3.8241,    3.4712,    3.6087,    3.7179,    3.7987,    3.8530,    3.8815,    3.8866,    3.8696,    3.8324,    3.7775,    3.7019,    3.5964,    1.2424,    1.2267,    1.2047,    1.1662,    1.1137,    1.0481,    0.8756,    0.8393,    0.7711,    0.6138,    0.5638,    0.3590,    0.1995,    0.1649,    0.1438,    0.1375,    0.1329,    0.1277,    0.1258,    0.1235,    0.1245,    0.1364,    0.1735,    0.2440,    0.3730,    0.4452,    0.3502,    0.5089,    0.4971,    0.5051,    0.5244,    0.6000,    0.6202,    0.6335,    0.6351,    0.6285,    1.6842,    1.6087,    1.5504,    1.4822,    1.4116,    1.3421,    1.2748,    1.2087,    1.1452,    1.0819,    1.0194,    0.9639,    1.4270,    1.3066,    1.1824,    1.0659,    0.9702,    0.8860,    0.8005,    0.7221,    0.6504,    0.5836,    0.5141,    0.4584,    1.1328,    0.8012,    0.5722,    0.3992,    0.2764,    0.1901,    0.1299,    0.0861,    0.0569,    0.0365,    0.0240,    0.0175,    0.0899,    0.0485,    0.0757,    0.0853,    0.0957,    0.0892,    0.0975,    0.1095,    0.0962,    0.1325,    0.1172,    0.1283,    0.1417,    0.1155,    0.1679,    0.1865,    0.1530,    0.1811,    0.2062,    0.2231,    0.2234,    0.1500,    0.2398,    0.2531,    0.3109,    0.3324,    0.3440,    0.3658,    0.3756,    0.3936,    0.3989,    0.4549,    0.4935,    0.4704,    0.4844,    0.4940,    0.8433,    0.9209,    0.9662,    0.9986,    1.0221,    1.1068,    1.0376,    1.1056,    1.0799,    1.1314,    1.0731,    1.1504,    2.4777,    2.4439,    2.4989,    2.5383,    2.5642,    2.4625,    2.5489,    2.6139,    2.6670,    2.4800,    2.4441,    2.5380,    6.4157,    6.1123,    6.0433,    5.8603,    5.4132,    5.0767,    4.4565,    4.0997,    3.9404,    3.4535,    2.6528,    2.4637,    1.8993,    1.7458,    1.3311,    1.2705,    0.8565,    0.6215,    0.5021,    0.2015,    0.1776,    0.1261,    0.0437,    0.0355,    0.0000,    0.0000,    0.0000,    0.0000,    0.0000,    0.0000,    0.0000,    0.0000,    0.0000,    0.0000,    0.0000,    0.0000,    0.0000,    0.0000,    0.0000,    0.0000,    0.0000,    0.0000,    0.0000,    0.0001,    0.0002,    0.0007,    0.0108,    0.0490,    0.0110,    0.0180,    0.0344,    0.0771,    0.1397,    0.2137,    0.4309,    0.4495,    0.5119,    0.6671,    0.7005,    0.8672,    0.6959,    0.7036,    0.7106,    0.6982,    0.6956,    0.7186,    0.6761,    0.6645,    0.6491,    0.6306,    0.6025,    0.5551,    0.4721,    0.3712,    0.4491,    0.2585,    0.2602,    0.2432,    0.2110,    0.1067,    0.0696,    0.0377,    0.0207,    0.0150,    0.0329,    0.0299,    0.0085,    0.0020,    0.0004,    0.0004,    0.0002,    0.0011,    0.0019,    0.0049,    0.0091,    0.0081,    0.0085,    0.0012,    0.0075,    0.0141,    0.0089,    0.0000,    0.0000,    0.0000,    0.0000,    0.0008,    0.0066,    0.0072,    0.0065,    0.0059,    0.0000,    0.0000,    0.0000,    0.0000,    0.0000,    0.0009,    0.0011,    0.0014,    0.0012,    0.0002,    0.0266,    0.0000,    0.0608,    0.1075,    0.1214,    0.1110,    0.1245,    0.1386,    0.1233,    0.1698,    0.1501,    0.1645,    0.1808,    0.1468,    0.2123,    0.2321,    0.1900,    0.1318,    0.0189,    0.0386,    0.1649,    0.1902,    0.3067,    0.3223,    0.3984,    0.4260,    0.4410,    0.4686,    0.4799,    0.4920,    0.4648,    0.4226,    0.3741,    0.4433,    0.6104,    0.6178,    1.0805,    1.1804,    1.2359,    1.2564,    1.2364,    1.3694,    1.3136,    1.3975,    1.2854,    1.4503,    1.3718,    1.4606,    3.1621,    3.0885,    3.2030,    3.2531,    3.2748,    3.1568,    3.2678,    3.3511,    3.4192,    3.1776,    3.1334,    3.2539,    8.2247,    7.8363,    7.7478,    7.5132,    6.9399,    6.5086,    5.7135,    5.2561,    5.0518,    4.4276,    3.4010,    3.1586,    2.4350,    2.2382,    1.7066,    1.6288,    1.0981,    0.7968,    0.6438,    0.2584,    0.2277,    0.1616,    0.0560,    0.0455
  584,    0.0500,  226.3966,    0.2300,  115.2344,  114.2612,   -0.5742,   -0.9688,  158.4330,  155.2282,  155.7928,  156.4009,  156.5395,  156.6619,  156.6486,  156.5804,  156.5224,  156.7407,  157.5885,  159.5861,  163.0745,  168.1217,  174.4897,  181.1477,  187.8337,  195.0077,  203.7407,  209.6219,  212.9379,  214.5891,  215.2512,  215.5914,  215.7172,    0.0566,    0.2134,    0.4483,    0.7368,    1.0577,    1.3934,    1.7290,    2.2870,    2.5047,    2.8296,    3.2607,    3.6614,    3.3196,    3.5747,    3.7772,    3.8358,    3.6847,    3.4229,    3.4018,    3.3169,    3.2689,    3.2931,    3.3227,    3.3583,    1.1781,    1.1983,    1.1774,    1.1680,    1.1149,    1.0507,    0.8943,    0.8618,    0.8022,    0.6462,    0.6017,    0.4105,    0.2429,    0.2025,    0.1705,    0.1619,    0.1537,    0.1402,    0.1465,    0.1459,    0.1522,    0.1710,    0.2107,    0.2735,    0.3973,    0.4733,    0.3776,    0.5450,    0.5324,    0.5359,    0.5571,    0.6419,    0.6654,    0.6834,    0.6661,    0.6605,    1.7757,    1.5889,    1.5370,    1.4740,    1.4393,    1.3728,    1.3641,    1.2975,    1.2331,    1.1983,    1.1324,    1.0746,    1.6098,    1.4831,    1.3536,    1.2256,    1.1237,    1.0338,    0.9391,    0.8335,    0.7548,    0.6808,    0.6164,    0.5530,    1.3876,    0.9978,    0.7317,    0.5277,    0.3716,    0.2587,    0.1798,    0.1209,    0.0813,    0.0530,    0.0355,    0.0264,    0.0886,    0.0484,    0.0742,    0.0830,    0.0931,    0.0868,    0.0951,    0.1069,    0.0939,    0.1292,    0.1143,    0.1252,    0.1388,    0.1131,    0.1645,    0.1828,    0.1500,    0.1786,    0.2050,    0.2214,    0.2205,    0.1469,    0.2347,    0.2478,    0.3043,    0.3253,    0.3367,    0.3580,    0.3676,    0.3854,    0.3922,    0.4478,    0.4865,    0.4629,    0.4755,    0.4849,    0.8274,    0.9036,    0.9481,    0.9802,    1.0037,    1.0898,    1.0214,    1.0884,    1.0634,    1.1135,    1.0562,    1.1324,    2.4387,    2.4058,    2.4594,    2.4982,    2.5238,    2.4152,    2.4998,    2.5636,    2.6157,    2.4323,    2.3971,    2.4892,    6.2924,    5.9948,    5.9272,    5.7478,    5.3093,    4.9794,    4.3712,    4.0213,    3.9694,    3.4789,    2.6724,    2.4819,    1.9134,    1.7589,    1.3412,    1.2802,    0.8632,    0.6265,    0.5062,    0.2032,    0.1791,    0.1272,    0.0441,    0.0359,    0.0282,    0.1057,    0.2211,    0.3616,    0.5165,    0.6768,    0.8352,    0.6250,    1.0299,    0.9784,    0.7272,    0.5534,    0.5149,    0.4003,    0.3215,    0.3722,    0.6205,    0.9388,    0.9560,    1.0219,    1.0320,    0.9523,    0.8558,    0.7510,    0.2384,    0.2098,    0.2245,    0.2379,    0.2994,    0.3693,    0.5688,    0.5817,    0.6369,    0.7906,    0.8178,    0.9772,    0.7798,    0.7899,    0.8008,    0.7862,    0.7854,    0.8201,    0.7647,    0.7517,    0.7341,    0.7134,    0.6822,    0.6353,    0.5596,    0.4556,    0.5350,    0.3351,    0.3360,    0.3222,    0.2879,    0.1772,    0.1377,    0.1011,    0.1003,    0.0929,    0.2394,    0.3269,    0.2928,    0.2733,    0.2371,    0.2258,    0.1677,    0.1604,    0.1534,    0.1233,    0.1219,    0.1146,    0.1565,    0.1357,    0.1265,    0.1235,    0.1043,    0.0851,    0.0771,    0.0821,    0.0742,    0.0678,    0.0578,    0.0532,    0.1119,    0.0818,    0.0487,    0.0276,    0.0194,    0.0145,    0.0101,    0.0081,    0.0062,    0.0050,    0.0036,    0.0016,    0.0244,    0.0000,    0.0582,    0.1032,    0.1165,    0.1066,    0.1202,    0.1338,    0.1190,    0.1639,    0.1449,    0.1588,    0.1756,    0.1426,    0.2061,    0.2253,    0.1841,    0.1260,    0.0173,    0.0362,    0.1588,    0.1844,    0.2975,    0.3125,    0.3865,    0.4133,    0.4278,    0.4546,    0.4655,    0.4771,    0.4513,    0.4104,    0.3629,    0.4307,    0.5942,    0.6017,    1.0528,    1.1502,    1.2042,    1.2237,    1.2037,    1.3355,    1.2815,    1.3631,    1.2536,    1.4151,    1.3385,    1.4250,    3.0852,    3.0129,    3.1254,    3.1743,    3.1953,    3.0313,    3.1379,    3.2180,    3.2833,    3.0513,    3.0089,    3.1246,    7.8979,    7.5249,    7.4400,    7.2148,    6.6643,    6.2502,    5.4867,    5.0475,    4.7914,    4.1992,    3.2255,    2.9955,    2.3092,    2.1225,    1.6183,    1.5445,    1.0412,    0.7556,    0.6104,    0.2450,    0.2159,    0.1532,    0.0531,    0.0432
  911,    0.1000,  231.5016,    0.2398,  112.2288,  112.8049,    0.9856,    0.1457,  158.4330,  156.2394,  156.8957,  157.6981,  158.1976,  158.4969,  158.7017,  158.8027,  159.0030,  159.4996,  160.5126,  162.6997,  166.2432,  171.4009,  178.0017,  185.2802,  192.7005,  199.6410,  208.5145,  214.5255,  217.9034,  219.6025,  220.2847,  220.6393,  220.7706,    0.0518,    0.1947,    0.4075,    0.6671,    0.9538,    1.2511,    1.5457,    2.1231,    2.2776,    2.5655,    3.0169,    3.4771,    3.1473,    3.4785,    3.7500,    3.7859,    3.4843,    3.0639,    3.0249,    2.9079,    2.8538,    2.9101,    2.9892,    3.1022,    1.0995,    1.1433,    1.1240,    1.1375,    1.0869,    1.0270,    0.8917,    0.8634,    0.8131,    0.6617,    0.6216,    0.4390,    0.2650,    0.2226,    0.1879,    0.1791,    0.1697,    0.1530,    0.1623,    0.1619,    0.1690,    0.1892,    0.2306,    0.2918,    0.4129,    0.4888,    0.3932,    0.5627,    0.5500,    0.5494,    0.5706,    0.6577,    0.6819,    0.7024,    0.6675,    0.6626,    1.7847,    1.5147,    1.4677,    1.4098,    1.4041,    1.3417,    1.3824,    1.3174,    1.2543,    1.2477,    1.1813,    1.1238,    1.6988,    1.5712,    1.4431,    1.3106,    1.2071,    1.1158,    1.0172,    0.8885,    0.8074,    0.7305,    0.6772,    0.6100,    1.5471,    1.1244,    0.8409,    0.6223,    0.4431,    0.3107,    0.2183,    0.1481,    0.1008,    0.0664,    0.0451,    0.0340,    0.0874,    0.0482,    0.0729,    0.0809,    0.0907,    0.0845,    0.0928,    0.1044,    0.0916,    0.1261,    0.1116,    0.1222,    0.1360,    0.1109,    0.1613,    0.1793,    0.1472,    0.1762,    0.2037,    0.2197,    0.2178,    0.1439,    0.2299,    0.2428,    0.2981,    0.3187,    0.3298,    0.3507,    0.3601,    0.3778,    0.3857,    0.4409,    0.4797,    0.4557,    0.4671,    0.4762,    0.8124,    0.8872,    0.9309,    0.9627,    0.9862,    1.0736,    1.0060,    1.0721,    1.0478,    1.0966,    1.0402,    1.1152,    2.4017,    2.3695,    2.4219,    2.4602,    2.4855,    2.3717,    2.4549,    2.5175,    2.5686,    2.3885,    2.3540,    2.4445,    6.1793,    5.8871,    5.8208,    5.6447,    5.2141,    4.8902,    4.2930,    3.9495,    3.9966,    3.5030,    2.6909,    2.4993,    1.9270,    1.7715,    1.3509,    1.2897,    0.8697,    0.6313,    0.5102,    0.2048,    0.1806,    0.1283,    0.0445,    0.0362,    0.0444,    0.1668,    0.3498,    0.5735,    0.8213,    1.0793,    1.3357,    1.1066,    1.7006,    1.6746,    1.3234,    1.0474,    0.9737,    0.7798,    0.6402,    0.7370,    1.1749,    1.6747,    1.6981,    1.7908,    1.8032,    1.6874,    1.5379,    1.3529,    0.4381,    0.3861,    0.3995,    0.3917,    0.4520,    0.5176,    0.7021,    0.7095,    0.7588,    0.9095,    0.9333,    1.0866,    0.8625,    0.8728,    0.8845,    0.8688,    0.8682,    0.9062,    0.8470,    0.8333,    0.8152,    0.7939,    0.7616,    0.7157,    0.6468,    0.5404,    0.6200,    0.4132,    0.4131,    0.4025,    0.3666,    0.2507,    0.2095,    0.1687,    0.1818,    0.1728,    0.4520,    0.6046,    0.5596,    0.5290,    0.4672,    0.4458,    0.3418,    0.3268,    0.3123,    0.2526,    0.2454,    0.2319,    0.3221,    0.2874,    0.2622,    0.2490,    0.2149,    0.1847,    0.1680,    0.1766,    0.1602,    0.1459,    0.1195,    0.1091,    0.2428,    0.1778,    0.1124,    0.0653,    0.0463,    0.0350,    0.0246,    0.0186,    0.0136,    0.0103,    0.0071,    0.0040,    0.0226,    0.0000,    0.0557,    0.0991,    0.1120,    0.1024,    0.1162,    0.1292,    0.1150,    0.1584,    0.1400,    0.1535,    0.1707,    0.1386,    0.2003,    0.2188,    0.1786,    0.1207,    0.0161,    0.0341,    0.1531,    0.1789,    0.2887,    0.3033,    0.3752,    0.4012,    0.4153,    0.4413,    0.4518,    0.4629,    0.4388,    0.3989,    0.3524,    0.4189,    0.5788,    0.5864,    1.0264,    1.1213,    1.1740,    1.1926,    1.1727,    1.3031,    1.2506,    1.3302,    1.2232,    1.3814,    1.3065,    1.3908,    3.0116,    2.9405,    3.0509,    3.0986,    3.1191,    2.9131,    3.0156,    3.0925,    3.1553,    2.9324,    2.8916,    3.0028,    7.5901,    7.2317,    7.1501,    6.9337,    6.4048,    6.0068,    5.2732,    4.8511,    4.5462,    3.9844,    3.0605,    2.8423,    2.1911,    2.0140,    1.5356,    1.4655,    0.9880,    0.7170,    0.5792,    0.2325,    0.2049,    0.1454,    0.0504,    0.0410
 1422,    0.1500,  236.4006,    0.2489,  110.9536,  111.4539,    0.9145,    0.0747,  158.4330,  156.6878,  157.4028,  158.2416,  159.0988,  159.5028,  159.8027,  160.1242,  160.5029,  161.1349,  162.4030,  164.7994,  168.5993,  174.1013,  181.3997,  189.6155,  198.0436,  205.6015,  213.8999,  220.0667,  223.5143,  225.2665,  225.9623,  226.3298,  226.4637,    0.0497,    0.1863,    0.3890,    0.6351,    0.9055,    1.1843,    1.4588,    2.0232,    2.1592,    2.4171,    2.8540,    3.3375,    3.0174,    3.4004,    3.7267,    3.7453,    3.3377,    2.8316,    2.7791,    2.6449,    2.5864,    2.6552,    2.7581,    2.9151,    1.0408,    1.1001,    1.0822,    1.1129,    1.0651,    1.0100,    0.8939,    0.8701,    0.8282,    0.6805,    0.6457,    0.4684,    0.2848,    0.2386,    0.2003,    0.1911,    0.1805,    0.1610,    0.1732,    0.1730,    0.1814,    0.2041,    0.2494,    0.3121,    0.4322,    0.5072,    0.4104,    0.5816,    0.5692,    0.5643,    0.5848,    0.6724,    0.6964,    0.7189,    0.6685,    0.6641,    1.7923,    1.4581,    1.4146,    1.3604,    1.3766,    1.3175,    1.3984,    1.3349,    1.2731,    1.2917,    1.2251,    1.1680,    1.7797,    1.6518,    1.5256,    1.3891,    1.2844,    1.1924,    1.0905,    0.9391,    0.8559,    0.7767,    0.7354,    0.6647,    1.7020,    1.2489,    0.9503,    0.7200,    0.5177,    0.3653,    0.2592,    0.1774,    0.1220,    0.0812,    0.0559,    0.0424,    0.0864,    0.0481,    0.0716,    0.0789,    0.0885,    0.0825,    0.0907,    0.1020,    0.0896,    0.1233,    0.1091,    0.1195,    0.1335,    0.1088,    0.1582,    0.1759,    0.1445,    0.1740,    0.2025,    0.2182,    0.2153,    0.1411,    0.2254,    0.2381,    0.2923,    0.3124,    0.3234,    0.3439,    0.3531,    0.3705,    0.3797,    0.4344,    0.4733,    0.4489,    0.4591,    0.4681,    0.7982,    0.8717,    0.9147,    0.9461,    0.9697,    1.0582,    0.9914,    1.0566,    1.0330,    1.0805,    1.0249,    1.0990,    2.3665,    2.3352,    2.3863,    2.4240,    2.4491,    2.3318,    2.4136,    2.4751,    2.5254,    2.3484,    2.3144,    2.4034,    6.0754,    5.7882,    5.7230,    5.5500,    5.1267,    4.8083,    4.2212,    3.8835,    4.0216,    3.5250,    2.7080,    2.5153,    1.9394,    1.7831,    1.3599,    1.2984,    0.8757,    0.6358,    0.5139,    0.2064,    0.1820,    0.1293,    0.0449,    0.0365,    0.0545,    0.2055,    0.4320,    0.7104,    1.0204,    1.3449,    1.6698,    1.4950,    2.1754,    2.2066,    1.8340,    1.4993,    1.3936,    1.1444,    0.9581,    1.0984,    1.6866,    2.2968,    2.3229,    2.4275,    2.4404,    2.3075,    2.1298,    1.8980,    0.6217,    0.5541,    0.5673,    0.5459,    0.6074,    0.6709,    0.8485,    0.8508,    0.8967,    1.0449,    1.0668,    1.2143,    0.9587,    0.9685,    0.9799,    0.9636,    0.9626,    1.0000,    0.9410,    0.9270,    0.9087,    0.8874,    0.8548,    0.8106,    0.7500,    0.6403,    0.7195,    0.5041,    0.5033,    0.4958,    0.4573,    0.3338,    0.2902,    0.2434,    0.2674,    0.2567,    0.6747,    0.8764,    0.8206,    0.7798,    0.6966,    0.6658,    0.5235,    0.5011,    0.4795,    0.3930,    0.3802,    0.3602,    0.5054,    0.4556,    0.4148,    0.3912,    0.3416,    0.2986,    0.2725,    0.2839,    0.2583,    0.2356,    0.1924,    0.1755,    0.4005,    0.2953,    0.1922,    0.1141,    0.0818,    0.0622,    0.0440,    0.0330,    0.0239,    0.0178,    0.0123,    0.0073,    0.0208,    0.0000,    0.0534,    0.0953,    0.1078,    0.0986,    0.1123,    0.1250,    0.1112,    0.1532,    0.1354,    0.1484,    0.1660,    0.1347,    0.1947,    0.2127,    0.1734,    0.1154,    0.0148,    0.0320,    0.1473,    0.1737,    0.2804,    0.2945,    0.3644,    0.3896,    0.4034,    0.4286,    0.4388,    0.4495,    0.4266,    0.3878,    0.3422,    0.4075,    0.5640,    0.5717,    1.0011,    1.0936,    1.1450,    1.1628,    1.1430,    1.2719,    1.2210,    1.2986,    1.1940,    1.3490,    1.2758,    1.3580,    2.9408,    2.8709,    2.9793,    3.0259,    3.0459,    2.8015,    2.9001,    2.9741,    3.0345,    2.8201,    2.7809,    2.8878,    7.2995,    6.9549,    6.8765,    6.6685,    6.1598,    5.7771,    5.0716,    4.6658,    4.3146,    3.7814,    2.9046,    2.6976,    2.0796,    1.9115,    1.4575,    1.3910,    0.9378,    0.6805,    0.5498,    0.2207,    0.1945,    0.1381,    0.0479,    0.0389
 1558,    0.2000,  240.5005,    0.2574,  109.6831,  110.1966,    0.9335,    0.1070,  158.4330,  157.1879,  157.9150,  158.7796,  159.7974,  160.1994,  160.5986,  160.9976,  161.4028,  162.2005,  163.5999,  166.2008,  170.3012,  176.2014,  184.2015,  193.5002,  202.8015,  210.8018,  218.6193,  224.9225,  228.4365,  230.2261,  230.9347,  231.3136,  231.4492,    0.0486,    0.1818,    0.3789,    0.6174,    0.8785,    1.1467,    1.4094,    1.9535,    2.0858,    2.3207,    2.7311,    3.2159,    2.9044,    3.3197,    3.6871,    3.6917,    3.2106,    2.6611,    2.5973,    2.4534,    2.3908,    2.4619,    2.5742,    2.7544,    0.9884,    1.0577,    1.0412,    1.0849,    1.0405,    0.9902,    0.8922,    0.8725,    0.8383,    0.6946,    0.6647,    0.4923,    0.3005,    0.2510,    0.2094,    0.1998,    0.1884,    0.1670,    0.1810,    0.1812,    0.1907,    0.2158,    0.2648,    0.3291,    0.4486,    0.5218,    0.4242,    0.5950,    0.5831,    0.5745,    0.5937,    0.6800,    0.7030,    0.7264,    0.6628,    0.6588,    1.7802,    1.3991,    1.3580,    1.3068,    1.3392,    1.2831,    1.3959,    1.3342,    1.2740,    1.3147,    1.2488,    1.1926,    1.8293,    1.7024,    1.5797,    1.4415,    1.3369,    1.2453,    1.1417,    0.9703,    0.8865,    0.8063,    0.7778,    0.7050,    1.8192,    1.3451,    1.0387,    0.8032,    0.5821,    0.4125,    0.2950,    0.2034,    0.1411,    0.0947,    0.0658,    0.0503,    0.0854,    0.0480,    0.0704,    0.0771,    0.0865,    0.0806,    0.0888,    0.0999,    0.0877,    0.1207,    0.1067,    0.1169,    0.1310,    0.1068,    0.1554,    0.1728,    0.1420,    0.1719,    0.2013,    0.2167,    0.2129,    0.1385,    0.2212,    0.2337,    0.2868,    0.3066,    0.3173,    0.3374,    0.3465,    0.3638,    0.3739,    0.4283,    0.4672,    0.4425,    0.4516,    0.4603,    0.7848,    0.8570,    0.8993,    0.9304,    0.9539,    1.0436,    0.9775,    1.0419,    1.0189,    1.0652,    1.0104,    1.0836,    2.3331,    2.3025,    2.3525,    2.3897,    2.4145,    2.2951,    2.3756,    2.4362,    2.4857,    2.3114,    2.2780,    2.3656,    5.9799,    5.6973,    5.6332,    5.4629,    5.0463,    4.7330,    4.1552,    3.8229,    4.0444,    3.5451,    2.7236,    2.5299,    1.9508,    1.7938,    1.3682,    1.3065,    0.8813,    0.6399,    0.5174,    0.2078,    0.1833,    0.1303,    0.0452,    0.0368,    0.0611,    0.2309,    0.4865,    0.8021,    1.1552,    1.5268,    1.9011,    1.8073,    2.5181,    2.6161,    2.2689,    1.9070,    1.7722,    1.4867,    1.2662,    1.4459,    2.1496,    2.8234,    2.8517,    2.9610,    2.9743,    2.8346,    2.6428,    2.3834,    0.7873,    0.7091,    0.7222,    0.6909,    0.7531,    0.8143,    0.9851,    0.9829,    1.0259,    1.1704,    1.1908,    1.3323,    1.0474,    1.0564,    1.0671,    1.0506,    1.0490,    1.0845,    1.0272,    1.0130,    0.9949,    0.9739,    0.9415,    0.8989,    0.8466,    0.7352,    0.8131,    0.5922,    0.5905,    0.5861,    0.5453,    0.4160,    0.3708,    0.3186,    0.3517,    0.3394,    0.8946,    1.1322,    1.0668,    1.0169,    0.9161,    0.8769,    0.7033,    0.6740,    0.6458,    0.5359,    0.5177,    0.4913,    0.6944,    0.6300,    0.5741,    0.5401,    0.4754,    0.4195,    0.3838,    0.3970,    0.3620,    0.3307,    0.2712,    0.2475,    0.5738,    0.4259,    0.2826,    0.1709,    0.1235,    0.0944,    0.0673,    0.0503,    0.0364,    0.0270,    0.0187,    0.0116,    0.0192,    0.0000,    0.0513,    0.0918,    0.1038,    0.0949,    0.1087,    0.1210,    0.1076,    0.1483,    0.1310,    0.1437,    0.1615,    0.1311,    0.1894,    0.2069,    0.1684,    0.1105,    0.0138,    0.0301,    0.1418,    0.1687,    0.2725,    0.2862,    0.3541,    0.3787,    0.3920,    0.4165,    0.4264,    0.4367,    0.4150,    0.3772,    0.3326,    0.3967,    0.5499,    0.5577,    0.9768,    1.0672,    1.1173,    1.1343,    1.1146,    1.2419,    1.1925,    1.2682,    1.1659,    1.3178,    1.2463,    1.3265,    2.8727,    2.8040,    2.9105,    2.9560,    2.9754,    2.6961,    2.7910,    2.8622,    2.9203,    2.7140,    2.6763,    2.7792,    7.0249,    6.6933,    6.6179,    6.4177,    5.9282,    5.5600,    4.8811,    4.4906,    4.0956,    3.5895,    2.7573,    2.5608,    1.9742,    1.8147,    1.3836,    1.3206,    0.8904,    0.6461,    0.5220,    0.2095,    0.1847,    0.1311,    0.0455,    0.0370
 1779,    0.3000,  247.2005,    0.2727,  107.4723,  107.9313,    0.8877,    0.1149,  158.4330,  157.8245,  158.6010,  159.4802,  160.5089,  160.9984,  161.4030,  161.9038,  162.5014,  163.5022,  165.2985,  168.2999,  172.9995,  179.8993,  189.2807,  200.2019,  210.7638,  219.4016,  226.6120,  233.1520,  236.7634,  238.6000,  239.3495,  239.7479,  239.8860,    0.0475,    0.1773,    0.3687,    0.5996,    0.8512,    1.1083,    1.3587,    1.8679,    2.0047,    2.2099,    2.5686,    3.0274,    2.7297,    3.1742,    3.5945,    3.5801,    3.0164,    2.4415,    2.3611,    2.2076,    2.1382,    2.2020,    2.3134,    2.5081,    0.9050,    0.9842,    0.9700,    1.0310,    0.9933,    0.9518,    0.8849,    0.8714,    0.8504,    0.7150,    0.6935,    0.5308,    0.3262,    0.2712,    0.2235,    0.2131,    0.2002,    0.1749,    0.1927,    0.1935,    0.2056,    0.2351,    0.2903,    0.3572,    0.4759,    0.5443,    0.4459,    0.6127,    0.6019,    0.5873,    0.6035,    0.6842,    0.7043,    0.7278,    0.6437,    0.6399,    1.7322,    1.2930,    1.2547,    1.2078,    1.2600,    1.2089,    1.3657,    1.3077,    1.2509,    1.3267,    1.2629,    1.2092,    1.8748,    1.7516,    1.6377,    1.4996,    1.3967,    1.3073,    1.2030,    0.9992,    0.9159,    0.8359,    0.8323,    0.7577,    1.9793,    1.4804,    1.1711,    0.9372,    0.6876,    0.4903,    0.3550,    0.2472,    0.1738,    0.1181,    0.0837,    0.0646,    0.0836,    0.0478,    0.0683,    0.0739,    0.0829,    0.0773,    0.0853,    0.0960,    0.0842,    0.1159,    0.1025,    0.1123,    0.1266,    0.1032,    0.1502,    0.1671,    0.1375,    0.1679,    0.1991,    0.2138,    0.2086,    0.1338,    0.2135,    0.2256,    0.2769,    0.2959,    0.3063,    0.3257,    0.3345,    0.3514,    0.3632,    0.4168,    0.4557,    0.4305,    0.4376,    0.4460,    0.7598,    0.8298,    0.8707,    0.9014,    0.9248,    1.0164,    0.9518,    1.0145,    0.9927,    1.0367,    0.9835,    1.0549,    2.2711,    2.2418,    2.2897,    2.3259,    2.3502,    2.2302,    2.3084,    2.3673,    2.4154,    2.2461,    2.2136,    2.2987,    5.8108,    5.5363,    5.4741,    5.3087,    4.9041,    4.5997,    4.0383,    3.7155,    4.0844,    3.5804,    2.7509,    2.5555,    1.9708,    1.8125,    1.3828,    1.3207,    0.8911,    0.6472,    0.5235,    0.2103,    0.1856,    0.1320,    0.0458,    0.0373,    0.0688,    0.2610,    0.5521,    0.9142,    1.3224,    1.7559,    2.1968,    2.2706,    2.9758,    3.1983,    2.9663,    2.6109,    2.4257,    2.1071,    1.8466,    2.0935,    2.9512,    3.6721,    3.7080,    3.8198,    3.8359,    3.6987,    3.5004,    3.2177,    1.0754,    0.9855,    0.9987,    0.9550,    1.0174,    1.0735,    1.2312,    1.2218,    1.2598,    1.3947,    1.4126,    1.5417,    1.2049,    1.2122,    1.2213,    1.2049,    1.2022,    1.2326,    1.1802,    1.1661,    1.1486,    1.1284,    1.0967,    1.0574,    1.0211,    0.9096,    0.9834,    0.7581,    0.7548,    0.7556,    0.7114,    0.5751,    0.5283,    0.4666,    0.5135,    0.4985,    1.3184,    1.6011,    1.5197,    1.4546,    1.3255,    1.2719,    1.0506,    1.0090,    0.9688,    0.8208,    0.7924,    0.7538,    1.0772,    0.9849,    0.9010,    0.8468,    0.7539,    0.6724,    0.6176,    0.6316,    0.5782,    0.5299,    0.4396,    0.4022,    0.9519,    0.7142,    0.4869,    0.3036,    0.2220,    0.1708,    0.1234,    0.0923,    0.0672,    0.0496,    0.0347,    0.0225,    0.0166,    0.0000,    0.0475,    0.0853,    0.0965,    0.0882,    0.1021,    0.1135,    0.1011,    0.1392,    0.1230,    0.1349,    0.1532,    0.1244,    0.1796,    0.1960,    0.1591,    0.1019,    0.0120,    0.0270,    0.1318,    0.1595,    0.2578,    0.2707,    0.3350,    0.3583,    0.3709,    0.3941,    0.4034,    0.4129,    0.3936,    0.3576,    0.3148,    0.3765,    0.5235,    0.5314,    0.9313,    1.0174,    1.0653,    1.0809,    1.0614,    1.1855,    1.1388,    1.2108,    1.1129,    1.2589,    1.1905,    1.2670,    2.7442,    2.6778,    2.7805,    2.8239,    2.8424,    2.5017,    2.5897,    2.6558,    2.7097,    2.5183,    2.4833,    2.5788,    6.5185,    6.2108,    6.1409,    5.9552,    5.5011,    5.1596,    4.5296,    4.1674,    3.6926,    3.2364,    2.4861,    2.3090,    1.7801,    1.6364,    1.2478,    1.1910,    0.8031,    0.5828,    0.4709,    0.1890,    0.1666,    0.1183,    0.0410,    0.0334
 1772,    0.4000,  252.4017,    0.2860,  105.4067,  105.9527,    0.9794,    0.3272,  158.4330,  158.1561,  158.9351,  159.8166,  160.9036,  161.3957,  161.8181,  162.4031,  163.2024,  164.3989,  166.4414,  169.9022,  175.3010,  183.1012,  193.6573,  205.8738,  217.2024,  226.2034,  233.3041,  239.5164,  243.2073,  245.0769,  245.8524,  246.2553,  246.4044,    0.0469,    0.1750,    0.3636,    0.5906,    0.8373,    1.0888,    1.3330,    1.8189,    1.9614,    2.1498,    2.4704,    2.8932,    2.6057,    3.0533,    3.5004,    3.4757,    2.8801,    2.3127,    2.2217,    2.0646,    1.9900,    2.0427,    2.1440,    2.3337,    0.8437,    0.9251,    0.9128,    0.9831,    0.9514,    0.9172,    0.8747,    0.8656,    0.8553,    0.7278,    0.7133,    0.5602,    0.3468,    0.2877,    0.2346,    0.2236,    0.2092,    0.1806,    0.2018,    0.2033,    0.2177,    0.2510,    0.3108,    0.3791,    0.4963,    0.5596,    0.4615,    0.6217,    0.6121,    0.5930,    0.6058,    0.6794,    0.6962,    0.7183,    0.6204,    0.6167,    1.6704,    1.2055,    1.1684,    1.1243,    1.1847,    1.1372,    1.3184,    1.2639,    1.2103,    1.3102,    1.2493,    1.1982,    1.8727,    1.7541,    1.6496,    1.5145,    1.4144,    1.3280,    1.2253,    0.9982,    0.9171,    0.8388,    0.8569,    0.7824,    2.0627,    1.5554,    1.2536,    1.0318,    0.7636,    0.5465,    0.3992,    0.2801,    0.1989,    0.1365,    0.0981,    0.0761,    0.0821,    0.0476,    0.0664,    0.0712,    0.0798,    0.0744,    0.0823,    0.0926,    0.0812,    0.1118,    0.0989,    0.1083,    0.1226,    0.0999,    0.1455,    0.1619,    0.1333,    0.1643,    0.1970,    0.2112,    0.2046,    0.1296,    0.2067,    0.2184,    0.2680,    0.2864,    0.2964,    0.3152,    0.3238,    0.3403,    0.3535,    0.4064,    0.4452,    0.4195,    0.4249,    0.4331,    0.7373,    0.8052,    0.8450,    0.8751,    0.8985,    0.9917,    0.9284,    0.9897,    0.9689,    1.0110,    0.9592,    1.0289,    2.2149,    2.1867,    2.2328,    2.2681,    2.2920,    2.1749,    2.2511,    2.3085,    2.3555,    2.1904,    2.1587,    2.2417,    5.6668,    5.3991,    5.3385,    5.1773,    4.7828,    4.4861,    3.9387,    3.6241,    4.1178,    3.6100,    2.7738,    2.5770,    1.9876,    1.8282,    1.3950,    1.3326,    0.8994,    0.6534,    0.5286,    0.2125,    0.1876,    0.1334,    0.0464,    0.0378,    0.0731,    0.2779,    0.5898,    0.9797,    1.4220,    1.8947,    2.3788,    2.5892,    3.2684,    3.5865,    3.4922,    3.1905,    2.9639,    2.6469,    2.3735,    2.6735,    3.6118,    4.3225,    4.3702,    4.4829,    4.5048,    4.3808,    4.1911,    3.9079,    1.3168,    1.2224,    1.2355,    1.1852,    1.2461,    1.2967,    1.4410,    1.4265,    1.4600,    1.5837,    1.5990,    1.7154,    1.3353,    1.3412,    1.3489,    1.3328,    1.3293,    1.3550,    1.3074,    1.2933,    1.2764,    1.2570,    1.2264,    1.1902,    1.1690,    1.0605,    1.1288,    0.9063,    0.9016,    0.9064,    0.8601,    0.7219,    0.6752,    0.6064,    0.6626,    0.6455,    1.7113,    2.0163,    1.9224,    1.8454,    1.6940,    1.6286,    1.3733,    1.3210,    1.2706,    1.0933,    1.0557,    1.0062,    1.4489,    1.3312,    1.2226,    1.1495,    1.0322,    0.9265,    0.8534,    0.8660,    0.7951,    0.7305,    0.6125,    0.5616,    1.3477,    1.0196,    0.7084,    0.4523,    0.3338,    0.2579,    0.1879,    0.1411,    0.1032,    0.0764,    0.0539,    0.0359,    0.0145,    0.0000,    0.0441,    0.0795,    0.0901,    0.0823,    0.0960,    0.1069,    0.0951,    0.1310,    0.1158,    0.1269,    0.1455,    0.1182,    0.1706,    0.1861,    0.1507,    0.0945,    0.0107,    0.0245,    0.1230,    0.1511,    0.2444,    0.2565,    0.3176,    0.3397,    0.3517,    0.3736,    0.3824,    0.3912,    0.3742,    0.3399,    0.2987,    0.3581,    0.4993,    0.5071,    0.8894,    0.9715,    1.0173,    1.0317,    1.0125,    1.1333,    1.0889,    1.1577,    1.0638,    1.2042,    1.1387,    1.2117,    2.6248,    2.5607,    2.6597,    2.7012,    2.7188,    2.3264,    2.4084,    2.4698,    2.5200,    2.3420,    2.3094,    2.3982,    6.0620,    5.7759,    5.7110,    5.5384,    5.1162,    4.7986,    4.2128,    3.8760,    3.3318,    2.9203,    2.2433,    2.0835,    1.6064,    1.4767,    1.1261,    1.0749,    0.7249,    0.5261,    0.4251,    0.1707,    0.1505,    0.1068,    0.0370,    0.0301
 1851,    0.5000,  256.7016,    0.2977,  103.6665,  104.2156,    0.9863,    0.4036,  158.4330,  158.3538,  159.1487,  160.0400,  161.1205,  161.5975,  162.1000,  162.8006,  163.7022,  165.1031,  167.5022,  171.4038,  177.4988,  186.1029,  197.7001,  210.7670,  222.6019,  231.8162,  239.0050,  244.7029,  248.4788,  250.3717,  251.1444,  251.5633,  251.7115,    0.0466,    0.1737,    0.3606,    0.5853,    0.8291,    1.0773,    1.3177,    1.7886,    1.9352,    2.1135,    2.4086,    2.7993,    2.5191,    2.9589,    3.4181,    3.3887,    2.7855,    2.2332,    2.1357,    1.9774,    1.8994,    1.9423,    2.0328,    2.2117,    0.7996,    0.8798,    0.8691,    0.9441,    0.9173,    0.8888,    0.8652,    0.8590,    0.8573,    0.7371,    0.7283,    0.5845,    0.3648,    0.3024,    0.2447,    0.2331,    0.2174,    0.1853,    0.2100,    0.2122,    0.2288,    0.2655,    0.3288,    0.3975,    0.5130,    0.5712,    0.4740,    0.6269,    0.6183,    0.5959,    0.6057,    0.6720,    0.6857,    0.7056,    0.5987,    0.5948,    1.6113,    1.1382,    1.1014,    1.0591,    1.1213,    1.0765,    1.2695,    1.2180,    1.1673,    1.2833,    1.2252,    1.1764,    1.8500,    1.7358,    1.6401,    1.5089,    1.4120,    1.3284,    1.2280,    0.9845,    0.9057,    0.8298,    0.8657,    0.7922,    2.1034,    1.5957,    1.3059,    1.1005,    0.8201,    0.5882,    0.4326,    0.3054,    0.2185,    0.1511,    0.1099,    0.0857,    0.0807,    0.0475,    0.0648,    0.0688,    0.0771,    0.0719,    0.0796,    0.0896,    0.0786,    0.1081,    0.0956,    0.1047,    0.1190,    0.0970,    0.1413,    0.1573,    0.1297,    0.1610,    0.1950,    0.2087,    0.2009,    0.1258,    0.2006,    0.2120,    0.2600,    0.2779,    0.2876,    0.3059,    0.3142,    0.3304,    0.3446,    0.3968,    0.4356,    0.4095,    0.4135,    0.4213,    0.7169,    0.7829,    0.8216,    0.8512,    0.8746,    0.9693,    0.9071,    0.9671,    0.9472,    0.9876,    0.9370,    1.0052,    2.1637,    2.1366,    2.1811,    2.2156,    2.2390,    2.1275,    2.2021,    2.2583,    2.3042,    2.1427,    2.1117,    2.1929,    5.5434,    5.2816,    5.2225,    5.0649,    4.6790,    4.3889,    3.8535,    3.5457,    4.1458,    3.6347,    2.7930,    2.5950,    2.0017,    1.8414,    1.4052,    1.3426,    0.9063,    0.6586,    0.5330,    0.2143,    0.1893,    0.1347,    0.0468,    0.0382,    0.0759,    0.2892,    0.6151,    1.0241,    1.4901,    1.9907,    2.5061,    2.8177,    3.4765,    3.8639,    3.8974,    3.6728,    3.4119,    3.1175,    2.8494,    3.1902,    4.1605,    4.8358,    4.8985,    5.0135,    5.0437,    4.9380,    4.7643,    4.4922,    1.5231,    1.4284,    1.4412,    1.3873,    1.4456,    1.4908,    1.6216,    1.6036,    1.6329,    1.7454,    1.7581,    1.8627,    1.4462,    1.4509,    1.4575,    1.4419,    1.4377,    1.4594,    1.4161,    1.4021,    1.3857,    1.3670,    1.3374,    1.3037,    1.2958,    1.1921,    1.2546,    1.0390,    1.0330,    1.0405,    0.9934,    0.8564,    0.8110,    0.7369,    0.7996,    0.7810,    2.0744,    2.3880,    2.2845,    2.1979,    2.0290,    1.9536,    1.6729,    1.6115,    1.5519,    1.3517,    1.3057,    1.2464,    1.8055,    1.6648,    1.5343,    1.4435,    1.3050,    1.1768,    1.0865,    1.0962,    1.0088,    0.9288,    0.7857,    0.7217,    1.7504,    1.3334,    0.9398,    0.6118,    0.4547,    0.3524,    0.2586,    0.1948,    0.1431,    0.1063,    0.0755,    0.0513,    0.0128,    0.0000,    0.0411,    0.0744,    0.0842,    0.0770,    0.0906,    0.1008,    0.0897,    0.1236,    0.1092,    0.1198,    0.1385,    0.1125,    0.1623,    0.1771,    0.1430,    0.0881,    0.0096,    0.0224,    0.1151,    0.1434,    0.2321,    0.2435,    0.3017,    0.3226,    0.3340,    0.3549,    0.3632,    0.3713,    0.3564,    0.3236,    0.2841,    0.3413,    0.4770,    0.4848,    0.8505,    0.9291,    0.9728,    0.9863,    0.9674,    1.0847,    1.0425,    1.1082,    1.0182,    1.1533,    1.0905,    1.1603,    2.5135,    2.4517,    2.5471,    2.5869,    2.6036,    2.1677,    2.2441,    2.3013,    2.3481,    2.1822,    2.1519,    2.2346,    5.6485,    5.3820,    5.3215,    5.1608,    4.7674,    4.4715,    3.9258,    3.6120,    3.0085,    2.6370,    2.0257,    1.8815,    1.4506,    1.3336,    1.0170,    0.9709,    0.6547,    0.4753,    0.3841,    0.1542,    0.1359,    0.0966,    0.0335,    0.0272
 2033,    0.7500,  264.8030,    0.3214,  100.1627,  100.7058,    0.9886,    0.6160,  158.4330,  158.7301,  159.5414,  160.4392,  161.5073,  161.9992,  162.5981,  163.4012,  164.7029,  166.6885,  169.8985,  174.9763,  182.4992,  192.9019,  206.3068,  220.6994,  233.2038,  242.6115,  249.8072,  254.8040,  258.3012,  260.2116,  261.0061,  261.4320,  261.5926,    0.0461,    0.1719,    0.3565,    0.5781,    0.8180,    1.0617,    1.2971,    1.7472,    1.8995,    2.0646,    2.3255,    2.6635,    2.3938,    2.8041,    3.2640,    3.2345,    2.6477,    2.1288,    2.0239,    1.8661,    1.7840,    1.8118,    1.8827,    2.0355,    0.7340,    0.8071,    0.7988,    0.8760,    0.8578,    0.8384,    0.8450,    0.8426,    0.8557,    0.7503,    0.7516,    0.6286,    0.4002,    0.3334,    0.2672,    0.2549,    0.2360,    0.1960,    0.2289,    0.2326,    0.2540,    0.2963,    0.3642,    0.4310,    0.5414,    0.5889,    0.4954,    0.6305,    0.6239,    0.5964,    0.5999,    0.6508,    0.6583,    0.6721,    0.5553,    0.5509,    1.4907,    1.0301,    0.9932,    0.9533,    1.0084,    0.9676,    1.1617,    1.1155,    1.0700,    1.2032,    1.1512,    1.1069,    1.7573,    1.6520,    1.5739,    1.4537,    1.3647,    1.2860,    1.1921,    0.9294,    0.8566,    0.7865,    0.8512,    0.7816,    2.0995,    1.6081,    1.3523,    1.1920,    0.8987,    0.6461,    0.4808,    0.3429,    0.2487,    0.1744,    0.1298,    0.1019,    0.0777,    0.0470,    0.0616,    0.0641,    0.0718,    0.0671,    0.0741,    0.0835,    0.0732,    0.1007,    0.0891,    0.0976,    0.1116,    0.0910,    0.1325,    0.1476,    0.1219,    0.1539,    0.1905,    0.2031,    0.1930,    0.1179,    0.1879,    0.1986,    0.2436,    0.2603,    0.2694,    0.2865,    0.2944,    0.3099,    0.3257,    0.3763,    0.4146,    0.3879,    0.3890,    0.3963,    0.6735,    0.7356,    0.7719,    0.8005,    0.8236,    0.9213,    0.8617,    0.9189,    0.9008,    0.9376,    0.8897,    0.9548,    2.0546,    2.0298,    2.0708,    2.1036,    2.1261,    2.0358,    2.1072,    2.1610,    2.2049,    2.0504,    2.0207,    2.0985,    5.3048,    5.0544,    4.9979,    4.8473,    4.4782,    4.2007,    3.6885,    3.3942,    4.1972,    3.6802,    2.8283,    2.6282,    2.0277,    1.8658,    1.4243,    1.3613,    0.9193,    0.6684,    0.5412,    0.2177,    0.1924,    0.1370,    0.0477,    0.0389,    0.0803,    0.3070,    0.6556,    1.0959,    1.6011,    2.1481,    2.7162,    3.1778,    3.8224,    4.3148,    4.5796,    4.5675,    4.2437,    4.0499,    3.8390,    4.2422,    5.1767,    5.7400,    5.8416,    5.9672,    6.0217,    5.9658,    5.8424,    5.6194,    1.9260,    1.8387,    1.8498,    1.7936,    1.8430,    1.8766,    1.9769,    1.9549,    1.9758,    2.0644,    2.0712,    2.1527,    1.6649,    1.6672,    1.6714,    1.6571,    1.6517,    1.6650,    1.6307,    1.6174,    1.6022,    1.5849,    1.5580,    1.5285,    1.5463,    1.4561,    1.5061,    1.3142,    1.3053,    1.3158,    1.2688,    1.1415,    1.1006,    1.0209,    1.0921,    1.0717,    2.8594,    3.1617,    3.0429,    2.9394,    2.7423,    2.6482,    2.3281,    2.2480,    2.1698,    1.9296,    1.8660,    1.7865,    2.6142,    2.4260,    2.2499,    2.1201,    1.9408,    1.7652,    1.6365,    1.6374,    1.5135,    1.3990,    1.2020,    1.1081,    2.7374,    2.1115,    1.5255,    1.0287,    0.7746,    0.6032,    0.4485,    0.3403,    0.2524,    0.1889,    0.1362,    0.0950,    0.0096,    0.0000,    0.0349,    0.0635,    0.0720,    0.0658,    0.0790,    0.0878,    0.0782,    0.1077,    0.0952,    0.1044,    0.1233,    0.1001,    0.1443,    0.1574,    0.1265,    0.0750,    0.0076,    0.0183,    0.0988,    0.1267,    0.2054,    0.2154,    0.2670,    0.2856,    0.2956,    0.3141,    0.3213,    0.3283,    0.3179,    0.2884,    0.2526,    0.3047,    0.4280,    0.4355,    0.7650,    0.8355,    0.8750,    0.8863,    0.8684,    0.9767,    0.9394,    0.9981,    0.9168,    1.0398,    0.9831,    1.0458,    2.2660,    2.2093,    2.2965,    2.3324,    2.3473,    1.8294,    1.8939,    1.9422,    1.9817,    1.8417,    1.8161,    1.8860,    4.7673,    4.5424,    4.4915,    4.3559,    4.0240,    3.7744,    3.3138,    3.0491,    2.3381,    2.0494,    1.5744,    1.4624,    1.1276,    1.0368,    0.7907,    0.7550,    0.5092,    0.3697,    0.2988,    0.1200,    0.1058,    0.0752,    0.0261,    0.0212
 2193,    1.0000,  270.5037,    0.3390,   97.5444,   98.0799,    0.9873,    0.7750,  158.4330,  158.9617,  159.7896,  160.6959,  161.7027,  162.1998,  162.9081,  164.0020,  165.6021,  168.0998,  172.1049,  178.2077,  187.0033,  198.7187,  213.3108,  228.4014,  241.1005,  250.5030,  257.4107,  262.1095,  265.0067,  266.9204,  267.7098,  268.1569,  268.3082,    0.0459,    0.1710,    0.3546,    0.5746,    0.8127,    1.0541,    1.2870,    1.7267,    1.8820,    2.0407,    2.2854,    2.5966,    2.3320,    2.7187,    3.1669,    3.1418,    2.5776,    2.0792,    1.9719,    1.8151,    1.7317,    1.7525,    1.8130,    1.9494,    0.7011,    0.7680,    0.7607,    0.8358,    0.8223,    0.8075,    0.8305,    0.8294,    0.8515,    0.7575,    0.7650,    0.6592,    0.4274,    0.3589,    0.2871,    0.2747,    0.2530,    0.2056,    0.2462,    0.2511,    0.2763,    0.3220,    0.3914,    0.4549,    0.5598,    0.5988,    0.5097,    0.6294,    0.6240,    0.5939,    0.5931,    0.6324,    0.6358,    0.6442,    0.5264,    0.5215,    1.4088,    0.9719,    0.9346,    0.8958,    0.9416,    0.9026,    1.0827,    1.0397,    0.9975,    1.1302,    1.0826,    1.0411,    1.6592,    1.5598,    1.4934,    1.3830,    1.3015,    1.2253,    1.1372,    0.8741,    0.8058,    0.7404,    0.8173,    0.7516,    2.0316,    1.5633,    1.3362,    1.2148,    0.9222,    0.6628,    0.4966,    0.3565,    0.2608,    0.1847,    0.1398,    0.1099,    0.0754,    0.0467,    0.0591,    0.0607,    0.0680,    0.0635,    0.0700,    0.0789,    0.0691,    0.0951,    0.0841,    0.0922,    0.1057,    0.0862,    0.1257,    0.1400,    0.1158,    0.1481,    0.1865,    0.1983,    0.1866,    0.1118,    0.1781,    0.1883,    0.2308,    0.2467,    0.2553,    0.2715,    0.2790,    0.2940,    0.3104,    0.3595,    0.3972,    0.3703,    0.3694,    0.3762,    0.6388,    0.6977,    0.7322,    0.7598,    0.7827,    0.8826,    0.8252,    0.8802,    0.8634,    0.8975,    0.8517,    0.9142,    1.9670,    1.9438,    1.9822,    2.0136,    2.0353,    1.9716,    2.0407,    2.0928,    2.1354,    1.9857,    1.9570,    2.0323,    5.1377,    4.8952,    4.8406,    4.6949,    4.3375,    4.0689,    3.5730,    3.2881,    4.2301,    3.7093,    2.8509,    2.6495,    2.0444,    1.8815,    1.4367,    1.3735,    0.9278,    0.6748,    0.5466,    0.2200,    0.1945,    0.1386,    0.0483,    0.0394,    0.0830,    0.3182,    0.6809,    1.1409,    1.6710,    2.2476,    2.8495,    3.3884,    4.0415,    4.5929,    4.9920,    5.1602,    4.7958,    4.7187,    4.5913,    5.0184,    5.8510,    6.3223,    6.4562,    6.5946,    6.6715,    6.6585,    6.5828,    6.4150,    2.2142,    2.1397,    2.1484,    2.0952,    2.1349,    2.1592,    2.2341,    2.2115,    2.2259,    2.2958,    2.2975,    2.3616,    1.8227,    1.8237,    1.8266,    1.8134,    1.8074,    1.8156,    1.7871,    1.7742,    1.7599,    1.7435,    1.7185,    1.6921,    1.7283,    1.6512,    1.6913,    1.5248,    1.5137,    1.5239,    1.4797,    1.3660,    1.3299,    1.2517,    1.3243,    1.3036,    3.4915,    3.7562,    3.6301,    3.5164,    3.3091,    3.2024,    2.8670,    2.7729,    2.6806,    2.4166,    2.3388,    2.2444,    3.3057,    3.0812,    2.8693,    2.7068,    2.4997,    2.2875,    2.1270,    2.1181,    1.9638,    1.8204,    1.5801,    1.4607,    3.6525,    2.8417,    2.0862,    1.4407,    1.0943,    0.8547,    0.6410,    0.4887,    0.3650,    0.2747,    0.2001,    0.1418,    0.0075,    0.0000,    0.0299,    0.0548,    0.0622,    0.0568,    0.0695,    0.0773,    0.0688,    0.0948,    0.0838,    0.0919,    0.1106,    0.0898,    0.1293,    0.1409,    0.1129,    0.0649,    0.0062,    0.0154,    0.0862,    0.1129,    0.1832,    0.1920,    0.2381,    0.2547,    0.2637,    0.2802,    0.2866,    0.2925,    0.2860,    0.2590,    0.2265,    0.2742,    0.3867,    0.3940,    0.6926,    0.7564,    0.7922,    0.8018,    0.7849,    0.8846,    0.8512,    0.9041,    0.8302,    0.9426,    0.8911,    0.9479,    2.0540,    2.0019,    2.0819,    2.1144,    2.1278,    1.5559,    1.6107,    1.6519,    1.6854,    1.5664,    1.5446,    1.6040,    4.0546,    3.8634,    3.8201,    3.7048,    3.4226,    3.2104,    2.8188,    2.5937,    1.8242,    1.5990,    1.2285,    1.1411,    0.8800,    0.8091,    0.6172,    0.5893,    0.3975,    0.2886,    0.2334,    0.0937,    0.0827,    0.0587,    0.0204,    0.0166
 2407,    1.2500,  274.8038,    0.3526,   95.5510,   96.0760,    0.9833,    0.7400,  158.4330,  159.1620,  159.9993,  160.8946,  161.9006,  162.4077,  163.2036,  164.5054,  166.5041,  169.5036,  174.2622,  181.3036,  191.1080,  203.9000,  219.2025,  234.6032,  247.3485,  256.5154,  263.1902,  267.5973,  270.1106,  271.8268,  272.6023,  273.0467,  273.2155,    0.0458,    0.1705,    0.3534,    0.5725,    0.8095,    1.0496,    1.2811,    1.7146,    1.8718,    2.0266,    2.2616,    2.5582,    2.2963,    2.6677,    3.1043,    3.0829,    2.5359,    2.0502,    1.9417,    1.7858,    1.7018,    1.7189,    1.7739,    1.9006,    0.6823,    0.7450,    0.7382,    0.8106,    0.7996,    0.7873,    0.8195,    0.8187,    0.8466,    0.7614,    0.7727,    0.6813,    0.4486,    0.3800,    0.3046,    0.2925,    0.2685,    0.2146,    0.2621,    0.2679,    0.2961,    0.3436,    0.4127,    0.4722,    0.5718,    0.6042,    0.5195,    0.6265,    0.6220,    0.5903,    0.5867,    0.6177,    0.6185,    0.6230,    0.5071,    0.5019,    1.3541,    0.9373,    0.8999,    0.8616,    0.9005,    0.8625,    1.0280,    0.9870,    0.9467,    1.0725,    1.0281,    0.9882,    1.5759,    1.4804,    1.4213,    1.3185,    1.2437,    1.1687,    1.0849,    0.8294,    0.7643,    0.7023,    0.7824,    0.7200,    1.9517,    1.5050,    1.2982,    1.2054,    0.9189,    0.6597,    0.4964,    0.3579,    0.2633,    0.1877,    0.1440,    0.1132,    0.0735,    0.0463,    0.0572,    0.0582,    0.0651,    0.0609,    0.0669,    0.0754,    0.0660,    0.0908,    0.0804,    0.0880,    0.1011,    0.0824,    0.1202,    0.1339,    0.1110,    0.1433,    0.1829,    0.1940,    0.1812,    0.1070,    0.1703,    0.1801,    0.2208,    0.2359,    0.2442,    0.2596,    0.2669,    0.2814,    0.2978,    0.3456,    0.3827,    0.3558,    0.3535,    0.3599,    0.6106,    0.6669,    0.6999,    0.7268,    0.7493,    0.8511,    0.7955,    0.8486,    0.8328,    0.8649,    0.8208,    0.8812,    1.8957,    1.8739,    1.9102,    1.9404,    1.9615,    1.9258,    1.9933,    2.0442,    2.0858,    1.9396,    1.9116,    1.9851,    5.0185,    4.7817,    4.7285,    4.5862,    4.2372,    3.9750,    3.4906,    3.2124,    4.2512,    3.7280,    2.8655,    2.6633,    2.0553,    1.8918,    1.4448,    1.3815,    0.9335,    0.6791,    0.5502,    0.2216,    0.1960,    0.1397,    0.0487,    0.0398,    0.0850,    0.3261,    0.6988,    1.1727,    1.7205,    2.3181,    2.9442,    3.5302,    4.1965,    4.7871,    5.2666,    5.5669,    5.1761,    5.2049,    5.1634,    5.5937,    6.3195,    6.7305,    6.8888,    7.0395,    7.1350,    7.1546,    7.1169,    6.9974,    2.4270,    2.3658,    2.3725,    2.3248,    2.3559,    2.3732,    2.4285,    2.4067,    2.4161,    2.4712,    2.4694,    2.5197,    1.9420,    1.9418,    1.9436,    1.9311,    1.9249,    1.9302,    1.9051,    1.8927,    1.8790,    1.8635,    1.8405,    1.8166,    1.8673,    1.8013,    1.8330,    1.6902,    1.6776,    1.6861,    1.6455,    1.5459,    1.5142,    1.4407,    1.5103,    1.4898,    4.0025,    4.2194,    4.0899,    3.9699,    3.7634,    3.6481,    3.3137,    3.2089,    3.1057,    2.8292,    2.7397,    2.6339,    3.8983,    3.6455,    3.4049,    3.2149,    2.9877,    2.7474,    2.5602,    2.5397,    2.3603,    2.1927,    1.9185,    1.7772,    4.4840,    3.5112,    2.6079,    1.8328,    1.4009,    1.0965,    0.8276,    0.6332,    0.4755,    0.3592,    0.2636,    0.1890,    0.0060,    0.0000,    0.0259,    0.0477,    0.0541,    0.0494,    0.0616,    0.0685,    0.0610,    0.0840,    0.0742,    0.0814,    0.0997,    0.0810,    0.1166,    0.1270,    0.1014,    0.0569,    0.0052,    0.0132,    0.0760,    0.1012,    0.1644,    0.1723,    0.2137,    0.2286,    0.2367,    0.2514,    0.2572,    0.2623,    0.2589,    0.2341,    0.2045,    0.2482,    0.3515,    0.3584,    0.6304,    0.6885,    0.7210,    0.7294,    0.7134,    0.8047,    0.7747,    0.8227,    0.7552,    0.8583,    0.8113,    0.8629,    1.8701,    1.8221,    1.8956,    1.9253,    1.9374,    1.3306,    1.3775,    1.4127,    1.4414,    1.3396,    1.3210,    1.3718,    3.4676,    3.3041,    3.2671,    3.1686,    2.9273,    2.7458,    2.4109,    2.2185,    1.4282,    1.2519,    0.9618,    0.8935,    0.6890,    0.6336,    0.4833,    0.4616,    0.3114,    0.2261,    0.1828,    0.0734,    0.0648,    0.0460,    0.0160,    0.0130
 2606,    1.5000,  278.1037,    0.3630,   94.0099,   94.5226,    0.9763,    0.7802,  158.4330,  159.2704,  160.1022,  161.0016,  162.0027,  162.6029,  163.5037,  165.0077,  167.3572,  170.9049,  176.3013,  184.2003,  194.8307,  208.4001,  224.2000,  239.8024,  252.4100,  261.3029,  267.6183,  271.7247,  274.1118,  275.5184,  276.2733,  276.7102,  276.8691,    0.0457,    0.1702,    0.3527,    0.5712,    0.8075,    1.0469,    1.2775,    1.7068,    1.8654,    2.0176,    2.2462,    2.5335,    2.2733,    2.6348,    3.0621,    3.0432,    2.5086,    2.0314,    1.9222,    1.7670,    1.6826,    1.6974,    1.7489,    1.8697,    0.6704,    0.7303,    0.7238,    0.7940,    0.7843,    0.7735,    0.8111,    0.8101,    0.8420,    0.7637,    0.7774,    0.6978,    0.4656,    0.3977,    0.3203,    0.3087,    0.2827,    0.2231,    0.2768,    0.2833,    0.3138,    0.3620,    0.4297,    0.4854,    0.5801,    0.6073,    0.5268,    0.6235,    0.6194,    0.5868,    0.5814,    0.6064,    0.6055,    0.6072,    0.4939,    0.4885,    1.3167,    0.9149,    0.8775,    0.8396,    0.8739,    0.8365,    0.9901,    0.9502,    0.9111,    1.0285,    0.9862,    0.9474,    1.5088,    1.4159,    1.3613,    1.2643,    1.1952,    1.1208,    1.0402,    0.7951,    0.7324,    0.6728,    0.7515,    0.6916,    1.8763,    1.4475,    1.2539,    1.1800,    0.9017,    0.6464,    0.4876,    0.3526,    0.2603,    0.1866,    0.1446,    0.1134,    0.0719,    0.0460,    0.0557,    0.0563,    0.0630,    0.0589,    0.0645,    0.0726,    0.0636,    0.0875,    0.0774,    0.0848,    0.0973,    0.0794,    0.1157,    0.1290,    0.1070,    0.1393,    0.1796,    0.1903,    0.1767,    0.1032,    0.1642,    0.1736,    0.2127,    0.2273,    0.2353,    0.2502,    0.2572,    0.2714,    0.2874,    0.3340,    0.3704,    0.3436,    0.3403,    0.3465,    0.5875,    0.6416,    0.6734,    0.6996,    0.7218,    0.8252,    0.7711,    0.8227,    0.8076,    0.8381,    0.7954,    0.8541,    1.8372,    1.8164,    1.8511,    1.8804,    1.9009,    1.8927,    1.9591,    2.0091,    2.0499,    1.9062,    1.8787,    1.9510,    4.9322,    4.6996,    4.6474,    4.5076,    4.1647,    3.9070,    3.4310,    3.1577,    4.2648,    3.7401,    2.8750,    2.6722,    2.0623,    1.8985,    1.4501,    1.3868,    0.9372,    0.6820,    0.5527,    0.2226,    0.1970,    0.1405,    0.0489,    0.0400,    0.0864,    0.3319,    0.7121,    1.1964,    1.7572,    2.3705,    3.0144,    3.6327,    4.3115,    4.9303,    5.4620,    5.8554,    5.4469,    5.5629,    5.6000,    6.0238,    6.6581,    7.0312,    7.2080,    7.3693,    7.4795,    7.5234,    7.5146,    7.4337,    2.5872,    2.5380,    2.5432,    2.5019,    2.5259,    2.5380,    2.5788,    2.5584,    2.5640,    2.6078,    2.6035,    2.6435,    2.0355,    2.0344,    2.0353,    2.0235,    2.0171,    2.0202,    1.9978,    1.9858,    1.9726,    1.9579,    1.9365,    1.9145,    1.9764,    1.9194,    1.9445,    1.8217,    1.8082,    1.8145,    1.7777,    1.6910,    1.6628,    1.5955,    1.6592,    1.6392,    4.4149,    4.5826,    4.4517,    4.3276,    4.1273,    4.0059,    3.6828,    3.5698,    3.4582,    3.1774,    3.0784,    2.9639,    4.4038,    4.1290,    3.8650,    3.6516,    3.4097,    3.1477,    2.9384,    2.9040,    2.7040,    2.5162,    2.2169,    2.0569,    5.2259,    4.1128,    3.0824,    2.1954,    1.6861,    1.3218,    1.0024,    0.7690,    0.5797,    0.4393,    0.3241,    0.2344,    0.0048,    0.0000,    0.0226,    0.0417,    0.0474,    0.0432,    0.0548,    0.0610,    0.0543,    0.0748,    0.0661,    0.0725,    0.0904,    0.0734,    0.1056,    0.1150,    0.0916,    0.0503,    0.0045,    0.0114,    0.0676,    0.0912,    0.1482,    0.1553,    0.1927,    0.2062,    0.2134,    0.2267,    0.2319,    0.2363,    0.2356,    0.2127,    0.1856,    0.2258,    0.3208,    0.3274,    0.5762,    0.6293,    0.6591,    0.6664,    0.6513,    0.7348,    0.7077,    0.7513,    0.6895,    0.7843,    0.7413,    0.7884,    1.7088,    1.6645,    1.7322,    1.7593,    1.7703,    1.1425,    1.1828,    1.2130,    1.2377,    1.1502,    1.1343,    1.1779,    2.9775,    2.8371,    2.8054,    2.7208,    2.5136,    2.3579,    2.0703,    1.9051,    1.1214,    0.9831,    0.7553,    0.7016,    0.5411,    0.4976,    0.3796,    0.3625,    0.2446,    0.1776,    0.1436,    0.0577,    0.0509,    0.0362,    0.0126,    0.0102
 2804,    1.7500,  280.7194,    0.3712,   92.7836,   93.3029,    0.9882,    0.9241,  158.4330,  159.3754,  160.2067,  161.1082,  162.1027,  162.8008,  163.7999,  165.5033,  168.2010,  172.1971,  178.2131,  186.8264,  198.3041,  212.3993,  228.5622,  244.2088,  256.6544,  265.2121,  271.2056,  275.0973,  277.2990,  278.5204,  279.1884,  279.6189,  279.7832,    0.0457,    0.1700,    0.3522,    0.5704,    0.8062,    1.0450,    1.2750,    1.7011,    1.8610,    2.0112,    2.2349,    2.5157,    2.2567,    2.6112,    3.0314,    3.0141,    2.4886,    2.0177,    1.9080,    1.7533,    1.6687,    1.6818,    1.7309,    1.8476,    0.6620,    0.7200,    0.7135,    0.7820,    0.7731,    0.7631,    0.8043,    0.8030,    0.8376,    0.7650,    0.7801,    0.7105,    0.4794,    0.4127,    0.3342,    0.3233,    0.2957,    0.2311,    0.2902,    0.2971,    0.3295,    0.3778,    0.4437,    0.4957,    0.5860,    0.6090,    0.5324,    0.6204,    0.6167,    0.5833,    0.5769,    0.5974,    0.5953,    0.5951,    0.4843,    0.4787,    1.2895,    0.8988,    0.8614,    0.8238,    0.8550,    0.8181,    0.9628,    0.9236,    0.8854,    0.9950,    0.9541,    0.9161,    1.4560,    1.3649,    1.3128,    1.2201,    1.1559,    1.0817,    1.0036,    0.7689,    0.7078,    0.6499,    0.7255,    0.6675,    1.8107,    1.3965,    1.2109,    1.1485,    0.8788,    0.6290,    0.4751,    0.3443,    0.2548,    0.1834,    0.1431,    0.1120,    0.0706,    0.0457,    0.0545,    0.0549,    0.0613,    0.0573,    0.0625,    0.0704,    0.0617,    0.0849,    0.0751,    0.0822,    0.0943,    0.0769,    0.1121,    0.1250,    0.1038,    0.1358,    0.1766,    0.1869,    0.1729,    0.1001,    0.1591,    0.1683,    0.2062,    0.2204,    0.2281,    0.2426,    0.2493,    0.2632,    0.2788,    0.3241,    0.3598,    0.3332,    0.3294,    0.3354,    0.5683,    0.6207,    0.6514,    0.6770,    0.6989,    0.8037,    0.7509,    0.8012,    0.7866,    0.8160,    0.7744,    0.8317,    1.7887,    1.7688,    1.8021,    1.8307,    1.8507,    1.8685,    1.9340,    1.9834,    2.0237,    1.8819,    1.8547,    1.9261,    4.8692,    4.6396,    4.5881,    4.4501,    4.1117,    3.8574,    3.3875,    3.1177,    4.2735,    3.7479,    2.8811,    2.6781,    2.0670,    1.9030,    1.4536,    1.3904,    0.9398,    0.6839,    0.5544,    0.2233,    0.1977,    0.1410,    0.0491,    0.0402,    0.0875,    0.3364,    0.7224,    1.2147,    1.7858,    2.4112,    3.0691,    3.7112,    4.4010,    5.0414,    5.6096,    6.0679,    5.6474,    5.8319,    5.9363,    6.3504,    6.9138,    7.2636,    7.4545,    7.6247,    7.7466,    7.8088,    7.8219,    7.7707,    2.7112,    2.6720,    2.6760,    2.6410,    2.6596,    2.6679,    2.6982,    2.6794,    2.6822,    2.7170,    2.7112,    2.7427,    2.1104,    2.1086,    2.1087,    2.0975,    2.0910,    2.0923,    2.0720,    2.0604,    2.0477,    2.0335,    2.0136,    1.9933,    2.0643,    2.0147,    2.0342,    1.9285,    1.9144,    1.9184,    1.8852,    1.8096,    1.7843,    1.7234,    1.7797,    1.7602,    4.7503,    4.8729,    4.7413,    4.6145,    4.4218,    4.2962,    3.9891,    3.8699,    3.7517,    3.4726,    3.3657,    3.2446,    4.8366,    4.5442,    4.2615,    4.0282,    3.7747,    3.4959,    3.2681,    3.2177,    3.0008,    2.7963,    2.4790,    2.3033,    5.8847,    4.6501,    3.5109,    2.5277,    1.9487,    1.5293,    1.1642,    0.8950,    0.6768,    0.5142,    0.3809,    0.2773,    0.0039,    0.0000,    0.0198,    0.0366,    0.0416,    0.0380,    0.0490,    0.0545,    0.0486,    0.0669,    0.0592,    0.0649,    0.0822,    0.0668,    0.0961,    0.1045,    0.0830,    0.0447,    0.0039,    0.0100,    0.0605,    0.0825,    0.1341,    0.1405,    0.1744,    0.1866,    0.1932,    0.2052,    0.2098,    0.2138,    0.2152,    0.1940,    0.1691,    0.2062,    0.2940,    0.3001,    0.5285,    0.5772,    0.6046,    0.6109,    0.5967,    0.6730,    0.6483,    0.6882,    0.6314,    0.7188,    0.6794,    0.7224,    1.5659,    1.5251,    1.5875,    1.6123,    1.6224,    0.9839,    1.0186,    1.0446,    1.0658,    0.9905,    0.9768,    1.0144,    2.5641,    2.4432,    2.4159,    2.3431,    2.1647,    2.0306,    1.7829,    1.6407,    0.8828,    0.7739,    0.5946,    0.5524,    0.4260,    0.3918,    0.2989,    0.2855,    0.1926,    0.1399,    0.1131,    0.0455,    0.0401,    0.0285,    0.0099,    0.0081
 2987,    2.0000,  282.8046,    0.3778,   91.8387,   92.3350,    0.9705,    0.8658,  158.4330,  159.4803,  160.3180,  161.2210,  162.2153,  162.9095,  164.0993,  166.0126,  169.0154,  173.5002,  180.1029,  189.3925,  201.3967,  215.9857,  232.3970,  248.0140,  260.2005,  268.4130,  274.1047,  277.7164,  279.7333,  280.8552,  281.4315,  281.8696,  282.0129,    0.0456,    0.1698,    0.3519,    0.5698,    0.8053,    1.0438,    1.2734,    1.6973,    1.8581,    2.0070,    2.2271,    2.5030,    2.2449,    2.5942,    3.0090,    2.9928,    2.4745,    2.0083,    1.8982,    1.7438,    1.6591,    1.6709,    1.7183,    1.8319,    0.6559,    0.7126,    0.7062,    0.7734,    0.7648,    0.7554,    0.7990,    0.7973,    0.8339,    0.7661,    0.7820,    0.7208,    0.4910,    0.4257,    0.3468,    0.3367,    0.3076,    0.2386,    0.3026,    0.3098,    0.3438,    0.3916,    0.4556,    0.5041,    0.5905,    0.6101,    0.5371,    0.6177,    0.6142,    0.5804,    0.5733,    0.5904,    0.5874,    0.5859,    0.4772,    0.4716,    1.2696,    0.8874,    0.8500,    0.8125,    0.8414,    0.8048,    0.9430,    0.9044,    0.8667,    0.9697,    0.9299,    0.8923,    1.4151,    1.3253,    1.2745,    1.1850,    1.1249,    1.0508,    0.9744,    0.7489,    0.6890,    0.6325,    0.7045,    0.6480,    1.7563,    1.3536,    1.1726,    1.1165,    0.8547,    0.6109,    0.4616,    0.3350,    0.2483,    0.1792,    0.1407,    0.1098,    0.0694,    0.0455,    0.0536,    0.0537,    0.0601,    0.0562,    0.0610,    0.0687,    0.0602,    0.0828,    0.0732,    0.0802,    0.0917,    0.0748,    0.1091,    0.1217,    0.1011,    0.1329,    0.1739,    0.1838,    0.1697,    0.0975,    0.1551,    0.1640,    0.2009,    0.2147,    0.2222,    0.2363,    0.2429,    0.2565,    0.2714,    0.3157,    0.3507,    0.3244,    0.3203,    0.3260,    0.5522,    0.6031,    0.6329,    0.6580,    0.6796,    0.7857,    0.7340,    0.7832,    0.7690,    0.7975,    0.7569,    0.8129,    1.7483,    1.7291,    1.7613,    1.7892,    1.8089,    1.8506,    1.9156,    1.9645,    2.0044,    1.8639,    1.8370,    1.9077,    4.8228,    4.5954,    4.5444,    4.4078,    4.0727,    3.8208,    3.3555,    3.0883,    4.2792,    3.7530,    2.8851,    2.6819,    2.0701,    1.9059,    1.4560,    1.3928,    0.9415,    0.6853,    0.5556,    0.2239,    0.1982,    0.1414,    0.0493,    0.0403,    0.0884,    0.3399,    0.7304,    1.2289,    1.8078,    2.4426,    3.1114,    3.7712,    4.4699,    5.1267,    5.7217,    6.2268,    5.7978,    6.0351,    6.1952,    6.5990,    7.1083,    7.4431,    7.6452,    7.8231,    7.9544,    8.0308,    8.0606,    8.0323,    2.8074,    2.7764,    2.7795,    2.7501,    2.7643,    2.7699,    2.7923,    2.7750,    2.7757,    2.8037,    2.7965,    2.8218,    2.1702,    2.1680,    2.1675,    2.1566,    2.1501,    2.1504,    2.1315,    2.1202,    2.1078,    2.0942,    2.0753,    2.0562,    2.1343,    2.0906,    2.1057,    2.0140,    1.9996,    2.0014,    1.9714,    1.9055,    1.8824,    1.8279,    1.8764,    1.8575,    5.0209,    5.1034,    4.9717,    4.8432,    4.6588,    4.5301,    4.2420,    4.1177,    3.9945,    3.7217,    3.6082,    3.4820,    5.2056,    4.8997,    4.6014,    4.3509,    4.0876,    3.7964,    3.5533,    3.4842,    3.2534,    3.0351,    2.7069,    2.5178,    6.4625,    5.1237,    3.8933,    2.8289,    2.1877,    1.7183,    1.3120,    1.0102,    0.7659,    0.5827,    0.4330,    0.3171,    0.0032,    0.0000,    0.0173,    0.0322,    0.0367,    0.0335,    0.0440,    0.0489,    0.0436,    0.0601,    0.0531,    0.0582,    0.0750,    0.0609,    0.0876,    0.0953,    0.0755,    0.0400,    0.0034,    0.0088,    0.0544,    0.0748,    0.1217,    0.1275,    0.1583,    0.1694,    0.1754,    0.1863,    0.1905,    0.1939,    0.1972,    0.1775,    0.1546,    0.1889,    0.2701,    0.2759,    0.4862,    0.5309,    0.5561,    0.5617,    0.5483,    0.6179,    0.5954,    0.6319,    0.5796,    0.6603,    0.6241,    0.6635,    1.4385,    1.4006,    1.4584,    1.4812,    1.4903,    0.8491,    0.8790,    0.9015,    0.9198,    0.8548,    0.8429,    0.8754,    2.2127,    2.1084,    2.0849,    2.0221,    1.8681,    1.7524,    1.5387,    1.4159,    0.6964,    0.6105,    0.4691,    0.4358,    0.3361,    0.3091,    0.2358,    0.2252,    0.1520,    0.1104,    0.0893,    0.0359,    0.0317,    0.0225,    0.0078,    0.0064
