Particle       ,data/QEXT_96IR_84_VIS_NC175v1_2umrod
Ncase          ,  14
dt (sols)      ,  0.020833
Qext 0.67um    ,  1.383584
Alb sfc        ,  0.220000
Conrath nu     ,  0.002000
Sun Flux (W/m2),148.393084
BWN IR (cm-1)  ,     10.0000,     34.1670,     58.3330,     82.5000,    106.6670,    130.8330,    155.0000,    179.1670,    203.3330,    227.5000,    251.6670,    275.8330,    300.0000,    320.7880,    341.5750,    362.3630,    383.1500,    403.9380,    424.7250,    445.5130,    466.3010,    487.0880,    507.8760,    528.6630,    549.4510,    556.7420,    564.0330,    571.3240,    578.6150,    585.9060,    593.1970,    600.4880,    607.7790,    615.0700,    622.3610,    629.6520,    636.9430,    642.5500,    648.1570,    653.7640,    659.3700,    664.9770,    670.5840,    676.1910,    681.7980,    687.4050,    693.0110,    698.6180,    704.2250,    710.1390,    716.0530,    721.9670,    727.8810,    733.7950,    739.7090,    745.6240,    751.5380,    757.4520,    763.3660,    769.2800,    775.1940,    791.5010,    807.8070,    824.1140,    840.4210,    856.7270,    873.0340,    889.3410,    905.6470,    921.9540,    938.2610,    954.5670,    970.8740,    996.8050,   1022.7370,   1048.6680,   1074.6000,   1100.5310,   1126.4630,   1152.3940,   1178.3250,   1204.2570,   1230.1880,   1256.1200,   1282.0510,   1360.3990,   1438.7460,   1517.0940,   1595.4410,   1673.7890,   1752.1370,   1830.4840,   1908.8320,   1987.1790,   2065.5270,   2143.8740,   2222.2220
BWN VIS (cm-1) ,   2222.2200,   2294.3160,   2366.4120,   2438.5080,   2510.6030,   2582.6990,   2654.7950,   2726.8910,   2798.9870,   2871.0820,   2943.1780,   3015.2740,   3087.3700,   3165.9750,   3244.5800,   3323.1850,   3401.7900,   3480.3950,   3559.0000,   3637.6050,   3716.2100,   3794.8150,   3873.4200,   3952.0250,   4030.6300,   4142.2920,   4253.9530,   4365.6150,   4477.2770,   4588.9380,   4700.6000,   4812.2620,   4923.9230,   5035.5850,   5147.2470,   5258.9080,   5370.5700,   5560.6150,   5750.6600,   5940.7050,   6130.7500,   6320.7950,   6510.8400,   6700.8850,   6890.9300,   7080.9750,   7271.0200,   7461.0650,   7651.1100,   8055.1840,   8459.2580,   8863.3330,   9267.4070,   9671.4810,  10075.5550,  10479.6290,  10883.7030,  11287.7780,  11691.8520,  12095.9260,  12500.0000,  13541.6670,  14583.3330,  15625.0000,  16666.6670,  17708.3330,  18750.0000,  19791.6670,  20833.3330,  21875.0000,  22916.6670,  23958.3330,  25000.0000,  26388.8890,  27777.7780,  29166.6670,  30555.5570,  31944.4460,  33333.3350,  34722.2240,  36111.1130,  37500.0030,  38888.8920,  40277.7810,  41666.6700
SUN VIS (W/m2) ,      0.1008,      0.0862,      0.0968,      0.1089,      0.1224,      0.1136,      0.1248,      0.1400,      0.1233,      0.1698,      0.1502,      0.1645,      0.1814,      0.1477,      0.2144,      0.2377,      0.1946,      0.2106,      0.2276,      0.2472,      0.2683,      0.1918,      0.3072,      0.3239,      0.3986,      0.4261,      0.4410,      0.4688,      0.4810,      0.5017,      0.5013,      0.5485,      0.5772,      0.5665,      0.6183,      0.6303,      1.0809,      1.1806,      1.2379,      1.2751,      1.2949,      1.4092,      1.3262,      1.4132,      1.3634,      1.4505,      1.3747,      1.4716,      3.1730,      3.1258,      3.2038,      3.2543,      3.2846,      3.1576,      3.2685,      3.3520,      3.4202,      3.1800,      3.1347,      3.2554,      8.2299,      7.8425,      7.7561,      7.5237,      6.9524,      6.5235,      5.7299,      5.2748,      5.0739,      4.4511,      3.4228,      3.1828,      2.4579,      2.2644,      1.7312,      1.6575,      1.1215,      0.8173,      0.6634,      0.2677,      0.2374,      0.1697,      0.0593,      0.0486
================
wavelenght [um],    0.244068,    0.252632,    0.261818,    0.271698,    0.282353,    0.293878,    0.306383,    0.320000,    0.334884,    0.351220,    0.369231,    0.389189,    0.408511,    0.426667,    0.446512,    0.468293,    0.492308,    0.518919,    0.548571,    0.581818,    0.619355,    0.662069,    0.711111,    0.768000,    0.813143,    0.840768,    0.870336,    0.902060,    0.936184,    0.972991,    1.012810,    1.056028,    1.103099,    1.154562,    1.211061,    1.273375,    1.323436,    1.357581,    1.393534,    1.431444,    1.471474,    1.513807,    1.558648,    1.606226,    1.656801,    1.710664,    1.768147,    1.829628,    1.881560,    1.921939,    1.964090,    2.008131,    2.054193,    2.102417,    2.152960,    2.205992,    2.261704,    2.320302,    2.382017,    2.447105,    2.505432,    2.555765,    2.608162,    2.662752,    2.719677,    2.779088,    2.841153,    2.906054,    2.973989,    3.045176,    3.119855,    3.198288,    3.277268,    3.356577,    3.439819,    3.527294,    3.619334,    3.716307,    3.818620,    3.926726,    4.041130,    4.162400,    4.291175,    4.428172,    4.580751,    4.751270,    4.934974,    5.133456,    5.348572,    5.582505,    5.837838,    6.117648,    6.425631,    6.766266,    7.145039,    7.568734,    7.879690,    8.044056,    8.215425,    8.394255,    8.581043,    8.776330,    8.980716,    9.194848,    9.419442,    9.655282,    9.903235,   10.164260,   10.387231,   10.566200,   10.751445,   10.943308,   11.142136,   11.348323,   11.562291,   11.784476,   12.015368,   12.255495,   12.505409,   12.765727,   12.949392,   13.049328,   13.150818,   13.253898,   13.358608,   13.464994,   13.573088,   13.682923,   13.794549,   13.908012,   14.023357,   14.140631,   14.256763,   14.371646,   14.488386,   14.607038,   14.727660,   14.850291,   14.974981,   15.101782,   15.230738,   15.361915,   15.495384,   15.631191,   15.790367,   15.974275,   16.162517,   16.355249,   16.552633,   16.754839,   16.962047,   17.174443,   17.392227,   17.615605,   17.844795,   18.080028,   18.550914,   19.294981,   20.101230,   20.977796,   21.934298,   22.982219,   24.135264,   25.410119,   26.827165,   28.411593,   30.194923,   32.217118,   34.732292,   37.914692,   41.739101,   46.421699,   52.287582,   59.850314,   69.970927,   84.210526,  105.726686,  142.012170,  216.216216,  452.826771
Qext           ,      1.1045,      1.1045,      1.1045,      1.1045,      1.1045,      1.1045,      1.1045,      1.1045,      1.1045,      1.1045,      1.1045,      1.3836,      1.3836,      1.3836,      1.3836,      1.3836,      1.3836,      1.3836,      1.3836,      1.3836,      1.3836,      1.3836,      1.3836,      1.2061,      1.2061,      1.2061,      1.2061,      1.2061,      1.2061,      1.2061,      1.2061,      1.2061,      1.2061,      1.1896,      1.1896,      1.1896,      1.1896,      1.1896,      1.1896,      1.1896,      1.1896,      1.3107,      1.3107,      1.3107,      1.3107,      1.3107,      1.3107,      1.3107,      1.3853,      1.3853,      1.3853,      1.3853,      1.3853,      1.3853,      1.3853,      1.3853,      1.6241,      1.6241,      1.6241,      1.6241,      1.6241,      1.6241,      1.5903,      1.5903,      1.5903,      1.5903,      1.5903,      1.5903,      1.5391,      1.5391,      1.5391,      1.5391,      1.5391,      1.6135,      1.6135,      1.6135,      1.6135,      1.8679,      1.8679,      1.8679,      1.8679,      1.9288,      1.9288,      1.9288,      2.0174,      2.0174,      2.1992,      2.1992,      2.3828,      2.4375,      2.4375,      2.5578,      2.1722,      2.1853,      2.0521,      2.0405,      2.1353,      2.1353,      2.0168,      2.0168,      1.8420,      1.8420,      1.6505,      1.6505,      1.6449,      1.8458,      1.8458,      1.6637,      1.8999,      1.8999,      1.8184,      1.8184,      1.3487,      1.3487,      1.3907,      1.6764,      1.6764,      1.8694,      1.8694,      1.9248,      1.8786,      1.8786,      1.8786,      1.8786,      1.8342,      1.8342,      1.8342,      1.8396,      1.8396,      1.8396,      1.8106,      1.8106,      1.8106,      1.6613,      1.6613,      1.6613,      1.4269,      1.4269,      1.4269,      1.2219,      1.2219,      1.2219,      1.1320,      1.1320,      1.1320,      1.1727,      1.1727,      1.3104,      1.3104,      1.4907,      1.6547,      1.6547,      1.7543,      1.7543,      1.7685,      1.7099,      1.6620,      1.4796,      1.3189,      1.1000,      0.9050,      1.0820,      1.6014,      1.9486,      1.9123,      2.0318,      2.3209,      1.9491,      0.8198,      0.3335,      0.7444,      0.7283,      0.4937,      0.5942,      0.5942,      0.5942,      0.5942,      0.5942,      0.5942,      0.5942
Qscat          ,      0.5399,      0.5399,      0.5399,      0.5399,      0.5399,      0.5399,      0.5399,      0.5399,      0.5399,      0.5399,      0.5399,      0.4287,      0.4287,      0.4287,      0.4287,      0.4287,      0.4287,      0.4287,      0.4287,      0.4287,      0.4287,      0.4287,      0.4287,      0.2360,      0.2360,      0.2360,      0.2360,      0.2360,      0.2360,      0.2360,      0.2360,      0.2360,      0.2360,      0.1875,      0.1875,      0.1875,      0.1875,      0.1875,      0.1875,      0.1875,      0.1875,      0.1637,      0.1637,      0.1637,      0.1637,      0.1637,      0.1637,      0.1637,      0.1732,      0.1732,      0.1732,      0.1732,      0.1732,      0.1732,      0.1732,      0.1732,      0.1886,      0.1886,      0.1886,      0.1886,      0.1886,      0.1886,      0.2400,      0.2400,      0.2400,      0.2400,      0.2400,      0.2400,      0.1885,      0.1885,      0.1885,      0.1885,      0.1885,      0.2044,      0.2044,      0.2044,      0.2044,      0.2373,      0.2373,      0.2373,      0.2373,      0.2610,      0.2610,      0.2610,      0.2651,      0.2651,      0.3324,      0.3324,      0.3707,      0.4072,      0.4072,      0.4014,      0.3828,      0.3887,      0.4054,      0.4671,      0.5152,      0.5152,      0.4986,      0.4986,      0.4720,      0.4720,      0.5594,      0.5594,      0.7154,      0.8176,      0.8176,      0.8364,      0.9749,      0.9749,      0.8807,      0.8807,      0.7074,      0.7074,      0.6490,      0.7020,      0.7020,      0.8636,      0.8636,      0.9172,      0.8420,      0.8420,      0.8420,      0.8420,      0.7621,      0.7621,      0.7621,      0.6951,      0.6951,      0.6951,      0.6481,      0.6481,      0.6481,      0.6411,      0.6411,      0.6411,      0.6563,      0.6563,      0.6563,      0.6668,      0.6668,      0.6668,      0.6730,      0.6730,      0.6730,      0.6939,      0.6939,      0.7358,      0.7358,      0.7761,      0.7841,      0.7841,      0.7593,      0.7593,      0.7442,      0.7908,      0.8523,      1.1409,      1.2143,      1.0370,      0.9049,      1.0818,      1.1079,      1.1288,      1.3510,      1.7363,      2.0210,      1.7649,      0.8197,      0.3335,      0.7443,      0.7282,      0.4937,      0.5941,      0.5941,      0.5941,      0.5941,      0.5941,      0.5941,      0.5941
G factor       ,      0.4330,      0.4330,      0.4330,      0.4330,      0.4330,      0.4330,      0.4330,      0.4330,      0.4330,      0.4330,      0.4330,      0.3930,      0.3930,      0.3930,      0.3930,      0.3930,      0.3930,      0.3930,      0.3930,      0.3930,      0.3930,      0.3930,      0.3930,      0.2800,      0.2800,      0.2800,      0.2800,      0.2800,      0.2800,      0.2800,      0.2800,      0.2800,      0.2800,      0.2550,      0.2550,      0.2550,      0.2550,      0.2550,      0.2550,      0.2550,      0.2550,      0.2590,      0.2590,      0.2590,      0.2590,      0.2590,      0.2590,      0.2590,      0.2870,      0.2870,      0.2870,      0.2870,      0.2870,      0.2870,      0.2870,      0.2870,      0.3190,      0.3190,      0.3190,      0.3190,      0.3190,      0.3190,      0.2580,      0.2580,      0.2580,      0.2580,      0.2580,      0.2580,      0.2720,      0.2720,      0.2720,      0.2720,      0.2720,      0.2730,      0.2730,      0.2730,      0.2730,      0.2950,      0.2950,      0.2950,      0.2950,      0.2780,      0.2780,      0.2780,      0.2430,      0.2430,      0.1960,      0.1960,      0.2180,      0.2610,      0.2610,      0.2880,      0.2440,      0.2690,      0.2310,      0.1870,      0.1720,      0.1720,      0.1840,      0.1840,      0.1610,      0.1610,      0.1860,      0.1860,      0.2940,      0.3180,      0.3180,      0.3250,      0.3410,      0.3410,      0.3240,      0.3240,      0.2640,      0.2640,      0.2130,      0.2280,      0.2280,      0.2690,      0.2690,      0.2920,      0.2920,      0.2920,      0.2920,      0.2920,      0.2840,      0.2840,      0.2840,      0.2630,      0.2630,      0.2630,      0.2360,      0.2360,      0.2360,      0.2120,      0.2120,      0.2120,      0.1840,      0.1840,      0.1840,      0.1510,      0.1510,      0.1510,      0.1280,      0.1280,      0.1280,      0.1300,      0.1300,      0.1450,      0.1450,      0.1540,      0.1490,      0.1490,      0.1330,      0.1330,      0.1150,      0.1030,      0.1030,      0.1160,      0.0900,     -0.0060,     -0.0480,      0.0530,      0.1260,      0.1570,      0.1850,      0.1740,      0.1240,      0.0880,      0.0730,      0.0540,      0.0220,     -0.0310,     -0.1060,     -0.0830,     -0.0830,     -0.0830,     -0.0830,     -0.0830,     -0.0830,     -0.0830
================
P [mbar]       ,    0.1004,    0.1015,    0.1034,    0.1069,    0.1130,    0.1239,    0.1432,    0.1740,    0.2226,    0.3028,    0.4349,    0.6529,    1.0121,    1.6044,    2.4646,    3.4606,    4.3994,    5.2226,    5.8426,    6.2132,    6.3980,    6.4686,    6.5039,    6.5168
Temp initial[K],  155.0000,  155.0000,  155.0000,  155.0000,  155.0000,  155.0000,  155.0000,  155.0000,  155.0000,  155.0000,  155.0000,  155.0000,  158.8233,  165.4041,  173.2716,  181.4436,  190.2788,  198.8130,  204.5783,  207.8249,  209.4219,  210.0497,  210.3719,  210.4891
================
it   ,   tau    ,  Tsfc    ,   alb    ,   OLR    ,    ASR   ,  NET top ,  NET bot , T lev  01, T lev  02, T lev  03, T lev  04, T lev  05, T lev  06, T lev  07, T lev  08, T lev  09, T lev  10, T lev  11, T lev  12, T lev  13, T lev  14, T lev  15, T lev  16, T lev  17, T lev  18, T lev  19, T lev  20, T lev  21, T lev  22, T lev  23, T lev  24, T lev  25,  OLR IR01,  OLR IR02,  OLR IR03,  OLR IR04,  OLR IR05,  OLR IR06,  OLR IR07,  OLR IR08,  OLR IR09,  OLR IR10,  OLR IR11,  OLR IR12,  OLR IR13,  OLR IR14,  OLR IR15,  OLR IR16,  OLR IR17,  OLR IR18,  OLR IR19,  OLR IR20,  OLR IR21,  OLR IR22,  OLR IR23,  OLR IR24,  OLR IR25,  OLR IR26,  OLR IR27,  OLR IR28,  OLR IR29,  OLR IR30,  OLR IR31,  OLR IR32,  OLR IR33,  OLR IR34,  OLR IR35,  OLR IR36,  OLR IR37,  OLR IR38,  OLR IR39,  OLR IR40,  OLR IR41,  OLR IR42,  OLR IR43,  OLR IR44,  OLR IR45,  OLR IR46,  OLR IR47,  OLR IR48,  OLR IR49,  OLR IR50,  OLR IR51,  OLR IR52,  OLR IR53,  OLR IR54,  OLR IR55,  OLR IR56,  OLR IR57,  OLR IR58,  OLR IR59,  OLR IR60,  OLR IR61,  OLR IR62,  OLR IR63,  OLR IR64,  OLR IR65,  OLR IR66,  OLR IR67,  OLR IR68,  OLR IR69,  OLR IR70,  OLR IR71,  OLR IR72,  OLR IR73,  OLR IR74,  OLR IR75,  OLR IR76,  OLR IR77,  OLR IR78,  OLR IR79,  OLR IR80,  OLR IR81,  OLR IR82,  OLR IR83,  OLR IR84,  OLR IR85,  OLR IR86,  OLR IR87,  OLR IR88,  OLR IR89,  OLR IR90,  OLR IR91,  OLR IR92,  OLR IR93,  OLR IR94,  OLR IR95,  OLR IR96, ASR VIS01, ASR VIS02, ASR VIS03, ASR VIS04, ASR VIS05, ASR VIS06, ASR VIS07, ASR VIS08, ASR VIS09, ASR VIS10, ASR VIS11, ASR VIS12, ASR VIS13, ASR VIS14, ASR VIS15, ASR VIS16, ASR VIS17, ASR VIS18, ASR VIS19, ASR VIS20, ASR VIS21, ASR VIS22, ASR VIS23, ASR VIS24, ASR VIS25, ASR VIS26, ASR VIS27, ASR VIS28, ASR VIS29, ASR VIS30, ASR VIS31, ASR VIS32, ASR VIS33, ASR VIS34, ASR VIS35, ASR VIS36, ASR VIS37, ASR VIS38, ASR VIS39, ASR VIS40, ASR VIS41, ASR VIS42, ASR VIS43, ASR VIS44, ASR VIS45, ASR VIS46, ASR VIS47, ASR VIS48, ASR VIS49, ASR VIS50, ASR VIS51, ASR VIS52, ASR VIS53, ASR VIS54, ASR VIS55, ASR VIS56, ASR VIS57, ASR VIS58, ASR VIS59, ASR VIS60, ASR VIS61, ASR VIS62, ASR VIS63, ASR VIS64, ASR VIS65, ASR VIS66, ASR VIS67, ASR VIS68, ASR VIS69, ASR VIS70, ASR VIS71, ASR VIS72, ASR VIS73, ASR VIS74, ASR VIS75, ASR VIS76, ASR VIS77, ASR VIS78, ASR VIS79, ASR VIS80, ASR VIS81, ASR VIS82, ASR VIS83, ASR VIS84, SFC DIR01, SFC DIR02, SFC DIR03, SFC DIR04, SFC DIR05, SFC DIR06, SFC DIR07, SFC DIR08, SFC DIR09, SFC DIR10, SFC DIR11, SFC DIR12, SFC DIR13, SFC DIR14, SFC DIR15, SFC DIR16, SFC DIR17, SFC DIR18, SFC DIR19, SFC DIR20, SFC DIR21, SFC DIR22, SFC DIR23, SFC DIR24, SFC DIR25, SFC DIR26, SFC DIR27, SFC DIR28, SFC DIR29, SFC DIR30, SFC DIR31, SFC DIR32, SFC DIR33, SFC DIR34, SFC DIR35, SFC DIR36, SFC DIR37, SFC DIR38, SFC DIR39, SFC DIR40, SFC DIR41, SFC DIR42, SFC DIR43, SFC DIR44, SFC DIR45, SFC DIR46, SFC DIR47, SFC DIR48, SFC DIR49, SFC DIR50, SFC DIR51, SFC DIR52, SFC DIR53, SFC DIR54, SFC DIR55, SFC DIR56, SFC DIR57, SFC DIR58, SFC DIR59, SFC DIR60, SFC DIR61, SFC DIR62, SFC DIR63, SFC DIR64, SFC DIR65, SFC DIR66, SFC DIR67, SFC DIR68, SFC DIR69, SFC DIR70, SFC DIR71, SFC DIR72, SFC DIR73, SFC DIR74, SFC DIR75, SFC DIR76, SFC DIR77, SFC DIR78, SFC DIR79, SFC DIR80, SFC DIR81, SFC DIR82, SFC DIR83, SFC DIR84, SFC DIR85, SFC DIR86, SFC DIR87, SFC DIR88, SFC DIR89, SFC DIR90, SFC DIR91, SFC DIR92, SFC DIR93, SFC DIR94, SFC DIR95, SFC DIR96,SFC DVIS01,SFC DVIS02,SFC DVIS03,SFC DVIS04,SFC DVIS05,SFC DVIS06,SFC DVIS07,SFC DVIS08,SFC DVIS09,SFC DVIS10,SFC DVIS11,SFC DVIS12,SFC DVIS13,SFC DVIS14,SFC DVIS15,SFC DVIS16,SFC DVIS17,SFC DVIS18,SFC DVIS19,SFC DVIS20,SFC DVIS21,SFC DVIS22,SFC DVIS23,SFC DVIS24,SFC DVIS25,SFC DVIS26,SFC DVIS27,SFC DVIS28,SFC DVIS29,SFC DVIS30,SFC DVIS31,SFC DVIS32,SFC DVIS33,SFC DVIS34,SFC DVIS35,SFC DVIS36,SFC DVIS37,SFC DVIS38,SFC DVIS39,SFC DVIS40,SFC DVIS41,SFC DVIS42,SFC DVIS43,SFC DVIS44,SFC DVIS45,SFC DVIS46,SFC DVIS47,SFC DVIS48,SFC DVIS49,SFC DVIS50,SFC DVIS51,SFC DVIS52,SFC DVIS53,SFC DVIS54,SFC DVIS55,SFC DVIS56,SFC DVIS57,SFC DVIS58,SFC DVIS59,SFC DVIS60,SFC DVIS61,SFC DVIS62,SFC DVIS63,SFC DVIS64,SFC DVIS65,SFC DVIS66,SFC DVIS67,SFC DVIS68,SFC DVIS69,SFC DVIS70,SFC DVIS71,SFC DVIS72,SFC DVIS73,SFC DVIS74,SFC DVIS75,SFC DVIS76,SFC DVIS77,SFC DVIS78,SFC DVIS79,SFC DVIS80,SFC DVIS81,SFC DVIS82,SFC DVIS83,SFC DVIS84
 1007,    0.0000,  218.8983,    0.2194,  117.0969,  115.8380,   -0.8625,   -0.7595,  158.4330,  155.0000,  155.0000,  155.0000,  155.0000,  155.0000,  155.0000,  155.0000,  155.0000,  155.0000,  155.0000,  155.0000,  155.0000,  158.8202,  165.3996,  173.2672,  181.4393,  190.2764,  198.8104,  204.5754,  207.8212,  209.4182,  210.0462,  210.3680,  210.4855,    0.0676,    0.2556,    0.5389,    0.8888,    1.2804,    1.6928,    2.1082,    2.5121,    2.8933,    3.2429,    3.5544,    3.8241,    3.4712,    3.6087,    3.7179,    3.7987,    3.8530,    3.8815,    3.8866,    3.8696,    3.8324,    3.7775,    3.7019,    3.5964,    1.2424,    1.2267,    1.2047,    1.1662,    1.1137,    1.0481,    0.8756,    0.8393,    0.7711,    0.6138,    0.5638,    0.3590,    0.1995,    0.1649,    0.1438,    0.1375,    0.1329,    0.1277,    0.1258,    0.1235,    0.1245,    0.1364,    0.1735,    0.2440,    0.3730,    0.4452,    0.3502,    0.5089,    0.4971,    0.5051,    0.5244,    0.6000,    0.6202,    0.6335,    0.6351,    0.6285,    1.6842,    1.6087,    1.5504,    1.4822,    1.4116,    1.3421,    1.2748,    1.2087,    1.1452,    1.0819,    1.0194,    0.9639,    1.4270,    1.3066,    1.1824,    1.0659,    0.9702,    0.8860,    0.8005,    0.7221,    0.6504,    0.5836,    0.5141,    0.4584,    1.1328,    0.8012,    0.5722,    0.3992,    0.2764,    0.1901,    0.1299,    0.0861,    0.0569,    0.0365,    0.0240,    0.0175,    0.0899,    0.0485,    0.0757,    0.0853,    0.0957,    0.0892,    0.0975,    0.1095,    0.0962,    0.1325,    0.1172,    0.1283,    0.1417,    0.1155,    0.1679,    0.1865,    0.1530,    0.1811,    0.2062,    0.2231,    0.2234,    0.1500,    0.2398,    0.2531,    0.3109,    0.3324,    0.3440,    0.3658,    0.3756,    0.3936,    0.3989,    0.4549,    0.4935,    0.4704,    0.4844,    0.4940,    0.8433,    0.9209,    0.9662,    0.9986,    1.0221,    1.1068,    1.0376,    1.1056,    1.0799,    1.1314,    1.0731,    1.1504,    2.4777,    2.4439,    2.4989,    2.5383,    2.5642,    2.4625,    2.5489,    2.6139,    2.6670,    2.4800,    2.4441,    2.5380,    6.4157,    6.1123,    6.0433,    5.8603,    5.4132,    5.0767,    4.4565,    4.0997,    3.9404,    3.4535,    2.6528,    2.4637,    1.8993,    1.7458,    1.3311,    1.2705,    0.8565,    0.6215,    0.5021,    0.2015,    0.1776,    0.1261,    0.0437,    0.0355,    0.0000,    0.0000,    0.0000,    0.0000,    0.0000,    0.0000,    0.0000,    0.0000,    0.0000,    0.0000,    0.0000,    0.0000,    0.0000,    0.0000,    0.0000,    0.0000,    0.0000,    0.0000,    0.0000,    0.0001,    0.0002,    0.0007,    0.0108,    0.0490,    0.0110,    0.0180,    0.0344,    0.0771,    0.1397,    0.2137,    0.4309,    0.4495,    0.5119,    0.6671,    0.7005,    0.8672,    0.6959,    0.7036,    0.7106,    0.6982,    0.6956,    0.7186,    0.6761,    0.6645,    0.6491,    0.6306,    0.6025,    0.5551,    0.4721,    0.3712,    0.4491,    0.2585,    0.2602,    0.2432,    0.2110,    0.1067,    0.0696,    0.0377,    0.0207,    0.0150,    0.0329,    0.0299,    0.0085,    0.0020,    0.0004,    0.0004,    0.0002,    0.0011,    0.0019,    0.0049,    0.0091,    0.0081,    0.0085,    0.0012,    0.0075,    0.0141,    0.0089,    0.0000,    0.0000,    0.0000,    0.0000,    0.0008,    0.0066,    0.0072,    0.0065,    0.0059,    0.0000,    0.0000,    0.0000,    0.0000,    0.0000,    0.0009,    0.0011,    0.0014,    0.0012,    0.0002,    0.0266,    0.0000,    0.0608,    0.1075,    0.1214,    0.1110,    0.1245,    0.1386,    0.1233,    0.1698,    0.1501,    0.1645,    0.1808,    0.1468,    0.2123,    0.2321,    0.1900,    0.1318,    0.0189,    0.0386,    0.1649,    0.1902,    0.3067,    0.3223,    0.3984,    0.4260,    0.4410,    0.4686,    0.4799,    0.4920,    0.4648,    0.4226,    0.3741,    0.4433,    0.6104,    0.6178,    1.0805,    1.1804,    1.2359,    1.2564,    1.2364,    1.3694,    1.3136,    1.3975,    1.2854,    1.4503,    1.3718,    1.4606,    3.1621,    3.0885,    3.2030,    3.2531,    3.2748,    3.1568,    3.2678,    3.3511,    3.4192,    3.1776,    3.1334,    3.2539,    8.2247,    7.8363,    7.7478,    7.5132,    6.9399,    6.5086,    5.7135,    5.2561,    5.0518,    4.4276,    3.4010,    3.1586,    2.4350,    2.2382,    1.7066,    1.6288,    1.0981,    0.7968,    0.6438,    0.2584,    0.2277,    0.1616,    0.0560,    0.0455
  837,    0.0500,  220.3984,    0.1970,  120.5901,  119.1517,   -0.9215,   -0.7927,  158.4330,  165.9583,  166.7438,  167.6604,  168.8939,  169.6929,  170.6023,  171.7032,  172.9995,  174.5982,  176.9973,  180.5107,  185.6938,  192.4988,  200.5311,  207.7127,  212.9577,  216.3379,  218.4984,  219.6854,  220.1961,  220.3718,  220.3783,  220.3832,  220.4358,    0.0666,    0.2517,    0.5310,    0.8763,    1.2633,    1.6713,    2.0829,    2.4925,    2.8519,    3.2016,    3.5646,    3.7773,    3.3268,    3.4395,    3.5868,    3.7015,    3.7672,    3.8061,    3.8240,    3.8206,    3.7719,    3.7112,    3.6444,    3.5624,    1.2300,    1.2160,    1.1986,    1.1716,    1.1408,    1.1048,    1.0102,    1.0022,    0.9608,    0.8448,    0.8403,    0.6953,    0.4493,    0.3847,    0.3221,    0.3109,    0.2914,    0.2493,    0.2831,    0.2853,    0.3017,    0.3371,    0.3967,    0.4581,    0.5555,    0.5917,    0.5079,    0.6146,    0.6062,    0.6003,    0.5989,    0.6352,    0.6376,    0.6404,    0.6371,    0.6291,    1.6850,    1.6120,    1.5473,    1.4831,    1.4132,    1.3513,    1.2862,    1.2203,    1.1474,    1.0853,    1.0236,    0.9687,    1.4398,    1.3125,    1.1906,    1.0812,    0.9811,    0.8947,    0.8057,    0.7273,    0.6531,    0.5870,    0.5211,    0.4667,    1.1469,    0.8148,    0.5773,    0.4036,    0.2773,    0.1916,    0.1312,    0.0880,    0.0593,    0.0389,    0.0258,    0.0182,    0.0911,    0.0480,    0.0782,    0.0897,    0.1006,    0.0936,    0.1025,    0.1144,    0.1006,    0.1384,    0.1224,    0.1339,    0.1478,    0.1205,    0.1752,    0.1945,    0.1597,    0.1861,    0.2063,    0.2237,    0.2296,    0.1564,    0.2509,    0.2649,    0.3254,    0.3478,    0.3600,    0.3828,    0.3904,    0.4089,    0.4143,    0.4675,    0.5043,    0.4835,    0.5036,    0.5131,    0.8748,    0.9553,    1.0023,    1.0356,    1.0584,    1.1470,    1.0762,    1.1410,    1.1114,    1.1676,    1.1074,    1.1870,    2.5568,    2.5215,    2.5788,    2.6145,    2.6409,    2.5365,    2.6254,    2.6923,    2.7470,    2.5543,    2.5175,    2.6142,    6.6084,    6.2755,    6.2047,    6.0169,    5.5579,    5.2126,    4.5760,    4.2098,    4.0464,    3.5466,    2.7244,    2.5304,    1.9510,    1.7666,    1.3471,    1.2859,    0.8671,    0.6293,    0.5085,    0.2041,    0.1799,    0.1278,    0.0443,    0.0360,    0.0016,    0.0059,    0.0125,    0.0207,    0.0298,    0.0395,    0.0492,    0.0500,    0.0786,    0.0856,    0.0413,    0.1054,    0.2357,    0.2889,    0.2556,    0.2789,    0.3214,    0.2510,    0.1438,    0.1333,    0.1600,    0.1774,    0.2350,    0.3705,    0.1253,    0.1462,    0.1748,    0.2541,    0.3468,    0.4491,    0.7333,    0.7512,    0.8262,    0.9576,    1.0021,    1.1130,    0.8543,    0.8462,    0.8373,    0.8277,    0.8183,    0.8084,    0.7991,    0.7894,    0.7797,    0.7694,    0.7578,    0.7389,    0.7124,    0.6097,    0.6549,    0.4633,    0.4665,    0.4529,    0.3962,    0.2510,    0.1951,    0.1323,    0.0983,    0.0863,    0.2073,    0.1890,    0.1413,    0.1172,    0.1050,    0.0817,    0.0704,    0.0697,    0.0901,    0.0918,    0.0968,    0.0885,    0.1139,    0.1014,    0.1075,    0.1073,    0.0959,    0.0647,    0.0672,    0.0604,    0.0590,    0.0553,    0.0630,    0.0581,    0.1170,    0.0868,    0.0545,    0.0375,    0.0301,    0.0195,    0.0132,    0.0112,    0.0083,    0.0073,    0.0054,    0.0021,    0.0206,    0.0000,    0.0527,    0.0947,    0.1071,    0.0979,    0.1099,    0.1243,    0.1106,    0.1524,    0.1347,    0.1484,    0.1629,    0.1322,    0.1910,    0.2086,    0.1693,    0.1104,    0.0134,    0.0298,    0.1434,    0.1709,    0.2748,    0.2885,    0.3571,    0.3819,    0.3953,    0.4200,    0.4371,    0.4474,    0.4172,    0.3793,    0.3343,    0.3992,    0.5539,    0.5619,    0.9894,    1.0809,    1.1317,    1.1485,    1.1281,    1.2510,    1.2014,    1.2905,    1.1864,    1.3416,    1.2686,    1.3501,    2.9242,    2.8538,    2.9629,    3.0134,    3.0331,    2.9242,    3.0271,    3.1043,    3.1673,    2.9436,    2.9026,    3.0142,    7.6189,    7.2459,    7.1640,    6.9471,    6.4170,    6.0181,    5.2828,    4.8598,    4.6709,    4.0937,    3.1445,    2.9204,    2.2513,    2.1264,    1.6213,    1.5474,    1.0432,    0.7570,    0.6116,    0.2454,    0.2163,    0.1536,    0.0532,    0.0433
  768,    0.1000,  221.3982,    0.1778,  123.6115,  121.9963,   -0.9511,   -0.8295,  158.4330,  175.8460,  176.6900,  177.6458,  178.8868,  179.8973,  181.2034,  182.8015,  184.5102,  186.6475,  189.4994,  193.3796,  198.6976,  205.6719,  213.3776,  219.6698,  223.7618,  225.9902,  226.8976,  226.6552,  225.6953,  224.4040,  223.5699,  222.7251,  222.4094,    0.0654,    0.2474,    0.5220,    0.8618,    1.2428,    1.6450,    2.0511,    2.4639,    2.8009,    3.1485,    3.5578,    3.7146,    3.1940,    3.2948,    3.4713,    3.6324,    3.7260,    3.7512,    3.7410,    3.7492,    3.6952,    3.6332,    3.5959,    3.5739,    1.2369,    1.2285,    1.2156,    1.2007,    1.1840,    1.1654,    1.1148,    1.1161,    1.0875,    0.9890,    1.0006,    0.8751,    0.5880,    0.5184,    0.4455,    0.4360,    0.4102,    0.3503,    0.4013,    0.4042,    0.4230,    0.4607,    0.5228,    0.5805,    0.6753,    0.6967,    0.6142,    0.6974,    0.6910,    0.6811,    0.6683,    0.6814,    0.6725,    0.6642,    0.6551,    0.6451,    1.7219,    1.6481,    1.5754,    1.5123,    1.4407,    1.3758,    1.3079,    1.2423,    1.1716,    1.1103,    1.0484,    0.9922,    1.4759,    1.3475,    1.2272,    1.1202,    1.0194,    0.9253,    0.8387,    0.7579,    0.6827,    0.6150,    0.5501,    0.4939,    1.2114,    0.8676,    0.6159,    0.4321,    0.2998,    0.2075,    0.1426,    0.0970,    0.0659,    0.0442,    0.0297,    0.0204,    0.0914,    0.0476,    0.0799,    0.0931,    0.1045,    0.0971,    0.1064,    0.1184,    0.1041,    0.1433,    0.1267,    0.1385,    0.1529,    0.1246,    0.1811,    0.2010,    0.1648,    0.1889,    0.2058,    0.2235,    0.2338,    0.1616,    0.2600,    0.2744,    0.3372,    0.3604,    0.3730,    0.3966,    0.4028,    0.4216,    0.4262,    0.4772,    0.5122,    0.4937,    0.5194,    0.5290,    0.9016,    0.9846,    1.0328,    1.0666,    1.0885,    1.1805,    1.1086,    1.1712,    1.1383,    1.1990,    1.1370,    1.2185,    2.6250,    2.5881,    2.6480,    2.6805,    2.7073,    2.6005,    2.6917,    2.7604,    2.8164,    2.6188,    2.5811,    2.6803,    6.7754,    6.4166,    6.3443,    6.1524,    5.6833,    5.3303,    4.6795,    4.3052,    4.1382,    3.6273,    2.7866,    2.5884,    1.9958,    1.7858,    1.3619,    1.3001,    0.8768,    0.6365,    0.5144,    0.2065,    0.1821,    0.1294,    0.0449,    0.0365,    0.0031,    0.0117,    0.0247,    0.0407,    0.0587,    0.0777,    0.0969,    0.0988,    0.1544,    0.1683,    0.0824,    0.2073,    0.4598,    0.5650,    0.5078,    0.5714,    0.6692,    0.5200,    0.2814,    0.2616,    0.3176,    0.3540,    0.4695,    0.7115,    0.2508,    0.2824,    0.3148,    0.4069,    0.5035,    0.6096,    0.8970,    0.9101,    0.9850,    1.0888,    1.1360,    1.2078,    0.9105,    0.8930,    0.8748,    0.8654,    0.8537,    0.8357,    0.8344,    0.8259,    0.8191,    0.8144,    0.8143,    0.8108,    0.8184,    0.7289,    0.7490,    0.5826,    0.5852,    0.5746,    0.5088,    0.3588,    0.2987,    0.2208,    0.1795,    0.1643,    0.4042,    0.3723,    0.3080,    0.2686,    0.2461,    0.1917,    0.1649,    0.1613,    0.2076,    0.2056,    0.2078,    0.1917,    0.2524,    0.2432,    0.2429,    0.2269,    0.2143,    0.1635,    0.1724,    0.1559,    0.1530,    0.1414,    0.1467,    0.1336,    0.2943,    0.2194,    0.1534,    0.1076,    0.0874,    0.0579,    0.0399,    0.0305,    0.0210,    0.0168,    0.0119,    0.0060,    0.0171,    0.0000,    0.0461,    0.0835,    0.0945,    0.0864,    0.0970,    0.1116,    0.0993,    0.1368,    0.1209,    0.1338,    0.1468,    0.1192,    0.1720,    0.1878,    0.1518,    0.0960,    0.0110,    0.0251,    0.1266,    0.1537,    0.2463,    0.2584,    0.3200,    0.3423,    0.3543,    0.3765,    0.3983,    0.4073,    0.3776,    0.3432,    0.3020,    0.3618,    0.5038,    0.5115,    0.9060,    0.9898,    1.0364,    1.0509,    1.0313,    1.1444,    1.0996,    1.1928,    1.0963,    1.2410,    1.1734,    1.2486,    2.7047,    2.6385,    2.7408,    2.7915,    2.8095,    2.7087,    2.8041,    2.8756,    2.9340,    2.7267,    2.6888,    2.7922,    7.0577,    6.7003,    6.6247,    6.4241,    5.9338,    5.5650,    4.8851,    4.4940,    4.3193,    3.7855,    2.9078,    2.7005,    2.0818,    2.0206,    1.5406,    1.4704,    0.9913,    0.7194,    0.5812,    0.2332,    0.2056,    0.1459,    0.0506,    0.0411
  715,    0.1500,  222.2969,    0.1613,  126.1785,  124.4447,   -0.9494,   -0.8483,  158.4330,  182.3704,  183.2101,  184.2008,  185.4948,  186.6937,  188.1995,  190.0011,  191.9947,  194.2987,  197.2988,  201.2972,  206.5956,  213.2814,  220.3525,  225.8981,  229.2945,  230.8996,  231.2976,  230.4955,  228.9838,  227.0010,  225.6706,  224.4173,  223.9667,    0.0642,    0.2430,    0.5131,    0.8474,    1.2225,    1.6188,    2.0193,    2.4345,    2.7503,    3.0953,    3.5480,    3.6517,    3.0784,    3.1749,    3.3741,    3.5831,    3.7083,    3.7126,    3.6589,    3.6774,    3.6216,    3.5606,    3.5588,    3.6021,    1.2507,    1.2476,    1.2375,    1.2300,    1.2206,    1.2113,    1.1848,    1.1896,    1.1683,    1.0811,    1.1002,    0.9887,    0.6793,    0.6097,    0.5333,    0.5260,    0.4966,    0.4258,    0.4874,    0.4905,    0.5095,    0.5461,    0.6065,    0.6592,    0.7517,    0.7653,    0.6850,    0.7543,    0.7488,    0.7371,    0.7185,    0.7192,    0.7040,    0.6887,    0.6761,    0.6649,    1.7694,    1.6946,    1.6163,    1.5539,    1.4805,    1.4090,    1.3369,    1.2712,    1.2061,    1.1449,    1.0819,    1.0241,    1.5233,    1.3968,    1.2764,    1.1680,    1.0683,    0.9674,    0.8845,    0.8005,    0.7242,    0.6538,    0.5883,    0.5293,    1.2992,    0.9384,    0.6704,    0.4726,    0.3324,    0.2306,    0.1594,    0.1095,    0.0748,    0.0508,    0.0345,    0.0234,    0.0916,    0.0473,    0.0813,    0.0958,    0.1075,    0.0999,    0.1096,    0.1216,    0.1070,    0.1473,    0.1303,    0.1423,    0.1571,    0.1279,    0.1860,    0.2063,    0.1690,    0.1909,    0.2054,    0.2233,    0.2370,    0.1658,    0.2674,    0.2822,    0.3468,    0.3707,    0.3837,    0.4079,    0.4132,    0.4323,    0.4358,    0.4851,    0.5185,    0.5020,    0.5326,    0.5423,    0.9242,    1.0094,    1.0587,    1.0928,    1.1138,    1.2089,    1.1360,    1.1972,    1.1614,    1.2260,    1.1626,    1.2457,    2.6839,    2.6455,    2.7077,    2.7377,    2.7648,    2.6560,    2.7492,    2.8193,    2.8766,    2.6747,    2.6362,    2.7376,    6.9202,    6.5385,    6.4650,    6.2696,    5.7916,    5.4320,    4.7689,    4.3876,    4.2177,    3.6971,    2.8404,    2.6385,    2.0347,    1.8033,    1.3754,    1.3132,    0.8857,    0.6431,    0.5198,    0.2088,    0.1841,    0.1308,    0.0454,    0.0369,    0.0046,    0.0172,    0.0364,    0.0601,    0.0866,    0.1147,    0.1431,    0.1464,    0.2274,    0.2482,    0.1233,    0.3056,    0.6680,    0.8206,    0.7463,    0.8538,    1.0058,    0.7833,    0.4129,    0.3849,    0.4698,    0.5244,    0.6977,    1.0381,    0.3715,    0.4109,    0.4431,    0.5376,    0.6289,    0.7318,    1.0059,    1.0137,    1.0856,    1.1698,    1.2168,    1.2656,    0.9469,    0.9244,    0.9010,    0.8918,    0.8788,    0.8562,    0.8595,    0.8516,    0.8464,    0.8446,    0.8506,    0.8545,    0.8811,    0.8034,    0.8081,    0.6644,    0.6659,    0.6567,    0.5885,    0.4433,    0.3836,    0.2995,    0.2554,    0.2385,    0.5960,    0.5535,    0.4784,    0.4256,    0.3945,    0.3088,    0.2663,    0.2589,    0.3309,    0.3242,    0.3220,    0.2992,    0.3984,    0.3957,    0.3861,    0.3512,    0.3390,    0.2728,    0.2885,    0.2617,    0.2569,    0.2362,    0.2371,    0.2155,    0.4920,    0.3685,    0.2676,    0.1897,    0.1545,    0.1036,    0.0722,    0.0533,    0.0362,    0.0276,    0.0192,    0.0108,    0.0146,    0.0000,    0.0404,    0.0736,    0.0834,    0.0762,    0.0856,    0.1001,    0.0891,    0.1228,    0.1085,    0.1206,    0.1323,    0.1075,    0.1550,    0.1692,    0.1363,    0.0848,    0.0094,    0.0217,    0.1126,    0.1383,    0.2207,    0.2316,    0.2869,    0.3068,    0.3176,    0.3375,    0.3629,    0.3710,    0.3428,    0.3115,    0.2739,    0.3287,    0.4587,    0.4659,    0.8297,    0.9064,    0.9490,    0.9619,    0.9436,    1.0474,    1.0066,    1.1028,    1.0135,    1.1480,    1.0854,    1.1548,    2.5018,    2.4400,    2.5354,    2.5859,    2.6025,    2.5092,    2.5976,    2.6638,    2.7179,    2.5259,    2.4908,    2.5865,    6.5378,    6.1963,    6.1263,    5.9408,    5.4874,    5.1463,    4.5176,    4.1559,    3.9944,    3.5008,    2.6891,    2.4974,    1.9252,    1.9203,    1.4641,    1.3974,    0.9422,    0.6837,    0.5524,    0.2217,    0.1954,    0.1387,    0.0481,    0.0391
  680,    0.2000,  223.0986,    0.1471,  128.3385,  126.5539,   -0.8932,   -0.7791,  158.4330,  187.3200,  188.1946,  189.2093,  190.4901,  191.8012,  193.3986,  195.2947,  197.4033,  199.8986,  202.9521,  206.8969,  212.0004,  218.3013,  224.8282,  229.7815,  232.5999,  233.8951,  233.9962,  232.9888,  231.1274,  228.8775,  227.2904,  225.6930,  225.2197,    0.0631,    0.2388,    0.5042,    0.8331,    1.2023,    1.5926,    1.9874,    2.4044,    2.7000,    3.0420,    3.5351,    3.5884,    2.9762,    3.0731,    3.2901,    3.5457,    3.7025,    3.6830,    3.5775,    3.6052,    3.5499,    3.4913,    3.5273,    3.6352,    1.2663,    1.2680,    1.2595,    1.2565,    1.2505,    1.2466,    1.2344,    1.2403,    1.2238,    1.1455,    1.1682,    1.0682,    0.7451,    0.6774,    0.6004,    0.5950,    0.5637,    0.4866,    0.5543,    0.5570,    0.5753,    0.6098,    0.6673,    0.7148,    0.8048,    0.8135,    0.7361,    0.7957,    0.7905,    0.7778,    0.7561,    0.7497,    0.7308,    0.7112,    0.6965,    0.6845,    1.8179,    1.7421,    1.6602,    1.5981,    1.5232,    1.4442,    1.3674,    1.3013,    1.2430,    1.1815,    1.1169,    1.0577,    1.5729,    1.4497,    1.3280,    1.2167,    1.1188,    1.0123,    0.9331,    0.8457,    0.7683,    0.6949,    0.6280,    0.5661,    1.3918,    1.0126,    0.7285,    0.5160,    0.3671,    0.2555,    0.1775,    0.1228,    0.0842,    0.0577,    0.0394,    0.0267,    0.0918,    0.0471,    0.0823,    0.0979,    0.1099,    0.1021,    0.1120,    0.1243,    0.1094,    0.1506,    0.1331,    0.1455,    0.1605,    0.1307,    0.1900,    0.2106,    0.1724,    0.1924,    0.2051,    0.2230,    0.2394,    0.1693,    0.2734,    0.2885,    0.3546,    0.3790,    0.3923,    0.4171,    0.4220,    0.4412,    0.4438,    0.4915,    0.5238,    0.5089,    0.5436,    0.5535,    0.9435,    1.0304,    1.0807,    1.1149,    1.1351,    1.2328,    1.1593,    1.2196,    1.1813,    1.2494,    1.1847,    1.2691,    2.7348,    2.6950,    2.7594,    2.7872,    2.8146,    2.7041,    2.7990,    2.8704,    2.9287,    2.7231,    2.6840,    2.7872,    7.0457,    6.6439,    6.5692,    6.3708,    5.8852,    5.5199,    4.8462,    4.4589,    4.2864,    3.7575,    2.8870,    2.6819,    2.0683,    1.8193,    1.3877,    1.3251,    0.8939,    0.6491,    0.5248,    0.2108,    0.1860,    0.1322,    0.0459,    0.0373,    0.0060,    0.0226,    0.0476,    0.0787,    0.1136,    0.1505,    0.1878,    0.1928,    0.2977,    0.3252,    0.1638,    0.4004,    0.8610,    1.0559,    0.9696,    1.1209,    1.3226,    1.0355,    0.5383,    0.5030,    0.6157,    0.6873,    0.9161,    1.3445,    0.4847,    0.5297,    0.5597,    0.6519,    0.7341,    0.8313,    1.0869,    1.0897,    1.1577,    1.2273,    1.2728,    1.3069,    0.9744,    0.9493,    0.9228,    0.9138,    0.8999,    0.8740,    0.8805,    0.8730,    0.8689,    0.8686,    0.8778,    0.8855,    0.9238,    0.8559,    0.8506,    0.7260,    0.7265,    0.7176,    0.6501,    0.5130,    0.4552,    0.3696,    0.3250,    0.3073,    0.7767,    0.7257,    0.6435,    0.5790,    0.5408,    0.4259,    0.3684,    0.3569,    0.4523,    0.4406,    0.4335,    0.4047,    0.5433,    0.5476,    0.5273,    0.4732,    0.4616,    0.3832,    0.4045,    0.3677,    0.3603,    0.3306,    0.3262,    0.2963,    0.6901,    0.5183,    0.3833,    0.2736,    0.2222,    0.1505,    0.1055,    0.0768,    0.0519,    0.0386,    0.0266,    0.0160,    0.0125,    0.0000,    0.0355,    0.0650,    0.0736,    0.0672,    0.0755,    0.0899,    0.0800,    0.1102,    0.0974,    0.1088,    0.1193,    0.0969,    0.1398,    0.1525,    0.1225,    0.0754,    0.0081,    0.0191,    0.1006,    0.1245,    0.1978,    0.2075,    0.2571,    0.2750,    0.2847,    0.3025,    0.3307,    0.3380,    0.3116,    0.2832,    0.2488,    0.2990,    0.4177,    0.4245,    0.7598,    0.8300,    0.8691,    0.8806,    0.8636,    0.9588,    0.9216,    1.0198,    0.9372,    1.0619,    1.0040,    1.0681,    2.3142,    2.2567,    2.3453,    2.3954,    2.4108,    2.3244,    2.4063,    2.4677,    2.5178,    2.3399,    2.3074,    2.3961,    6.0564,    5.7305,    5.6658,    5.4942,    5.0750,    4.7595,    4.1781,    3.8436,    3.6942,    3.2377,    2.4870,    2.3097,    1.7806,    1.8252,    1.3916,    1.3283,    0.8955,    0.6499,    0.5250,    0.2107,    0.1857,    0.1319,    0.0457,    0.0372
  504,    0.3000,  224.5980,    0.1242,  131.9555,  129.9397,   -0.9451,   -0.8384,  158.4330,  194.5384,  195.4564,  196.4925,  197.8001,  199.1884,  200.9041,  202.9971,  205.1947,  207.6980,  210.7844,  214.4942,  219.1989,  224.8002,  230.4004,  234.3961,  236.4990,  237.2728,  237.0988,  235.8952,  233.9940,  231.3936,  229.5946,  227.7770,  227.1661,    0.0609,    0.2307,    0.4874,    0.8058,    1.1637,    1.5425,    1.9261,    2.3455,    2.6044,    2.9403,    3.5071,    3.4676,    2.8078,    2.9155,    3.1573,    3.4990,    3.7148,    3.6465,    3.4258,    3.4690,    3.4199,    3.3690,    3.4823,    3.7093,    1.2999,    1.3088,    1.3015,    1.3027,    1.2980,    1.2992,    1.3012,    1.3062,    1.2954,    1.2311,    1.2563,    1.1754,    0.8371,    0.7744,    0.6998,    0.6971,    0.6639,    0.5799,    0.6542,    0.6562,    0.6723,    0.7020,    0.7526,    0.7908,    0.8749,    0.8776,    0.8068,    0.8532,    0.8479,    0.8337,    0.8099,    0.7967,    0.7741,    0.7508,    0.7342,    0.7215,    1.9120,    1.8348,    1.7487,    1.6871,    1.6098,    1.5161,    1.4302,    1.3631,    1.3179,    1.2550,    1.1867,    1.1251,    1.6723,    1.5564,    1.4302,    1.3113,    1.2166,    1.1019,    1.0282,    0.9342,    0.8539,    0.7744,    0.7035,    0.6358,    1.5700,    1.1545,    0.8398,    0.5996,    0.4326,    0.3030,    0.2123,    0.1481,    0.1022,    0.0706,    0.0485,    0.0332,    0.0918,    0.0467,    0.0837,    0.1009,    0.1133,    0.1052,    0.1156,    0.1282,    0.1129,    0.1554,    0.1374,    0.1502,    0.1656,    0.1349,    0.1960,    0.2171,    0.1774,    0.1944,    0.2044,    0.2225,    0.2429,    0.1744,    0.2823,    0.2978,    0.3662,    0.3914,    0.4052,    0.4307,    0.4355,    0.4549,    0.4560,    0.5014,    0.5316,    0.5194,    0.5605,    0.5707,    0.9736,    1.0633,    1.1152,    1.1496,    1.1685,    1.2703,    1.1957,    1.2556,    1.2133,    1.2871,    1.2203,    1.3069,    2.8168,    2.7747,    2.8426,    2.8674,    2.8952,    2.7819,    2.8795,    2.9530,    3.0130,    2.8015,    2.7613,    2.8675,    7.2487,    6.8135,    6.7372,    6.5338,    6.0360,    5.6616,    4.9709,    4.5739,    4.3972,    3.8549,    2.9621,    2.7520,    2.1227,    1.8473,    1.4093,    1.3460,    0.9082,    0.6597,    0.5335,    0.2144,    0.1892,    0.1345,    0.0467,    0.0381,    0.0086,    0.0327,    0.0691,    0.1142,    0.1649,    0.2186,    0.2730,    0.2821,    0.4307,    0.4715,    0.2437,    0.5804,    1.2072,    1.4739,    1.3747,    1.6071,    1.8920,    1.5016,    0.7732,    0.7259,    0.8898,    0.9922,    1.3224,    1.8960,    0.6873,    0.7386,    0.7620,    0.8440,    0.9053,    0.9890,    1.2036,    1.1981,    1.2576,    1.3062,    1.3477,    1.3641,    1.0149,    0.9873,    0.9577,    0.9489,    0.9341,    0.9045,    0.9146,    0.9075,    0.9043,    0.9055,    0.9175,    0.9283,    0.9794,    0.9267,    0.9094,    0.8154,    0.8138,    0.8044,    0.7419,    0.6235,    0.5709,    0.4893,    0.4467,    0.4287,    1.1009,    1.0371,    0.9465,    0.8633,    0.8139,    0.6498,    0.5658,    0.5460,    0.6794,    0.6575,    0.6401,    0.6015,    0.8176,    0.8333,    0.7908,    0.7010,    0.6892,    0.5928,    0.6203,    0.5654,    0.5510,    0.5045,    0.4882,    0.4437,    1.0562,    0.7954,    0.5976,    0.4301,    0.3453,    0.2372,    0.1676,    0.1204,    0.0815,    0.0591,    0.0404,    0.0259,    0.0095,    0.0000,    0.0274,    0.0506,    0.0573,    0.0524,    0.0588,    0.0724,    0.0645,    0.0888,    0.0785,    0.0885,    0.0970,    0.0788,    0.1136,    0.1239,    0.0991,    0.0603,    0.0063,    0.0151,    0.0807,    0.1010,    0.1590,    0.1667,    0.2066,    0.2210,    0.2288,    0.2431,    0.2747,    0.2806,    0.2580,    0.2345,    0.2059,    0.2478,    0.3466,    0.3524,    0.6372,    0.6961,    0.7289,    0.7383,    0.7237,    0.8037,    0.7728,    0.8724,    0.8017,    0.9087,    0.8591,    0.9139,    1.9804,    1.9308,    2.0071,    2.0558,    2.0690,    1.9949,    2.0652,    2.1178,    2.1608,    2.0082,    1.9803,    2.0564,    5.1978,    4.9027,    4.8474,    4.7006,    4.3420,    4.0721,    3.5746,    3.2885,    3.1607,    2.7701,    2.1279,    1.9762,    1.5235,    1.6493,    1.2576,    1.2003,    0.8093,    0.5873,    0.4746,    0.1905,    0.1679,    0.1192,    0.0413,    0.0336
  268,    0.4000,  225.7969,    0.1072,  134.6023,  132.4592,   -0.9250,   -0.7895,  158.4330,  199.6891,  200.5997,  201.6900,  202.9898,  204.4123,  206.2118,  208.3974,  210.5998,  213.0996,  215.9974,  219.5001,  223.8014,  228.8949,  233.6984,  237.0006,  238.6006,  239.0657,  238.6964,  237.4999,  235.5938,  233.0932,  231.1784,  229.2699,  228.5909,    0.0588,    0.2229,    0.4712,    0.7793,    1.1261,    1.4933,    1.8657,    2.2855,    2.5113,    2.8403,    3.4708,    3.3483,    2.6722,    2.7983,    3.0545,    3.4719,    3.7385,    3.6240,    3.2792,    3.3346,    3.2967,    3.2562,    3.4463,    3.7778,    1.3301,    1.3443,    1.3370,    1.3394,    1.3331,    1.3361,    1.3438,    1.3463,    1.3389,    1.2856,    1.3108,    1.2457,    0.8997,    0.8420,    0.7710,    0.7699,    0.7362,    0.6495,    0.7261,    0.7275,    0.7414,    0.7669,    0.8111,    0.8416,    0.9199,    0.9188,    0.8545,    0.8913,    0.8856,    0.8704,    0.8466,    0.8308,    0.8066,    0.7824,    0.7653,    0.7524,    1.9924,    1.9144,    1.8264,    1.7649,    1.6858,    1.5796,    1.4858,    1.4176,    1.3839,    1.3193,    1.2477,    1.1841,    1.7596,    1.6500,    1.5189,    1.3927,    1.3004,    1.1801,    1.1094,    1.0099,    0.9263,    0.8416,    0.7663,    0.6939,    1.7201,    1.2735,    0.9328,    0.6697,    0.4860,    0.3423,    0.2412,    0.1691,    0.1173,    0.0814,    0.0562,    0.0387,    0.0918,    0.0464,    0.0845,    0.1028,    0.1155,    0.1071,    0.1178,    0.1308,    0.1152,    0.1586,    0.1403,    0.1534,    0.1691,    0.1377,    0.2000,    0.2215,    0.1808,    0.1956,    0.2039,    0.2220,    0.2451,    0.1779,    0.2882,    0.3039,    0.3739,    0.3996,    0.4137,    0.4398,    0.4451,    0.4646,    0.4646,    0.5083,    0.5370,    0.5267,    0.5724,    0.5829,    0.9953,    1.0870,    1.1399,    1.1745,    1.1924,    1.2972,    1.2218,    1.2825,    1.2371,    1.3152,    1.2468,    1.3351,    2.8780,    2.8342,    2.9048,    2.9276,    2.9557,    2.8404,    2.9400,    3.0151,    3.0763,    2.8603,    2.8193,    2.9278,    7.4011,    6.9402,    6.8626,    6.6556,    6.1487,    5.7675,    5.0640,    4.6598,    4.4800,    3.9278,    3.0184,    2.8045,    2.1635,    1.8705,    1.4273,    1.3635,    0.9202,    0.6685,    0.5408,    0.2174,    0.1919,    0.1365,    0.0474,    0.0387,    0.0111,    0.0421,    0.0891,    0.1473,    0.2128,    0.2822,    0.3526,    0.3665,    0.5538,    0.6073,    0.3216,    0.7473,    1.5068,    1.8307,    1.7285,    2.0308,    2.3775,    1.9155,    0.9868,    0.9301,    1.1399,    1.2688,    1.6876,    2.3687,    0.8591,    0.9126,    0.9289,    0.9983,    1.0398,    1.1100,    1.2854,    1.2733,    1.3245,    1.3580,    1.3950,    1.4008,    1.0423,    1.0141,    0.9834,    0.9749,    0.9597,    0.9281,    0.9400,    0.9330,    0.9302,    0.9317,    0.9443,    0.9556,    1.0132,    0.9718,    0.9477,    0.8774,    0.8741,    0.8636,    0.8076,    0.7074,    0.6604,    0.5866,    0.5475,    0.5299,    1.3754,    1.3028,    1.2081,    1.1116,    1.0536,    0.8530,    0.7476,    0.7200,    0.8793,    0.8480,    0.8207,    0.7745,    1.0631,    1.0848,    1.0211,    0.9018,    0.8871,    0.7783,    0.8055,    0.7354,    0.7119,    0.6513,    0.6227,    0.5662,    1.3653,    1.0288,    0.7767,    0.5617,    0.4449,    0.3087,    0.2192,    0.1565,    0.1065,    0.0763,    0.0521,    0.0346,    0.0072,    0.0000,    0.0212,    0.0394,    0.0447,    0.0408,    0.0459,    0.0584,    0.0519,    0.0716,    0.0633,    0.0720,    0.0789,    0.0641,    0.0924,    0.1008,    0.0803,    0.0485,    0.0050,    0.0121,    0.0651,    0.0819,    0.1278,    0.1340,    0.1661,    0.1777,    0.1839,    0.1954,    0.2282,    0.2330,    0.2139,    0.1945,    0.1707,    0.2056,    0.2878,    0.2927,    0.5345,    0.5839,    0.6114,    0.6191,    0.6068,    0.6740,    0.6481,    0.7465,    0.6860,    0.7778,    0.7353,    0.7822,    1.6949,    1.6523,    1.7178,    1.7647,    1.7760,    1.7124,    1.7727,    1.8179,    1.8549,    1.7238,    1.6998,    1.7652,    4.4618,    4.1963,    4.1489,    4.0233,    3.7164,    3.4854,    3.0596,    2.8147,    2.7054,    2.3711,    1.8214,    1.6916,    1.3041,    1.4910,    1.1369,    1.0852,    0.7317,    0.5311,    0.4291,    0.1722,    0.1518,    0.1078,    0.0374,    0.0304
   94,    0.5000,  226.3921,    0.0945,  135.1334,  134.3372,    0.5331,   -0.9298,  158.4330,  203.2182,  204.1984,  205.2798,  206.6076,  208.0237,  209.8393,  211.9357,  214.1321,  216.5398,  219.2847,  222.5101,  226.5013,  231.0186,  235.2412,  237.9396,  239.1281,  239.3252,  238.8720,  237.7432,  236.0219,  233.6248,  231.8106,  229.8773,  229.1552,    0.0567,    0.2151,    0.4547,    0.7522,    1.0871,    1.4421,    1.8022,    2.2194,    2.4146,    2.7347,    3.4175,    3.2209,    2.5510,    2.6972,    2.9597,    3.4377,    3.7424,    3.5890,    3.1245,    3.1884,    3.1641,    3.1346,    3.3937,    3.8063,    1.3445,    1.3617,    1.3536,    1.3556,    1.3463,    1.3491,    1.3578,    1.3572,    1.3517,    1.3078,    1.3312,    1.2797,    0.9335,    0.8813,    0.8156,    0.8153,    0.7823,    0.6969,    0.7718,    0.7723,    0.7836,    0.8049,    0.8427,    0.8665,    0.9387,    0.9349,    0.8772,    0.9062,    0.9000,    0.8841,    0.8615,    0.8451,    0.8207,    0.7975,    0.7809,    0.7681,    2.0340,    1.9560,    1.8682,    1.8074,    1.7277,    1.6136,    1.5145,    1.4459,    1.4200,    1.3544,    1.2804,    1.2161,    1.8069,    1.7022,    1.5678,    1.4372,    1.3466,    1.2244,    1.1545,    1.0519,    0.9657,    0.8781,    0.7998,    0.7249,    1.8013,    1.3373,    0.9819,    0.7068,    0.5125,    0.3623,    0.2559,    0.1797,    0.1251,    0.0869,    0.0602,    0.0417,    0.0916,    0.0462,    0.0851,    0.1039,    0.1168,    0.1083,    0.1191,    0.1325,    0.1168,    0.1608,    0.1422,    0.1555,    0.1715,    0.1396,    0.2028,    0.2245,    0.1830,    0.1964,    0.2034,    0.2215,    0.2465,    0.1803,    0.2921,    0.3080,    0.3790,    0.4051,    0.4193,    0.4458,    0.4518,    0.4714,    0.4705,    0.5131,    0.5408,    0.5318,    0.5808,    0.5915,    1.0109,    1.1040,    1.1578,    1.1924,    1.2096,    1.3166,    1.2406,    1.3025,    1.2549,    1.3362,    1.2667,    1.3561,    2.9237,    2.8786,    2.9512,    2.9727,    3.0010,    2.8842,    2.9855,    3.0616,    3.1239,    2.9045,    2.8629,    2.9730,    7.5156,    7.0349,    6.9562,    6.7466,    6.2328,    5.8467,    5.1337,    4.7241,    4.5421,    3.9825,    3.0605,    2.8439,    2.1941,    1.8899,    1.4423,    1.3780,    0.9302,    0.6760,    0.5470,    0.2199,    0.1942,    0.1382,    0.0480,    0.0392,    0.0134,    0.0508,    0.1074,    0.1777,    0.2568,    0.3407,    0.4257,    0.4449,    0.6656,    0.7309,    0.3958,    0.8985,    1.7598,    2.1263,    2.0271,    2.3826,    2.7679,    2.2650,    1.1753,    1.1113,    1.3595,    1.5095,    1.9977,    2.7437,    0.9934,    1.0453,    1.0544,    1.1105,    1.1343,    1.1915,    1.3310,    1.3140,    1.3571,    1.3803,    1.4125,    1.4129,    1.0525,    1.0249,    0.9946,    0.9861,    0.9709,    0.9391,    0.9511,    0.9441,    0.9411,    0.9423,    0.9540,    0.9645,    1.0239,    0.9905,    0.9635,    0.9107,    0.9058,    0.8941,    0.8451,    0.7617,    0.7201,    0.6562,    0.6215,    0.6047,    1.5823,    1.5042,    1.4091,    1.3045,    1.2405,    1.0179,    0.8976,    0.8630,    1.0345,    0.9950,    0.9592,    0.9076,    1.2560,    1.2771,    1.1952,    1.0546,    1.0344,    0.9190,    0.9395,    0.8582,    0.8248,    0.7539,    0.7143,    0.6495,    1.5781,    1.1869,    0.8953,    0.6485,    0.5061,    0.3534,    0.2512,    0.1787,    0.1221,    0.0868,    0.0593,    0.0401,    0.0056,    0.0000,    0.0164,    0.0307,    0.0349,    0.0318,    0.0358,    0.0471,    0.0419,    0.0577,    0.0510,    0.0586,    0.0642,    0.0521,    0.0752,    0.0820,    0.0652,    0.0393,    0.0041,    0.0098,    0.0528,    0.0665,    0.1028,    0.1077,    0.1336,    0.1429,    0.1479,    0.1571,    0.1896,    0.1936,    0.1777,    0.1615,    0.1418,    0.1708,    0.2391,    0.2432,    0.4485,    0.4899,    0.5130,    0.5194,    0.5090,    0.5655,    0.5437,    0.6390,    0.5872,    0.6658,    0.6295,    0.6696,    1.4509,    1.4144,    1.4706,    1.5152,    1.5248,    1.4702,    1.5221,    1.5609,    1.5926,    1.4801,    1.4595,    1.5156,    3.8309,    3.5934,    3.5529,    3.4453,    3.1825,    2.9847,    2.6201,    2.4104,    2.3168,    2.0305,    1.5598,    1.4487,    1.1169,    1.3484,    1.0282,    0.9815,    0.6618,    0.4803,    0.3881,    0.1558,    0.1373,    0.0975,    0.0338,    0.0275
  321,    0.7500,  227.1023,    0.0752,  137.8778,  137.2076,    0.9122,    0.7804,  158.4330,  210.5121,  211.5064,  212.6118,  213.9089,  215.4005,  217.1090,  219.2017,  221.2927,  223.4995,  225.9082,  228.7019,  232.1018,  235.7978,  239.0033,  240.8012,  241.2008,  240.7516,  239.8016,  238.4074,  236.7091,  234.5062,  232.7497,  230.8191,  230.1369,    0.0520,    0.1971,    0.4169,    0.6899,    0.9974,    1.3235,    1.6546,    2.0610,    2.1934,    2.4910,    3.2727,    2.9268,    2.3447,    2.5534,    2.8183,    3.4268,    3.8103,    3.5712,    2.7778,    2.8549,    2.8833,    2.8910,    3.3303,    3.9253,    1.3950,    1.4182,    1.4088,    1.4101,    1.3950,    1.3975,    1.4070,    1.3985,    1.3970,    1.3703,    1.3908,    1.3653,    1.0133,    0.9707,    0.9143,    0.9154,    0.8836,    0.8004,    0.8723,    0.8714,    0.8784,    0.8925,    0.9190,    0.9318,    0.9946,    0.9857,    0.9394,    0.9541,    0.9469,    0.9295,    0.9088,    0.8908,    0.8656,    0.8437,    0.8275,    0.8148,    2.1584,    2.0792,    1.9901,    1.9284,    1.8465,    1.7122,    1.5994,    1.5291,    1.5238,    1.4552,    1.3760,    1.3091,    1.9433,    1.8481,    1.7050,    1.5622,    1.4737,    1.3448,    1.2747,    1.1641,    1.0710,    0.9758,    0.8900,    0.8084,    2.0191,    1.5085,    1.1137,    0.8069,    0.5856,    0.4173,    0.2965,    0.2093,    0.1469,    0.1025,    0.0715,    0.0499,    0.0912,    0.0457,    0.0856,    0.1053,    0.1183,    0.1097,    0.1207,    0.1348,    0.1188,    0.1635,    0.1446,    0.1584,    0.1746,    0.1422,    0.2064,    0.2284,    0.1860,    0.1971,    0.2023,    0.2204,    0.2481,    0.1834,    0.2971,    0.3132,    0.3854,    0.4120,    0.4265,    0.4534,    0.4613,    0.4809,    0.4788,    0.5195,    0.5456,    0.5387,    0.5925,    0.6034,    1.0333,    1.1286,    1.1834,    1.2181,    1.2342,    1.3443,    1.2677,    1.3331,    1.2820,    1.3683,    1.2970,    1.3883,    2.9935,    2.9464,    3.0221,    3.0424,    3.0710,    2.9519,    3.0555,    3.1335,    3.1972,    2.9726,    2.9302,    3.0429,    7.6922,    7.1796,    7.0996,    6.8858,    6.3618,    5.9679,    5.2405,    4.8228,    4.6374,    4.0665,    3.1255,    2.9047,    2.2414,    1.9255,    1.4699,    1.4048,    0.9487,    0.6897,    0.5584,    0.2246,    0.1985,    0.1414,    0.0492,    0.0401,    0.0184,    0.0698,    0.1477,    0.2445,    0.3534,    0.4690,    0.5863,    0.6197,    0.9069,    0.9986,    0.5686,    1.2247,    2.2673,    2.7079,    2.6314,    3.0849,    3.5172,    2.9830,    1.5672,    1.4921,    1.8248,    2.0192,    2.6547,    3.4886,    1.2556,    1.3001,    1.2975,    1.3281,    1.3228,    1.3544,    1.4249,    1.4011,    1.4267,    1.4256,    1.4477,    1.4317,    1.0672,    1.0398,    1.0096,    1.0013,    0.9859,    0.9536,    0.9661,    0.9591,    0.9560,    0.9569,    0.9681,    0.9783,    1.0432,    1.0266,    0.9919,    0.9757,    0.9680,    0.9545,    0.9189,    0.8689,    0.8381,    0.7935,    0.7675,    0.7524,    1.9906,    1.9034,    1.8076,    1.6939,    1.6185,    1.3700,    1.2249,    1.1756,    1.3511,    1.2955,    1.2422,    1.1799,    1.6630,    1.6673,    1.5496,    1.3749,    1.3352,    1.2067,    1.2005,    1.0980,    1.0393,    0.9492,    0.8854,    0.8055,    1.9844,    1.4893,    1.1177,    0.8130,    0.6152,    0.4357,    0.3107,    0.2204,    0.1527,    0.1075,    0.0740,    0.0513,    0.0029,    0.0000,    0.0087,    0.0166,    0.0188,    0.0171,    0.0193,    0.0275,    0.0245,    0.0338,    0.0298,    0.0350,    0.0384,    0.0312,    0.0450,    0.0490,    0.0388,    0.0232,    0.0024,    0.0057,    0.0313,    0.0396,    0.0597,    0.0626,    0.0776,    0.0830,    0.0859,    0.0913,    0.1195,    0.1220,    0.1118,    0.1017,    0.0893,    0.1076,    0.1506,    0.1532,    0.2895,    0.3162,    0.3311,    0.3352,    0.3284,    0.3649,    0.3509,    0.4336,    0.3985,    0.4519,    0.4272,    0.4544,    0.9848,    0.9599,    0.9981,    1.0363,    1.0429,    1.0056,    1.0410,    1.0676,    1.0892,    1.0123,    0.9982,    1.0366,    2.6202,    2.4441,    2.4166,    2.3435,    2.1647,    2.0302,    1.7823,    1.6396,    1.5760,    1.3813,    1.0611,    0.9856,    0.7599,    1.0507,    0.8013,    0.7649,    0.5159,    0.3744,    0.3026,    0.1215,    0.1071,    0.0761,    0.0264,    0.0215
  497,    1.0000,  227.8138,    0.0657,  139.4094,  138.6036,    0.9650,    0.9606,  158.4330,  215.3822,  216.3817,  217.4865,  218.6502,  220.0796,  221.7875,  223.7125,  225.6061,  227.6993,  229.8793,  232.3089,  235.3027,  238.3955,  240.9982,  242.1987,  242.0044,  241.0740,  239.7114,  238.2006,  236.6227,  234.7081,  233.2073,  231.4108,  230.8097,    0.0480,    0.1820,    0.3849,    0.6372,    0.9214,    1.2231,    1.5295,    1.9238,    2.0099,    2.2878,    3.1386,    2.6828,    2.2278,    2.4927,    2.7544,    3.4499,    3.8774,    3.5896,    2.5024,    2.5865,    2.6771,    2.7242,    3.3153,    4.0226,    1.4334,    1.4586,    1.4480,    1.4475,    1.4276,    1.4282,    1.4337,    1.4184,    1.4183,    1.4020,    1.4185,    1.4099,    1.0574,    1.0224,    0.9746,    0.9758,    0.9460,    0.8681,    0.9340,    0.9317,    0.9354,    0.9442,    0.9625,    0.9682,    1.0249,    1.0135,    0.9753,    0.9815,    0.9735,    0.9553,    0.9366,    0.9191,    0.8944,    0.8746,    0.8594,    0.8469,    2.2456,    2.1657,    2.0767,    2.0151,    1.9317,    1.7890,    1.6686,    1.5965,    1.5990,    1.5279,    1.4450,    1.3763,    2.0451,    1.9504,    1.8007,    1.6513,    1.5605,    1.4277,    1.3522,    1.2365,    1.1369,    1.0369,    0.9454,    0.8597,    2.1544,    1.6140,    1.1934,    0.8676,    0.6280,    0.4497,    0.3205,    0.2270,    0.1602,    0.1121,    0.0786,    0.0551,    0.0908,    0.0454,    0.0856,    0.1057,    0.1188,    0.1101,    0.1212,    0.1356,    0.1195,    0.1645,    0.1455,    0.1595,    0.1758,    0.1431,    0.2078,    0.2299,    0.1870,    0.1971,    0.2015,    0.2196,    0.2484,    0.1845,    0.2988,    0.3151,    0.3878,    0.4145,    0.4290,    0.4561,    0.4652,    0.4849,    0.4822,    0.5221,    0.5474,    0.5414,    0.5974,    0.6085,    1.0432,    1.1393,    1.1947,    1.2294,    1.2450,    1.3565,    1.2795,    1.3478,    1.2950,    1.3838,    1.3116,    1.4038,    3.0272,    2.9790,    3.0564,    3.0765,    3.1052,    2.9850,    3.0898,    3.1687,    3.2331,    3.0060,    2.9631,    3.0771,    7.7787,    7.2497,    7.1690,    6.9533,    6.4244,    6.0269,    5.2926,    4.8709,    4.6840,    4.1076,    3.1574,    2.9346,    2.2648,    1.9482,    1.4875,    1.4221,    0.9606,    0.6986,    0.5658,    0.2277,    0.2014,    0.1435,    0.0499,    0.0408,    0.0227,    0.0860,    0.1819,    0.3010,    0.4353,    0.5778,    0.7226,    0.7713,    1.1080,    1.2229,    0.7270,    1.4967,    2.6465,    3.1227,    3.0762,    3.5692,    3.9907,    3.4995,    1.8823,    1.8019,    2.2014,    2.4274,    3.1522,    3.9676,    1.4179,    1.4513,    1.4423,    1.4556,    1.4361,    1.4502,    1.4775,    1.4514,    1.4641,    1.4489,    1.4628,    1.4384,    1.0742,    1.0483,    1.0197,    1.0114,    0.9963,    0.9649,    0.9764,    0.9691,    0.9656,    0.9654,    0.9745,    0.9827,    1.0483,    1.0402,    1.0037,    1.0063,    0.9969,    0.9827,    0.9563,    0.9270,    0.9036,    0.8727,    0.8528,    0.8390,    2.2333,    2.1421,    2.0475,    1.9346,    1.8526,    1.6116,    1.4590,    1.3989,    1.5482,    1.4821,    1.4171,    1.3486,    1.9290,    1.9019,    1.7614,    1.5753,    1.5118,    1.3773,    1.3382,    1.2244,    1.1443,    1.0446,    0.9642,    0.8773,    2.1774,    1.6287,    1.2133,    0.8835,    0.6530,    0.4661,    0.3326,    0.2358,    0.1649,    0.1156,    0.0801,    0.0561,    0.0015,    0.0000,    0.0046,    0.0090,    0.0102,    0.0093,    0.0104,    0.0161,    0.0144,    0.0198,    0.0175,    0.0210,    0.0230,    0.0187,    0.0270,    0.0294,    0.0231,    0.0138,    0.0014,    0.0034,    0.0187,    0.0236,    0.0348,    0.0365,    0.0452,    0.0483,    0.0500,    0.0532,    0.0755,    0.0770,    0.0706,    0.0642,    0.0564,    0.0679,    0.0951,    0.0968,    0.1872,    0.2045,    0.2141,    0.2168,    0.2124,    0.2360,    0.2269,    0.2948,    0.2709,    0.3073,    0.2905,    0.3090,    0.6695,    0.6526,    0.6786,    0.7103,    0.7148,    0.6892,    0.7135,    0.7317,    0.7466,    0.6938,    0.6842,    0.7105,    1.7959,    1.6684,    1.6496,    1.5997,    1.4777,    1.3859,    1.2167,    1.1194,    1.0759,    0.9431,    0.7245,    0.6729,    0.5188,    0.8208,    0.6260,    0.5977,    0.4031,    0.2926,    0.2365,    0.0950,    0.0837,    0.0595,    0.0206,    0.0168
  590,    1.2500,  228.1048,    0.0611,  140.2345,  139.2909,    0.9795,    0.8804,  158.4330,  218.9068,  219.9168,  221.0224,  222.1247,  223.5049,  225.1114,  226.9185,  228.6980,  230.6051,  232.6027,  234.7953,  237.4097,  240.1102,  242.3023,  243.0032,  242.3970,  241.0054,  239.3131,  237.6273,  236.1183,  234.4270,  233.0782,  231.4427,  230.9133,    0.0445,    0.1687,    0.3569,    0.5909,    0.8546,    1.1346,    1.4190,    1.7995,    1.8505,    2.1101,    3.0059,    2.4695,    2.1588,    2.4699,    2.7274,    3.4805,    3.9323,    3.6178,    2.2688,    2.3556,    2.5140,    2.6009,    3.3197,    4.0975,    1.4617,    1.4875,    1.4762,    1.4741,    1.4512,    1.4500,    1.4515,    1.4307,    1.4312,    1.4218,    1.4343,    1.4379,    1.0866,    1.0578,    1.0173,    1.0182,    0.9904,    0.9179,    0.9779,    0.9745,    0.9756,    0.9803,    0.9922,    0.9931,    1.0455,    1.0326,    1.0004,    1.0006,    0.9919,    0.9730,    0.9560,    0.9389,    0.9146,    0.8964,    0.8819,    0.8696,    2.3076,    2.2273,    2.1384,    2.0772,    1.9927,    1.8468,    1.7219,    1.6485,    1.6531,    1.5803,    1.4948,    1.4248,    2.1200,    2.0229,    1.8685,    1.7153,    1.6214,    1.4859,    1.4049,    1.2858,    1.1813,    1.0781,    0.9827,    0.8942,    2.2458,    1.6852,    1.2469,    0.9085,    0.6567,    0.4717,    0.3368,    0.2391,    0.1693,    0.1187,    0.0836,    0.0587,    0.0904,    0.0452,    0.0856,    0.1058,    0.1190,    0.1103,    0.1214,    0.1359,    0.1198,    0.1649,    0.1458,    0.1599,    0.1763,    0.1435,    0.2083,    0.2304,    0.1874,    0.1969,    0.2008,    0.2189,    0.2483,    0.1849,    0.2995,    0.3158,    0.3886,    0.4154,    0.4300,    0.4571,    0.4669,    0.4866,    0.4835,    0.5230,    0.5479,    0.5424,    0.5994,    0.6106,    1.0475,    1.1441,    1.1996,    1.2343,    1.2496,    1.3618,    1.2847,    1.3549,    1.3011,    1.3913,    1.3187,    1.4113,    3.0435,    2.9948,    3.0730,    3.0932,    3.1220,    3.0012,    3.1066,    3.1859,    3.2507,    3.0223,    2.9792,    3.0939,    7.8212,    7.2837,    7.2028,    6.9863,    6.4550,    6.0557,    5.3181,    4.8946,    4.7069,    4.1280,    3.1732,    2.9496,    2.2765,    1.9627,    1.4989,    1.4332,    0.9683,    0.7044,    0.5707,    0.2298,    0.2032,    0.1449,    0.0505,    0.0412,    0.0263,    0.0996,    0.2108,    0.3490,    0.5047,    0.6700,    0.8380,    0.9018,    1.2751,    1.4097,    0.8703,    1.7221,    2.9317,    3.4177,    3.4020,    3.8965,    4.2800,    3.8644,    2.1331,    2.0507,    2.5047,    2.7529,    3.5235,    4.2642,    1.5138,    1.5362,    1.5241,    1.5260,    1.5009,    1.5032,    1.5037,    1.4779,    1.4809,    1.4565,    1.4635,    1.4331,    1.0721,    1.0480,    1.0214,    1.0130,    0.9984,    0.9686,    0.9785,    0.9709,    0.9666,    0.9652,    0.9721,    0.9784,    1.0430,    1.0399,    1.0034,    1.0164,    1.0058,    0.9917,    0.9714,    0.9551,    0.9367,    0.9149,    0.8990,    0.8861,    2.3673,    2.2746,    2.1815,    2.0738,    1.9881,    1.7702,    1.6200,    1.5522,    1.6624,    1.5898,    1.5174,    1.4455,    2.0924,    2.0310,    1.8768,    1.6913,    1.6056,    1.4686,    1.3996,    1.2804,    1.1848,    1.0811,    0.9904,    0.9009,    2.2456,    1.6740,    1.2383,    0.9014,    0.6548,    0.4694,    0.3347,    0.2370,    0.1668,    0.1166,    0.0813,    0.0571,    0.0008,    0.0000,    0.0025,    0.0049,    0.0055,    0.0050,    0.0057,    0.0095,    0.0085,    0.0117,    0.0103,    0.0126,    0.0139,    0.0113,    0.0162,    0.0177,    0.0139,    0.0083,    0.0009,    0.0021,    0.0112,    0.0142,    0.0203,    0.0213,    0.0264,    0.0283,    0.0292,    0.0311,    0.0478,    0.0488,    0.0447,    0.0407,    0.0357,    0.0430,    0.0602,    0.0613,    0.1213,    0.1325,    0.1388,    0.1404,    0.1376,    0.1529,    0.1470,    0.2008,    0.1846,    0.2093,    0.1979,    0.2105,    0.4561,    0.4446,    0.4623,    0.4879,    0.4910,    0.4735,    0.4902,    0.5027,    0.5129,    0.4766,    0.4700,    0.4881,    1.2337,    1.1430,    1.1302,    1.0960,    1.0124,    0.9495,    0.8336,    0.7669,    0.7372,    0.6462,    0.4964,    0.4611,    0.3556,    0.6428,    0.4903,    0.4682,    0.3158,    0.2293,    0.1853,    0.0744,    0.0656,    0.0466,    0.0162,    0.0132
  575,    1.5000,  228.0103,    0.0588,  140.6916,  139.6343,    0.9880,    0.9439,  158.4330,  221.6320,  222.6517,  223.6749,  224.7965,  226.1088,  227.6285,  229.4017,  231.0132,  232.8041,  234.6014,  236.6003,  239.0016,  241.4022,  243.1987,  243.5060,  242.5074,  240.7187,  238.7385,  236.8985,  235.3986,  233.8053,  232.6426,  231.1578,  230.6855,    0.0414,    0.1570,    0.3321,    0.5498,    0.7951,    1.0555,    1.3201,    1.6856,    1.7096,    1.9520,    2.8742,    2.2800,    2.1183,    2.4656,    2.7196,    3.5109,    3.9764,    3.6477,    2.0659,    2.1525,    2.3823,    2.5077,    3.3333,    4.1562,    1.4834,    1.5093,    1.4975,    1.4945,    1.4695,    1.4669,    1.4651,    1.4396,    1.4403,    1.4358,    1.4447,    1.4576,    1.1076,    1.0837,    1.0493,    1.0498,    1.0237,    0.9563,    1.0108,    1.0065,    1.0057,    1.0073,    1.0144,    1.0120,    1.0615,    1.0476,    1.0198,    1.0155,    1.0062,    0.9870,    0.9710,    0.9541,    0.9301,    0.9129,    0.8988,    0.8867,    2.3544,    2.2737,    2.1848,    2.1239,    2.0386,    1.8914,    1.7639,    1.6893,    1.6940,    1.6198,    1.5325,    1.4615,    2.1772,    2.0772,    1.9194,    1.7639,    1.6671,    1.5295,    1.4442,    1.3225,    1.2145,    1.1090,    1.0108,    0.9203,    2.3146,    1.7392,    1.2878,    0.9398,    0.6793,    0.4888,    0.3496,    0.2486,    0.1765,    0.1239,    0.0875,    0.0615,    0.0902,    0.0450,    0.0856,    0.1059,    0.1190,    0.1103,    0.1214,    0.1360,    0.1199,    0.1650,    0.1459,    0.1600,    0.1764,    0.1436,    0.2085,    0.2306,    0.1875,    0.1967,    0.2003,    0.2183,    0.2481,    0.1851,    0.2997,    0.3160,    0.3889,    0.4157,    0.4303,    0.4575,    0.4676,    0.4873,    0.4841,    0.5232,    0.5479,    0.5426,    0.6002,    0.6114,    1.0494,    1.1462,    1.2018,    1.2365,    1.2516,    1.3641,    1.2870,    1.3583,    1.3040,    1.3950,    1.3221,    1.4149,    3.0514,    3.0024,    3.0810,    3.1014,    3.1303,    3.0092,    3.1149,    3.1944,    3.2594,    3.0304,    2.9872,    3.1021,    7.8422,    7.3004,    7.2194,    7.0024,    6.4700,    6.0700,    5.3307,    4.9064,    4.7184,    4.1382,    3.1813,    2.9572,    2.2826,    1.9721,    1.5062,    1.4405,    0.9734,    0.7083,    0.5740,    0.2312,    0.2045,    0.1458,    0.0508,    0.0415,    0.0293,    0.1112,    0.2353,    0.3896,    0.5634,    0.7480,    0.9354,    1.0137,    1.4136,    1.5649,    0.9986,    1.9079,    3.1458,    3.6242,    3.6376,    4.1107,    4.4467,    4.1156,    2.3306,    2.2482,    2.7475,    3.0108,    3.7951,    4.4362,    1.5660,    1.5789,    1.5655,    1.5603,    1.5341,    1.5286,    1.5133,    1.4893,    1.4851,    1.4546,    1.4565,    1.4216,    1.0645,    1.0414,    1.0161,    1.0076,    0.9934,    0.9649,    0.9734,    0.9657,    0.9609,    0.9588,    0.9644,    0.9694,    1.0328,    1.0322,    0.9962,    1.0147,    1.0034,    0.9897,    0.9731,    0.9647,    0.9496,    0.9336,    0.9202,    0.9079,    2.4305,    2.3378,    2.2460,    2.1448,    2.0571,    1.8675,    1.7249,    1.6519,    1.7203,    1.6439,    1.5671,    1.4934,    2.1827,    2.0898,    1.9284,    1.7492,    1.6449,    1.5077,    1.4150,    1.2941,    1.1885,    1.0837,    0.9876,    0.8979,    2.2431,    1.6668,    1.2255,    0.8911,    0.6394,    0.4591,    0.3269,    0.2312,    0.1633,    0.1139,    0.0796,    0.0560,    0.0004,    0.0000,    0.0013,    0.0027,    0.0030,    0.0028,    0.0031,    0.0056,    0.0050,    0.0069,    0.0061,    0.0076,    0.0084,    0.0068,    0.0098,    0.0107,    0.0083,    0.0050,    0.0005,    0.0012,    0.0067,    0.0085,    0.0119,    0.0125,    0.0155,    0.0166,    0.0171,    0.0182,    0.0303,    0.0309,    0.0283,    0.0258,    0.0227,    0.0273,    0.0382,    0.0389,    0.0788,    0.0860,    0.0901,    0.0912,    0.0894,    0.0993,    0.0955,    0.1371,    0.1260,    0.1429,    0.1351,    0.1437,    0.3113,    0.3035,    0.3156,    0.3360,    0.3381,    0.3260,    0.3375,    0.3461,    0.3532,    0.3282,    0.3236,    0.3361,    0.8495,    0.7858,    0.7770,    0.7535,    0.6961,    0.6529,    0.5731,    0.5273,    0.5069,    0.4443,    0.3414,    0.3171,    0.2445,    0.5046,    0.3849,    0.3676,    0.2479,    0.1800,    0.1455,    0.0585,    0.0516,    0.0366,    0.0127,    0.0103
  554,    1.7500,  227.8028,    0.0576,  140.9782,  139.8088,    0.9805,    0.8288,  158.4330,  223.8587,  224.8218,  225.8558,  226.8839,  228.1759,  229.6170,  231.2859,  232.8145,  234.4211,  236.1026,  237.9997,  240.2046,  242.3936,  243.9039,  243.8999,  242.4682,  240.4061,  238.1114,  236.1169,  234.6095,  233.1261,  232.0821,  230.7337,  230.3549,    0.0387,    0.1467,    0.3103,    0.5137,    0.7428,    0.9860,    1.2330,    1.5840,    1.5873,    1.8143,    2.7508,    2.1152,    2.0971,    2.4712,    2.7233,    3.5392,    4.0121,    3.6774,    1.8936,    1.9787,    2.2803,    2.4417,    3.3536,    4.2035,    1.5006,    1.5264,    1.5143,    1.5105,    1.4841,    1.4804,    1.4758,    1.4466,    1.4472,    1.4461,    1.4516,    1.4712,    1.1229,    1.1033,    1.0744,    1.0744,    1.0499,    0.9877,    1.0367,    1.0316,    1.0293,    1.0283,    1.0314,    1.0265,    1.0740,    1.0594,    1.0351,    1.0273,    1.0176,    0.9980,    0.9829,    0.9661,    0.9423,    0.9259,    0.9121,    0.9000,    2.3909,    2.3099,    2.2209,    2.1605,    2.0745,    1.9276,    1.7986,    1.7231,    1.7262,    1.6509,    1.5622,    1.4904,    2.2228,    2.1196,    1.9591,    1.8022,    1.7028,    1.5634,    1.4746,    1.3509,    1.2402,    1.1329,    1.0327,    0.9407,    2.3682,    1.7813,    1.3199,    0.9644,    0.6974,    0.5025,    0.3597,    0.2562,    0.1821,    0.1281,    0.0906,    0.0637,    0.0899,    0.0448,    0.0855,    0.1059,    0.1190,    0.1103,    0.1214,    0.1360,    0.1199,    0.1651,    0.1460,    0.1601,    0.1765,    0.1437,    0.2086,    0.2307,    0.1876,    0.1964,    0.1999,    0.2178,    0.2478,    0.1851,    0.2998,    0.3161,    0.3890,    0.4158,    0.4304,    0.4576,    0.4679,    0.4876,    0.4842,    0.5232,    0.5477,    0.5426,    0.6006,    0.6118,    1.0503,    1.1471,    1.2028,    1.2374,    1.2524,    1.3651,    1.2880,    1.3600,    1.3053,    1.3967,    1.3238,    1.4167,    3.0552,    3.0061,    3.0849,    3.1055,    3.1343,    3.0131,    3.1190,    3.1986,    3.2637,    3.0344,    2.9911,    3.1062,    7.8525,    7.3086,    7.2276,    7.0104,    6.4775,    6.0771,    5.3371,    4.9123,    4.7243,    4.1435,    3.1854,    2.9612,    2.2858,    1.9783,    1.5111,    1.4453,    0.9768,    0.7109,    0.5762,    0.2321,    0.2054,    0.1465,    0.0511,    0.0418,    0.0320,    0.1213,    0.2565,    0.4246,    0.6141,    0.8151,    1.0193,    1.1113,    1.5311,    1.6968,    1.1151,    2.0649,    3.3100,    3.7698,    3.8094,    4.2484,    4.5366,    4.2868,    2.4920,    2.4105,    2.9484,    3.2212,    3.9944,    4.5283,    1.5909,    1.5963,    1.5826,    1.5729,    1.5478,    1.5372,    1.5130,    1.4913,    1.4818,    1.4474,    1.4452,    1.4070,    1.0544,    1.0325,    1.0087,    1.0000,    0.9861,    0.9592,    0.9662,    0.9582,    0.9530,    0.9502,    0.9543,    0.9581,    1.0199,    1.0206,    0.9857,    1.0065,    0.9949,    0.9816,    0.9675,    0.9637,    0.9507,    0.9382,    0.9264,    0.9145,    2.4514,    2.3590,    2.2684,    2.1735,    2.0849,    1.9230,    1.7904,    1.7137,    1.7431,    1.6647,    1.5855,    1.5110,    2.2256,    2.1062,    1.9414,    1.7706,    1.6517,    1.5154,    1.4054,    1.2847,    1.1733,    1.0692,    0.9707,    0.8820,    2.2055,    1.6338,    1.1952,    0.8678,    0.6174,    0.4433,    0.3151,    0.2225,    0.1573,    0.1095,    0.0767,    0.0539,    0.0002,    0.0000,    0.0007,    0.0015,    0.0017,    0.0015,    0.0017,    0.0033,    0.0030,    0.0041,    0.0036,    0.0046,    0.0051,    0.0041,    0.0059,    0.0065,    0.0050,    0.0030,    0.0003,    0.0008,    0.0041,    0.0051,    0.0070,    0.0073,    0.0091,    0.0097,    0.0101,    0.0107,    0.0193,    0.0197,    0.0180,    0.0164,    0.0144,    0.0174,    0.0243,    0.0247,    0.0513,    0.0560,    0.0586,    0.0594,    0.0582,    0.0646,    0.0621,    0.0937,    0.0862,    0.0977,    0.0924,    0.0983,    0.2130,    0.2076,    0.2159,    0.2319,    0.2334,    0.2250,    0.2330,    0.2389,    0.2437,    0.2265,    0.2234,    0.2320,    0.5863,    0.5421,    0.5360,    0.5198,    0.4802,    0.4503,    0.3954,    0.3638,    0.3497,    0.3065,    0.2355,    0.2188,    0.1687,    0.3970,    0.3028,    0.2892,    0.1951,    0.1417,    0.1145,    0.0460,    0.0406,    0.0288,    0.0100,    0.0081
  429,    2.0000,  227.4026,    0.0569,  141.2017,  139.8995,    0.9359,    0.8165,  158.4330,  225.6288,  226.6312,  227.6186,  228.6117,  229.8449,  231.2888,  232.7847,  234.2943,  235.7954,  237.4083,  239.1345,  241.2001,  243.1910,  244.3992,  244.0927,  242.3079,  239.9037,  237.4396,  235.2982,  233.7218,  232.4013,  231.4239,  230.1194,  229.7563,    0.0363,    0.1375,    0.2908,    0.4814,    0.6960,    0.9237,    1.1549,    1.4914,    1.4786,    1.6915,    2.6325,    1.9684,    2.0874,    2.4813,    2.7328,    3.5652,    4.0426,    3.7057,    1.7426,    1.8253,    2.1990,    2.3940,    3.3767,    4.2439,    1.5151,    1.5409,    1.5286,    1.5242,    1.4968,    1.4923,    1.4852,    1.4530,    1.4534,    1.4544,    1.4571,    1.4815,    1.1344,    1.1183,    1.0938,    1.0933,    1.0702,    1.0122,    1.0567,    1.0509,    1.0475,    1.0447,    1.0449,    1.0384,    1.0846,    1.0697,    1.0478,    1.0377,    1.0276,    1.0078,    0.9932,    0.9766,    0.9529,    0.9371,    0.9235,    0.9114,    2.4220,    2.3407,    2.2516,    2.1915,    2.1050,    1.9586,    1.8287,    1.7524,    1.7535,    1.6774,    1.5875,    1.5150,    2.2618,    2.1558,    1.9931,    1.8350,    1.7334,    1.5924,    1.5009,    1.3755,    1.2626,    1.1538,    1.0518,    0.9585,    2.4151,    1.8184,    1.3483,    0.9862,    0.7135,    0.5147,    0.3689,    0.2630,    0.1873,    0.1318,    0.0934,    0.0657,    0.0897,    0.0447,    0.0855,    0.1059,    0.1190,    0.1103,    0.1215,    0.1360,    0.1199,    0.1651,    0.1460,    0.1601,    0.1765,    0.1437,    0.2086,    0.2307,    0.1876,    0.1962,    0.1995,    0.2174,    0.2476,    0.1852,    0.2998,    0.3161,    0.3891,    0.4159,    0.4305,    0.4576,    0.4680,    0.4877,    0.4843,    0.5232,    0.5475,    0.5426,    0.6007,    0.6119,    1.0507,    1.1475,    1.2032,    1.2378,    1.2528,    1.3655,    1.2884,    1.3608,    1.3059,    1.3976,    1.3246,    1.4175,    3.0571,    3.0078,    3.0868,    3.1075,    3.1363,    3.0151,    3.1210,    3.2007,    3.2658,    3.0363,    2.9931,    3.1083,    7.8577,    7.3127,    7.2316,    7.0145,    6.4813,    6.0807,    5.3403,    4.9154,    4.7274,    4.1463,    3.1877,    2.9634,    2.2876,    1.9823,    1.5143,    1.4485,    0.9791,    0.7126,    0.5777,    0.2328,    0.2060,    0.1470,    0.0512,    0.0419,    0.0343,    0.1299,    0.2748,    0.4548,    0.6576,    0.8727,    1.0911,    1.1958,    1.6299,    1.8078,    1.2195,    2.1959,    3.4330,    3.8677,    3.9300,    4.3297,    4.5745,    4.3967,    2.6206,    2.5407,    3.1118,    3.3895,    4.1344,    4.5646,    1.5974,    1.5970,    1.5833,    1.5709,    1.5477,    1.5338,    1.5048,    1.4857,    1.4723,    1.4356,    1.4301,    1.3895,    1.0419,    1.0210,    0.9985,    0.9898,    0.9763,    0.9507,    0.9564,    0.9482,    0.9425,    0.9390,    0.9419,    0.9447,    1.0048,    1.0060,    0.9723,    0.9938,    0.9819,    0.9692,    0.9566,    0.9553,    0.9438,    0.9334,    0.9226,    0.9109,    2.4437,    2.3522,    2.2626,    2.1731,    2.0844,    1.9476,    1.8254,    1.7465,    1.7417,    1.6624,    1.5822,    1.5077,    2.2342,    2.0940,    1.9283,    1.7662,    1.6368,    1.5021,    1.3803,    1.2611,    1.1468,    1.0444,    0.9455,    0.8586,    2.1470,    1.5859,    1.1552,    0.8372,    0.5918,    0.4246,    0.3012,    0.2123,    0.1501,    0.1043,    0.0731,    0.0512,    0.0001,    0.0000,    0.0004,    0.0008,    0.0009,    0.0008,    0.0009,    0.0020,    0.0018,    0.0024,    0.0021,    0.0028,    0.0031,    0.0025,    0.0036,    0.0039,    0.0030,    0.0018,    0.0002,    0.0005,    0.0025,    0.0031,    0.0041,    0.0043,    0.0054,    0.0057,    0.0059,    0.0063,    0.0123,    0.0126,    0.0115,    0.0105,    0.0092,    0.0111,    0.0155,    0.0158,    0.0334,    0.0365,    0.0382,    0.0387,    0.0379,    0.0421,    0.0405,    0.0643,    0.0591,    0.0670,    0.0633,    0.0674,    0.1460,    0.1423,    0.1479,    0.1604,    0.1614,    0.1557,    0.1612,    0.1653,    0.1686,    0.1567,    0.1545,    0.1605,    0.4056,    0.3751,    0.3709,    0.3596,    0.3322,    0.3116,    0.2736,    0.2517,    0.2420,    0.2121,    0.1630,    0.1514,    0.1167,    0.3130,    0.2387,    0.2280,    0.1538,    0.1117,    0.0903,    0.0363,    0.0320,    0.0227,    0.0079,    0.0064
