Particle       ,data/QEXT_96IR_84_VIS_NC10v2_2umrod
Ncase          ,  14
dt (sols)      ,  0.020833
Qext 0.67um    ,  1.490038
Alb sfc        ,  0.220000
Conrath nu     ,  0.002000
Sun Flux (W/m2),148.393084
BWN IR (cm-1)  ,     10.0000,     34.1670,     58.3330,     82.5000,    106.6670,    130.8330,    155.0000,    179.1670,    203.3330,    227.5000,    251.6670,    275.8330,    300.0000,    320.7880,    341.5750,    362.3630,    383.1500,    403.9380,    424.7250,    445.5130,    466.3010,    487.0880,    507.8760,    528.6630,    549.4510,    556.7420,    564.0330,    571.3240,    578.6150,    585.9060,    593.1970,    600.4880,    607.7790,    615.0700,    622.3610,    629.6520,    636.9430,    642.5500,    648.1570,    653.7640,    659.3700,    664.9770,    670.5840,    676.1910,    681.7980,    687.4050,    693.0110,    698.6180,    704.2250,    710.1390,    716.0530,    721.9670,    727.8810,    733.7950,    739.7090,    745.6240,    751.5380,    757.4520,    763.3660,    769.2800,    775.1940,    791.5010,    807.8070,    824.1140,    840.4210,    856.7270,    873.0340,    889.3410,    905.6470,    921.9540,    938.2610,    954.5670,    970.8740,    996.8050,   1022.7370,   1048.6680,   1074.6000,   1100.5310,   1126.4630,   1152.3940,   1178.3250,   1204.2570,   1230.1880,   1256.1200,   1282.0510,   1360.3990,   1438.7460,   1517.0940,   1595.4410,   1673.7890,   1752.1370,   1830.4840,   1908.8320,   1987.1790,   2065.5270,   2143.8740,   2222.2220
BWN VIS (cm-1) ,   2222.2200,   2294.3160,   2366.4120,   2438.5080,   2510.6030,   2582.6990,   2654.7950,   2726.8910,   2798.9870,   2871.0820,   2943.1780,   3015.2740,   3087.3700,   3165.9750,   3244.5800,   3323.1850,   3401.7900,   3480.3950,   3559.0000,   3637.6050,   3716.2100,   3794.8150,   3873.4200,   3952.0250,   4030.6300,   4142.2920,   4253.9530,   4365.6150,   4477.2770,   4588.9380,   4700.6000,   4812.2620,   4923.9230,   5035.5850,   5147.2470,   5258.9080,   5370.5700,   5560.6150,   5750.6600,   5940.7050,   6130.7500,   6320.7950,   6510.8400,   6700.8850,   6890.9300,   7080.9750,   7271.0200,   7461.0650,   7651.1100,   8055.1840,   8459.2580,   8863.3330,   9267.4070,   9671.4810,  10075.5550,  10479.6290,  10883.7030,  11287.7780,  11691.8520,  12095.9260,  12500.0000,  13541.6670,  14583.3330,  15625.0000,  16666.6670,  17708.3330,  18750.0000,  19791.6670,  20833.3330,  21875.0000,  22916.6670,  23958.3330,  25000.0000,  26388.8890,  27777.7780,  29166.6670,  30555.5570,  31944.4460,  33333.3350,  34722.2240,  36111.1130,  37500.0030,  38888.8920,  40277.7810,  41666.6700
SUN VIS (W/m2) ,      0.1008,      0.0862,      0.0968,      0.1089,      0.1224,      0.1136,      0.1248,      0.1400,      0.1233,      0.1698,      0.1502,      0.1645,      0.1814,      0.1477,      0.2144,      0.2377,      0.1946,      0.2106,      0.2276,      0.2472,      0.2683,      0.1918,      0.3072,      0.3239,      0.3986,      0.4261,      0.4410,      0.4688,      0.4810,      0.5017,      0.5013,      0.5485,      0.5772,      0.5665,      0.6183,      0.6303,      1.0809,      1.1806,      1.2379,      1.2751,      1.2949,      1.4092,      1.3262,      1.4132,      1.3634,      1.4505,      1.3747,      1.4716,      3.1730,      3.1258,      3.2038,      3.2543,      3.2846,      3.1576,      3.2685,      3.3520,      3.4202,      3.1800,      3.1347,      3.2554,      8.2299,      7.8425,      7.7561,      7.5237,      6.9524,      6.5235,      5.7299,      5.2748,      5.0739,      4.4511,      3.4228,      3.1828,      2.4579,      2.2644,      1.7312,      1.6575,      1.1215,      0.8173,      0.6634,      0.2677,      0.2374,      0.1697,      0.0593,      0.0486
================
wavelenght [um],    0.244068,    0.252632,    0.261818,    0.271698,    0.282353,    0.293878,    0.306383,    0.320000,    0.334884,    0.351220,    0.369231,    0.389189,    0.408511,    0.426667,    0.446512,    0.468293,    0.492308,    0.518919,    0.548571,    0.581818,    0.619355,    0.662069,    0.711111,    0.768000,    0.813143,    0.840768,    0.870336,    0.902060,    0.936184,    0.972991,    1.012810,    1.056028,    1.103099,    1.154562,    1.211061,    1.273375,    1.323436,    1.357581,    1.393534,    1.431444,    1.471474,    1.513807,    1.558648,    1.606226,    1.656801,    1.710664,    1.768147,    1.829628,    1.881560,    1.921939,    1.964090,    2.008131,    2.054193,    2.102417,    2.152960,    2.205992,    2.261704,    2.320302,    2.382017,    2.447105,    2.505432,    2.555765,    2.608162,    2.662752,    2.719677,    2.779088,    2.841153,    2.906054,    2.973989,    3.045176,    3.119855,    3.198288,    3.277268,    3.356577,    3.439819,    3.527294,    3.619334,    3.716307,    3.818620,    3.926726,    4.041130,    4.162400,    4.291175,    4.428172,    4.580751,    4.751270,    4.934974,    5.133456,    5.348572,    5.582505,    5.837838,    6.117648,    6.425631,    6.766266,    7.145039,    7.568734,    7.879690,    8.044056,    8.215425,    8.394255,    8.581043,    8.776330,    8.980716,    9.194848,    9.419442,    9.655282,    9.903235,   10.164260,   10.387231,   10.566200,   10.751445,   10.943308,   11.142136,   11.348323,   11.562291,   11.784476,   12.015368,   12.255495,   12.505409,   12.765727,   12.949392,   13.049328,   13.150818,   13.253898,   13.358608,   13.464994,   13.573088,   13.682923,   13.794549,   13.908012,   14.023357,   14.140631,   14.256763,   14.371646,   14.488386,   14.607038,   14.727660,   14.850291,   14.974981,   15.101782,   15.230738,   15.361915,   15.495384,   15.631191,   15.790367,   15.974275,   16.162517,   16.355249,   16.552633,   16.754839,   16.962047,   17.174443,   17.392227,   17.615605,   17.844795,   18.080028,   18.550914,   19.294981,   20.101230,   20.977796,   21.934298,   22.982219,   24.135264,   25.410119,   26.827165,   28.411593,   30.194923,   32.217118,   34.732292,   37.914692,   41.739101,   46.421699,   52.287582,   59.850314,   69.970927,   84.210526,  105.726686,  142.012170,  216.216216,  452.826771
Qext           ,      1.1652,      1.1652,      1.1652,      1.1652,      1.1652,      1.1652,      1.1652,      1.1652,      1.1652,      1.1652,      1.1652,      1.4900,      1.4900,      1.4900,      1.4900,      1.4900,      1.4900,      1.4900,      1.4900,      1.4900,      1.4900,      1.4900,      1.4900,      1.2252,      1.2252,      1.2252,      1.2252,      1.2252,      1.2252,      1.2252,      1.2252,      1.2252,      1.2252,      1.0030,      1.0030,      1.0030,      1.0030,      1.0030,      1.0030,      1.0030,      1.0030,      1.2085,      1.2085,      1.2085,      1.2085,      1.2085,      1.2085,      1.2085,      0.9268,      0.9268,      0.9268,      0.9268,      0.9268,      0.9268,      0.9268,      0.9268,      1.0490,      1.0490,      1.0490,      1.0490,      1.0490,      1.0490,      1.4978,      1.4978,      1.4978,      1.4978,      1.4978,      1.4978,      1.3844,      1.3844,      1.3844,      1.3844,      1.3844,      1.5642,      1.5642,      1.5642,      1.5642,      1.8497,      1.8497,      1.8497,      1.8497,      1.7720,      1.7720,      1.7720,      1.6954,      1.6954,      2.0473,      2.0473,      2.0164,      2.5686,      2.5686,      3.8179,      4.2956,      2.6275,      1.6480,      1.0109,      0.6918,      0.6918,      0.5395,      0.5395,      0.4320,      0.4320,      0.6986,      0.6986,      1.1564,      1.4768,      1.4768,      1.7800,      2.2897,      2.2897,      2.8984,      2.8984,      3.2702,      3.2702,      3.1785,      2.6608,      2.6608,      1.9353,      1.9353,      1.2374,      0.7126,      0.7126,      0.7126,      0.7126,      0.3963,      0.3963,      0.3963,      0.2497,      0.2497,      0.2497,      0.2062,      0.2062,      0.2062,      0.2058,      0.2058,      0.2058,      0.2098,      0.2098,      0.2098,      0.2013,      0.2013,      0.2013,      0.1782,      0.1782,      0.1782,      0.1464,      0.1464,      0.1132,      0.1132,      0.0844,      0.0632,      0.0632,      0.0501,      0.0501,      0.0440,      0.0428,      0.0435,      0.0476,      0.0477,      0.0400,      0.0283,      0.0165,      0.0104,      0.0092,      0.0109,      0.0120,      0.0108,      0.0078,      0.0043,      0.0023,      0.0022,      0.0030,      0.0033,      0.0032,      0.0032,      0.0032,      0.0032,      0.0032,      0.0032,      0.0032
Qscat          ,      0.5400,      0.5400,      0.5400,      0.5400,      0.5400,      0.5400,      0.5400,      0.5400,      0.5400,      0.5400,      0.5400,      0.4368,      0.4368,      0.4368,      0.4368,      0.4368,      0.4368,      0.4368,      0.4368,      0.4368,      0.4368,      0.4368,      0.4368,      0.1692,      0.1692,      0.1692,      0.1692,      0.1692,      0.1692,      0.1692,      0.1692,      0.1692,      0.1692,      0.1005,      0.1005,      0.1005,      0.1005,      0.1005,      0.1005,      0.1005,      0.1005,      0.1283,      0.1283,      0.1283,      0.1283,      0.1283,      0.1283,      0.1283,      0.1179,      0.1179,      0.1179,      0.1179,      0.1179,      0.1179,      0.1179,      0.1179,      0.1106,      0.1106,      0.1106,      0.1106,      0.1106,      0.1106,      0.1236,      0.1236,      0.1236,      0.1236,      0.1236,      0.1236,      0.1371,      0.1371,      0.1371,      0.1371,      0.1371,      0.2500,      0.2500,      0.2500,      0.2500,      0.2070,      0.2070,      0.2070,      0.2070,      0.1306,      0.1306,      0.1306,      0.1782,      0.1782,      0.2717,      0.2717,      0.1988,      0.1861,      0.1861,      0.3628,      0.6497,      0.3380,      0.4444,      0.2653,      0.2945,      0.2945,      0.3639,      0.3639,      0.0587,      0.0587,      0.4290,      0.4290,      1.1563,      1.4767,      1.4767,      1.7798,      2.2029,      2.2029,      2.3523,      2.3523,      2.4565,      2.4565,      2.2929,      1.7717,      1.7717,      1.0307,      1.0307,      0.3445,     -0.0571,     -0.0571,     -0.0571,     -0.0571,     -0.1133,     -0.1133,     -0.1133,      0.0708,      0.0708,      0.0708,      0.2061,      0.2061,      0.2061,      0.2058,      0.2058,      0.2058,      0.2098,      0.2098,      0.2098,      0.2012,      0.2012,      0.2012,      0.0994,      0.0994,      0.0994,     -0.1053,     -0.1053,     -0.2376,     -0.2376,     -0.2710,     -0.2120,     -0.2120,     -0.0894,     -0.0894,      0.0440,      0.0428,      0.0435,      0.0476,      0.0477,     -0.0765,     -0.2498,     -0.2409,     -0.0553,      0.0092,      0.0109,      0.0120,     -0.0403,     -0.2510,     -0.2712,     -0.0475,      0.0022,      0.0030,      0.0033,     -0.0276,     -0.0276,     -0.0276,     -0.0276,     -0.0276,     -0.0276,     -0.0276
G factor       ,      0.4590,      0.4590,      0.4590,      0.4590,      0.4590,      0.4590,      0.4590,      0.4590,      0.4590,      0.4590,      0.4590,      0.5060,      0.5060,      0.5060,      0.5060,      0.5060,      0.5060,      0.5060,      0.5060,      0.5060,      0.5060,      0.5060,      0.5060,      0.2640,      0.2640,      0.2640,      0.2640,      0.2640,      0.2640,      0.2640,      0.2640,      0.2640,      0.2640,      0.2330,      0.2330,      0.2330,      0.2330,      0.2330,      0.2330,      0.2330,      0.2330,      0.1530,      0.1530,      0.1530,      0.1530,      0.1530,      0.1530,      0.1530,      0.1490,      0.1490,      0.1490,      0.1490,      0.1490,      0.1490,      0.1490,      0.1490,      0.0620,      0.0620,      0.0620,      0.0620,      0.0620,      0.0620,      0.1230,      0.1230,      0.1230,      0.1230,      0.1230,      0.1230,      0.1020,      0.1020,      0.1020,      0.1020,      0.1020,      0.2290,      0.2290,      0.2290,      0.2290,      0.1040,      0.1040,      0.1040,      0.1040,      0.1770,      0.1770,      0.1770,      0.3090,      0.3090,      0.3690,      0.3690,      0.4080,      0.4180,      0.4180,      0.4350,      0.4600,      0.4380,      0.3870,      0.3520,      0.2060,      0.2060,      0.0530,      0.0530,     -0.0420,     -0.0420,     -0.0460,     -0.0460,     -0.0370,     -0.0220,     -0.0220,      0.0100,      0.0400,      0.0400,      0.0520,      0.0520,      0.0530,      0.0530,      0.0510,      0.0500,      0.0500,      0.0510,      0.0510,      0.0560,      0.0630,      0.0630,      0.0630,      0.0630,      0.0670,      0.0670,      0.0670,      0.0570,      0.0570,      0.0570,      0.0360,      0.0360,      0.0360,      0.0230,      0.0230,      0.0230,      0.0210,      0.0210,      0.0210,      0.0260,      0.0260,      0.0260,      0.0340,      0.0340,      0.0340,      0.0420,      0.0420,      0.0500,      0.0500,      0.0540,      0.0530,      0.0530,      0.0430,      0.0430,      0.0270,      0.0130,      0.0100,      0.0050,      0.0140,      0.0250,      0.0330,      0.0350,      0.0210,     -0.0000,     -0.0030,      0.0030,      0.0080,      0.0120,      0.0140,      0.0030,     -0.0130,     -0.0140,     -0.0140,     -0.0140,     -0.0140,     -0.0140,     -0.0140,     -0.0140,     -0.0140,     -0.0140
================
P [mbar]       ,    0.1004,    0.1015,    0.1034,    0.1069,    0.1130,    0.1239,    0.1432,    0.1740,    0.2226,    0.3028,    0.4349,    0.6529,    1.0121,    1.6044,    2.4646,    3.4606,    4.3994,    5.2226,    5.8426,    6.2132,    6.3980,    6.4686,    6.5039,    6.5168
Temp initial[K],  155.0000,  155.0000,  155.0000,  155.0000,  155.0000,  155.0000,  155.0000,  155.0000,  155.0000,  155.0000,  155.0000,  155.0000,  158.8233,  165.4041,  173.2716,  181.4436,  190.2788,  198.8130,  204.5783,  207.8249,  209.4219,  210.0497,  210.3719,  210.4891
================
it   ,   tau    ,  Tsfc    ,   alb    ,   OLR    ,    ASR   ,  NET top ,  NET bot , T lev  01, T lev  02, T lev  03, T lev  04, T lev  05, T lev  06, T lev  07, T lev  08, T lev  09, T lev  10, T lev  11, T lev  12, T lev  13, T lev  14, T lev  15, T lev  16, T lev  17, T lev  18, T lev  19, T lev  20, T lev  21, T lev  22, T lev  23, T lev  24, T lev  25,  OLR IR01,  OLR IR02,  OLR IR03,  OLR IR04,  OLR IR05,  OLR IR06,  OLR IR07,  OLR IR08,  OLR IR09,  OLR IR10,  OLR IR11,  OLR IR12,  OLR IR13,  OLR IR14,  OLR IR15,  OLR IR16,  OLR IR17,  OLR IR18,  OLR IR19,  OLR IR20,  OLR IR21,  OLR IR22,  OLR IR23,  OLR IR24,  OLR IR25,  OLR IR26,  OLR IR27,  OLR IR28,  OLR IR29,  OLR IR30,  OLR IR31,  OLR IR32,  OLR IR33,  OLR IR34,  OLR IR35,  OLR IR36,  OLR IR37,  OLR IR38,  OLR IR39,  OLR IR40,  OLR IR41,  OLR IR42,  OLR IR43,  OLR IR44,  OLR IR45,  OLR IR46,  OLR IR47,  OLR IR48,  OLR IR49,  OLR IR50,  OLR IR51,  OLR IR52,  OLR IR53,  OLR IR54,  OLR IR55,  OLR IR56,  OLR IR57,  OLR IR58,  OLR IR59,  OLR IR60,  OLR IR61,  OLR IR62,  OLR IR63,  OLR IR64,  OLR IR65,  OLR IR66,  OLR IR67,  OLR IR68,  OLR IR69,  OLR IR70,  OLR IR71,  OLR IR72,  OLR IR73,  OLR IR74,  OLR IR75,  OLR IR76,  OLR IR77,  OLR IR78,  OLR IR79,  OLR IR80,  OLR IR81,  OLR IR82,  OLR IR83,  OLR IR84,  OLR IR85,  OLR IR86,  OLR IR87,  OLR IR88,  OLR IR89,  OLR IR90,  OLR IR91,  OLR IR92,  OLR IR93,  OLR IR94,  OLR IR95,  OLR IR96, ASR VIS01, ASR VIS02, ASR VIS03, ASR VIS04, ASR VIS05, ASR VIS06, ASR VIS07, ASR VIS08, ASR VIS09, ASR VIS10, ASR VIS11, ASR VIS12, ASR VIS13, ASR VIS14, ASR VIS15, ASR VIS16, ASR VIS17, ASR VIS18, ASR VIS19, ASR VIS20, ASR VIS21, ASR VIS22, ASR VIS23, ASR VIS24, ASR VIS25, ASR VIS26, ASR VIS27, ASR VIS28, ASR VIS29, ASR VIS30, ASR VIS31, ASR VIS32, ASR VIS33, ASR VIS34, ASR VIS35, ASR VIS36, ASR VIS37, ASR VIS38, ASR VIS39, ASR VIS40, ASR VIS41, ASR VIS42, ASR VIS43, ASR VIS44, ASR VIS45, ASR VIS46, ASR VIS47, ASR VIS48, ASR VIS49, ASR VIS50, ASR VIS51, ASR VIS52, ASR VIS53, ASR VIS54, ASR VIS55, ASR VIS56, ASR VIS57, ASR VIS58, ASR VIS59, ASR VIS60, ASR VIS61, ASR VIS62, ASR VIS63, ASR VIS64, ASR VIS65, ASR VIS66, ASR VIS67, ASR VIS68, ASR VIS69, ASR VIS70, ASR VIS71, ASR VIS72, ASR VIS73, ASR VIS74, ASR VIS75, ASR VIS76, ASR VIS77, ASR VIS78, ASR VIS79, ASR VIS80, ASR VIS81, ASR VIS82, ASR VIS83, ASR VIS84, SFC DIR01, SFC DIR02, SFC DIR03, SFC DIR04, SFC DIR05, SFC DIR06, SFC DIR07, SFC DIR08, SFC DIR09, SFC DIR10, SFC DIR11, SFC DIR12, SFC DIR13, SFC DIR14, SFC DIR15, SFC DIR16, SFC DIR17, SFC DIR18, SFC DIR19, SFC DIR20, SFC DIR21, SFC DIR22, SFC DIR23, SFC DIR24, SFC DIR25, SFC DIR26, SFC DIR27, SFC DIR28, SFC DIR29, SFC DIR30, SFC DIR31, SFC DIR32, SFC DIR33, SFC DIR34, SFC DIR35, SFC DIR36, SFC DIR37, SFC DIR38, SFC DIR39, SFC DIR40, SFC DIR41, SFC DIR42, SFC DIR43, SFC DIR44, SFC DIR45, SFC DIR46, SFC DIR47, SFC DIR48, SFC DIR49, SFC DIR50, SFC DIR51, SFC DIR52, SFC DIR53, SFC DIR54, SFC DIR55, SFC DIR56, SFC DIR57, SFC DIR58, SFC DIR59, SFC DIR60, SFC DIR61, SFC DIR62, SFC DIR63, SFC DIR64, SFC DIR65, SFC DIR66, SFC DIR67, SFC DIR68, SFC DIR69, SFC DIR70, SFC DIR71, SFC DIR72, SFC DIR73, SFC DIR74, SFC DIR75, SFC DIR76, SFC DIR77, SFC DIR78, SFC DIR79, SFC DIR80, SFC DIR81, SFC DIR82, SFC DIR83, SFC DIR84, SFC DIR85, SFC DIR86, SFC DIR87, SFC DIR88, SFC DIR89, SFC DIR90, SFC DIR91, SFC DIR92, SFC DIR93, SFC DIR94, SFC DIR95, SFC DIR96,SFC DVIS01,SFC DVIS02,SFC DVIS03,SFC DVIS04,SFC DVIS05,SFC DVIS06,SFC DVIS07,SFC DVIS08,SFC DVIS09,SFC DVIS10,SFC DVIS11,SFC DVIS12,SFC DVIS13,SFC DVIS14,SFC DVIS15,SFC DVIS16,SFC DVIS17,SFC DVIS18,SFC DVIS19,SFC DVIS20,SFC DVIS21,SFC DVIS22,SFC DVIS23,SFC DVIS24,SFC DVIS25,SFC DVIS26,SFC DVIS27,SFC DVIS28,SFC DVIS29,SFC DVIS30,SFC DVIS31,SFC DVIS32,SFC DVIS33,SFC DVIS34,SFC DVIS35,SFC DVIS36,SFC DVIS37,SFC DVIS38,SFC DVIS39,SFC DVIS40,SFC DVIS41,SFC DVIS42,SFC DVIS43,SFC DVIS44,SFC DVIS45,SFC DVIS46,SFC DVIS47,SFC DVIS48,SFC DVIS49,SFC DVIS50,SFC DVIS51,SFC DVIS52,SFC DVIS53,SFC DVIS54,SFC DVIS55,SFC DVIS56,SFC DVIS57,SFC DVIS58,SFC DVIS59,SFC DVIS60,SFC DVIS61,SFC DVIS62,SFC DVIS63,SFC DVIS64,SFC DVIS65,SFC DVIS66,SFC DVIS67,SFC DVIS68,SFC DVIS69,SFC DVIS70,SFC DVIS71,SFC DVIS72,SFC DVIS73,SFC DVIS74,SFC DVIS75,SFC DVIS76,SFC DVIS77,SFC DVIS78,SFC DVIS79,SFC DVIS80,SFC DVIS81,SFC DVIS82,SFC DVIS83,SFC DVIS84
 1007,    0.0000,  218.8983,    0.2194,  117.0969,  115.8380,   -0.8625,   -0.7595,  158.4330,  155.0000,  155.0000,  155.0000,  155.0000,  155.0000,  155.0000,  155.0000,  155.0000,  155.0000,  155.0000,  155.0000,  155.0000,  158.8202,  165.3996,  173.2672,  181.4393,  190.2764,  198.8104,  204.5754,  207.8212,  209.4182,  210.0462,  210.3680,  210.4855,    0.0676,    0.2556,    0.5389,    0.8888,    1.2804,    1.6928,    2.1082,    2.5121,    2.8933,    3.2429,    3.5544,    3.8241,    3.4712,    3.6087,    3.7179,    3.7987,    3.8530,    3.8815,    3.8866,    3.8696,    3.8324,    3.7775,    3.7019,    3.5964,    1.2424,    1.2267,    1.2047,    1.1662,    1.1137,    1.0481,    0.8756,    0.8393,    0.7711,    0.6138,    0.5638,    0.3590,    0.1995,    0.1649,    0.1438,    0.1375,    0.1329,    0.1277,    0.1258,    0.1235,    0.1245,    0.1364,    0.1735,    0.2440,    0.3730,    0.4452,    0.3502,    0.5089,    0.4971,    0.5051,    0.5244,    0.6000,    0.6202,    0.6335,    0.6351,    0.6285,    1.6842,    1.6087,    1.5504,    1.4822,    1.4116,    1.3421,    1.2748,    1.2087,    1.1452,    1.0819,    1.0194,    0.9639,    1.4270,    1.3066,    1.1824,    1.0659,    0.9702,    0.8860,    0.8005,    0.7221,    0.6504,    0.5836,    0.5141,    0.4584,    1.1328,    0.8012,    0.5722,    0.3992,    0.2764,    0.1901,    0.1299,    0.0861,    0.0569,    0.0365,    0.0240,    0.0175,    0.0899,    0.0485,    0.0757,    0.0853,    0.0957,    0.0892,    0.0975,    0.1095,    0.0962,    0.1325,    0.1172,    0.1283,    0.1417,    0.1155,    0.1679,    0.1865,    0.1530,    0.1811,    0.2062,    0.2231,    0.2234,    0.1500,    0.2398,    0.2531,    0.3109,    0.3324,    0.3440,    0.3658,    0.3756,    0.3936,    0.3989,    0.4549,    0.4935,    0.4704,    0.4844,    0.4940,    0.8433,    0.9209,    0.9662,    0.9986,    1.0221,    1.1068,    1.0376,    1.1056,    1.0799,    1.1314,    1.0731,    1.1504,    2.4777,    2.4439,    2.4989,    2.5383,    2.5642,    2.4625,    2.5489,    2.6139,    2.6670,    2.4800,    2.4441,    2.5380,    6.4157,    6.1123,    6.0433,    5.8603,    5.4132,    5.0767,    4.4565,    4.0997,    3.9404,    3.4535,    2.6528,    2.4637,    1.8993,    1.7458,    1.3311,    1.2705,    0.8565,    0.6215,    0.5021,    0.2015,    0.1776,    0.1261,    0.0437,    0.0355,    0.0000,    0.0000,    0.0000,    0.0000,    0.0000,    0.0000,    0.0000,    0.0000,    0.0000,    0.0000,    0.0000,    0.0000,    0.0000,    0.0000,    0.0000,    0.0000,    0.0000,    0.0000,    0.0000,    0.0001,    0.0002,    0.0007,    0.0108,    0.0490,    0.0110,    0.0180,    0.0344,    0.0771,    0.1397,    0.2137,    0.4309,    0.4495,    0.5119,    0.6671,    0.7005,    0.8672,    0.6959,    0.7036,    0.7106,    0.6982,    0.6956,    0.7186,    0.6761,    0.6645,    0.6491,    0.6306,    0.6025,    0.5551,    0.4721,    0.3712,    0.4491,    0.2585,    0.2602,    0.2432,    0.2110,    0.1067,    0.0696,    0.0377,    0.0207,    0.0150,    0.0329,    0.0299,    0.0085,    0.0020,    0.0004,    0.0004,    0.0002,    0.0011,    0.0019,    0.0049,    0.0091,    0.0081,    0.0085,    0.0012,    0.0075,    0.0141,    0.0089,    0.0000,    0.0000,    0.0000,    0.0000,    0.0008,    0.0066,    0.0072,    0.0065,    0.0059,    0.0000,    0.0000,    0.0000,    0.0000,    0.0000,    0.0009,    0.0011,    0.0014,    0.0012,    0.0002,    0.0266,    0.0000,    0.0608,    0.1075,    0.1214,    0.1110,    0.1245,    0.1386,    0.1233,    0.1698,    0.1501,    0.1645,    0.1808,    0.1468,    0.2123,    0.2321,    0.1900,    0.1318,    0.0189,    0.0386,    0.1649,    0.1902,    0.3067,    0.3223,    0.3984,    0.4260,    0.4410,    0.4686,    0.4799,    0.4920,    0.4648,    0.4226,    0.3741,    0.4433,    0.6104,    0.6178,    1.0805,    1.1804,    1.2359,    1.2564,    1.2364,    1.3694,    1.3136,    1.3975,    1.2854,    1.4503,    1.3718,    1.4606,    3.1621,    3.0885,    3.2030,    3.2531,    3.2748,    3.1568,    3.2678,    3.3511,    3.4192,    3.1776,    3.1334,    3.2539,    8.2247,    7.8363,    7.7478,    7.5132,    6.9399,    6.5086,    5.7135,    5.2561,    5.0518,    4.4276,    3.4010,    3.1586,    2.4350,    2.2382,    1.7066,    1.6288,    1.0981,    0.7968,    0.6438,    0.2584,    0.2277,    0.1616,    0.0560,    0.0455
  886,    0.0500,  218.8975,    0.1968,  120.6039,  119.1927,   -0.9097,   -0.8079,  158.4330,  164.7704,  165.5455,  166.4544,  167.6918,  168.4989,  169.3992,  170.4867,  171.6980,  173.3021,  175.7611,  179.4835,  184.8385,  192.0998,  200.6992,  208.5328,  214.1867,  217.6563,  219.5995,  220.3433,  220.2987,  219.9039,  219.6801,  219.3753,  219.2359,    0.0677,    0.2558,    0.5393,    0.8895,    1.2814,    1.6942,    2.1098,    2.5118,    2.8930,    3.2426,    3.5590,    3.8518,    3.4941,    3.6122,    3.7164,    3.7973,    3.8518,    3.8866,    3.9092,    3.8921,    3.8380,    3.7715,    3.6980,    3.6038,    1.2431,    1.2286,    1.2144,    1.1883,    1.1598,    1.1246,    1.0299,    1.0202,    0.9790,    0.8569,    0.8549,    0.7021,    0.4483,    0.3797,    0.3140,    0.3023,    0.2826,    0.2404,    0.2745,    0.2772,    0.2947,    0.3330,    0.3979,    0.4658,    0.5687,    0.6043,    0.5165,    0.6248,    0.6169,    0.6108,    0.6075,    0.6411,    0.6393,    0.6401,    0.6357,    0.6273,    1.6578,    1.5514,    1.4864,    1.3876,    1.3209,    1.2369,    1.1702,    1.1097,    1.0579,    1.0006,    0.9538,    0.9020,    1.3498,    1.2431,    1.1278,    1.0309,    0.9549,    0.8688,    0.7937,    0.7159,    0.6409,    0.5757,    0.5127,    0.4589,    1.1171,    0.7820,    0.5433,    0.3665,    0.2554,    0.1799,    0.1228,    0.0832,    0.0557,    0.0365,    0.0243,    0.0169,    0.0912,    0.0481,    0.0781,    0.0894,    0.1003,    0.0933,    0.1022,    0.1137,    0.0999,    0.1375,    0.1216,    0.1332,    0.1471,    0.1198,    0.1743,    0.1935,    0.1597,    0.1863,    0.2065,    0.2240,    0.2298,    0.1564,    0.2467,    0.2605,    0.3199,    0.3420,    0.3540,    0.3764,    0.3849,    0.4034,    0.4093,    0.4634,    0.5009,    0.4791,    0.4968,    0.5061,    0.8713,    0.9515,    0.9983,    1.0316,    1.0546,    1.1426,    1.0719,    1.1372,    1.1081,    1.1636,    1.1036,    1.1830,    2.5480,    2.5130,    2.5699,    2.6195,    2.6460,    2.5413,    2.6304,    2.6975,    2.7523,    2.5592,    2.5223,    2.6193,    6.6211,    6.2906,    6.2197,    6.0314,    5.5713,    5.2251,    4.5869,    4.2198,    4.0560,    3.5550,    2.7309,    2.5364,    1.9555,    1.7694,    1.3492,    1.2879,    0.8684,    0.6303,    0.5093,    0.2044,    0.1802,    0.1280,    0.0444,    0.0361,    0.0001,    0.0003,    0.0006,    0.0009,    0.0013,    0.0017,    0.0021,    0.0003,    0.0003,    0.0002,    0.0051,    0.0288,    0.0248,    0.0062,    0.0015,    0.0014,    0.0012,    0.0078,    0.0270,    0.0304,    0.0172,    0.0097,    0.0342,    0.1149,    0.0316,    0.0507,    0.0898,    0.1786,    0.2914,    0.4027,    0.7140,    0.7390,    0.8177,    0.9502,    0.9988,    1.1049,    0.8429,    0.8314,    0.8193,    0.8098,    0.7998,    0.7874,    0.7808,    0.7716,    0.7630,    0.7550,    0.7477,    0.7333,    0.7094,    0.6021,    0.6458,    0.4478,    0.4522,    0.4429,    0.3820,    0.2289,    0.1780,    0.1116,    0.0760,    0.0637,    0.1748,    0.1910,    0.1425,    0.1549,    0.1408,    0.1523,    0.1447,    0.1402,    0.1189,    0.1191,    0.0963,    0.0880,    0.1033,    0.0686,    0.0788,    0.0794,    0.0544,    0.0255,    0.0166,    0.0149,    0.0132,    0.0146,    0.0285,    0.0274,    0.0618,    0.0669,    0.0626,    0.0669,    0.0427,    0.0204,    0.0138,    0.0099,    0.0078,    0.0071,    0.0052,    0.0019,    0.0208,    0.0000,    0.0534,    0.0954,    0.1079,    0.0987,    0.1107,    0.1259,    0.1121,    0.1544,    0.1365,    0.1506,    0.1653,    0.1342,    0.1939,    0.2117,    0.1706,    0.1109,    0.0134,    0.0298,    0.1443,    0.1722,    0.2867,    0.3010,    0.3726,    0.3985,    0.4125,    0.4383,    0.4526,    0.4633,    0.4318,    0.3926,    0.3459,    0.4132,    0.5735,    0.5818,    1.0006,    1.0931,    1.1445,    1.1614,    1.1407,    1.2651,    1.2150,    1.3089,    1.2032,    1.3607,    1.2867,    1.3694,    2.9659,    2.8944,    3.0052,    3.0162,    3.0359,    2.9269,    3.0299,    3.1072,    3.1703,    2.9463,    2.9053,    3.0170,    7.6260,    7.2464,    7.1645,    6.9475,    6.4173,    6.0184,    5.2831,    4.8600,    4.6710,    4.0938,    3.1445,    2.9203,    2.2513,    2.1261,    1.6210,    1.5471,    1.0431,    0.7569,    0.6115,    0.2454,    0.2163,    0.1535,    0.0532,    0.0433
  921,    0.1000,  218.2973,    0.1771,  123.5822,  122.1022,   -0.8312,   -0.7301,  158.4330,  174.9615,  175.7969,  176.7506,  178.0024,  179.1000,  180.4016,  182.0526,  183.8970,  186.1960,  189.2261,  193.4981,  199.3983,  207.1992,  215.9001,  223.1317,  227.6726,  229.6981,  229.9862,  228.5992,  226.3815,  223.8702,  222.2468,  220.7180,  220.2436,    0.0675,    0.2553,    0.5381,    0.8872,    1.2778,    1.6889,    2.1028,    2.4994,    2.8779,    3.2247,    3.5459,    3.8735,    3.5103,    3.5950,    3.6887,    3.7680,    3.8211,    3.8663,    3.9218,    3.9062,    3.8205,    3.7315,    3.6627,    3.5862,    1.2355,    1.2251,    1.2265,    1.2190,    1.2193,    1.2077,    1.1731,    1.1748,    1.1495,    1.0403,    1.0604,    0.9208,    0.6106,    0.5317,    0.4496,    0.4395,    0.4117,    0.3470,    0.4031,    0.4074,    0.4296,    0.4741,    0.5478,    0.6176,    0.7236,    0.7395,    0.6497,    0.7289,    0.7242,    0.7175,    0.6972,    0.6980,    0.6829,    0.6664,    0.6530,    0.6415,    1.6758,    1.5417,    1.4653,    1.3421,    1.2753,    1.1810,    1.1104,    1.0543,    0.9984,    0.9468,    0.8918,    0.8416,    1.2642,    1.1657,    1.0644,    0.9893,    0.9431,    0.8479,    0.7865,    0.7093,    0.6246,    0.5623,    0.5114,    0.4586,    1.1253,    0.8029,    0.5787,    0.4086,    0.2855,    0.1951,    0.1338,    0.0903,    0.0611,    0.0414,    0.0278,    0.0185,    0.0916,    0.0477,    0.0799,    0.0926,    0.1040,    0.0967,    0.1059,    0.1171,    0.1030,    0.1417,    0.1254,    0.1374,    0.1516,    0.1235,    0.1796,    0.1994,    0.1650,    0.1894,    0.2062,    0.2239,    0.2342,    0.1616,    0.2528,    0.2670,    0.3279,    0.3505,    0.3627,    0.3857,    0.3933,    0.4120,    0.4177,    0.4701,    0.5064,    0.4861,    0.5075,    0.5169,    0.8956,    0.9781,    1.0260,    1.0598,    1.0820,    1.1732,    1.1014,    1.1649,    1.1327,    1.1922,    1.1307,    1.2117,    2.6103,    2.5740,    2.6330,    2.6900,    2.7169,    2.6097,    2.7012,    2.7702,    2.8264,    2.6281,    2.5902,    2.6898,    6.7995,    6.4449,    6.3723,    6.1796,    5.7083,    5.3537,    4.7000,    4.3240,    4.1563,    3.6431,    2.7987,    2.5996,    2.0045,    1.7911,    1.3659,    1.3040,    0.8794,    0.6384,    0.5159,    0.2072,    0.1827,    0.1297,    0.0450,    0.0366,    0.0002,    0.0006,    0.0013,    0.0021,    0.0030,    0.0040,    0.0050,    0.0006,    0.0006,    0.0005,    0.0131,    0.0750,    0.0651,    0.0159,    0.0030,    0.0028,    0.0024,    0.0212,    0.0762,    0.0856,    0.0454,    0.0199,    0.0562,    0.1691,    0.0505,    0.0794,    0.1416,    0.2599,    0.4072,    0.5335,    0.8819,    0.9085,    0.9908,    1.0903,    1.1455,    1.1990,    0.8911,    0.8658,    0.8401,    0.8309,    0.8177,    0.7937,    0.7988,    0.7914,    0.7874,    0.7876,    0.7976,    0.8057,    0.8257,    0.7292,    0.7418,    0.5653,    0.5705,    0.5717,    0.4944,    0.3260,    0.2779,    0.1876,    0.1409,    0.1243,    0.3517,    0.3803,    0.3115,    0.3358,    0.3089,    0.3250,    0.3053,    0.2948,    0.2431,    0.2400,    0.1748,    0.1591,    0.1856,    0.1278,    0.1424,    0.1386,    0.1108,    0.0617,    0.0479,    0.0433,    0.0318,    0.0333,    0.0589,    0.0550,    0.1604,    0.1781,    0.1923,    0.2021,    0.1345,    0.0682,    0.0473,    0.0298,    0.0218,    0.0177,    0.0122,    0.0060,    0.0173,    0.0000,    0.0473,    0.0847,    0.0959,    0.0877,    0.0985,    0.1145,    0.1019,    0.1404,    0.1241,    0.1378,    0.1512,    0.1228,    0.1772,    0.1934,    0.1539,    0.0965,    0.0108,    0.0249,    0.1277,    0.1561,    0.2681,    0.2813,    0.3484,    0.3727,    0.3858,    0.4099,    0.4270,    0.4366,    0.4040,    0.3672,    0.3230,    0.3873,    0.5399,    0.5483,    0.9267,    1.0123,    1.0599,    1.0745,    1.0543,    1.1701,    1.1244,    1.2268,    1.1275,    1.2767,    1.2071,    1.2844,    2.7824,    2.7140,    2.8196,    2.7966,    2.8147,    2.7137,    2.8093,    2.8810,    2.9395,    2.7318,    2.6938,    2.7973,    7.0707,    6.7013,    6.6256,    6.4249,    5.9346,    5.5657,    4.8857,    4.4944,    4.3197,    3.7858,    2.9080,    2.7006,    2.0819,    2.0200,    1.5402,    1.4700,    0.9910,    0.7191,    0.5810,    0.2332,    0.2055,    0.1459,    0.0506,    0.0411
  917,    0.1500,  217.6984,    0.1601,  126.3389,  124.6296,   -0.9294,   -0.8269,  158.4330,  182.1019,  182.9638,  183.9588,  185.2167,  186.4922,  188.0024,  190.0013,  192.1965,  194.7964,  198.1852,  202.6996,  208.7992,  216.4986,  224.8022,  231.3997,  235.1010,  236.3812,  235.7861,  233.3712,  229.9971,  226.1941,  223.7971,  221.4805,  220.6466,    0.0674,    0.2548,    0.5369,    0.8851,    1.2744,    1.6840,    2.0960,    2.4870,    2.8628,    3.2068,    3.5340,    3.9017,    3.5324,    3.5792,    3.6611,    3.7388,    3.7905,    3.8485,    3.9435,    3.9307,    3.8082,    3.6922,    3.6279,    3.5673,    1.2281,    1.2219,    1.2401,    1.2474,    1.2723,    1.2760,    1.2820,    1.2889,    1.2734,    1.1708,    1.2034,    1.0719,    0.7266,    0.6440,    0.5533,    0.5458,    0.5128,    0.4325,    0.5043,    0.5092,    0.5335,    0.5795,    0.6560,    0.7244,    0.8332,    0.8370,    0.7471,    0.8067,    0.8039,    0.8004,    0.7689,    0.7488,    0.7277,    0.6973,    0.6773,    0.6633,    1.7191,    1.5619,    1.4762,    1.3343,    1.2663,    1.1646,    1.0882,    1.0350,    0.9661,    0.9190,    0.8413,    0.7919,    1.1885,    1.0959,    1.0080,    0.9520,    0.9410,    0.8360,    0.7892,    0.7119,    0.6130,    0.5531,    0.5167,    0.4639,    1.1639,    0.8588,    0.6569,    0.4902,    0.3447,    0.2287,    0.1583,    0.1054,    0.0721,    0.0500,    0.0337,    0.0220,    0.0919,    0.0473,    0.0813,    0.0952,    0.1069,    0.0993,    0.1089,    0.1200,    0.1055,    0.1453,    0.1285,    0.1409,    0.1555,    0.1266,    0.1841,    0.2043,    0.1693,    0.1916,    0.2058,    0.2238,    0.2376,    0.1660,    0.2582,    0.2726,    0.3349,    0.3579,    0.3705,    0.3939,    0.4007,    0.4196,    0.4248,    0.4759,    0.5110,    0.4921,    0.5170,    0.5265,    0.9166,    1.0010,    1.0500,    1.0841,    1.1055,    1.1995,    1.1269,    1.1893,    1.1545,    1.2175,    1.1546,    1.2372,    2.6655,    2.6278,    2.6890,    2.7512,    2.7785,    2.6691,    2.7627,    2.8332,    2.8908,    2.6879,    2.6492,    2.7511,    6.9544,    6.5782,    6.5042,    6.3076,    5.8267,    5.4649,    4.7977,    4.4141,    4.2431,    3.7193,    2.8575,    2.6543,    2.0469,    1.8109,    1.3812,    1.3187,    0.8894,    0.6458,    0.5220,    0.2096,    0.1849,    0.1314,    0.0456,    0.0371,    0.0003,    0.0010,    0.0020,    0.0034,    0.0049,    0.0066,    0.0083,    0.0008,    0.0009,    0.0007,    0.0223,    0.1276,    0.1114,    0.0269,    0.0045,    0.0042,    0.0036,    0.0370,    0.1344,    0.1508,    0.0784,    0.0300,    0.0755,    0.2119,    0.0660,    0.1027,    0.1860,    0.3229,    0.4953,    0.6284,    0.9938,    1.0203,    1.1023,    1.1770,    1.2346,    1.2539,    0.9193,    0.8854,    0.8508,    0.8418,    0.8265,    0.7949,    0.8078,    0.8016,    0.8006,    0.8062,    0.8270,    0.8480,    0.8952,    0.8090,    0.8012,    0.6443,    0.6498,    0.6601,    0.5741,    0.4021,    0.3625,    0.2576,    0.2048,    0.1857,    0.5330,    0.5705,    0.4876,    0.5182,    0.4807,    0.4974,    0.4644,    0.4478,    0.3637,    0.3569,    0.2433,    0.2213,    0.2559,    0.1795,    0.1975,    0.1895,    0.1698,    0.1034,    0.0872,    0.0793,    0.0534,    0.0544,    0.0937,    0.0866,    0.2828,    0.3153,    0.3533,    0.3619,    0.2464,    0.1308,    0.0921,    0.0565,    0.0404,    0.0313,    0.0210,    0.0118,    0.0147,    0.0000,    0.0420,    0.0753,    0.0853,    0.0780,    0.0875,    0.1041,    0.0926,    0.1276,    0.1128,    0.1261,    0.1384,    0.1124,    0.1621,    0.1768,    0.1392,    0.0854,    0.0091,    0.0216,    0.1140,    0.1416,    0.2507,    0.2630,    0.3259,    0.3486,    0.3608,    0.3834,    0.4029,    0.4117,    0.3793,    0.3447,    0.3028,    0.3640,    0.5087,    0.5170,    0.8582,    0.9374,    0.9816,    0.9945,    0.9752,    1.0828,    1.0409,    1.1503,    1.0570,    1.1978,    1.1325,    1.2048,    2.6104,    2.5454,    2.6455,    2.5930,    2.6097,    2.5161,    2.6048,    2.6712,    2.7254,    2.5329,    2.4977,    2.5937,    6.5559,    6.1976,    6.1276,    5.9420,    5.4886,    5.1473,    4.5185,    4.1566,    3.9950,    3.5013,    2.6894,    2.4976,    1.9254,    1.9195,    1.4635,    1.3968,    0.9417,    0.6834,    0.5521,    0.2216,    0.1953,    0.1386,    0.0481,    0.0391
  952,    0.2000,  216.9969,    0.1452,  128.6854,  126.8269,   -0.9609,   -0.8364,  158.4330,  187.6074,  188.5001,  189.5005,  190.8125,  192.1955,  193.8985,  196.0061,  198.3981,  201.2748,  204.8906,  209.4999,  215.4995,  222.9969,  230.8112,  236.7974,  239.7981,  240.4911,  239.3013,  236.3004,  232.2657,  227.6936,  224.6762,  221.7750,  220.7629,    0.0673,    0.2542,    0.5354,    0.8824,    1.2702,    1.6780,    2.0879,    2.4726,    2.8452,    3.1860,    3.5193,    3.9290,    3.5538,    3.5603,    3.6293,    3.7051,    3.7551,    3.8270,    3.9646,    3.9548,    3.7930,    3.6475,    3.5870,    3.5398,    1.2181,    1.2157,    1.2505,    1.2694,    1.3154,    1.3296,    1.3655,    1.3748,    1.3663,    1.2687,    1.3090,    1.1849,    0.8159,    0.7324,    0.6374,    0.6325,    0.5959,    0.5044,    0.5875,    0.5928,    0.6177,    0.6632,    0.7398,    0.8051,    0.9144,    0.9090,    0.8215,    0.8648,    0.8634,    0.8643,    0.8254,    0.7907,    0.7674,    0.7268,    0.7020,    0.6863,    1.7700,    1.5945,    1.5018,    1.3459,    1.2766,    1.1699,    1.0870,    1.0356,    0.9495,    0.9058,    0.7967,    0.7478,    1.1171,    1.0291,    0.9537,    0.9139,    0.9410,    0.8275,    0.7954,    0.7179,    0.6027,    0.5450,    0.5242,    0.4713,    1.2167,    0.9310,    0.7521,    0.5827,    0.4129,    0.2701,    0.1888,    0.1243,    0.0857,    0.0603,    0.0407,    0.0266,    0.0920,    0.0471,    0.0824,    0.0973,    0.1092,    0.1015,    0.1114,    0.1224,    0.1077,    0.1482,    0.1311,    0.1438,    0.1587,    0.1293,    0.1879,    0.2084,    0.1728,    0.1933,    0.2055,    0.2236,    0.2402,    0.1696,    0.2630,    0.2776,    0.3411,    0.3645,    0.3773,    0.4012,    0.4074,    0.4265,    0.4310,    0.4809,    0.5150,    0.4974,    0.5255,    0.5350,    0.9348,    1.0209,    1.0708,    1.1051,    1.1258,    1.2222,    1.1489,    1.2109,    1.1737,    1.2400,    1.1759,    1.2598,    2.7145,    2.6756,    2.7387,    2.8043,    2.8319,    2.7207,    2.8161,    2.8880,    2.9466,    2.7398,    2.7004,    2.8043,    7.0888,    6.6934,    6.6182,    6.4182,    5.9290,    5.5610,    4.8823,    4.4920,    4.3181,    3.7853,    2.9083,    2.7017,    2.0836,    1.8290,    1.3951,    1.3322,    0.8986,    0.6525,    0.5276,    0.2119,    0.1869,    0.1329,    0.0461,    0.0375,    0.0004,    0.0013,    0.0029,    0.0048,    0.0069,    0.0093,    0.0117,    0.0011,    0.0012,    0.0010,    0.0320,    0.1833,    0.1604,    0.0387,    0.0059,    0.0055,    0.0047,    0.0540,    0.1970,    0.2209,    0.1136,    0.0394,    0.0918,    0.2453,    0.0783,    0.1210,    0.2234,    0.3721,    0.5634,    0.6992,    1.0716,    1.0975,    1.1779,    1.2333,    1.2917,    1.2872,    0.9359,    0.8962,    0.8553,    0.8466,    0.8297,    0.7921,    0.8112,    0.8059,    0.8071,    0.8165,    0.8445,    0.8737,    0.9389,    0.8611,    0.8395,    0.6992,    0.7047,    0.7227,    0.6324,    0.4622,    0.4331,    0.3202,    0.2645,    0.2441,    0.7079,    0.7515,    0.6590,    0.6917,    0.6457,    0.6601,    0.6143,    0.5917,    0.4763,    0.4657,    0.3020,    0.2749,    0.3149,    0.2238,    0.2440,    0.2323,    0.2275,    0.1473,    0.1309,    0.1194,    0.0765,    0.0765,    0.1303,    0.1198,    0.4161,    0.4622,    0.5207,    0.5177,    0.3583,    0.1979,    0.1405,    0.0859,    0.0609,    0.0460,    0.0305,    0.0184,    0.0127,    0.0000,    0.0373,    0.0669,    0.0759,    0.0693,    0.0779,    0.0946,    0.0842,    0.1161,    0.1026,    0.1155,    0.1266,    0.1028,    0.1482,    0.1617,    0.1260,    0.0762,    0.0079,    0.0190,    0.1023,    0.1284,    0.2345,    0.2459,    0.3048,    0.3260,    0.3375,    0.3585,    0.3801,    0.3883,    0.3567,    0.3242,    0.2845,    0.3426,    0.4796,    0.4877,    0.7947,    0.8681,    0.9091,    0.9207,    0.9024,    1.0023,    0.9637,    1.0787,    0.9913,    1.1238,    1.0625,    1.1302,    2.4490,    2.3876,    2.4821,    2.4042,    2.4196,    2.3329,    2.4151,    2.4767,    2.5270,    2.3485,    2.3158,    2.4049,    6.0786,    5.7321,    5.6674,    5.4957,    5.0763,    4.7608,    4.1791,    3.8445,    3.6950,    3.2384,    2.4875,    2.3101,    1.7808,    1.8241,    1.3908,    1.3274,    0.8949,    0.6494,    0.5247,    0.2106,    0.1856,    0.1317,    0.0457,    0.0371
 1061,    0.3000,  215.3972,    0.1211,  132.3818,  130.4007,   -0.8726,   -0.7762,  158.4330,  195.9588,  196.8368,  197.8994,  199.2744,  200.7610,  202.6996,  205.1038,  207.7813,  210.8016,  214.5003,  219.0028,  224.7959,  231.6113,  238.4983,  243.2999,  245.1971,  244.9622,  243.0983,  239.4187,  234.5963,  229.0935,  225.3774,  221.6460,  220.3766,    0.0669,    0.2527,    0.5319,    0.8761,    1.2603,    1.6637,    2.0688,    2.4399,    2.8052,    3.1387,    3.4843,    3.9796,    3.5926,    3.5159,    3.5574,    3.6288,    3.6750,    3.7763,    4.0026,    3.9992,    3.7562,    3.5475,    3.4927,    3.4663,    1.1920,    1.1957,    1.2625,    1.2978,    1.3781,    1.4059,    1.4833,    1.4937,    1.4946,    1.4054,    1.4542,    1.3447,    0.9463,    0.8650,    0.7672,    0.7665,    0.7259,    0.6205,    0.7177,    0.7231,    0.7474,    0.7898,    0.8627,    0.9199,    1.0256,    1.0055,    0.9271,    0.9432,    0.9432,    0.9542,    0.9066,    0.8535,    0.8315,    0.7785,    0.7479,    0.7301,    1.8764,    1.6754,    1.5742,    1.4003,    1.3289,    1.2161,    1.1209,    1.0710,    0.9459,    0.9064,    0.7218,    0.6740,    0.9869,    0.9065,    0.8522,    0.8378,    0.9435,    0.8173,    0.8136,    0.7353,    0.5850,    0.5309,    0.5430,    0.4891,    1.3417,    1.0929,    0.9484,    0.7553,    0.5427,    0.3561,    0.2525,    0.1651,    0.1151,    0.0820,    0.0553,    0.0368,    0.0921,    0.0467,    0.0839,    0.1003,    0.1126,    0.1045,    0.1149,    0.1261,    0.1110,    0.1528,    0.1351,    0.1485,    0.1638,    0.1334,    0.1939,    0.2148,    0.1782,    0.1955,    0.2050,    0.2232,    0.2440,    0.1752,    0.2709,    0.2858,    0.3513,    0.3755,    0.3887,    0.4132,    0.4188,    0.4380,    0.4413,    0.4891,    0.5216,    0.5062,    0.5397,    0.5495,    0.9643,    1.0531,    1.1045,    1.1390,    1.1583,    1.2588,    1.1845,    1.2470,    1.2058,    1.2777,    1.2115,    1.2976,    2.7965,    2.7554,    2.8220,    2.8904,    2.9184,    2.8043,    2.9027,    2.9767,    3.0372,    2.8240,    2.7835,    2.8905,    7.3069,    6.8790,    6.8019,    6.5965,    6.0939,    5.7159,    5.0185,    4.6176,    4.4392,    3.8917,    2.9904,    2.7782,    2.1429,    1.8605,    1.4194,    1.3556,    0.9147,    0.6644,    0.5373,    0.2159,    0.1905,    0.1355,    0.0470,    0.0383,    0.0006,    0.0021,    0.0045,    0.0076,    0.0111,    0.0148,    0.0188,    0.0017,    0.0017,    0.0014,    0.0525,    0.2978,    0.2617,    0.0635,    0.0087,    0.0081,    0.0070,    0.0899,    0.3279,    0.3669,    0.1867,    0.0557,    0.1170,    0.2921,    0.0959,    0.1467,    0.2822,    0.4431,    0.6607,    0.7963,    1.1682,    1.1928,    1.2679,    1.2949,    1.3531,    1.3170,    0.9475,    0.9001,    0.8509,    0.8424,    0.8236,    0.7783,    0.8053,    0.8012,    0.8055,    0.8201,    0.8575,    0.8973,    0.9839,    0.9188,    0.8799,    0.7662,    0.7715,    0.8016,    0.7097,    0.5501,    0.5424,    0.4263,    0.3700,    0.3488,    1.0247,    1.0726,    0.9703,    0.9978,    0.9394,    0.9441,    0.8757,    0.8423,    0.6729,    0.6546,    0.3946,    0.3600,    0.4045,    0.2933,    0.3153,    0.2970,    0.3350,    0.2355,    0.2225,    0.2036,    0.1234,    0.1208,    0.2037,    0.1866,    0.6867,    0.7493,    0.8248,    0.7699,    0.5452,    0.3221,    0.2308,    0.1429,    0.1009,    0.0741,    0.0488,    0.0318,    0.0098,    0.0000,    0.0295,    0.0529,    0.0600,    0.0548,    0.0616,    0.0782,    0.0696,    0.0960,    0.0848,    0.0967,    0.1060,    0.0861,    0.1241,    0.1353,    0.1035,    0.0616,    0.0062,    0.0151,    0.0831,    0.1057,    0.2051,    0.2150,    0.2666,    0.2851,    0.2952,    0.3136,    0.3384,    0.3455,    0.3163,    0.2875,    0.2521,    0.3041,    0.4265,    0.4340,    0.6816,    0.7445,    0.7797,    0.7893,    0.7732,    0.8591,    0.8263,    0.9491,    0.8721,    0.9893,    0.9352,    0.9948,    2.1558,    2.1012,    2.1850,    2.0670,    2.0801,    2.0057,    2.0764,    2.1294,    2.1726,    2.0191,    1.9910,    2.0675,    5.2260,    4.9046,    4.8492,    4.7023,    4.3435,    4.0735,    3.5759,    3.2895,    3.1616,    2.7709,    2.1284,    1.9767,    1.5238,    1.6477,    1.2563,    1.1991,    0.8085,    0.5867,    0.4740,    0.1903,    0.1677,    0.1190,    0.0413,    0.0336
 1131,    0.4000,  213.7335,    0.1028,  135.3940,  133.1082,   -0.9895,   -0.9570,  158.4330,  202.2042,  203.1064,  204.2040,  205.5834,  207.2010,  209.2976,  211.7993,  214.5352,  217.6973,  221.3050,  225.6844,  231.0943,  237.3004,  243.2972,  247.0014,  247.9981,  246.9980,  244.6665,  240.6008,  235.3989,  229.3915,  225.1929,  220.9966,  219.5515,    0.0666,    0.2512,    0.5285,    0.8699,    1.2505,    1.6497,    2.0498,    2.4072,    2.7653,    3.0915,    3.4500,    4.0309,    3.6325,    3.4727,    3.4861,    3.5532,    3.5957,    3.7277,    4.0433,    4.0466,    3.7227,    3.4486,    3.3976,    3.3862,    1.1638,    1.1721,    1.2687,    1.3148,    1.4227,    1.4584,    1.5639,    1.5731,    1.5801,    1.4983,    1.5510,    1.4553,    1.0397,    0.9626,    0.8662,    0.8684,    0.8261,    0.7132,    0.8180,    0.8230,    0.8455,    0.8838,    0.9509,    0.9996,    1.0987,    1.0663,    1.0001,    0.9927,    0.9934,    1.0149,    0.9632,    0.8992,    0.8819,    0.8230,    0.7897,    0.7709,    1.9838,    1.7671,    1.6620,    1.4773,    1.4042,    1.2877,    1.1818,    1.1315,    0.9692,    0.9312,    0.6653,    0.6186,    0.8776,    0.8028,    0.7650,    0.7687,    0.9519,    0.8174,    0.8394,    0.7598,    0.5739,    0.5224,    0.5667,    0.5115,    1.4802,    1.2585,    1.1267,    0.8940,    0.6493,    0.4345,    0.3107,    0.2043,    0.1434,    0.1025,    0.0692,    0.0469,    0.0920,    0.0463,    0.0849,    0.1022,    0.1148,    0.1065,    0.1171,    0.1286,    0.1133,    0.1560,    0.1379,    0.1518,    0.1675,    0.1364,    0.1981,    0.2194,    0.1819,    0.1968,    0.2045,    0.2227,    0.2464,    0.1790,    0.2770,    0.2923,    0.3593,    0.3840,    0.3975,    0.4226,    0.4280,    0.4473,    0.4495,    0.4957,    0.5267,    0.5131,    0.5511,    0.5612,    0.9863,    1.0772,    1.1297,    1.1643,    1.1827,    1.2862,    1.2111,    1.2753,    1.2311,    1.3074,    1.2395,    1.3274,    2.8612,    2.8182,    2.8876,    2.9553,    2.9836,    2.8673,    2.9679,    3.0437,    3.1055,    2.8874,    2.8461,    2.9555,    7.4713,    7.0176,    6.9390,    6.7297,    6.2171,    5.8317,    5.1203,    4.7116,    4.5298,    3.9714,    3.0518,    2.8356,    2.1873,    1.8867,    1.4396,    1.3752,    0.9281,    0.6743,    0.5455,    0.2193,    0.1936,    0.1377,    0.0478,    0.0390,    0.0008,    0.0029,    0.0062,    0.0104,    0.0153,    0.0205,    0.0260,    0.0022,    0.0023,    0.0019,    0.0735,    0.4128,    0.3637,    0.0889,    0.0114,    0.0106,    0.0091,    0.1270,    0.4603,    0.5142,    0.2607,    0.0694,    0.1355,    0.3219,    0.1071,    0.1626,    0.3268,    0.4919,    0.7272,    0.8592,    1.2219,    1.2454,    1.3144,    1.3213,    1.3780,    1.3224,    0.9453,    0.8934,    0.8393,    0.8308,    0.8107,    0.7607,    0.7927,    0.7895,    0.7958,    0.8137,    0.8565,    0.9021,    1.0003,    0.9437,    0.8955,    0.8017,    0.8067,    0.8462,    0.7569,    0.6114,    0.6230,    0.5123,    0.4591,    0.4383,    1.2947,    1.3384,    1.2331,    1.2475,    1.1809,    1.1722,    1.0864,    1.0439,    0.8343,    0.8085,    0.4632,    0.4237,    0.4667,    0.3436,    0.3650,    0.3417,    0.4309,    0.3199,    0.3135,    0.2874,    0.1693,    0.1634,    0.2739,    0.2506,    0.9414,    1.0028,    1.0603,    0.9308,    0.6694,    0.4191,    0.3018,    0.1907,    0.1346,    0.0973,    0.0642,    0.0436,    0.0076,    0.0000,    0.0234,    0.0418,    0.0475,    0.0434,    0.0487,    0.0647,    0.0576,    0.0794,    0.0702,    0.0810,    0.0888,    0.0721,    0.1039,    0.1133,    0.0851,    0.0502,    0.0049,    0.0122,    0.0679,    0.0871,    0.1794,    0.1880,    0.2331,    0.2494,    0.2582,    0.2743,    0.3013,    0.3075,    0.2810,    0.2554,    0.2239,    0.2704,    0.3795,    0.3863,    0.5846,    0.6386,    0.6688,    0.6768,    0.6629,    0.7366,    0.7086,    0.8352,    0.7675,    0.8709,    0.8233,    0.8756,    1.8977,    1.8494,    1.9235,    1.7773,    1.7885,    1.7246,    1.7853,    1.8309,    1.8681,    1.7361,    1.7119,    1.7777,    4.4935,    4.1981,    4.1507,    4.0250,    3.7179,    3.4868,    3.0608,    2.8158,    2.7063,    2.3719,    1.8220,    1.6921,    1.3045,    1.4889,    1.1353,    1.0836,    0.7306,    0.5302,    0.4284,    0.1720,    0.1516,    0.1076,    0.0373,    0.0303
 1187,    0.5000,  211.9959,    0.0890,  137.5925,  135.1620,   -0.9720,   -0.9276,  158.4330,  207.1453,  208.0727,  209.1824,  210.6072,  212.2914,  214.3915,  216.9949,  219.8071,  222.8987,  226.4982,  230.6036,  235.6948,  241.2993,  246.5011,  249.2978,  249.4971,  247.8998,  245.0672,  240.7022,  235.3844,  229.0213,  224.5960,  219.9775,  218.3993,    0.0661,    0.2494,    0.5244,    0.8626,    1.2391,    1.6334,    2.0279,    2.3706,    2.7207,    3.0386,    3.4096,    4.0736,    3.6646,    3.4224,    3.4068,    3.4692,    3.5075,    3.6705,    4.0741,    4.0837,    3.6805,    3.3400,    3.2916,    3.2917,    1.1306,    1.1424,    1.2675,    1.3214,    1.4532,    1.4943,    1.6216,    1.6289,    1.6405,    1.5657,    1.6206,    1.5380,    1.1113,    1.0387,    0.9450,    0.9495,    0.9064,    0.7893,    0.8982,    0.9029,    0.9233,    0.9575,    1.0185,    1.0595,    1.1503,    1.1065,    1.0538,    1.0248,    1.0258,    1.0581,    1.0043,    0.9328,    0.9215,    0.8602,    0.8258,    0.8064,    2.0825,    1.8564,    1.7498,    1.5585,    1.4841,    1.3648,    1.2502,    1.1987,    1.0040,    0.9662,    0.6196,    0.5741,    0.7801,    0.7099,    0.6854,    0.7023,    0.9600,    0.8203,    0.8649,    0.7842,    0.5642,    0.5149,    0.5902,    0.5337,    1.6140,    1.4114,    1.2765,    1.0005,    0.7325,    0.5003,    0.3597,    0.2387,    0.1683,    0.1205,    0.0816,    0.0560,    0.0919,    0.0460,    0.0855,    0.1035,    0.1163,    0.1078,    0.1186,    0.1304,    0.1149,    0.1582,    0.1399,    0.1542,    0.1701,    0.1385,    0.2011,    0.2227,    0.1845,    0.1977,    0.2040,    0.2223,    0.2480,    0.1817,    0.2818,    0.2972,    0.3655,    0.3907,    0.4044,    0.4299,    0.4354,    0.4548,    0.4560,    0.5009,    0.5307,    0.5187,    0.5603,    0.5706,    1.0029,    1.0953,    1.1486,    1.1833,    1.2009,    1.3068,    1.2310,    1.2976,    1.2510,    1.3308,    1.2616,    1.3509,    2.9121,    2.8676,    2.9393,    3.0042,    3.0328,    2.9148,    3.0171,    3.0941,    3.1570,    2.9352,    2.8932,    3.0045,    7.5952,    7.1211,    7.0415,    6.8292,    6.3092,    5.9182,    5.1965,    4.7818,    4.5975,    4.0311,    3.0978,    2.8786,    2.2207,    1.9085,    1.4565,    1.3915,    0.9393,    0.6826,    0.5523,    0.2221,    0.1961,    0.1395,    0.0485,    0.0395,    0.0010,    0.0037,    0.0079,    0.0133,    0.0195,    0.0263,    0.0334,    0.0027,    0.0028,    0.0023,    0.0948,    0.5265,    0.4647,    0.1145,    0.0139,    0.0129,    0.0111,    0.1645,    0.5918,    0.6597,    0.3342,    0.0810,    0.1493,    0.3409,    0.1143,    0.1722,    0.3624,    0.5271,    0.7754,    0.9018,    1.2509,    1.2733,    1.3359,    1.3269,    1.3814,    1.3118,    0.9330,    0.8781,    0.8208,    0.8124,    0.7915,    0.7386,    0.7738,    0.7711,    0.7788,    0.7989,    0.8454,    0.8948,    0.9998,    0.9497,    0.8958,    0.8188,    0.8233,    0.8705,    0.7860,    0.6558,    0.6838,    0.5825,    0.5338,    0.5140,    1.5187,    1.5503,    1.4457,    1.4419,    1.3700,    1.3461,    1.2476,    1.1979,    0.9618,    0.9293,    0.5119,    0.4695,    0.5060,    0.3769,    0.3966,    0.3701,    0.5148,    0.3974,    0.3997,    0.3668,    0.2121,    0.2028,    0.3381,    0.3091,    1.1671,    1.2102,    1.2219,    1.0125,    0.7364,    0.4851,    0.3500,    0.2264,    0.1597,    0.1144,    0.0760,    0.0529,    0.0060,    0.0000,    0.0186,    0.0331,    0.0376,    0.0343,    0.0386,    0.0535,    0.0477,    0.0657,    0.0580,    0.0679,    0.0744,    0.0604,    0.0871,    0.0949,    0.0701,    0.0412,    0.0040,    0.0100,    0.0558,    0.0718,    0.1569,    0.1644,    0.2039,    0.2182,    0.2259,    0.2400,    0.2683,    0.2738,    0.2498,    0.2272,    0.1992,    0.2406,    0.3378,    0.3439,    0.5015,    0.5478,    0.5737,    0.5805,    0.5684,    0.6318,    0.6078,    0.7351,    0.6755,    0.7667,    0.7248,    0.7708,    1.6707,    1.6280,    1.6934,    1.5284,    1.5380,    1.4830,    1.5353,    1.5745,    1.6064,    1.4930,    1.4722,    1.5288,    3.8642,    3.5949,    3.5543,    3.4467,    3.1837,    2.9858,    2.6211,    2.4113,    2.3176,    2.0312,    1.5603,    1.4491,    1.1171,    1.3459,    1.0263,    0.9796,    0.6605,    0.4794,    0.3873,    0.1555,    0.1370,    0.0973,    0.0337,    0.0274
 1419,    0.7500,  207.2979,    0.0672,  141.1046,  138.3905,   -0.9093,   -0.8300,  158.4330,  216.2183,  217.2074,  218.3244,  219.7842,  221.5120,  223.7002,  226.3884,  229.1998,  232.2012,  235.3992,  239.0028,  243.1963,  247.5966,  251.2008,  252.1963,  250.5986,  247.5006,  243.4979,  238.5939,  232.9787,  226.3761,  221.5781,  216.4502,  214.6796,    0.0650,    0.2448,    0.5137,    0.8434,    1.2091,    1.5905,    1.9704,    2.2756,    2.6048,    2.9016,    3.3033,    4.1627,    3.7301,    3.2919,    3.2034,    3.2539,    3.2817,    3.5224,    4.1339,    4.1576,    3.5704,    3.0652,    3.0204,    3.0392,    1.0421,    1.0593,    1.2506,    1.3161,    1.4968,    1.5451,    1.7112,    1.7124,    1.7320,    1.6723,    1.7288,    1.6754,    1.2352,    1.1739,    1.0893,    1.0971,    1.0543,    0.9350,    1.0460,    1.0493,    1.0644,    1.0893,    1.1351,    1.1587,    1.2267,    1.1574,    1.1403,    1.0645,    1.0656,    1.1243,    1.0702,    0.9881,    0.9931,    0.9329,    0.8987,    0.8792,    2.2953,    2.0570,    1.9510,    1.7483,    1.6715,    1.5443,    1.4152,    1.3596,    1.1103,    1.0698,    0.5453,    0.5028,    0.5891,    0.5265,    0.5254,    0.5612,    0.9876,    0.8431,    0.9309,    0.8469,    0.5520,    0.5062,    0.6498,    0.5899,    1.9168,    1.7272,    1.5457,    1.1770,    0.8718,    0.6186,    0.4481,    0.3043,    0.2160,    0.1548,    0.1059,    0.0741,    0.0914,    0.0455,    0.0862,    0.1050,    0.1180,    0.1094,    0.1203,    0.1329,    0.1172,    0.1613,    0.1426,    0.1577,    0.1738,    0.1415,    0.2055,    0.2274,    0.1879,    0.1987,    0.2030,    0.2213,    0.2498,    0.1853,    0.2896,    0.3054,    0.3757,    0.4015,    0.4156,    0.4419,    0.4481,    0.4676,    0.4671,    0.5096,    0.5374,    0.5280,    0.5760,    0.5867,    1.0284,    1.1232,    1.1777,    1.2125,    1.2289,    1.3383,    1.2617,    1.3348,    1.2840,    1.3698,    1.2984,    1.3899,    2.9969,    2.9500,    3.0254,    3.0801,    3.1090,    2.9884,    3.0933,    3.1723,    3.2368,    3.0094,    2.9664,    3.0805,    7.7874,    7.2795,    7.1983,    6.9816,    6.4502,    6.0509,    5.3133,    4.8897,    4.7017,    4.1228,    3.1688,    2.9449,    2.2723,    1.9483,    1.4873,    1.4215,    0.9599,    0.6978,    0.5650,    0.2273,    0.2009,    0.1430,    0.0498,    0.0406,    0.0015,    0.0057,    0.0122,    0.0206,    0.0302,    0.0407,    0.0518,    0.0039,    0.0041,    0.0033,    0.1481,    0.7984,    0.7071,    0.1783,    0.0196,    0.0182,    0.0155,    0.2576,    0.9066,    1.0058,    0.5118,    0.1029,    0.1710,    0.3609,    0.1219,    0.1805,    0.4276,    0.5824,    0.8516,    0.9608,    1.2692,    1.2888,    1.3359,    1.2976,    1.3449,    1.2529,    0.8826,    0.8245,    0.7642,    0.7556,    0.7340,    0.6781,    0.7171,    0.7152,    0.7246,    0.7477,    0.7978,    0.8524,    0.9643,    0.9247,    0.8659,    0.8208,    0.8239,    0.8858,    0.8158,    0.7230,    0.7792,    0.7058,    0.6699,    0.6533,    1.9046,    1.8854,    1.7881,    1.7307,    1.6527,    1.5907,    1.4772,    1.4158,    1.1614,    1.1164,    0.5787,    0.5334,    0.5415,    0.4118,    0.4256,    0.3960,    0.6780,    0.5569,    0.5843,    0.5368,    0.3031,    0.2856,    0.4683,    0.4278,    1.5852,    1.5284,    1.3686,    1.0026,    0.7412,    0.5401,    0.3897,    0.2669,    0.1880,    0.1326,    0.0901,    0.0646,    0.0034,    0.0000,    0.0105,    0.0185,    0.0210,    0.0192,    0.0215,    0.0334,    0.0297,    0.0410,    0.0362,    0.0437,    0.0479,    0.0389,    0.0560,    0.0610,    0.0432,    0.0253,    0.0025,    0.0061,    0.0344,    0.0443,    0.1123,    0.1177,    0.1460,    0.1562,    0.1617,    0.1718,    0.2008,    0.2049,    0.1868,    0.1699,    0.1490,    0.1800,    0.2528,    0.2574,    0.3420,    0.3735,    0.3912,    0.3958,    0.3875,    0.4308,    0.4144,    0.5347,    0.4914,    0.5578,    0.5273,    0.5607,    1.2154,    1.1842,    1.2320,    1.0490,    1.0556,    1.0179,    1.0538,    1.0806,    1.1026,    1.0247,    1.0105,    1.0493,    2.6522,    2.4444,    2.4168,    2.3437,    2.1649,    2.0304,    1.7824,    1.6398,    1.5761,    1.3814,    1.0612,    0.9856,    0.7599,    1.0473,    0.7986,    0.7624,    0.5141,    0.3732,    0.3016,    0.1211,    0.1067,    0.0758,    0.0263,    0.0214
 1589,    1.0000,  202.6973,    0.0561,  143.0935,  140.0271,   -0.9824,   -0.8451,  158.4330,  222.5583,  223.5595,  224.7091,  226.1892,  227.9825,  230.2047,  232.8034,  235.5070,  238.3248,  241.2118,  244.2998,  247.8055,  251.1983,  253.5940,  252.9976,  249.8959,  245.5021,  240.3973,  234.8953,  229.1006,  222.5592,  217.6825,  212.4354,  210.5735,    0.0639,    0.2402,    0.5033,    0.8247,    1.1800,    1.5489,    1.9147,    2.1833,    2.4924,    2.7689,    3.2016,    4.2374,    3.7846,    3.1682,    3.0089,    3.0483,    3.0666,    3.3841,    4.1831,    4.2188,    3.4703,    2.8078,    2.7647,    2.7945,    0.9564,    0.9767,    1.2281,    1.2994,    1.5189,    1.5700,    1.7622,    1.7572,    1.7820,    1.7338,    1.7895,    1.7595,    1.3150,    1.2636,    1.1885,    1.1977,    1.1566,    1.0404,    1.1479,    1.1497,    1.1601,    1.1774,    1.2096,    1.2190,    1.2644,    1.1732,    1.1912,    1.0776,    1.0781,    1.1623,    1.1104,    1.0238,    1.0442,    0.9884,    0.9560,    0.9370,    2.4668,    2.2192,    2.1154,    1.9006,    1.8220,    1.6851,    1.5482,    1.4888,    1.2141,    1.1697,    0.5104,    0.4701,    0.4561,    0.3982,    0.4116,    0.4554,    1.0271,    0.8822,    0.9977,    0.9102,    0.5553,    0.5109,    0.7086,    0.6450,    2.1697,    1.9620,    1.7211,    1.2926,    0.9629,    0.6966,    0.5066,    0.3497,    0.2491,    0.1788,    0.1233,    0.0870,    0.0909,    0.0451,    0.0864,    0.1055,    0.1185,    0.1099,    0.1209,    0.1340,    0.1181,    0.1625,    0.1437,    0.1592,    0.1755,    0.1429,    0.2074,    0.2295,    0.1893,    0.1987,    0.2022,    0.2204,    0.2503,    0.1868,    0.2937,    0.3097,    0.3811,    0.4073,    0.4216,    0.4482,    0.4555,    0.4751,    0.4734,    0.5146,    0.5410,    0.5333,    0.5851,    0.5961,    1.0408,    1.1367,    1.1919,    1.2267,    1.2424,    1.3536,    1.2767,    1.3552,    1.3021,    1.3913,    1.3187,    1.4115,    3.0437,    2.9953,    3.0729,    3.1175,    3.1465,    3.0247,    3.1309,    3.2108,    3.2761,    3.0460,    3.0025,    3.1180,    7.8823,    7.3562,    7.2743,    7.0555,    6.5187,    6.1153,    5.3702,    4.9423,    4.7526,    4.1678,    3.2036,    2.9775,    2.2978,    1.9736,    1.5069,    1.4406,    0.9731,    0.7077,    0.5731,    0.2307,    0.2040,    0.1453,    0.0506,    0.0413,    0.0020,    0.0077,    0.0165,    0.0278,    0.0408,    0.0550,    0.0700,    0.0050,    0.0052,    0.0042,    0.2006,    1.0492,    0.9312,    0.2405,    0.0246,    0.0227,    0.0193,    0.3478,    1.1957,    1.3203,    0.6779,    0.1188,    0.1832,    0.3626,    0.1227,    0.1786,    0.4762,    0.6162,    0.8981,    0.9887,    1.2539,    1.2699,    1.3024,    1.2420,    1.2811,    1.1745,    0.8206,    0.7619,    0.7022,    0.6931,    0.6719,    0.6170,    0.6558,    0.6541,    0.6640,    0.6882,    0.7387,    0.7954,    0.9085,    0.8759,    0.8177,    0.7972,    0.7987,    0.8709,    0.8154,    0.7558,    0.8248,    0.7760,    0.7511,    0.7373,    2.0984,    2.0165,    1.9277,    1.8193,    1.7404,    1.6475,    1.5339,    1.4677,    1.2377,    1.1854,    0.6007,    0.5560,    0.5292,    0.4078,    0.4159,    0.3870,    0.7882,    0.6708,    0.7225,    0.6638,    0.3722,    0.3476,    0.5573,    0.5087,    1.8142,    1.6225,    1.2956,    0.8628,    0.6412,    0.5021,    0.3607,    0.2601,    0.1826,    0.1275,    0.0890,    0.0646,    0.0019,    0.0000,    0.0059,    0.0104,    0.0118,    0.0107,    0.0121,    0.0209,    0.0186,    0.0256,    0.0226,    0.0281,    0.0308,    0.0250,    0.0361,    0.0393,    0.0267,    0.0158,    0.0016,    0.0039,    0.0214,    0.0274,    0.0805,    0.0843,    0.1046,    0.1119,    0.1158,    0.1231,    0.1504,    0.1535,    0.1400,    0.1274,    0.1118,    0.1349,    0.1894,    0.1928,    0.2335,    0.2550,    0.2671,    0.2702,    0.2646,    0.2941,    0.2829,    0.3892,    0.3577,    0.4060,    0.3838,    0.4082,    0.8847,    0.8620,    0.8968,    0.7210,    0.7256,    0.6996,    0.7243,    0.7428,    0.7578,    0.7043,    0.6945,    0.7212,    1.8230,    1.6675,    1.6487,    1.5988,    1.4769,    1.3851,    1.2160,    1.1187,    1.0753,    0.9425,    0.7240,    0.6725,    0.5185,    0.8169,    0.6230,    0.5948,    0.4011,    0.2912,    0.2353,    0.0945,    0.0833,    0.0592,    0.0205,    0.0167
 1768,    1.2500,  198.2976,    0.0504,  144.1445,  140.8648,   -0.9545,   -0.8294,  158.4330,  227.5091,  228.4671,  229.6660,  231.0988,  232.8690,  235.0908,  237.6142,  240.1987,  242.7956,  245.3874,  248.0603,  250.9620,  253.5938,  254.7945,  252.8995,  248.3931,  242.8000,  236.6988,  230.5953,  224.7929,  218.2899,  213.5020,  208.2715,  206.3348,    0.0629,    0.2360,    0.4935,    0.8071,    1.1525,    1.5097,    1.8623,    2.0957,    2.3858,    2.6433,    3.1069,    4.2998,    3.8299,    3.0541,    2.8271,    2.8566,    2.8664,    3.2582,    4.2230,    4.2685,    3.3822,    2.5724,    2.5303,    2.5672,    0.8770,    0.8990,    1.2055,    1.2793,    1.5303,    1.5821,    1.7931,    1.7823,    1.8105,    1.7713,    1.8249,    1.8138,    1.3702,    1.3279,    1.2621,    1.2715,    1.2327,    1.1223,    1.2234,    1.2238,    1.2301,    1.2407,    1.2605,    1.2572,    1.2808,    1.1712,    1.2229,    1.0783,    1.0780,    1.1860,    1.1374,    1.0491,    1.0829,    1.0318,    1.0015,    0.9830,    2.6012,    2.3431,    2.2410,    2.0137,    1.9336,    1.7872,    1.6459,    1.5836,    1.2997,    1.2518,    0.4979,    0.4590,    0.3616,    0.3070,    0.3297,    0.3764,    1.0717,    0.9279,    1.0601,    0.9691,    0.5679,    0.5235,    0.7624,    0.6953,    2.3721,    2.1339,    1.8442,    1.3808,    1.0316,    0.7523,    0.5486,    0.3824,    0.2731,    0.1964,    0.1362,    0.0966,    0.0905,    0.0448,    0.0864,    0.1056,    0.1187,    0.1100,    0.1211,    0.1344,    0.1184,    0.1631,    0.1442,    0.1598,    0.1762,    0.1434,    0.2082,    0.2304,    0.1898,    0.1985,    0.2016,    0.2197,    0.2503,    0.1873,    0.2959,    0.3120,    0.3840,    0.4105,    0.4249,    0.4516,    0.4598,    0.4794,    0.4770,    0.5173,    0.5429,    0.5362,    0.5904,    0.6015,    1.0469,    1.1434,    1.1989,    1.2337,    1.2489,    1.3610,    1.2840,    1.3664,    1.3120,    1.4032,    1.3299,    1.4233,    3.0694,    3.0203,    3.0991,    3.1360,    3.1651,    3.0427,    3.1495,    3.2299,    3.2956,    3.0641,    3.0204,    3.1366,    7.9292,    7.3935,    7.3113,    7.0915,    6.5521,    6.1469,    5.3981,    4.9682,    4.7777,    4.1900,    3.2209,    2.9938,    2.3107,    1.9897,    1.5195,    1.4529,    0.9816,    0.7141,    0.5785,    0.2329,    0.2060,    0.1468,    0.0511,    0.0418,    0.0025,    0.0096,    0.0207,    0.0348,    0.0512,    0.0690,    0.0878,    0.0060,    0.0062,    0.0051,    0.2515,    1.2772,    1.1354,    0.3001,    0.0288,    0.0266,    0.0226,    0.4336,    1.4559,    1.6005,    0.8308,    0.1306,    0.1904,    0.3569,    0.1209,    0.1732,    0.5164,    0.6410,    0.9306,    1.0032,    1.2263,    1.2381,    1.2573,    1.1786,    1.2096,    1.0916,    0.7564,    0.6987,    0.6410,    0.6314,    0.6110,    0.5590,    0.5957,    0.5940,    0.6039,    0.6282,    0.6778,    0.7353,    0.8477,    0.8202,    0.7649,    0.7644,    0.7646,    0.8433,    0.8007,    0.7687,    0.8383,    0.8082,    0.7916,    0.7800,    2.1567,    2.0152,    1.9335,    1.7852,    1.7081,    1.5943,    1.4876,    1.4209,    1.2327,    1.1773,    0.5991,    0.5562,    0.4955,    0.3851,    0.3889,    0.3622,    0.8565,    0.7449,    0.8171,    0.7503,    0.4213,    0.3913,    0.6104,    0.5565,    1.8942,    1.5717,    1.1312,    0.7010,    0.5201,    0.4278,    0.3053,    0.2298,    0.1607,    0.1112,    0.0796,    0.0581,    0.0011,    0.0000,    0.0034,    0.0058,    0.0066,    0.0060,    0.0068,    0.0131,    0.0117,    0.0161,    0.0142,    0.0181,    0.0199,    0.0161,    0.0233,    0.0254,    0.0166,    0.0098,    0.0010,    0.0024,    0.0133,    0.0170,    0.0577,    0.0605,    0.0750,    0.0802,    0.0831,    0.0882,    0.1128,    0.1150,    0.1051,    0.0956,    0.0840,    0.1013,    0.1420,    0.1445,    0.1596,    0.1743,    0.1826,    0.1847,    0.1809,    0.2011,    0.1934,    0.2836,    0.2607,    0.2958,    0.2796,    0.2974,    0.6446,    0.6280,    0.6533,    0.4964,    0.4995,    0.4816,    0.4986,    0.5113,    0.5217,    0.4849,    0.4781,    0.4965,    1.2550,    1.1412,    1.1284,    1.0943,    1.0108,    0.9480,    0.8323,    0.7657,    0.7360,    0.6452,    0.4956,    0.4604,    0.3550,    0.6386,    0.4871,    0.4651,    0.3137,    0.2277,    0.1841,    0.0739,    0.0652,    0.0463,    0.0161,    0.0131
 1901,    1.5000,  194.2975,    0.0475,  144.8125,  141.2985,   -0.9759,   -0.8917,  158.4330,  231.4134,  232.3861,  233.5865,  235.0107,  236.7186,  238.9024,  241.3102,  243.7919,  246.1942,  248.4948,  250.7982,  253.1979,  255.1026,  255.3049,  252.2037,  246.3974,  239.7795,  232.8288,  226.2984,  220.3975,  214.0985,  209.3801,  204.2244,  202.3997,    0.0620,    0.2322,    0.4849,    0.7916,    1.1282,    1.4752,    1.8161,    2.0165,    2.2897,    2.5303,    3.0250,    4.3569,    3.8724,    2.9561,    2.6652,    2.6864,    2.6890,    3.1523,    4.2618,    4.3154,    3.3129,    2.3669,    2.3256,    2.3669,    0.8072,    0.8301,    1.1866,    1.2611,    1.5378,    1.5890,    1.8136,    1.7976,    1.8280,    1.7957,    1.8463,    1.8504,    1.4102,    1.3760,    1.3188,    1.3278,    1.2914,    1.1878,    1.2815,    1.2805,    1.2832,    1.2881,    1.2966,    1.2821,    1.2853,    1.1600,    1.2437,    1.0740,    1.0729,    1.2029,    1.1577,    1.0695,    1.1144,    1.0676,    1.0390,    1.0211,    2.7085,    2.4387,    2.3379,    2.0987,    2.0173,    1.8627,    1.7185,    1.6542,    1.3680,    1.3172,    0.4988,    0.4610,    0.2943,    0.2423,    0.2709,    0.3181,    1.1194,    0.9766,    1.1187,    1.0242,    0.5872,    0.5420,    0.8116,    0.7410,    2.5369,    2.2662,    1.9409,    1.4556,    1.0896,    0.7969,    0.5824,    0.4082,    0.2922,    0.2104,    0.1466,    0.1042,    0.0902,    0.0445,    0.0863,    0.1057,    0.1188,    0.1101,    0.1212,    0.1346,    0.1186,    0.1633,    0.1444,    0.1601,    0.1765,    0.1437,    0.2086,    0.2307,    0.1900,    0.1982,    0.2011,    0.2191,    0.2501,    0.1876,    0.2971,    0.3133,    0.3855,    0.4121,    0.4266,    0.4535,    0.4623,    0.4819,    0.4791,    0.5188,    0.5438,    0.5378,    0.5935,    0.6046,    1.0498,    1.1466,    1.2023,    1.2370,    1.2520,    1.3646,    1.2875,    1.3726,    1.3174,    1.4097,    1.3361,    1.4298,    3.0836,    3.0340,    3.1135,    3.1451,    3.1743,    3.0515,    3.1587,    3.2394,    3.3053,    3.0730,    3.0292,    3.1458,    7.9525,    7.4117,    7.3294,    7.1091,    6.5686,    6.1624,    5.4119,    4.9810,    4.7902,    4.2012,    3.2296,    3.0021,    2.3172,    2.0001,    1.5276,    1.4609,    0.9872,    0.7183,    0.5821,    0.2344,    0.2074,    0.1479,    0.0515,    0.0421,    0.0030,    0.0115,    0.0248,    0.0417,    0.0612,    0.0827,    0.1052,    0.0069,    0.0071,    0.0058,    0.3005,    1.4825,    1.3196,    0.3570,    0.0326,    0.0300,    0.0254,    0.5145,    1.6876,    1.8471,    0.9705,    0.1399,    0.1948,    0.3481,    0.1179,    0.1665,    0.5510,    0.6609,    0.9550,    1.0110,    1.1954,    1.2023,    1.2099,    1.1161,    1.1393,    1.0127,    0.6966,    0.6406,    0.5857,    0.5758,    0.5564,    0.5077,    0.5418,    0.5401,    0.5496,    0.5733,    0.6211,    0.6785,    0.7888,    0.7650,    0.7140,    0.7297,    0.7285,    0.8104,    0.7786,    0.7688,    0.8305,    0.8135,    0.8027,    0.7927,    2.1262,    1.9363,    1.8603,    1.6854,    1.6114,    1.4863,    1.3891,    1.3244,    1.1800,    1.1243,    0.5864,    0.5457,    0.4561,    0.3567,    0.3571,    0.3329,    0.8934,    0.7882,    0.8760,    0.8037,    0.4547,    0.4205,    0.6357,    0.5789,    1.8723,    1.4437,    0.9476,    0.5563,    0.4102,    0.3483,    0.2465,    0.1922,    0.1336,    0.0918,    0.0673,    0.0491,    0.0006,    0.0000,    0.0019,    0.0033,    0.0037,    0.0034,    0.0038,    0.0082,    0.0073,    0.0101,    0.0089,    0.0117,    0.0128,    0.0104,    0.0150,    0.0164,    0.0103,    0.0062,    0.0006,    0.0015,    0.0083,    0.0105,    0.0414,    0.0434,    0.0538,    0.0576,    0.0596,    0.0633,    0.0846,    0.0863,    0.0789,    0.0719,    0.0632,    0.0761,    0.1066,    0.1084,    0.1092,    0.1193,    0.1250,    0.1264,    0.1239,    0.1377,    0.1324,    0.2068,    0.1901,    0.2157,    0.2039,    0.2168,    0.4700,    0.4580,    0.4764,    0.3423,    0.3444,    0.3321,    0.3438,    0.3526,    0.3598,    0.3343,    0.3297,    0.3424,    0.8654,    0.7836,    0.7748,    0.7514,    0.6941,    0.6510,    0.5715,    0.5258,    0.5054,    0.4430,    0.3404,    0.3162,    0.2438,    0.5004,    0.3817,    0.3644,    0.2458,    0.1785,    0.1443,    0.0579,    0.0511,    0.0363,    0.0126,    0.0103
 2029,    1.7500,  190.6719,    0.0459,  145.2359,  141.5260,   -0.9893,   -0.9768,  158.4330,  234.6460,  235.6104,  236.7775,  238.1749,  239.9028,  241.9708,  244.3130,  246.5980,  248.7997,  250.8964,  252.9105,  254.8927,  256.1029,  255.4549,  251.1974,  244.2042,  236.5948,  228.9961,  222.0015,  216.0911,  209.9882,  205.4288,  200.3848,  198.5901,    0.0612,    0.2290,    0.4774,    0.7781,    1.1072,    1.4451,    1.7758,    1.9456,    2.2039,    2.4296,    2.9555,    4.4094,    3.9124,    2.8730,    2.5224,    2.5365,    2.5332,    3.0645,    4.2990,    4.3591,    3.2599,    2.1887,    2.1481,    2.1922,    0.7464,    0.7697,    1.1717,    1.2456,    1.5431,    1.5931,    1.8274,    1.8069,    1.8388,    1.8115,    1.8586,    1.8744,    1.4393,    1.4125,    1.3632,    1.3714,    1.3375,    1.2413,    1.3270,    1.3246,    1.3242,    1.3239,    1.3220,    1.2976,    1.2819,    1.1436,    1.2572,    1.0675,    1.0654,    1.2154,    1.1736,    1.0863,    1.1402,    1.0971,    1.0701,    1.0527,    2.7940,    2.5126,    2.4126,    2.1630,    2.0807,    1.9195,    1.7731,    1.7073,    1.4212,    1.3682,    0.5069,    0.4697,    0.2454,    0.1956,    0.2279,    0.2745,    1.1662,    1.0244,    1.1719,    1.0742,    0.6097,    0.5632,    0.8551,    0.7814,    2.6708,    2.3700,    2.0198,    1.5197,    1.1392,    0.8338,    0.6105,    0.4293,    0.3078,    0.2220,    0.1551,    0.1105,    0.0899,    0.0443,    0.0863,    0.1057,    0.1188,    0.1101,    0.1212,    0.1346,    0.1187,    0.1634,    0.1445,    0.1602,    0.1767,    0.1438,    0.2087,    0.2309,    0.1901,    0.1979,    0.2007,    0.2185,    0.2499,    0.1877,    0.2978,    0.3139,    0.3863,    0.4130,    0.4275,    0.4544,    0.4637,    0.4833,    0.4803,    0.5195,    0.5442,    0.5386,    0.5952,    0.6065,    1.0513,    1.1482,    1.2039,    1.2387,    1.2535,    1.3664,    1.2892,    1.3760,    1.3203,    1.4133,    1.3395,    1.4334,    3.0914,    3.0416,    3.1215,    3.1496,    3.1788,    3.0560,    3.1633,    3.2441,    3.3100,    3.0775,    3.0336,    3.1504,    7.9642,    7.4206,    7.3383,    7.1179,    6.5767,    6.1702,    5.4188,    4.9875,    4.7966,    4.2069,    3.2341,    3.0064,    2.3207,    2.0068,    1.5329,    1.4661,    0.9909,    0.7211,    0.5844,    0.2354,    0.2083,    0.1486,    0.0518,    0.0423,    0.0035,    0.0134,    0.0287,    0.0483,    0.0710,    0.0959,    0.1219,    0.0078,    0.0080,    0.0065,    0.3473,    1.6664,    1.4848,    0.4108,    0.0360,    0.0330,    0.0279,    0.5903,    1.8921,    2.0623,    1.0973,    0.1473,    0.1977,    0.3384,    0.1147,    0.1597,    0.5815,    0.6779,    0.9740,    1.0152,    1.1643,    1.1660,    1.1637,    1.0574,    1.0732,    0.9399,    0.6419,    0.5881,    0.5364,    0.5265,    0.5082,    0.4633,    0.4942,    0.4924,    0.5012,    0.5239,    0.5694,    0.6263,    0.7340,    0.7131,    0.6668,    0.6958,    0.6934,    0.7757,    0.7526,    0.7598,    0.8082,    0.8000,    0.7930,    0.7841,    2.0406,    1.8158,    1.7445,    1.5552,    1.4851,    1.3563,    1.2688,    1.2074,    1.1015,    1.0472,    0.5680,    0.5294,    0.4170,    0.3277,    0.3256,    0.3036,    0.9064,    0.8074,    0.9063,    0.8307,    0.4755,    0.4382,    0.6402,    0.5821,    1.7848,    1.2824,    0.7770,    0.4382,    0.3203,    0.2769,    0.1942,    0.1556,    0.1075,    0.0732,    0.0549,    0.0400,    0.0004,    0.0000,    0.0011,    0.0019,    0.0021,    0.0019,    0.0022,    0.0052,    0.0046,    0.0064,    0.0056,    0.0076,    0.0083,    0.0068,    0.0097,    0.0106,    0.0064,    0.0039,    0.0004,    0.0010,    0.0052,    0.0065,    0.0297,    0.0312,    0.0387,    0.0414,    0.0428,    0.0455,    0.0635,    0.0648,    0.0594,    0.0541,    0.0476,    0.0572,    0.0800,    0.0814,    0.0749,    0.0818,    0.0857,    0.0867,    0.0849,    0.0944,    0.0908,    0.1509,    0.1388,    0.1574,    0.1488,    0.1583,    0.3430,    0.3342,    0.3476,    0.2364,    0.2379,    0.2294,    0.2375,    0.2436,    0.2485,    0.2310,    0.2277,    0.2365,    0.5978,    0.5397,    0.5336,    0.5175,    0.4781,    0.4484,    0.3937,    0.3622,    0.3482,    0.3052,    0.2345,    0.2178,    0.1680,    0.3929,    0.2997,    0.2862,    0.1931,    0.1402,    0.1133,    0.0455,    0.0402,    0.0285,    0.0099,    0.0081
 2165,    2.0000,  187.3979,    0.0451,  145.4849,  141.6473,   -0.9549,   -0.8897,  158.4330,  237.3581,  238.3263,  239.4688,  240.7784,  242.5040,  244.5163,  246.7914,  248.9015,  250.9962,  252.7983,  254.6048,  256.0947,  256.8016,  255.2529,  249.9009,  241.8991,  233.4003,  225.2128,  217.9997,  212.0664,  206.1896,  201.7851,  196.9545,  195.1924,    0.0605,    0.2261,    0.4707,    0.7661,    1.0884,    1.4183,    1.7400,    1.8810,    2.1258,    2.3380,    2.8948,    4.4561,    3.9483,    2.8008,    2.3939,    2.4019,    2.3937,    2.9899,    4.3326,    4.3980,    3.2181,    2.0313,    1.9915,    2.0375,    0.6928,    0.7162,    1.1597,    1.2323,    1.5470,    1.5954,    1.8370,    1.8125,    1.8453,    1.8217,    1.8650,    1.8899,    1.4610,    1.4410,    1.3992,    1.4065,    1.3751,    1.2860,    1.3639,    1.3603,    1.3569,    1.3519,    1.3402,    1.3064,    1.2733,    1.1243,    1.2661,    1.0602,    1.0571,    1.2252,    1.1866,    1.1008,    1.1620,    1.1218,    1.0961,    1.0791,    2.8631,    2.5710,    2.4716,    2.2134,    2.1303,    1.9641,    1.8159,    1.7490,    1.4630,    1.4084,    0.5184,    0.4816,    0.2086,    0.1608,    0.1956,    0.2410,    1.2103,    1.0691,    1.2197,    1.1188,    0.6332,    0.5851,    0.8933,    0.8169,    2.7810,    2.4545,    2.0874,    1.5771,    1.1835,    0.8659,    0.6350,    0.4473,    0.3212,    0.2321,    0.1624,    0.1159,    0.0896,    0.0441,    0.0862,    0.1057,    0.1188,    0.1101,    0.1212,    0.1346,    0.1187,    0.1634,    0.1445,    0.1603,    0.1767,    0.1439,    0.2088,    0.2310,    0.1901,    0.1977,    0.2003,    0.2181,    0.2496,    0.1877,    0.2981,    0.3143,    0.3868,    0.4135,    0.4280,    0.4550,    0.4645,    0.4842,    0.4809,    0.5199,    0.5442,    0.5390,    0.5962,    0.6075,    1.0520,    1.1490,    1.2047,    1.2395,    1.2542,    1.3672,    1.2901,    1.3779,    1.3218,    1.4153,    1.3413,    1.4354,    3.0958,    3.0458,    3.1259,    3.1519,    3.1811,    3.0581,    3.1656,    3.2464,    3.3124,    3.0797,    3.0358,    3.1527,    7.9700,    7.4251,    7.3428,    7.1222,    6.5808,    6.1741,    5.4223,    4.9909,    4.7999,    4.2099,    3.2365,    3.0088,    2.3226,    2.0112,    1.5364,    1.4696,    0.9934,    0.7230,    0.5861,    0.2361,    0.2090,    0.1491,    0.0520,    0.0425,    0.0039,    0.0152,    0.0326,    0.0548,    0.0805,    0.1087,    0.1382,    0.0086,    0.0088,    0.0072,    0.3921,    1.8317,    1.6333,    0.4620,    0.0391,    0.0357,    0.0302,    0.6614,    2.0731,    2.2505,    1.2126,    0.1534,    0.1995,    0.3289,    0.1115,    0.1534,    0.6088,    0.6933,    0.9898,    1.0178,    1.1356,    1.1321,    1.1212,    1.0045,    1.0139,    0.8752,    0.5937,    0.5420,    0.4931,    0.4831,    0.4659,    0.4244,    0.4525,    0.4506,    0.4590,    0.4807,    0.5242,    0.5805,    0.6853,    0.6664,    0.6250,    0.6645,    0.6611,    0.7413,    0.7251,    0.7450,    0.7771,    0.7743,    0.7696,    0.7615,    1.9255,    1.6787,    1.6113,    1.4173,    1.3512,    1.2240,    1.1455,    1.0879,    1.0124,    0.9605,    0.5461,    0.5098,    0.3799,    0.2997,    0.2957,    0.2758,    0.9019,    0.8087,    0.9150,    0.8378,    0.4864,    0.4470,    0.6298,    0.5719,    1.6610,    1.1164,    0.6326,    0.3467,    0.2509,    0.2183,    0.1516,    0.1238,    0.0849,    0.0574,    0.0438,    0.0317,    0.0002,    0.0000,    0.0006,    0.0011,    0.0012,    0.0011,    0.0012,    0.0033,    0.0029,    0.0040,    0.0036,    0.0049,    0.0054,    0.0044,    0.0063,    0.0069,    0.0040,    0.0024,    0.0003,    0.0006,    0.0033,    0.0041,    0.0214,    0.0224,    0.0278,    0.0297,    0.0308,    0.0327,    0.0477,    0.0487,    0.0447,    0.0407,    0.0359,    0.0431,    0.0602,    0.0612,    0.0514,    0.0561,    0.0588,    0.0595,    0.0583,    0.0648,    0.0623,    0.1103,    0.1014,    0.1150,    0.1087,    0.1156,    0.2505,    0.2442,    0.2539,    0.1636,    0.1646,    0.1587,    0.1643,    0.1685,    0.1720,    0.1598,    0.1576,    0.1636,    0.4136,    0.3728,    0.3686,    0.3575,    0.3302,    0.3097,    0.2719,    0.2502,    0.2405,    0.2108,    0.1620,    0.1505,    0.1161,    0.3091,    0.2358,    0.2252,    0.1519,    0.1103,    0.0892,    0.0358,    0.0316,    0.0225,    0.0078,    0.0063
