Particle       ,data/QEXT_96IR_84_VIS_NC50v1_2umrod
Ncase          ,  14
dt (sols)      ,  0.020833
Qext 0.67um    ,  1.473313
Alb sfc        ,  0.220000
Conrath nu     ,  0.002000
Sun Flux (W/m2),148.393084
BWN IR (cm-1)  ,     10.0000,     34.1670,     58.3330,     82.5000,    106.6670,    130.8330,    155.0000,    179.1670,    203.3330,    227.5000,    251.6670,    275.8330,    300.0000,    320.7880,    341.5750,    362.3630,    383.1500,    403.9380,    424.7250,    445.5130,    466.3010,    487.0880,    507.8760,    528.6630,    549.4510,    556.7420,    564.0330,    571.3240,    578.6150,    585.9060,    593.1970,    600.4880,    607.7790,    615.0700,    622.3610,    629.6520,    636.9430,    642.5500,    648.1570,    653.7640,    659.3700,    664.9770,    670.5840,    676.1910,    681.7980,    687.4050,    693.0110,    698.6180,    704.2250,    710.1390,    716.0530,    721.9670,    727.8810,    733.7950,    739.7090,    745.6240,    751.5380,    757.4520,    763.3660,    769.2800,    775.1940,    791.5010,    807.8070,    824.1140,    840.4210,    856.7270,    873.0340,    889.3410,    905.6470,    921.9540,    938.2610,    954.5670,    970.8740,    996.8050,   1022.7370,   1048.6680,   1074.6000,   1100.5310,   1126.4630,   1152.3940,   1178.3250,   1204.2570,   1230.1880,   1256.1200,   1282.0510,   1360.3990,   1438.7460,   1517.0940,   1595.4410,   1673.7890,   1752.1370,   1830.4840,   1908.8320,   1987.1790,   2065.5270,   2143.8740,   2222.2220
BWN VIS (cm-1) ,   2222.2200,   2294.3160,   2366.4120,   2438.5080,   2510.6030,   2582.6990,   2654.7950,   2726.8910,   2798.9870,   2871.0820,   2943.1780,   3015.2740,   3087.3700,   3165.9750,   3244.5800,   3323.1850,   3401.7900,   3480.3950,   3559.0000,   3637.6050,   3716.2100,   3794.8150,   3873.4200,   3952.0250,   4030.6300,   4142.2920,   4253.9530,   4365.6150,   4477.2770,   4588.9380,   4700.6000,   4812.2620,   4923.9230,   5035.5850,   5147.2470,   5258.9080,   5370.5700,   5560.6150,   5750.6600,   5940.7050,   6130.7500,   6320.7950,   6510.8400,   6700.8850,   6890.9300,   7080.9750,   7271.0200,   7461.0650,   7651.1100,   8055.1840,   8459.2580,   8863.3330,   9267.4070,   9671.4810,  10075.5550,  10479.6290,  10883.7030,  11287.7780,  11691.8520,  12095.9260,  12500.0000,  13541.6670,  14583.3330,  15625.0000,  16666.6670,  17708.3330,  18750.0000,  19791.6670,  20833.3330,  21875.0000,  22916.6670,  23958.3330,  25000.0000,  26388.8890,  27777.7780,  29166.6670,  30555.5570,  31944.4460,  33333.3350,  34722.2240,  36111.1130,  37500.0030,  38888.8920,  40277.7810,  41666.6700
SUN VIS (W/m2) ,      0.1008,      0.0862,      0.0968,      0.1089,      0.1224,      0.1136,      0.1248,      0.1400,      0.1233,      0.1698,      0.1502,      0.1645,      0.1814,      0.1477,      0.2144,      0.2377,      0.1946,      0.2106,      0.2276,      0.2472,      0.2683,      0.1918,      0.3072,      0.3239,      0.3986,      0.4261,      0.4410,      0.4688,      0.4810,      0.5017,      0.5013,      0.5485,      0.5772,      0.5665,      0.6183,      0.6303,      1.0809,      1.1806,      1.2379,      1.2751,      1.2949,      1.4092,      1.3262,      1.4132,      1.3634,      1.4505,      1.3747,      1.4716,      3.1730,      3.1258,      3.2038,      3.2543,      3.2846,      3.1576,      3.2685,      3.3520,      3.4202,      3.1800,      3.1347,      3.2554,      8.2299,      7.8425,      7.7561,      7.5237,      6.9524,      6.5235,      5.7299,      5.2748,      5.0739,      4.4511,      3.4228,      3.1828,      2.4579,      2.2644,      1.7312,      1.6575,      1.1215,      0.8173,      0.6634,      0.2677,      0.2374,      0.1697,      0.0593,      0.0486
================
wavelenght [um],    0.244068,    0.252632,    0.261818,    0.271698,    0.282353,    0.293878,    0.306383,    0.320000,    0.334884,    0.351220,    0.369231,    0.389189,    0.408511,    0.426667,    0.446512,    0.468293,    0.492308,    0.518919,    0.548571,    0.581818,    0.619355,    0.662069,    0.711111,    0.768000,    0.813143,    0.840768,    0.870336,    0.902060,    0.936184,    0.972991,    1.012810,    1.056028,    1.103099,    1.154562,    1.211061,    1.273375,    1.323436,    1.357581,    1.393534,    1.431444,    1.471474,    1.513807,    1.558648,    1.606226,    1.656801,    1.710664,    1.768147,    1.829628,    1.881560,    1.921939,    1.964090,    2.008131,    2.054193,    2.102417,    2.152960,    2.205992,    2.261704,    2.320302,    2.382017,    2.447105,    2.505432,    2.555765,    2.608162,    2.662752,    2.719677,    2.779088,    2.841153,    2.906054,    2.973989,    3.045176,    3.119855,    3.198288,    3.277268,    3.356577,    3.439819,    3.527294,    3.619334,    3.716307,    3.818620,    3.926726,    4.041130,    4.162400,    4.291175,    4.428172,    4.580751,    4.751270,    4.934974,    5.133456,    5.348572,    5.582505,    5.837838,    6.117648,    6.425631,    6.766266,    7.145039,    7.568734,    7.879690,    8.044056,    8.215425,    8.394255,    8.581043,    8.776330,    8.980716,    9.194848,    9.419442,    9.655282,    9.903235,   10.164260,   10.387231,   10.566200,   10.751445,   10.943308,   11.142136,   11.348323,   11.562291,   11.784476,   12.015368,   12.255495,   12.505409,   12.765727,   12.949392,   13.049328,   13.150818,   13.253898,   13.358608,   13.464994,   13.573088,   13.682923,   13.794549,   13.908012,   14.023357,   14.140631,   14.256763,   14.371646,   14.488386,   14.607038,   14.727660,   14.850291,   14.974981,   15.101782,   15.230738,   15.361915,   15.495384,   15.631191,   15.790367,   15.974275,   16.162517,   16.355249,   16.552633,   16.754839,   16.962047,   17.174443,   17.392227,   17.615605,   17.844795,   18.080028,   18.550914,   19.294981,   20.101230,   20.977796,   21.934298,   22.982219,   24.135264,   25.410119,   26.827165,   28.411593,   30.194923,   32.217118,   34.732292,   37.914692,   41.739101,   46.421699,   52.287582,   59.850314,   69.970927,   84.210526,  105.726686,  142.012170,  216.216216,  452.826771
Qext           ,      1.1790,      1.1790,      1.1790,      1.1790,      1.1790,      1.1790,      1.1790,      1.1790,      1.1790,      1.1790,      1.1790,      1.4733,      1.4733,      1.4733,      1.4733,      1.4733,      1.4733,      1.4733,      1.4733,      1.4733,      1.4733,      1.4733,      1.4733,      1.3112,      1.3112,      1.3112,      1.3112,      1.3112,      1.3112,      1.3112,      1.3112,      1.3112,      1.3112,      1.1861,      1.1861,      1.1861,      1.1861,      1.1861,      1.1861,      1.1861,      1.1861,      1.3124,      1.3124,      1.3124,      1.3124,      1.3124,      1.3124,      1.3124,      1.3337,      1.3337,      1.3337,      1.3337,      1.3337,      1.3337,      1.3337,      1.3337,      1.4782,      1.4782,      1.4782,      1.4782,      1.4782,      1.4782,      1.7646,      1.7646,      1.7646,      1.7646,      1.7646,      1.7646,      1.7622,      1.7622,      1.7622,      1.7622,      1.7622,      1.3289,      1.3289,      1.3289,      1.3289,      1.5104,      1.5104,      1.5104,      1.5104,      1.9244,      1.9244,      1.9244,      2.1115,      2.1115,      2.4317,      2.4317,      2.4845,      2.0630,      2.0630,      2.5506,      2.9882,      2.8941,      2.7411,      2.4183,      1.8930,      1.8930,      1.8339,      1.8339,      1.5177,      1.5177,      1.6121,      1.6121,      1.4971,      1.3655,      1.3655,      1.6043,      1.8631,      1.8631,      1.8942,      1.8942,      1.4887,      1.4887,      1.0359,      0.7297,      0.7297,      0.5869,      0.5869,      0.5610,      0.5945,      0.5945,      0.5945,      0.5945,      0.7014,      0.7014,      0.7014,      0.9509,      0.9509,      0.9509,      1.2218,      1.2218,      1.2218,      1.5058,      1.5058,      1.5058,      1.8094,      1.8094,      1.8094,      2.1498,      2.1498,      2.1498,      2.5365,      2.5365,      2.5365,      2.7925,      2.7925,      2.7254,      2.7254,      2.4051,      2.0733,      2.0733,      1.8930,      1.8930,      1.8879,      2.0379,      2.1929,      3.1605,      4.8687,      5.5935,      4.4283,      2.5050,      1.2709,      0.5754,      0.3189,      0.2093,      0.3077,      0.4857,      1.0528,      2.4154,      2.1401,      0.5615,      0.1304,      0.1211,      0.1211,      0.1211,      0.1211,      0.1211,      0.1211,      0.1211
Qscat          ,      0.5781,      0.5781,      0.5781,      0.5781,      0.5781,      0.5781,      0.5781,      0.5781,      0.5781,      0.5781,      0.5781,      0.5095,      0.5095,      0.5095,      0.5095,      0.5095,      0.5095,      0.5095,      0.5095,      0.5095,      0.5095,      0.5095,      0.5095,      0.3129,      0.3129,      0.3129,      0.3129,      0.3129,      0.3129,      0.3129,      0.3129,      0.3129,      0.3129,      0.1999,      0.1999,      0.1999,      0.1999,      0.1999,      0.1999,      0.1999,      0.1999,      0.1816,      0.1816,      0.1816,      0.1816,      0.1816,      0.1816,      0.1816,      0.2011,      0.2011,      0.2011,      0.2011,      0.2011,      0.2011,      0.2011,      0.2011,      0.1700,      0.1700,      0.1700,      0.1700,      0.1700,      0.1700,      0.1745,      0.1745,      0.1745,      0.1745,      0.1745,      0.1745,      0.1977,      0.1977,      0.1977,      0.1977,      0.1977,      0.1955,      0.1955,      0.1955,      0.1955,      0.2293,      0.2293,      0.2293,      0.2293,      0.2319,      0.2319,      0.2319,      0.1997,      0.1997,      0.2603,      0.2603,      0.3348,      0.3306,      0.3306,      0.3629,      0.4258,      0.4043,      0.4473,      0.5078,      0.5193,      0.5193,      0.7729,      0.7729,      0.6872,      0.6872,      0.8905,      0.8905,      0.9192,      0.6769,      0.6769,      0.5889,      0.6112,      0.6112,      0.6442,      0.6442,      0.6076,      0.6076,      0.5085,      0.4682,      0.4682,      0.4208,      0.4208,      0.4406,      0.5316,      0.5316,      0.5316,      0.5316,      0.6918,      0.6918,      0.6918,      0.8784,      0.8784,      0.8784,      0.7158,      0.7158,      0.7158,      0.6061,      0.6061,      0.6061,      0.6744,      0.6744,      0.6744,      0.6317,      0.6317,      0.6317,      0.6274,      0.6274,      0.6274,      0.7587,      0.7587,      0.7942,      0.7942,      0.6878,      0.6299,      0.6299,      0.6765,      0.6765,      0.7190,      0.7241,      0.7573,      1.1531,      1.8405,      2.1822,      1.9655,      1.2320,      0.7740,      0.4189,      0.3188,      0.2093,      0.3077,      0.4857,      0.6943,      2.4152,      2.1399,      0.3265,      0.1304,      0.1211,      0.1211,      0.1211,      0.1211,      0.1211,      0.1211,      0.1211
G factor       ,      0.5400,      0.5400,      0.5400,      0.5400,      0.5400,      0.5400,      0.5400,      0.5400,      0.5400,      0.5400,      0.5400,      0.4210,      0.4210,      0.4210,      0.4210,      0.4210,      0.4210,      0.4210,      0.4210,      0.4210,      0.4210,      0.4210,      0.4210,      0.3310,      0.3310,      0.3310,      0.3310,      0.3310,      0.3310,      0.3310,      0.3310,      0.3310,      0.3310,      0.2660,      0.2660,      0.2660,      0.2660,      0.2660,      0.2660,      0.2660,      0.2660,      0.2300,      0.2300,      0.2300,      0.2300,      0.2300,      0.2300,      0.2300,      0.2500,      0.2500,      0.2500,      0.2500,      0.2500,      0.2500,      0.2500,      0.2500,      0.2270,      0.2270,      0.2270,      0.2270,      0.2270,      0.2270,      0.2290,      0.2290,      0.2290,      0.2290,      0.2290,      0.2290,      0.1750,      0.1750,      0.1750,      0.1750,      0.1750,      0.1520,      0.1520,      0.1520,      0.1520,      0.1240,      0.1240,      0.1240,      0.1240,      0.1430,      0.1430,      0.1430,      0.1930,      0.1930,      0.2260,      0.2260,      0.1560,      0.1340,      0.1340,      0.1880,      0.1690,      0.1510,      0.1420,      0.1240,      0.1050,      0.1050,      0.1870,      0.1870,      0.0380,      0.0380,      0.0400,      0.0400,      0.0320,     -0.0400,     -0.0400,     -0.0260,      0.0050,      0.0050,      0.0180,      0.0180,      0.0080,      0.0080,     -0.0250,     -0.0440,     -0.0440,     -0.0660,     -0.0660,     -0.0290,     -0.0240,     -0.0240,     -0.0240,     -0.0240,      0.0380,      0.0380,      0.0380,      0.1440,      0.1440,      0.1440,      0.1470,      0.1470,      0.1470,      0.1150,      0.1150,      0.1150,      0.0910,      0.0910,      0.0910,      0.0670,      0.0670,      0.0670,      0.0450,      0.0450,      0.0450,      0.0230,      0.0230,     -0.0110,     -0.0110,     -0.0540,     -0.0890,     -0.0890,     -0.1030,     -0.1030,     -0.1020,     -0.0950,     -0.0870,     -0.0460,     -0.0190,     -0.0090,      0.0250,      0.0870,      0.1120,      0.0970,      0.0810,      0.0490,      0.0040,     -0.0110,     -0.0100,     -0.0030,     -0.0010,     -0.0010,      0.0020,      0.0000,      0.0000,      0.0000,      0.0000,      0.0000,      0.0000,      0.0000
================
P [mbar]       ,    0.1004,    0.1015,    0.1034,    0.1069,    0.1130,    0.1239,    0.1432,    0.1740,    0.2226,    0.3028,    0.4349,    0.6529,    1.0121,    1.6044,    2.4646,    3.4606,    4.3994,    5.2226,    5.8426,    6.2132,    6.3980,    6.4686,    6.5039,    6.5168
Temp initial[K],  155.0000,  155.0000,  155.0000,  155.0000,  155.0000,  155.0000,  155.0000,  155.0000,  155.0000,  155.0000,  155.0000,  155.0000,  158.8233,  165.4041,  173.2716,  181.4436,  190.2788,  198.8130,  204.5783,  207.8249,  209.4219,  210.0497,  210.3719,  210.4891
================
it   ,   tau    ,  Tsfc    ,   alb    ,   OLR    ,    ASR   ,  NET top ,  NET bot , T lev  01, T lev  02, T lev  03, T lev  04, T lev  05, T lev  06, T lev  07, T lev  08, T lev  09, T lev  10, T lev  11, T lev  12, T lev  13, T lev  14, T lev  15, T lev  16, T lev  17, T lev  18, T lev  19, T lev  20, T lev  21, T lev  22, T lev  23, T lev  24, T lev  25,  OLR IR01,  OLR IR02,  OLR IR03,  OLR IR04,  OLR IR05,  OLR IR06,  OLR IR07,  OLR IR08,  OLR IR09,  OLR IR10,  OLR IR11,  OLR IR12,  OLR IR13,  OLR IR14,  OLR IR15,  OLR IR16,  OLR IR17,  OLR IR18,  OLR IR19,  OLR IR20,  OLR IR21,  OLR IR22,  OLR IR23,  OLR IR24,  OLR IR25,  OLR IR26,  OLR IR27,  OLR IR28,  OLR IR29,  OLR IR30,  OLR IR31,  OLR IR32,  OLR IR33,  OLR IR34,  OLR IR35,  OLR IR36,  OLR IR37,  OLR IR38,  OLR IR39,  OLR IR40,  OLR IR41,  OLR IR42,  OLR IR43,  OLR IR44,  OLR IR45,  OLR IR46,  OLR IR47,  OLR IR48,  OLR IR49,  OLR IR50,  OLR IR51,  OLR IR52,  OLR IR53,  OLR IR54,  OLR IR55,  OLR IR56,  OLR IR57,  OLR IR58,  OLR IR59,  OLR IR60,  OLR IR61,  OLR IR62,  OLR IR63,  OLR IR64,  OLR IR65,  OLR IR66,  OLR IR67,  OLR IR68,  OLR IR69,  OLR IR70,  OLR IR71,  OLR IR72,  OLR IR73,  OLR IR74,  OLR IR75,  OLR IR76,  OLR IR77,  OLR IR78,  OLR IR79,  OLR IR80,  OLR IR81,  OLR IR82,  OLR IR83,  OLR IR84,  OLR IR85,  OLR IR86,  OLR IR87,  OLR IR88,  OLR IR89,  OLR IR90,  OLR IR91,  OLR IR92,  OLR IR93,  OLR IR94,  OLR IR95,  OLR IR96, ASR VIS01, ASR VIS02, ASR VIS03, ASR VIS04, ASR VIS05, ASR VIS06, ASR VIS07, ASR VIS08, ASR VIS09, ASR VIS10, ASR VIS11, ASR VIS12, ASR VIS13, ASR VIS14, ASR VIS15, ASR VIS16, ASR VIS17, ASR VIS18, ASR VIS19, ASR VIS20, ASR VIS21, ASR VIS22, ASR VIS23, ASR VIS24, ASR VIS25, ASR VIS26, ASR VIS27, ASR VIS28, ASR VIS29, ASR VIS30, ASR VIS31, ASR VIS32, ASR VIS33, ASR VIS34, ASR VIS35, ASR VIS36, ASR VIS37, ASR VIS38, ASR VIS39, ASR VIS40, ASR VIS41, ASR VIS42, ASR VIS43, ASR VIS44, ASR VIS45, ASR VIS46, ASR VIS47, ASR VIS48, ASR VIS49, ASR VIS50, ASR VIS51, ASR VIS52, ASR VIS53, ASR VIS54, ASR VIS55, ASR VIS56, ASR VIS57, ASR VIS58, ASR VIS59, ASR VIS60, ASR VIS61, ASR VIS62, ASR VIS63, ASR VIS64, ASR VIS65, ASR VIS66, ASR VIS67, ASR VIS68, ASR VIS69, ASR VIS70, ASR VIS71, ASR VIS72, ASR VIS73, ASR VIS74, ASR VIS75, ASR VIS76, ASR VIS77, ASR VIS78, ASR VIS79, ASR VIS80, ASR VIS81, ASR VIS82, ASR VIS83, ASR VIS84, SFC DIR01, SFC DIR02, SFC DIR03, SFC DIR04, SFC DIR05, SFC DIR06, SFC DIR07, SFC DIR08, SFC DIR09, SFC DIR10, SFC DIR11, SFC DIR12, SFC DIR13, SFC DIR14, SFC DIR15, SFC DIR16, SFC DIR17, SFC DIR18, SFC DIR19, SFC DIR20, SFC DIR21, SFC DIR22, SFC DIR23, SFC DIR24, SFC DIR25, SFC DIR26, SFC DIR27, SFC DIR28, SFC DIR29, SFC DIR30, SFC DIR31, SFC DIR32, SFC DIR33, SFC DIR34, SFC DIR35, SFC DIR36, SFC DIR37, SFC DIR38, SFC DIR39, SFC DIR40, SFC DIR41, SFC DIR42, SFC DIR43, SFC DIR44, SFC DIR45, SFC DIR46, SFC DIR47, SFC DIR48, SFC DIR49, SFC DIR50, SFC DIR51, SFC DIR52, SFC DIR53, SFC DIR54, SFC DIR55, SFC DIR56, SFC DIR57, SFC DIR58, SFC DIR59, SFC DIR60, SFC DIR61, SFC DIR62, SFC DIR63, SFC DIR64, SFC DIR65, SFC DIR66, SFC DIR67, SFC DIR68, SFC DIR69, SFC DIR70, SFC DIR71, SFC DIR72, SFC DIR73, SFC DIR74, SFC DIR75, SFC DIR76, SFC DIR77, SFC DIR78, SFC DIR79, SFC DIR80, SFC DIR81, SFC DIR82, SFC DIR83, SFC DIR84, SFC DIR85, SFC DIR86, SFC DIR87, SFC DIR88, SFC DIR89, SFC DIR90, SFC DIR91, SFC DIR92, SFC DIR93, SFC DIR94, SFC DIR95, SFC DIR96,SFC DVIS01,SFC DVIS02,SFC DVIS03,SFC DVIS04,SFC DVIS05,SFC DVIS06,SFC DVIS07,SFC DVIS08,SFC DVIS09,SFC DVIS10,SFC DVIS11,SFC DVIS12,SFC DVIS13,SFC DVIS14,SFC DVIS15,SFC DVIS16,SFC DVIS17,SFC DVIS18,SFC DVIS19,SFC DVIS20,SFC DVIS21,SFC DVIS22,SFC DVIS23,SFC DVIS24,SFC DVIS25,SFC DVIS26,SFC DVIS27,SFC DVIS28,SFC DVIS29,SFC DVIS30,SFC DVIS31,SFC DVIS32,SFC DVIS33,SFC DVIS34,SFC DVIS35,SFC DVIS36,SFC DVIS37,SFC DVIS38,SFC DVIS39,SFC DVIS40,SFC DVIS41,SFC DVIS42,SFC DVIS43,SFC DVIS44,SFC DVIS45,SFC DVIS46,SFC DVIS47,SFC DVIS48,SFC DVIS49,SFC DVIS50,SFC DVIS51,SFC DVIS52,SFC DVIS53,SFC DVIS54,SFC DVIS55,SFC DVIS56,SFC DVIS57,SFC DVIS58,SFC DVIS59,SFC DVIS60,SFC DVIS61,SFC DVIS62,SFC DVIS63,SFC DVIS64,SFC DVIS65,SFC DVIS66,SFC DVIS67,SFC DVIS68,SFC DVIS69,SFC DVIS70,SFC DVIS71,SFC DVIS72,SFC DVIS73,SFC DVIS74,SFC DVIS75,SFC DVIS76,SFC DVIS77,SFC DVIS78,SFC DVIS79,SFC DVIS80,SFC DVIS81,SFC DVIS82,SFC DVIS83,SFC DVIS84
 1007,    0.0000,  218.8983,    0.2194,  117.0969,  115.8380,   -0.8625,   -0.7595,  158.4330,  155.0000,  155.0000,  155.0000,  155.0000,  155.0000,  155.0000,  155.0000,  155.0000,  155.0000,  155.0000,  155.0000,  155.0000,  158.8202,  165.3996,  173.2672,  181.4393,  190.2764,  198.8104,  204.5754,  207.8212,  209.4182,  210.0462,  210.3680,  210.4855,    0.0676,    0.2556,    0.5389,    0.8888,    1.2804,    1.6928,    2.1082,    2.5121,    2.8933,    3.2429,    3.5544,    3.8241,    3.4712,    3.6087,    3.7179,    3.7987,    3.8530,    3.8815,    3.8866,    3.8696,    3.8324,    3.7775,    3.7019,    3.5964,    1.2424,    1.2267,    1.2047,    1.1662,    1.1137,    1.0481,    0.8756,    0.8393,    0.7711,    0.6138,    0.5638,    0.3590,    0.1995,    0.1649,    0.1438,    0.1375,    0.1329,    0.1277,    0.1258,    0.1235,    0.1245,    0.1364,    0.1735,    0.2440,    0.3730,    0.4452,    0.3502,    0.5089,    0.4971,    0.5051,    0.5244,    0.6000,    0.6202,    0.6335,    0.6351,    0.6285,    1.6842,    1.6087,    1.5504,    1.4822,    1.4116,    1.3421,    1.2748,    1.2087,    1.1452,    1.0819,    1.0194,    0.9639,    1.4270,    1.3066,    1.1824,    1.0659,    0.9702,    0.8860,    0.8005,    0.7221,    0.6504,    0.5836,    0.5141,    0.4584,    1.1328,    0.8012,    0.5722,    0.3992,    0.2764,    0.1901,    0.1299,    0.0861,    0.0569,    0.0365,    0.0240,    0.0175,    0.0899,    0.0485,    0.0757,    0.0853,    0.0957,    0.0892,    0.0975,    0.1095,    0.0962,    0.1325,    0.1172,    0.1283,    0.1417,    0.1155,    0.1679,    0.1865,    0.1530,    0.1811,    0.2062,    0.2231,    0.2234,    0.1500,    0.2398,    0.2531,    0.3109,    0.3324,    0.3440,    0.3658,    0.3756,    0.3936,    0.3989,    0.4549,    0.4935,    0.4704,    0.4844,    0.4940,    0.8433,    0.9209,    0.9662,    0.9986,    1.0221,    1.1068,    1.0376,    1.1056,    1.0799,    1.1314,    1.0731,    1.1504,    2.4777,    2.4439,    2.4989,    2.5383,    2.5642,    2.4625,    2.5489,    2.6139,    2.6670,    2.4800,    2.4441,    2.5380,    6.4157,    6.1123,    6.0433,    5.8603,    5.4132,    5.0767,    4.4565,    4.0997,    3.9404,    3.4535,    2.6528,    2.4637,    1.8993,    1.7458,    1.3311,    1.2705,    0.8565,    0.6215,    0.5021,    0.2015,    0.1776,    0.1261,    0.0437,    0.0355,    0.0000,    0.0000,    0.0000,    0.0000,    0.0000,    0.0000,    0.0000,    0.0000,    0.0000,    0.0000,    0.0000,    0.0000,    0.0000,    0.0000,    0.0000,    0.0000,    0.0000,    0.0000,    0.0000,    0.0001,    0.0002,    0.0007,    0.0108,    0.0490,    0.0110,    0.0180,    0.0344,    0.0771,    0.1397,    0.2137,    0.4309,    0.4495,    0.5119,    0.6671,    0.7005,    0.8672,    0.6959,    0.7036,    0.7106,    0.6982,    0.6956,    0.7186,    0.6761,    0.6645,    0.6491,    0.6306,    0.6025,    0.5551,    0.4721,    0.3712,    0.4491,    0.2585,    0.2602,    0.2432,    0.2110,    0.1067,    0.0696,    0.0377,    0.0207,    0.0150,    0.0329,    0.0299,    0.0085,    0.0020,    0.0004,    0.0004,    0.0002,    0.0011,    0.0019,    0.0049,    0.0091,    0.0081,    0.0085,    0.0012,    0.0075,    0.0141,    0.0089,    0.0000,    0.0000,    0.0000,    0.0000,    0.0008,    0.0066,    0.0072,    0.0065,    0.0059,    0.0000,    0.0000,    0.0000,    0.0000,    0.0000,    0.0009,    0.0011,    0.0014,    0.0012,    0.0002,    0.0266,    0.0000,    0.0608,    0.1075,    0.1214,    0.1110,    0.1245,    0.1386,    0.1233,    0.1698,    0.1501,    0.1645,    0.1808,    0.1468,    0.2123,    0.2321,    0.1900,    0.1318,    0.0189,    0.0386,    0.1649,    0.1902,    0.3067,    0.3223,    0.3984,    0.4260,    0.4410,    0.4686,    0.4799,    0.4920,    0.4648,    0.4226,    0.3741,    0.4433,    0.6104,    0.6178,    1.0805,    1.1804,    1.2359,    1.2564,    1.2364,    1.3694,    1.3136,    1.3975,    1.2854,    1.4503,    1.3718,    1.4606,    3.1621,    3.0885,    3.2030,    3.2531,    3.2748,    3.1568,    3.2678,    3.3511,    3.4192,    3.1776,    3.1334,    3.2539,    8.2247,    7.8363,    7.7478,    7.5132,    6.9399,    6.5086,    5.7135,    5.2561,    5.0518,    4.4276,    3.4010,    3.1586,    2.4350,    2.2382,    1.7066,    1.6288,    1.0981,    0.7968,    0.6438,    0.2584,    0.2277,    0.1616,    0.0560,    0.0455
  833,    0.0500,  220.7578,    0.1987,  120.3935,  118.9000,   -0.9880,   -0.9061,  158.4330,  165.0689,  165.8530,  166.7655,  167.9895,  168.7001,  169.6032,  170.5999,  171.7968,  173.2605,  175.4171,  178.7896,  183.5984,  190.0901,  197.5967,  204.4481,  209.5980,  213.1905,  215.7304,  217.4995,  218.6675,  219.4155,  219.9003,  220.2123,  220.2665,    0.0680,    0.2571,    0.5425,    0.8954,    1.2911,    1.7084,    2.1296,    2.5391,    2.9020,    3.0721,    3.3406,    3.7939,    3.4831,    3.6474,    3.7752,    3.8487,    3.8890,    3.8652,    3.7846,    3.6329,    3.5329,    3.5270,    3.5691,    3.5430,    1.2262,    1.2137,    1.1957,    1.1656,    1.1277,    1.0871,    0.9760,    0.9590,    0.9159,    0.8005,    0.7914,    0.6522,    0.4223,    0.3629,    0.3059,    0.2951,    0.2771,    0.2389,    0.2689,    0.2706,    0.2853,    0.3178,    0.3729,    0.4324,    0.5296,    0.5709,    0.4887,    0.6034,    0.5941,    0.5909,    0.5935,    0.6387,    0.6473,    0.6539,    0.6526,    0.6451,    1.7347,    1.6582,    1.5948,    1.5193,    1.4485,    1.3691,    1.2882,    1.2222,    1.1482,    1.0858,    1.0257,    0.9708,    1.4448,    1.3289,    1.2050,    1.0858,    0.9855,    0.9002,    0.8172,    0.7380,    0.6622,    0.5952,    0.5276,    0.4725,    1.1440,    0.8050,    0.5703,    0.3977,    0.2797,    0.1958,    0.1342,    0.0885,    0.0593,    0.0387,    0.0258,    0.0184,    0.0910,    0.0481,    0.0781,    0.0885,    0.0993,    0.0924,    0.1011,    0.1132,    0.0995,    0.1369,    0.1211,    0.1344,    0.1483,    0.1208,    0.1757,    0.1951,    0.1605,    0.1865,    0.2064,    0.2239,    0.2302,    0.1573,    0.2494,    0.2633,    0.3234,    0.3457,    0.3578,    0.3804,    0.3883,    0.4068,    0.4122,    0.4657,    0.5027,    0.4816,    0.5010,    0.5105,    0.8722,    0.9525,    0.9993,    1.0325,    1.0553,    1.1436,    1.0729,    1.1382,    1.1089,    1.1648,    1.1047,    1.1841,    2.5505,    2.5153,    2.5725,    2.6095,    2.6359,    2.5316,    2.6204,    2.6872,    2.7418,    2.5495,    2.5127,    2.6093,    6.5958,    6.2617,    6.1911,    6.0037,    5.5457,    5.2011,    4.5659,    4.2005,    4.0374,    3.5387,    2.7184,    2.5248,    1.9466,    1.7692,    1.3490,    1.2877,    0.8683,    0.6302,    0.5092,    0.2044,    0.1802,    0.1279,    0.0444,    0.0361,    0.0003,    0.0011,    0.0023,    0.0037,    0.0054,    0.0071,    0.0089,    0.0114,    0.0734,    0.2269,    0.2790,    0.1708,    0.0590,    0.0385,    0.0259,    0.0389,    0.0849,    0.1979,    0.4078,    0.7106,    0.8870,    0.7792,    0.5424,    0.4550,    0.1410,    0.1462,    0.1747,    0.2472,    0.3476,    0.4429,    0.7212,    0.7454,    0.8126,    0.9416,    0.9787,    1.0914,    0.8437,    0.8394,    0.8342,    0.8245,    0.8160,    0.8098,    0.7967,    0.7865,    0.7755,    0.7629,    0.7467,    0.7215,    0.6833,    0.5761,    0.6286,    0.4243,    0.4279,    0.4122,    0.3570,    0.2093,    0.1526,    0.0921,    0.0595,    0.0483,    0.1070,    0.0987,    0.0564,    0.0523,    0.0441,    0.0601,    0.0805,    0.0788,    0.0972,    0.0977,    0.0998,    0.0917,    0.1150,    0.0767,    0.0837,    0.0927,    0.0820,    0.0547,    0.0475,    0.0427,    0.0437,    0.0413,    0.0507,    0.0470,    0.1180,    0.0956,    0.0614,    0.0433,    0.0254,    0.0141,    0.0095,    0.0097,    0.0074,    0.0065,    0.0047,    0.0018,    0.0210,    0.0000,    0.0531,    0.0977,    0.1104,    0.1010,    0.1133,    0.1275,    0.1135,    0.1563,    0.1381,    0.1470,    0.1614,    0.1310,    0.1893,    0.2067,    0.1681,    0.1105,    0.0137,    0.0301,    0.1429,    0.1694,    0.2791,    0.2930,    0.3626,    0.3878,    0.4014,    0.4265,    0.4417,    0.4522,    0.4223,    0.3840,    0.3386,    0.4039,    0.5600,    0.5679,    0.9954,    1.0874,    1.1385,    1.1556,    1.1353,    1.2588,    1.2088,    1.2981,    1.1934,    1.3491,    1.2758,    1.3579,    2.9408,    2.8703,    2.9797,    3.0180,    3.0378,    2.9286,    3.0317,    3.1090,    3.1722,    2.9481,    2.9071,    3.0188,    7.6305,    7.2683,    7.1862,    6.9686,    6.4368,    6.0367,    5.2992,    4.8749,    4.6853,    4.1063,    3.1542,    2.9294,    2.2583,    2.1297,    1.6237,    1.5497,    1.0448,    0.7581,    0.6125,    0.2458,    0.2166,    0.1538,    0.0533,    0.0433
  753,    0.1000,  221.9977,    0.1808,  123.1407,  121.5501,   -0.9577,   -0.8237,  158.4330,  173.9767,  174.8080,  175.7598,  177.0006,  178.0031,  179.1961,  180.5970,  182.1990,  184.0986,  186.6974,  190.2560,  195.1957,  201.6872,  208.9172,  214.9982,  219.1978,  221.7987,  223.2972,  223.8048,  223.6996,  223.2923,  222.8809,  222.5461,  222.5074,    0.0681,    0.2577,    0.5439,    0.8983,    1.2958,    1.7156,    2.1397,    2.5519,    2.9008,    2.9054,    3.1370,    3.7575,    3.4696,    3.6577,    3.8018,    3.8659,    3.8994,    3.8459,    3.7388,    3.5600,    3.4715,    3.4764,    3.5448,    3.5502,    1.2286,    1.2174,    1.2046,    1.1839,    1.1603,    1.1340,    1.0582,    1.0474,    1.0147,    0.9163,    0.9201,    0.8020,    0.5393,    0.4765,    0.4118,    0.4023,    0.3790,    0.3264,    0.3703,    0.3724,    0.3893,    0.4237,    0.4805,    0.5369,    0.6297,    0.6568,    0.5770,    0.6681,    0.6608,    0.6551,    0.6475,    0.6714,    0.6728,    0.6707,    0.6648,    0.6558,    1.7671,    1.6901,    1.6205,    1.5415,    1.4698,    1.3898,    1.3067,    1.2408,    1.1671,    1.1052,    1.0469,    0.9911,    1.4742,    1.3495,    1.2274,    1.1039,    1.0029,    0.9133,    0.8346,    0.7544,    0.6787,    0.6110,    0.5476,    0.4914,    1.1887,    0.8414,    0.5961,    0.4167,    0.2942,    0.2064,    0.1418,    0.0946,    0.0641,    0.0425,    0.0286,    0.0199,    0.0914,    0.0477,    0.0798,    0.0911,    0.1022,    0.0951,    0.1041,    0.1163,    0.1023,    0.1407,    0.1245,    0.1393,    0.1537,    0.1252,    0.1820,    0.2019,    0.1663,    0.1897,    0.2061,    0.2239,    0.2349,    0.1631,    0.2574,    0.2717,    0.3338,    0.3568,    0.3693,    0.3927,    0.3993,    0.4180,    0.4227,    0.4742,    0.5096,    0.4905,    0.5149,    0.5245,    0.8970,    0.9796,    1.0276,    1.0612,    1.0832,    1.1747,    1.1030,    1.1663,    1.1339,    1.1939,    1.1323,    1.2134,    2.6140,    2.5773,    2.6368,    2.6714,    2.6982,    2.5917,    2.6826,    2.7510,    2.8069,    2.6099,    2.5723,    2.6712,    6.7524,    6.3917,    6.3197,    6.1286,    5.6612,    5.3096,    4.6612,    4.2884,    4.1221,    3.6131,    2.7757,    2.5782,    1.9880,    1.7908,    1.3657,    1.3037,    0.8792,    0.6382,    0.5158,    0.2071,    0.1826,    0.1297,    0.0450,    0.0366,    0.0006,    0.0022,    0.0045,    0.0075,    0.0108,    0.0143,    0.0179,    0.0229,    0.1524,    0.4291,    0.5240,    0.3504,    0.1175,    0.0773,    0.0522,    0.0781,    0.1778,    0.4154,    0.8433,    1.4124,    1.7270,    1.5474,    1.1078,    0.8877,    0.2821,    0.2801,    0.3143,    0.3958,    0.5126,    0.6073,    0.8887,    0.9146,    0.9748,    1.0732,    1.1079,    1.1801,    0.8976,    0.8853,    0.8724,    0.8629,    0.8524,    0.8390,    0.8331,    0.8238,    0.8152,    0.8072,    0.8005,    0.7885,    0.7779,    0.6774,    0.7090,    0.5129,    0.5169,    0.5028,    0.4360,    0.2731,    0.2092,    0.1318,    0.0908,    0.0766,    0.1733,    0.1628,    0.1076,    0.1115,    0.0974,    0.1368,    0.1855,    0.1797,    0.2213,    0.2169,    0.2139,    0.1985,    0.2520,    0.1747,    0.1778,    0.1815,    0.1695,    0.1269,    0.1138,    0.1027,    0.1071,    0.0994,    0.1125,    0.1027,    0.2876,    0.2346,    0.1645,    0.1177,    0.0710,    0.0403,    0.0276,    0.0252,    0.0181,    0.0143,    0.0098,    0.0048,    0.0177,    0.0000,    0.0468,    0.0888,    0.1005,    0.0919,    0.1031,    0.1173,    0.1044,    0.1439,    0.1271,    0.1314,    0.1442,    0.1171,    0.1690,    0.1845,    0.1494,    0.0957,    0.0112,    0.0253,    0.1254,    0.1511,    0.2540,    0.2666,    0.3301,    0.3530,    0.3654,    0.3882,    0.4067,    0.4160,    0.3865,    0.3514,    0.3094,    0.3702,    0.5148,    0.5224,    0.9169,    1.0017,    1.0488,    1.0638,    1.0444,    1.1586,    1.1130,    1.2067,    1.1092,    1.2551,    1.1868,    1.2628,    2.7355,    2.6689,    2.7719,    2.8000,    2.8182,    2.7170,    2.8127,    2.8845,    2.9430,    2.7351,    2.6971,    2.8007,    7.0793,    6.7420,    6.6659,    6.4640,    5.9707,    5.5996,    4.9155,    4.5219,    4.3461,    3.8090,    2.9258,    2.7173,    2.0947,    2.0270,    1.5455,    1.4750,    0.9944,    0.7216,    0.5829,    0.2339,    0.2062,    0.1464,    0.0507,    0.0412
  700,    0.1500,  222.9976,    0.1653,  125.4793,  123.8485,   -0.8931,   -0.7842,  158.4330,  179.9205,  180.7933,  181.7763,  182.9966,  184.0931,  185.3975,  187.0743,  188.8007,  190.8950,  193.5953,  197.1994,  202.0980,  208.3982,  215.1960,  220.6993,  224.3976,  226.5313,  227.5972,  227.5984,  226.8935,  225.8087,  225.0736,  224.2480,  224.0379,    0.0681,    0.2580,    0.5448,    0.9000,    1.2988,    1.7203,    2.1466,    2.5606,    2.8976,    2.7541,    2.9552,    3.7235,    3.4495,    3.6599,    3.8196,    3.8739,    3.9037,    3.8309,    3.7218,    3.5530,    3.4900,    3.4957,    3.5626,    3.5793,    1.2382,    1.2269,    1.2183,    1.2036,    1.1902,    1.1714,    1.1152,    1.1066,    1.0793,    0.9907,    0.9997,    0.8947,    0.6143,    0.5520,    0.4853,    0.4773,    0.4513,    0.3905,    0.4423,    0.4444,    0.4615,    0.4950,    0.5504,    0.6032,    0.6936,    0.7128,    0.6348,    0.7102,    0.7039,    0.6977,    0.6837,    0.6939,    0.6918,    0.6830,    0.6736,    0.6635,    1.7919,    1.7150,    1.6408,    1.5606,    1.4880,    1.4111,    1.3301,    1.2641,    1.1942,    1.1323,    1.0748,    1.0179,    1.5108,    1.3736,    1.2525,    1.1230,    1.0233,    0.9297,    0.8557,    0.7742,    0.6998,    0.6311,    0.5717,    0.5139,    1.2506,    0.8930,    0.6352,    0.4459,    0.3152,    0.2208,    0.1523,    0.1028,    0.0702,    0.0471,    0.0319,    0.0220,    0.0916,    0.0474,    0.0811,    0.0933,    0.1047,    0.0973,    0.1067,    0.1189,    0.1046,    0.1440,    0.1274,    0.1432,    0.1580,    0.1287,    0.1871,    0.2074,    0.1709,    0.1921,    0.2058,    0.2238,    0.2385,    0.1678,    0.2641,    0.2788,    0.3426,    0.3662,    0.3790,    0.4030,    0.4086,    0.4275,    0.4314,    0.4812,    0.5152,    0.4979,    0.5267,    0.5364,    0.9182,    1.0028,    1.0519,    1.0857,    1.1069,    1.2013,    1.1287,    1.1907,    1.1556,    1.2194,    1.1563,    1.2389,    2.6694,    2.6313,    2.6930,    2.7252,    2.7522,    2.6439,    2.7366,    2.8064,    2.8634,    2.6625,    2.6242,    2.7251,    6.8886,    6.5047,    6.4315,    6.2371,    5.7616,    5.4039,    4.7442,    4.3648,    4.1957,    3.6779,    2.8256,    2.6248,    2.0240,    1.8107,    1.3810,    1.3185,    0.8893,    0.6456,    0.5219,    0.2096,    0.1848,    0.1313,    0.0456,    0.0371,    0.0009,    0.0032,    0.0068,    0.0113,    0.0163,    0.0216,    0.0269,    0.0345,    0.2318,    0.6102,    0.7404,    0.5277,    0.1752,    0.1160,    0.0786,    0.1174,    0.2726,    0.6327,    1.2573,    2.0246,    2.4211,    2.2041,    1.6290,    1.2982,    0.4173,    0.4072,    0.4439,    0.5264,    0.6510,    0.7397,    1.0093,    1.0353,    1.0870,    1.1618,    1.1924,    1.2383,    0.9348,    0.9181,    0.9005,    0.8911,    0.8794,    0.8616,    0.8599,    0.8512,    0.8441,    0.8388,    0.8376,    0.8324,    0.8382,    0.7441,    0.7621,    0.5733,    0.5772,    0.5639,    0.4904,    0.3199,    0.2527,    0.1640,    0.1178,    0.1016,    0.2344,    0.2237,    0.1593,    0.1730,    0.1539,    0.2187,    0.2970,    0.2866,    0.3506,    0.3407,    0.3319,    0.3097,    0.3964,    0.2797,    0.2771,    0.2719,    0.2604,    0.2051,    0.1870,    0.1692,    0.1775,    0.1636,    0.1799,    0.1636,    0.4745,    0.3876,    0.2802,    0.2021,    0.1245,    0.0721,    0.0498,    0.0436,    0.0309,    0.0233,    0.0156,    0.0086,    0.0152,    0.0000,    0.0412,    0.0808,    0.0915,    0.0836,    0.0939,    0.1080,    0.0961,    0.1324,    0.1170,    0.1174,    0.1288,    0.1046,    0.1509,    0.1647,    0.1330,    0.0839,    0.0095,    0.0218,    0.1107,    0.1348,    0.2312,    0.2426,    0.3004,    0.3213,    0.3326,    0.3534,    0.3744,    0.3829,    0.3547,    0.3224,    0.2836,    0.3399,    0.4735,    0.4808,    0.8447,    0.9227,    0.9662,    0.9796,    0.9613,    1.0667,    1.0250,    1.1221,    1.0313,    1.1675,    1.1039,    1.1746,    2.5446,    2.4822,    2.5786,    2.5978,    2.6146,    2.5208,    2.6096,    2.6762,    2.7305,    2.5376,    2.5023,    2.5985,    6.5681,    6.2543,    6.1836,    5.9964,    5.5388,    5.1945,    4.5599,    4.1948,    4.0318,    3.5335,    2.7142,    2.5207,    1.9433,    1.9295,    1.4711,    1.4040,    0.9466,    0.6869,    0.5549,    0.2227,    0.1963,    0.1393,    0.0483,    0.0393
  600,    0.2000,  223.8948,    0.1519,  127.6529,  125.8434,   -0.9857,   -0.8705,  158.4330,  184.2606,  185.1329,  186.1326,  187.3994,  188.5903,  189.9972,  191.7700,  193.6000,  195.7978,  198.5011,  202.1021,  206.9289,  212.9955,  219.3641,  224.4826,  227.8039,  229.6996,  230.5058,  230.2958,  229.2937,  227.7978,  226.7539,  225.6518,  225.2608,    0.0682,    0.2581,    0.5453,    0.9011,    1.3010,    1.7239,    2.1519,    2.5673,    2.8939,    2.6178,    2.7935,    3.6933,    3.4267,    3.6584,    3.8329,    3.8773,    3.9056,    3.8208,    3.7238,    3.5795,    3.5408,    3.5453,    3.6025,    3.6210,    1.2521,    1.2399,    1.2346,    1.2238,    1.2181,    1.2038,    1.1597,    1.1518,    1.1276,    1.0458,    1.0574,    0.9621,    0.6698,    0.6088,    0.5416,    0.5350,    0.5072,    0.4410,    0.4981,    0.5000,    0.5170,    0.5491,    0.6027,    0.6523,    0.7407,    0.7543,    0.6779,    0.7410,    0.7355,    0.7295,    0.7109,    0.7107,    0.7069,    0.6927,    0.6807,    0.6696,    1.8127,    1.7365,    1.6588,    1.5786,    1.5052,    1.4335,    1.3570,    1.2907,    1.2259,    1.1636,    1.1064,    1.0483,    1.5519,    1.4008,    1.2800,    1.1437,    1.0463,    0.9491,    0.8795,    0.7965,    0.7241,    0.6539,    0.5984,    0.5386,    1.3208,    0.9512,    0.6799,    0.4794,    0.3393,    0.2373,    0.1643,    0.1122,    0.0771,    0.0521,    0.0354,    0.0243,    0.0918,    0.0472,    0.0821,    0.0951,    0.1068,    0.0992,    0.1088,    0.1212,    0.1067,    0.1468,    0.1298,    0.1464,    0.1615,    0.1316,    0.1912,    0.2119,    0.1746,    0.1938,    0.2056,    0.2237,    0.2413,    0.1716,    0.2698,    0.2847,    0.3499,    0.3740,    0.3871,    0.4116,    0.4166,    0.4357,    0.4387,    0.4871,    0.5200,    0.5042,    0.5367,    0.5466,    0.9365,    1.0227,    1.0727,    1.1068,    1.1272,    1.2240,    1.1508,    1.2120,    1.1746,    1.2416,    1.1773,    1.2612,    2.7178,    2.6784,    2.7421,    2.7719,    2.7992,    2.6893,    2.7836,    2.8546,    2.9126,    2.7082,    2.6692,    2.7719,    7.0069,    6.6029,    6.5288,    6.3315,    5.8489,    5.4859,    4.8163,    4.4313,    4.2598,    3.7342,    2.8691,    2.6653,    2.0554,    1.8290,    1.3950,    1.3320,    0.8985,    0.6524,    0.5275,    0.2119,    0.1869,    0.1328,    0.0461,    0.0375,    0.0011,    0.0043,    0.0091,    0.0151,    0.0217,    0.0288,    0.0359,    0.0461,    0.3109,    0.7733,    0.9333,    0.7004,    0.2320,    0.1546,    0.1052,    0.1567,    0.3678,    0.8456,    1.6422,    2.5468,    2.9809,    2.7508,    2.0967,    1.6801,    0.5441,    0.5263,    0.5639,    0.6439,    0.7714,    0.8524,    1.1048,    1.1302,    1.1733,    1.2289,    1.2553,    1.2816,    0.9634,    0.9439,    0.9232,    0.9139,    0.9015,    0.8807,    0.8819,    0.8736,    0.8675,    0.8638,    0.8660,    0.8652,    0.8823,    0.7943,    0.8019,    0.6198,    0.6236,    0.6106,    0.5327,    0.3578,    0.2891,    0.1922,    0.1423,    0.1246,    0.2926,    0.2828,    0.2112,    0.2354,    0.2120,    0.3028,    0.4097,    0.3946,    0.4790,    0.4634,    0.4487,    0.4203,    0.5419,    0.3874,    0.3779,    0.3621,    0.3518,    0.2858,    0.2632,    0.2386,    0.2506,    0.2303,    0.2491,    0.2262,    0.6647,    0.5420,    0.3979,    0.2885,    0.1807,    0.1065,    0.0741,    0.0633,    0.0446,    0.0329,    0.0218,    0.0128,    0.0132,    0.0000,    0.0364,    0.0735,    0.0832,    0.0761,    0.0854,    0.0994,    0.0885,    0.1219,    0.1077,    0.1049,    0.1151,    0.0934,    0.1348,    0.1471,    0.1185,    0.0739,    0.0082,    0.0190,    0.0980,    0.1203,    0.2104,    0.2208,    0.2735,    0.2925,    0.3028,    0.3217,    0.3447,    0.3524,    0.3258,    0.2961,    0.2604,    0.3124,    0.4357,    0.4426,    0.7781,    0.8500,    0.8901,    0.9022,    0.8850,    0.9823,    0.9441,    1.0435,    0.9590,    1.0861,    1.0269,    1.0926,    2.3671,    2.3087,    2.3988,    2.4103,    2.4258,    2.3389,    2.4212,    2.4830,    2.5334,    2.3544,    2.3217,    2.4109,    6.0940,    5.8023,    5.7368,    5.5631,    5.1386,    4.8192,    4.2305,    3.8917,    3.7405,    3.2783,    2.5182,    2.3387,    1.8029,    1.8369,    1.4005,    1.3367,    0.9012,    0.6539,    0.5283,    0.2120,    0.1868,    0.1326,    0.0460,    0.0374
  422,    0.3000,  225.1965,    0.1300,  131.0161,  129.0798,   -0.9664,   -0.8624,  158.4330,  190.6068,  191.5088,  192.5453,  193.7940,  195.0725,  196.6058,  198.3970,  200.3948,  202.5993,  205.3932,  208.8973,  213.4025,  218.9987,  224.7965,  229.3848,  232.2955,  233.7954,  234.2956,  233.7706,  232.4888,  230.5885,  229.1793,  227.6688,  227.2258,    0.0680,    0.2578,    0.5447,    0.9007,    1.3011,    1.7251,    2.1547,    2.5706,    2.8794,    2.3768,    2.5128,    3.6334,    3.3660,    3.6361,    3.8381,    3.8619,    3.8916,    3.7987,    3.7482,    3.6593,    3.6524,    3.6565,    3.6953,    3.7062,    1.2803,    1.2656,    1.2652,    1.2588,    1.2635,    1.2537,    1.2230,    1.2149,    1.1938,    1.1219,    1.1348,    1.0542,    0.7475,    0.6902,    0.6247,    0.6200,    0.5906,    0.5187,    0.5813,    0.5826,    0.5986,    0.6275,    0.6768,    0.7203,    0.8046,    0.8106,    0.7374,    0.7805,    0.7759,    0.7708,    0.7458,    0.7302,    0.7255,    0.7027,    0.6867,    0.6744,    1.8347,    1.7615,    1.6786,    1.6014,    1.5269,    1.4699,    1.4064,    1.3394,    1.2861,    1.2227,    1.1653,    1.1051,    1.6277,    1.4489,    1.3282,    1.1783,    1.0872,    0.9846,    0.9233,    0.8375,    0.7700,    0.6970,    0.6480,    0.5846,    1.4533,    1.0596,    0.7637,    0.5424,    0.3852,    0.2693,    0.1876,    0.1301,    0.0903,    0.0616,    0.0421,    0.0290,    0.0919,    0.0469,    0.0836,    0.0979,    0.1100,    0.1021,    0.1121,    0.1248,    0.1099,    0.1513,    0.1338,    0.1511,    0.1667,    0.1357,    0.1972,    0.2184,    0.1800,    0.1962,    0.2051,    0.2235,    0.2452,    0.1771,    0.2785,    0.2938,    0.3612,    0.3861,    0.3997,    0.4249,    0.4293,    0.4486,    0.4503,    0.4964,    0.5273,    0.5141,    0.5527,    0.5628,    0.9655,    1.0544,    1.1059,    1.1402,    1.1594,    1.2601,    1.1858,    1.2468,    1.2055,    1.2779,    1.2116,    1.2977,    2.7969,    2.7553,    2.8224,    2.8478,    2.8755,    2.7630,    2.8599,    2.9329,    2.9925,    2.7824,    2.7424,    2.8479,    7.1992,    6.7625,    6.6867,    6.4849,    5.9907,    5.6192,    4.9336,    4.5395,    4.3641,    3.8259,    2.9398,    2.7312,    2.1066,    1.8609,    1.4196,    1.3558,    0.9148,    0.6644,    0.5373,    0.2159,    0.1905,    0.1354,    0.0470,    0.0383,    0.0017,    0.0065,    0.0136,    0.0226,    0.0326,    0.0432,    0.0540,    0.0692,    0.4653,    1.0532,    1.2592,    1.0273,    0.3419,    0.2305,    0.1580,    0.2341,    0.5554,    1.2488,    2.3143,    3.3495,    3.7732,    3.5591,    2.8670,    2.3464,    0.7682,    0.7375,    0.7739,    0.8445,    0.9695,    1.0342,    1.2473,    1.2700,    1.2978,    1.3245,    1.3432,    1.3431,    1.0055,    0.9824,    0.9576,    0.9486,    0.9350,    0.9094,    0.9153,    0.9075,    0.9028,    0.9013,    0.9077,    0.9117,    0.9435,    0.8659,    0.8588,    0.6884,    0.6918,    0.6782,    0.5954,    0.4169,    0.3476,    0.2400,    0.1855,    0.1659,    0.4012,    0.3952,    0.3132,    0.3589,    0.3281,    0.4690,    0.6270,    0.6026,    0.7191,    0.6926,    0.6665,    0.6277,    0.8200,    0.5986,    0.5740,    0.5352,    0.5274,    0.4443,    0.4139,    0.3762,    0.3940,    0.3610,    0.3826,    0.3473,    1.0221,    0.8270,    0.6152,    0.4486,    0.2890,    0.1755,    0.1232,    0.1019,    0.0716,    0.0517,    0.0341,    0.0215,    0.0100,    0.0000,    0.0284,    0.0609,    0.0690,    0.0630,    0.0708,    0.0842,    0.0749,    0.1033,    0.0912,    0.0837,    0.0918,    0.0746,    0.1076,    0.1174,    0.0942,    0.0579,    0.0062,    0.0147,    0.0773,    0.0958,    0.1743,    0.1829,    0.2266,    0.2424,    0.2509,    0.2666,    0.2923,    0.2987,    0.2753,    0.2503,    0.2199,    0.2642,    0.3692,    0.3752,    0.6604,    0.7214,    0.7554,    0.7654,    0.7506,    0.8333,    0.8011,    0.9027,    0.8296,    0.9400,    0.8887,    0.9455,    2.0486,    1.9976,    2.0761,    2.0752,    2.0885,    2.0137,    2.0846,    2.1378,    2.1812,    2.0271,    1.9989,    2.0757,    5.2467,    4.9955,    4.9391,    4.7896,    4.4241,    4.1492,    3.6423,    3.3507,    3.2205,    2.8226,    2.1682,    2.0136,    1.5524,    1.6652,    1.2696,    1.2118,    0.8170,    0.5929,    0.4790,    0.1922,    0.1694,    0.1203,    0.0417,    0.0339
  188,    0.4000,  226.0980,    0.1135,  133.5930,  131.5228,   -0.9852,   -0.9281,  158.4330,  195.0838,  196.0102,  197.0684,  198.3121,  199.6151,  201.2008,  203.0970,  205.0956,  207.3002,  209.9993,  213.3880,  217.6986,  222.9609,  228.3734,  232.6001,  235.1559,  236.3160,  236.5253,  235.8016,  234.3983,  232.3157,  230.7700,  229.1206,  228.5374,    0.0678,    0.2569,    0.5430,    0.8982,    1.2980,    1.7216,    2.1512,    2.5660,    2.8611,    2.1731,    2.2801,    3.5801,    3.2957,    3.5997,    3.8263,    3.8296,    3.8661,    3.7813,    3.7896,    3.7439,    3.7491,    3.7568,    3.7890,    3.7907,    1.3084,    1.2912,    1.2938,    1.2894,    1.3004,    1.2923,    1.2680,    1.2590,    1.2393,    1.1744,    1.1870,    1.1173,    0.8018,    0.7477,    0.6845,    0.6812,    0.6510,    0.5762,    0.6416,    0.6424,    0.6575,    0.6836,    0.7292,    0.7675,    0.8477,    0.8484,    0.7776,    0.8041,    0.8001,    0.7960,    0.7666,    0.7390,    0.7351,    0.7058,    0.6867,    0.6735,    1.8424,    1.7733,    1.6869,    1.6152,    1.5401,    1.5010,    1.4526,    1.3848,    1.3423,    1.2776,    1.2194,    1.1574,    1.6979,    1.4935,    1.3722,    1.2093,    1.1253,    1.0187,    0.9644,    0.8761,    0.8132,    0.7373,    0.6932,    0.6264,    1.5716,    1.1541,    0.8362,    0.5968,    0.4261,    0.2987,    0.2091,    0.1463,    0.1021,    0.0701,    0.0481,    0.0332,    0.0919,    0.0467,    0.0844,    0.0999,    0.1122,    0.1042,    0.1144,    0.1275,    0.1123,    0.1545,    0.1367,    0.1542,    0.1700,    0.1385,    0.2011,    0.2226,    0.1835,    0.1977,    0.2047,    0.2232,    0.2476,    0.1807,    0.2846,    0.3002,    0.3692,    0.3947,    0.4085,    0.4343,    0.4387,    0.4580,    0.4586,    0.5031,    0.5326,    0.5212,    0.5643,    0.5747,    0.9868,    1.0778,    1.1303,    1.1647,    1.1830,    1.2866,    1.2116,    1.2733,    1.2291,    1.3057,    1.2378,    1.3255,    2.8572,    2.8140,    2.8837,    2.9052,    2.9331,    2.8186,    2.9175,    2.9920,    3.0528,    2.8384,    2.7977,    2.9053,    7.3444,    6.8832,    6.8061,    6.6008,    6.0980,    5.7200,    5.0223,    4.6213,    4.4430,    3.8954,    2.9934,    2.7813,    2.1455,    1.8876,    1.4402,    1.3757,    0.9284,    0.6745,    0.5456,    0.2193,    0.1936,    0.1377,    0.0478,    0.0390,    0.0023,    0.0086,    0.0181,    0.0300,    0.0434,    0.0575,    0.0719,    0.0921,    0.6135,    1.2838,    1.5234,    1.3287,    0.4464,    0.3043,    0.2101,    0.3095,    0.7373,    1.6192,    2.8666,    3.9037,    4.2624,    4.0876,    3.4494,    2.8927,    0.9549,    0.9152,    0.9484,    1.0076,    1.1239,    1.1737,    1.3474,    1.3667,    1.3820,    1.3879,    1.4004,    1.3829,    1.0333,    1.0082,    0.9809,    0.9722,    0.9577,    0.9290,    0.9380,    0.9306,    0.9267,    0.9264,    0.9353,    0.9420,    0.9831,    0.9147,    0.8968,    0.7372,    0.7401,    0.7253,    0.6402,    0.4618,    0.3936,    0.2802,    0.2232,    0.2025,    0.5014,    0.5007,    0.4117,    0.4783,    0.4416,    0.6280,    0.8272,    0.7941,    0.9312,    0.8948,    0.8585,    0.8113,    1.0733,    0.7976,    0.7575,    0.6954,    0.6895,    0.5934,    0.5564,    0.5067,    0.5273,    0.4826,    0.5036,    0.4574,    1.3328,    1.0680,    0.7982,    0.5835,    0.3846,    0.2398,    0.1692,    0.1366,    0.0961,    0.0686,    0.0454,    0.0297,    0.0077,    0.0000,    0.0222,    0.0504,    0.0571,    0.0522,    0.0586,    0.0713,    0.0635,    0.0875,    0.0773,    0.0669,    0.0733,    0.0596,    0.0859,    0.0937,    0.0750,    0.0457,    0.0048,    0.0115,    0.0612,    0.0763,    0.1445,    0.1515,    0.1878,    0.2009,    0.2079,    0.2209,    0.2479,    0.2532,    0.2330,    0.2118,    0.1860,    0.2238,    0.3129,    0.3181,    0.5606,    0.6123,    0.6412,    0.6495,    0.6368,    0.7071,    0.6799,    0.7812,    0.7178,    0.8136,    0.7692,    0.8183,    1.7731,    1.7288,    1.7970,    1.7871,    1.7985,    1.7341,    1.7952,    1.8410,    1.8784,    1.7457,    1.7214,    1.7876,    4.5184,    4.3029,    4.2544,    4.1256,    3.8108,    3.5740,    3.1374,    2.8863,    2.7741,    2.4314,    1.8677,    1.7346,    1.3373,    1.5101,    1.1514,    1.0990,    0.7410,    0.5377,    0.4344,    0.1744,    0.1537,    0.1091,    0.0378,    0.0308
  109,    0.5000,  226.3849,    0.1011,  134.7224,  133.3692,   -0.1741,   -0.9700,  158.4330,  198.3401,  199.3227,  200.3757,  201.6113,  202.9022,  204.5172,  206.3802,  208.3232,  210.5169,  213.1409,  216.3738,  220.5399,  225.5219,  230.6213,  234.5420,  236.8132,  237.6788,  237.6072,  236.7264,  235.2404,  233.1084,  231.5057,  229.6853,  229.0913,    0.0673,    0.2552,    0.5396,    0.8926,    1.2900,    1.7112,    2.1386,    2.5498,    2.8336,    1.9937,    2.0784,    3.5227,    3.2101,    3.5421,    3.7897,    3.7724,    3.8192,    3.7531,    3.8189,    3.7984,    3.8045,    3.8166,    3.8512,    3.8467,    1.3270,    1.3076,    1.3119,    1.3082,    1.3228,    1.3151,    1.2940,    1.2837,    1.2648,    1.2059,    1.2174,    1.1570,    0.8373,    0.7863,    0.7260,    0.7234,    0.6932,    0.6179,    0.6836,    0.6839,    0.6980,    0.7217,    0.7636,    0.7972,    0.8728,    0.8691,    0.8008,    0.8123,    0.8087,    0.8054,    0.7729,    0.7357,    0.7334,    0.6992,    0.6779,    0.6641,    1.8274,    1.7635,    1.6752,    1.6108,    1.5359,    1.5157,    1.4822,    1.4138,    1.3801,    1.3144,    1.2556,    1.1925,    1.7444,    1.5199,    1.3983,    1.2250,    1.1483,    1.0397,    0.9912,    0.9012,    0.8425,    0.7647,    0.7240,    0.6549,    1.6503,    1.2151,    0.8825,    0.6314,    0.4531,    0.3188,    0.2240,    0.1570,    0.1099,    0.0757,    0.0522,    0.0362,    0.0919,    0.0465,    0.0850,    0.1013,    0.1138,    0.1056,    0.1161,    0.1294,    0.1140,    0.1569,    0.1388,    0.1562,    0.1723,    0.1402,    0.2036,    0.2254,    0.1857,    0.1985,    0.2044,    0.2229,    0.2492,    0.1830,    0.2889,    0.3047,    0.3748,    0.4006,    0.4147,    0.4409,    0.4455,    0.4649,    0.4647,    0.5079,    0.5363,    0.5264,    0.5729,    0.5834,    1.0025,    1.0949,    1.1482,    1.1827,    1.2003,    1.3061,    1.2305,    1.2935,    1.2470,    1.3268,    1.2578,    1.3467,    2.9033,    2.8587,    2.9305,    2.9485,    2.9766,    2.8607,    2.9610,    3.0366,    3.0983,    2.8807,    2.8395,    2.9487,    7.4542,    6.9743,    6.8964,    6.6884,    6.1791,    5.7962,    5.0894,    4.6833,    4.5028,    3.9480,    3.0340,    2.8193,    2.1750,    1.9100,    1.4575,    1.3925,    0.9399,    0.6829,    0.5526,    0.2222,    0.1962,    0.1396,    0.0485,    0.0395,    0.0028,    0.0107,    0.0225,    0.0373,    0.0539,    0.0715,    0.0893,    0.1144,    0.7526,    1.4723,    1.7357,    1.5994,    0.5435,    0.3743,    0.2601,    0.3811,    0.9082,    1.9470,    3.2979,    4.2580,    4.5353,    4.4021,    3.8592,    3.3134,    1.1012,    1.0561,    1.0847,    1.1321,    1.2358,    1.2722,    1.4091,    1.4245,    1.4300,    1.4209,    1.4283,    1.3993,    1.0445,    1.0186,    0.9901,    0.9816,    0.9667,    0.9365,    0.9470,    0.9398,    0.9363,    0.9366,    0.9465,    0.9546,    1.0015,    0.9413,    0.9155,    0.7665,    0.7687,    0.7523,    0.6671,    0.4919,    0.4262,    0.3113,    0.2538,    0.2327,    0.5884,    0.5941,    0.5014,    0.5867,    0.5455,    0.7695,    0.9971,    0.9565,    1.1023,    1.0574,    1.0126,    0.9592,    1.2835,    0.9695,    0.9146,    0.8312,    0.8256,    0.7209,    0.6783,    0.6183,    0.6384,    0.5838,    0.6010,    0.5459,    1.5678,    1.2426,    0.9286,    0.6791,    0.4559,    0.2905,    0.2057,    0.1626,    0.1144,    0.0811,    0.0539,    0.0361,    0.0060,    0.0000,    0.0174,    0.0418,    0.0474,    0.0433,    0.0486,    0.0604,    0.0538,    0.0741,    0.0655,    0.0534,    0.0586,    0.0476,    0.0686,    0.0748,    0.0597,    0.0362,    0.0038,    0.0091,    0.0486,    0.0608,    0.1198,    0.1256,    0.1557,    0.1665,    0.1724,    0.1831,    0.2103,    0.2148,    0.1974,    0.1795,    0.1576,    0.1897,    0.2653,    0.2698,    0.4759,    0.5199,    0.5444,    0.5514,    0.5405,    0.6003,    0.5771,    0.6761,    0.6214,    0.7044,    0.6659,    0.7084,    1.5350,    1.4965,    1.5557,    1.5395,    1.5493,    1.4938,    1.5465,    1.5859,    1.6181,    1.5038,    1.4829,    1.5399,    3.8923,    3.7082,    3.6664,    3.5554,    3.2842,    3.0801,    2.7039,    2.4875,    2.3908,    2.0955,    1.6097,    1.4950,    1.1526,    1.3699,    1.0445,    0.9970,    0.6722,    0.4879,    0.3942,    0.1582,    0.1395,    0.0990,    0.0343,    0.0279
   85,    0.7500,  226.3985,    0.0816,  136.9066,  136.2556,    0.7154,   -0.8518,  158.4330,  204.3632,  205.3559,  206.4287,  207.6300,  208.9225,  210.5062,  212.3146,  214.1898,  216.2878,  218.7633,  221.8265,  225.7456,  230.3652,  235.0035,  238.3244,  239.7838,  239.7825,  238.9442,  237.5584,  235.9212,  233.8110,  232.0999,  230.1867,  229.4673,    0.0660,    0.2502,    0.5290,    0.8751,    1.2647,    1.6776,    2.0965,    2.4962,    2.7700,    1.6447,    1.6935,    3.4199,    2.9935,    3.3807,    3.6719,    3.6070,    3.7005,    3.7189,    3.9138,    3.9145,    3.9149,    3.9365,    3.9895,    3.9831,    1.3736,    1.3503,    1.3569,    1.3529,    1.3720,    1.3639,    1.3460,    1.3331,    1.3152,    1.2670,    1.2756,    1.2314,    0.9034,    0.8586,    0.8041,    0.8027,    0.7728,    0.6977,    0.7629,    0.7623,    0.7746,    0.7937,    0.8282,    0.8526,    0.9184,    0.9064,    0.8412,    0.8202,    0.8173,    0.8148,    0.7763,    0.7183,    0.7214,    0.6769,    0.6510,    0.6361,    1.7775,    1.7292,    1.6376,    1.5971,    1.5226,    1.5542,    1.5560,    1.4860,    1.4676,    1.3993,    1.3384,    1.2729,    1.8548,    1.5900,    1.4659,    1.2708,    1.2092,    1.0967,    1.0574,    0.9634,    0.9117,    0.8291,    0.7919,    0.7178,    1.8149,    1.3387,    0.9751,    0.7005,    0.5086,    0.3620,    0.2558,    0.1792,    0.1262,    0.0873,    0.0608,    0.0424,    0.0915,    0.0461,    0.0856,    0.1032,    0.1160,    0.1076,    0.1183,    0.1323,    0.1166,    0.1605,    0.1419,    0.1587,    0.1750,    0.1425,    0.2068,    0.2289,    0.1885,    0.1994,    0.2036,    0.2221,    0.2508,    0.1859,    0.2949,    0.3109,    0.3826,    0.4089,    0.4233,    0.4500,    0.4557,    0.4752,    0.4737,    0.5149,    0.5416,    0.5338,    0.5855,    0.5963,    1.0260,    1.1205,    1.1750,    1.2096,    1.2260,    1.3351,    1.2587,    1.3254,    1.2752,    1.3603,    1.2894,    1.3802,    2.9760,    2.9293,    3.0044,    3.0159,    3.0443,    2.9261,    3.0288,    3.1061,    3.1693,    2.9467,    2.9046,    3.0163,    7.6251,    7.1165,    7.0372,    6.8253,    6.3059,    5.9154,    5.1944,    4.7803,    4.5965,    4.0306,    3.0978,    2.8790,    2.2215,    1.9512,    1.4894,    1.4234,    0.9612,    0.6987,    0.5656,    0.2275,    0.2011,    0.1432,    0.0498,    0.0406,    0.0041,    0.0157,    0.0331,    0.0548,    0.0792,    0.1051,    0.1313,    0.1680,    1.0699,    1.8216,    2.1210,    2.1766,    0.7602,    0.5358,    0.3780,    0.5466,    1.3007,    2.6325,    4.0336,    4.6985,    4.8118,    4.7542,    4.4543,    4.0252,    1.3562,    1.3082,    1.3258,    1.3492,    1.4200,    1.4320,    1.4967,    1.5023,    1.4920,    1.4598,    1.4588,    1.4133,    1.0540,    1.0273,    0.9977,    0.9894,    0.9740,    0.9412,    0.9544,    0.9474,    0.9445,    0.9453,    0.9562,    0.9661,    1.0224,    0.9797,    0.9396,    0.8146,    0.8156,    0.7948,    0.7116,    0.5467,    0.4888,    0.3748,    0.3181,    0.2968,    0.7811,    0.8029,    0.7050,    0.8305,    0.7802,    1.0748,    1.3360,    1.2803,    1.4169,    1.3563,    1.2962,    1.2319,    1.6918,    1.3246,    1.2377,    1.1098,    1.0994,    0.9806,    0.9263,    0.8457,    0.8554,    0.7813,    0.7818,    0.7107,    1.9626,    1.5175,    1.1286,    0.8242,    0.5735,    0.3827,    0.2722,    0.2063,    0.1454,    0.1022,    0.0690,    0.0476,    0.0032,    0.0000,    0.0095,    0.0262,    0.0297,    0.0271,    0.0304,    0.0400,    0.0356,    0.0491,    0.0434,    0.0305,    0.0335,    0.0272,    0.0392,    0.0428,    0.0339,    0.0204,    0.0021,    0.0051,    0.0275,    0.0346,    0.0750,    0.0787,    0.0975,    0.1043,    0.1080,    0.1147,    0.1395,    0.1425,    0.1307,    0.1189,    0.1044,    0.1257,    0.1759,    0.1790,    0.3164,    0.3456,    0.3619,    0.3665,    0.3592,    0.3990,    0.3836,    0.4718,    0.4336,    0.4916,    0.4648,    0.4944,    1.0713,    1.0444,    1.0858,    1.0619,    1.0687,    1.0305,    1.0668,    1.0940,    1.1162,    1.0373,    1.0229,    1.0622,    2.6850,    2.5630,    2.5341,    2.4574,    2.2700,    2.1289,    1.8689,    1.7194,    1.6526,    1.4485,    1.1128,    1.0335,    0.7968,    1.0754,    0.8201,    0.7828,    0.5279,    0.3831,    0.3096,    0.1243,    0.1096,    0.0778,    0.0270,    0.0219
   98,    1.0000,  226.2697,    0.0718,  139.6137,  137.7068,   -0.3819,   -0.9647,  158.4330,  208.9465,  209.9169,  211.0044,  212.0880,  213.3349,  214.8479,  216.5978,  218.4078,  220.4401,  222.8838,  225.8749,  229.7317,  234.2144,  238.5766,  241.3814,  242.0354,  241.2160,  239.6061,  237.6851,  235.8363,  233.7250,  232.1218,  230.1358,  229.5360,    0.0647,    0.2452,    0.5185,    0.8577,    1.2395,    1.6442,    2.0547,    2.4430,    2.7291,    1.3987,    1.4278,    3.3780,    2.8014,    3.2299,    3.5572,    3.4515,    3.6159,    3.7437,    4.0278,    4.0225,    4.0203,    4.0486,    4.1209,    4.1255,    1.4238,    1.3991,    1.4063,    1.4015,    1.4215,    1.4126,    1.3950,    1.3802,    1.3628,    1.3211,    1.3276,    1.2933,    0.9567,    0.9159,    0.8656,    0.8649,    0.8354,    0.7609,    0.8252,    0.8241,    0.8352,    0.8512,    0.8807,    0.8983,    0.9574,    0.9398,    0.8739,    0.8267,    0.8242,    0.8211,    0.7782,    0.7031,    0.7127,    0.6598,    0.6301,    0.6143,    1.7452,    1.7140,    1.6197,    1.6069,    1.5323,    1.6144,    1.6430,    1.5709,    1.5585,    1.4874,    1.4240,    1.3559,    1.9764,    1.6827,    1.5538,    1.3400,    1.2877,    1.1708,    1.1356,    1.0365,    0.9864,    0.8986,    0.8600,    0.7809,    1.9713,    1.4548,    1.0621,    0.7656,    0.5612,    0.4042,    0.2870,    0.2006,    0.1419,    0.0986,    0.0693,    0.0486,    0.0912,    0.0458,    0.0857,    0.1040,    0.1169,    0.1084,    0.1192,    0.1336,    0.1178,    0.1621,    0.1433,    0.1596,    0.1760,    0.1432,    0.2079,    0.2301,    0.1894,    0.1994,    0.2030,    0.2215,    0.2511,    0.1869,    0.2973,    0.3135,    0.3858,    0.4124,    0.4269,    0.4538,    0.4604,    0.4800,    0.4777,    0.5179,    0.5437,    0.5371,    0.5914,    0.6023,    1.0368,    1.1324,    1.1874,    1.2220,    1.2378,    1.3485,    1.2718,    1.3416,    1.2895,    1.3773,    1.3055,    1.3973,    3.0131,    2.9652,    3.0420,    3.0494,    3.0779,    2.9586,    3.0625,    3.1407,    3.2046,    2.9794,    2.9369,    3.0499,    7.7101,    7.1875,    7.1075,    6.8937,    6.3692,    5.9751,    5.2471,    4.8290,    4.6436,    4.0722,    3.1301,    2.9093,    2.2452,    1.9779,    1.5101,    1.4435,    0.9750,    0.7090,    0.5742,    0.2311,    0.2043,    0.1455,    0.0507,    0.0414,    0.0054,    0.0205,    0.0433,    0.0716,    0.1035,    0.1373,    0.1716,    0.2193,    1.3505,    2.0651,    2.3837,    2.6431,    0.9485,    0.6825,    0.4882,    0.6974,    1.6537,    3.1694,    4.4534,    4.8443,    4.8678,    4.8464,    4.7143,    4.4259,    1.5066,    1.4640,    1.4725,    1.4798,    1.5217,    1.5187,    1.5352,    1.5330,    1.5146,    1.4709,    1.4653,    1.4121,    1.0529,    1.0263,    0.9969,    0.9887,    0.9733,    0.9402,    0.9536,    0.9466,    0.9437,    0.9445,    0.9554,    0.9662,    1.0290,    1.0005,    0.9507,    0.8473,    0.8470,    0.8226,    0.7421,    0.5879,    0.5389,    0.4279,    0.3729,    0.3516,    0.9523,    0.9891,    0.8884,    1.0456,    0.9880,    1.3250,    1.5814,    1.5149,    1.6178,    1.5470,    1.4775,    1.4068,    1.9760,    1.5976,    1.4856,    1.3256,    1.3036,    1.1761,    1.1114,    1.0158,    1.0068,    0.9193,    0.8983,    0.8171,    2.1771,    1.6502,    1.2201,    0.8892,    0.6347,    0.4392,    0.3132,    0.2296,    0.1622,    0.1135,    0.0780,    0.0545,    0.0017,    0.0000,    0.0052,    0.0164,    0.0186,    0.0170,    0.0191,    0.0265,    0.0236,    0.0325,    0.0288,    0.0175,    0.0192,    0.0156,    0.0225,    0.0245,    0.0193,    0.0116,    0.0012,    0.0029,    0.0156,    0.0197,    0.0471,    0.0494,    0.0612,    0.0655,    0.0678,    0.0720,    0.0927,    0.0947,    0.0868,    0.0790,    0.0694,    0.0835,    0.1169,    0.1189,    0.2107,    0.2302,    0.2410,    0.2440,    0.2391,    0.2656,    0.2555,    0.3297,    0.3031,    0.3437,    0.3249,    0.3456,    0.7489,    0.7300,    0.7591,    0.7344,    0.7390,    0.7126,    0.7377,    0.7565,    0.7719,    0.7174,    0.7074,    0.7346,    1.8568,    1.7779,    1.7579,    1.7047,    1.5747,    1.4769,    1.2966,    1.1929,    1.1466,    1.0050,    0.7721,    0.7171,    0.5529,    0.8462,    0.6453,    0.6161,    0.4155,    0.3016,    0.2437,    0.0979,    0.0863,    0.0613,    0.0213,    0.0173
  358,    1.2500,  225.5652,    0.0668,  141.0604,  138.4446,   -0.9672,   -0.9686,  158.4330,  212.2447,  213.1976,  214.2646,  215.2667,  216.4973,  217.9230,  219.5990,  221.3898,  223.3819,  225.7921,  228.7967,  232.6037,  237.0053,  241.1028,  243.3465,  243.2049,  241.6254,  239.3917,  236.9986,  234.9979,  232.9021,  231.4022,  229.4483,  228.8723,    0.0633,    0.2397,    0.5067,    0.8380,    1.2107,    1.6055,    2.0057,    2.3809,    2.6935,    1.2103,    1.2273,    3.3562,    2.6162,    3.0720,    3.4263,    3.2856,    3.5354,    3.7739,    4.1085,    4.0918,    4.0901,    4.1216,    4.2057,    4.2228,    1.4588,    1.4338,    1.4411,    1.4353,    1.4549,    1.4453,    1.4275,    1.4113,    1.3944,    1.3576,    1.3623,    1.3351,    0.9930,    0.9556,    0.9092,    0.9089,    0.8800,    0.8070,    0.8696,    0.8679,    0.8781,    0.8914,    0.9166,    0.9282,    0.9813,    0.9600,    0.8919,    0.8229,    0.8206,    0.8157,    0.7698,    0.6812,    0.6979,    0.6390,    0.6067,    0.5904,    1.7063,    1.6928,    1.5973,    1.6126,    1.5382,    1.6634,    1.7089,    1.6350,    1.6227,    1.5495,    1.4843,    1.4145,    2.0655,    1.7563,    1.6231,    1.3963,    1.3491,    1.2293,    1.1954,    1.0925,    1.0411,    0.9494,    0.9078,    0.8251,    2.0761,    1.5315,    1.1195,    0.8087,    0.5965,    0.4333,    0.3086,    0.2151,    0.1527,    0.1064,    0.0752,    0.0529,    0.0909,    0.0456,    0.0857,    0.1043,    0.1173,    0.1087,    0.1196,    0.1342,    0.1183,    0.1629,    0.1440,    0.1599,    0.1763,    0.1435,    0.2083,    0.2305,    0.1898,    0.1993,    0.2025,    0.2209,    0.2510,    0.1873,    0.2984,    0.3146,    0.3871,    0.4138,    0.4284,    0.4554,    0.4626,    0.4822,    0.4795,    0.5192,    0.5444,    0.5384,    0.5940,    0.6050,    1.0419,    1.1379,    1.1932,    1.2278,    1.2432,    1.3547,    1.2779,    1.3498,    1.2967,    1.3860,    1.3136,    1.4060,    3.0319,    2.9835,    3.0612,    3.0661,    3.0946,    2.9748,    3.0793,    3.1579,    3.2221,    2.9958,    2.9531,    3.0667,    7.7525,    7.2230,    7.1428,    6.9280,    6.4011,    6.0052,    5.2737,    4.8537,    4.6676,    4.0934,    3.1467,    2.9248,    2.2574,    1.9951,    1.5235,    1.4567,    0.9841,    0.7158,    0.5799,    0.2335,    0.2065,    0.1472,    0.0512,    0.0419,    0.0066,    0.0250,    0.0529,    0.0875,    0.1264,    0.1676,    0.2094,    0.2671,    1.5909,    2.2331,    2.5604,    3.0041,    1.1073,    0.8114,    0.5879,    0.8298,    1.9578,    3.5619,    4.6485,    4.8384,    4.8181,    4.8098,    4.7715,    4.5984,    1.5770,    1.5426,    1.5439,    1.5407,    1.5598,    1.5482,    1.5348,    1.5268,    1.5047,    1.4566,    1.4486,    1.3934,    1.0390,    1.0129,    0.9841,    0.9759,    0.9606,    0.9279,    0.9410,    0.9340,    0.9310,    0.9315,    0.9420,    0.9530,    1.0189,    1.0011,    0.9456,    0.8604,    0.8590,    0.8314,    0.7546,    0.6115,    0.5717,    0.4665,    0.4144,    0.3937,    1.0906,    1.1401,    1.0395,    1.2177,    1.1548,    1.5052,    1.7286,    1.6552,    1.7137,    1.6374,    1.5632,    1.4896,    2.1317,    1.7727,    1.6430,    1.4639,    1.4260,    1.2952,    1.2220,    1.1172,    1.0860,    0.9911,    0.9490,    0.8631,    2.2303,    1.6630,    1.2216,    0.8872,    0.6435,    0.4571,    0.3260,    0.2327,    0.1643,    0.1147,    0.0798,    0.0562,    0.0010,    0.0000,    0.0028,    0.0103,    0.0117,    0.0107,    0.0120,    0.0176,    0.0157,    0.0216,    0.0191,    0.0101,    0.0110,    0.0090,    0.0129,    0.0141,    0.0110,    0.0066,    0.0007,    0.0016,    0.0089,    0.0113,    0.0296,    0.0310,    0.0385,    0.0412,    0.0426,    0.0453,    0.0618,    0.0631,    0.0578,    0.0526,    0.0462,    0.0556,    0.0779,    0.0792,    0.1406,    0.1536,    0.1608,    0.1628,    0.1595,    0.1772,    0.1704,    0.2309,    0.2122,    0.2407,    0.2275,    0.2420,    0.5245,    0.5112,    0.5316,    0.5092,    0.5124,    0.4941,    0.5115,    0.5245,    0.5352,    0.4974,    0.4905,    0.5093,    1.2874,    1.2379,    1.2240,    1.1870,    1.0965,    1.0284,    0.9028,    0.8306,    0.7984,    0.6998,    0.5377,    0.4994,    0.3851,    0.6673,    0.5089,    0.4859,    0.3277,    0.2379,    0.1923,    0.0772,    0.0681,    0.0484,    0.0168,    0.0137
  677,    1.5000,  224.3794,    0.0642,  141.5411,  138.8247,   -0.9726,   -0.9098,  158.4330,  214.6045,  215.5904,  216.6263,  217.5803,  218.7956,  220.1999,  221.7855,  223.4997,  225.5007,  227.8911,  230.8971,  234.7027,  239.0013,  242.8041,  244.4048,  243.5043,  241.2513,  238.3887,  235.6139,  233.4913,  231.4892,  230.0116,  228.1951,  227.5710,    0.0617,    0.2338,    0.4940,    0.8166,    1.1792,    1.5629,    1.9515,    2.3123,    2.6618,    1.0606,    1.0697,    3.3444,    2.4393,    2.9112,    3.2844,    3.1143,    3.4593,    3.8007,    4.1615,    4.1370,    4.1376,    4.1704,    4.2598,    4.2857,    1.4817,    1.4568,    1.4640,    1.4574,    1.4765,    1.4664,    1.4490,    1.4318,    1.4153,    1.3826,    1.3857,    1.3640,    1.0187,    0.9839,    0.9407,    0.9407,    0.9123,    0.8408,    0.9018,    0.8996,    0.9093,    0.9203,    0.9416,    0.9476,    0.9952,    0.9711,    0.8999,    0.8122,    0.8099,    0.8020,    0.7543,    0.6547,    0.6788,    0.6159,    0.5819,    0.5654,    1.6633,    1.6672,    1.5717,    1.6138,    1.5398,    1.6999,    1.7550,    1.6798,    1.6651,    1.5906,    1.5241,    1.4532,    2.1263,    1.8098,    1.6731,    1.4378,    1.3928,    1.2715,    1.2375,    1.1319,    1.0781,    0.9838,    0.9392,    0.8543,    2.1434,    1.5810,    1.1566,    0.8365,    0.6192,    0.4522,    0.3227,    0.2245,    0.1596,    0.1115,    0.0792,    0.0557,    0.0906,    0.0454,    0.0856,    0.1045,    0.1174,    0.1088,    0.1198,    0.1345,    0.1186,    0.1632,    0.1443,    0.1600,    0.1764,    0.1436,    0.2085,    0.2306,    0.1899,    0.1991,    0.2021,    0.2205,    0.2508,    0.1874,    0.2988,    0.3150,    0.3877,    0.4144,    0.4290,    0.4560,    0.4636,    0.4832,    0.4803,    0.5196,    0.5446,    0.5389,    0.5952,    0.6063,    1.0442,    1.1405,    1.1958,    1.2304,    1.2457,    1.3575,    1.2807,    1.3540,    1.3002,    1.3904,    1.3178,    1.4104,    3.0415,    2.9928,    3.0710,    3.0744,    3.1030,    2.9829,    3.0877,    3.1665,    3.2309,    3.0039,    2.9611,    3.0751,    7.7738,    7.2410,    7.1606,    6.9454,    6.4173,    6.0205,    5.2872,    4.8663,    4.6799,    4.1044,    3.1552,    2.9330,    2.2639,    2.0063,    1.5323,    1.4653,    0.9901,    0.7204,    0.5837,    0.2351,    0.2080,    0.1483,    0.0516,    0.0422,    0.0077,    0.0293,    0.0619,    0.1023,    0.1477,    0.1958,    0.2445,    0.3113,    1.7938,    2.3474,    2.6769,    3.2755,    1.2389,    0.9228,    0.6762,    0.9439,    2.2145,    3.8334,    4.7014,    4.7581,    4.7160,    4.7102,    4.7185,    4.6261,    1.5946,    1.5682,    1.5644,    1.5547,    1.5570,    1.5405,    1.5095,    1.4973,    1.4738,    1.4247,    1.4152,    1.3604,    1.0145,    0.9893,    0.9618,    0.9535,    0.9386,    0.9071,    0.9192,    0.9119,    0.9085,    0.9086,    0.9182,    0.9292,    0.9965,    0.9866,    0.9281,    0.8585,    0.8561,    0.8257,    0.7530,    0.6208,    0.5903,    0.4927,    0.4440,    0.4242,    1.1973,    1.2570,    1.1583,    1.3475,    1.2811,    1.6219,    1.7972,    1.7198,    1.7342,    1.6557,    1.5799,    1.5057,    2.1875,    1.8640,    1.7231,    1.5354,    1.4805,    1.3500,    1.2701,    1.1609,    1.1087,    1.0110,    0.9512,    0.8646,    2.1783,    1.6023,    1.1692,    0.8455,    0.6188,    0.4476,    0.3187,    0.2225,    0.1569,    0.1091,    0.0766,    0.0540,    0.0005,    0.0000,    0.0016,    0.0065,    0.0074,    0.0068,    0.0076,    0.0117,    0.0104,    0.0144,    0.0127,    0.0058,    0.0064,    0.0052,    0.0075,    0.0081,    0.0063,    0.0038,    0.0004,    0.0009,    0.0051,    0.0065,    0.0187,    0.0196,    0.0243,    0.0260,    0.0269,    0.0285,    0.0412,    0.0421,    0.0386,    0.0351,    0.0309,    0.0372,    0.0520,    0.0529,    0.0940,    0.1027,    0.1075,    0.1088,    0.1067,    0.1185,    0.1140,    0.1620,    0.1489,    0.1688,    0.1596,    0.1698,    0.3679,    0.3586,    0.3729,    0.3540,    0.3562,    0.3435,    0.3556,    0.3647,    0.3721,    0.3458,    0.3410,    0.3541,    0.8950,    0.8649,    0.8552,    0.8294,    0.7661,    0.7186,    0.6308,    0.5804,    0.5579,    0.4890,    0.3757,    0.3490,    0.2691,    0.5274,    0.4022,    0.3841,    0.2591,    0.1881,    0.1520,    0.0611,    0.0539,    0.0383,    0.0133,    0.0108
  929,    1.7500,  223.0960,    0.0629,  141.8248,  139.0236,   -0.9783,   -0.8813,  158.4330,  216.5589,  217.5222,  218.4906,  219.4019,  220.5805,  221.9018,  223.5027,  225.2018,  227.1191,  229.5857,  232.5942,  236.4996,  240.6988,  244.1085,  245.0940,  243.4958,  240.5874,  237.2006,  234.1713,  231.8817,  229.8803,  228.5512,  226.7815,  226.3104,    0.0602,    0.2280,    0.4815,    0.7955,    1.1482,    1.5209,    1.8978,    2.2447,    2.6388,    0.9410,    0.9449,    3.3446,    2.2789,    2.7599,    3.1470,    2.9525,    3.3990,    3.8312,    4.2032,    4.1731,    4.1762,    4.2098,    4.3023,    4.3352,    1.4998,    1.4753,    1.4823,    1.4751,    1.4937,    1.4833,    1.4662,    1.4483,    1.4321,    1.4026,    1.4042,    1.3866,    1.0387,    1.0063,    0.9659,    0.9660,    0.9382,    0.8684,    0.9276,    0.9250,    0.9340,    0.9431,    0.9610,    0.9621,    1.0054,    0.9794,    0.9041,    0.8009,    0.7986,    0.7870,    0.7381,    0.6296,    0.6612,    0.5955,    0.5604,    0.5438,    1.6285,    1.6490,    1.5538,    1.6204,    1.5466,    1.7339,    1.7933,    1.7171,    1.6989,    1.6233,    1.5559,    1.4841,    2.1758,    1.8560,    1.7163,    1.4748,    1.4301,    1.3074,    1.2728,    1.1649,    1.1082,    1.0118,    0.9643,    0.8776,    2.1970,    1.6206,    1.1865,    0.8591,    0.6375,    0.4674,    0.3340,    0.2321,    0.1653,    0.1156,    0.0823,    0.0580,    0.0904,    0.0453,    0.0856,    0.1045,    0.1175,    0.1089,    0.1199,    0.1346,    0.1187,    0.1634,    0.1445,    0.1601,    0.1764,    0.1436,    0.2085,    0.2306,    0.1899,    0.1989,    0.2018,    0.2201,    0.2507,    0.1874,    0.2990,    0.3152,    0.3879,    0.4147,    0.4292,    0.4563,    0.4641,    0.4836,    0.4806,    0.5198,    0.5445,    0.5390,    0.5958,    0.6069,    1.0453,    1.1417,    1.1971,    1.2317,    1.2468,    1.3588,    1.2820,    1.3561,    1.3020,    1.3927,    1.3199,    1.4126,    3.0464,    2.9975,    3.0760,    3.0786,    3.1072,    2.9870,    3.0919,    3.1709,    3.2353,    3.0080,    2.9652,    3.0793,    7.7845,    7.2500,    7.1696,    6.9542,    6.4255,    6.0283,    5.2942,    4.8729,    4.6863,    4.1102,    3.1598,    2.9373,    2.2673,    2.0137,    1.5381,    1.4711,    0.9942,    0.7234,    0.5863,    0.2362,    0.2090,    0.1490,    0.0519,    0.0425,    0.0088,    0.0333,    0.0704,    0.1163,    0.1678,    0.2223,    0.2774,    0.3526,    1.9664,    2.4288,    2.7572,    3.4803,    1.3503,    1.0206,    0.7559,    1.0440,    2.4345,    4.0189,    4.6807,    4.6551,    4.6025,    4.5947,    4.6227,    4.5814,    1.5847,    1.5650,    1.5575,    1.5441,    1.5350,    1.5159,    1.4754,    1.4605,    1.4368,    1.3885,    1.3784,    1.3255,    0.9886,    0.9641,    0.9374,    0.9290,    0.9143,    0.8837,    0.8951,    0.8878,    0.8844,    0.8842,    0.8931,    0.9039,    0.9711,    0.9671,    0.9074,    0.8508,    0.8476,    0.8150,    0.7464,    0.6239,    0.6024,    0.5121,    0.4670,    0.4480,    1.2839,    1.3508,    1.2545,    1.4471,    1.3782,    1.6946,    1.8173,    1.7380,    1.7141,    1.6353,    1.5598,    1.4861,    2.1853,    1.9018,    1.7544,    1.5649,    1.4936,    1.3650,    1.2802,    1.1695,    1.0993,    1.0015,    0.9285,    0.8432,    2.0817,    1.5147,    1.0986,    0.7909,    0.5814,    0.4256,    0.3023,    0.2074,    0.1458,    0.1010,    0.0713,    0.0503,    0.0003,    0.0000,    0.0009,    0.0041,    0.0047,    0.0043,    0.0048,    0.0078,    0.0070,    0.0096,    0.0085,    0.0034,    0.0037,    0.0030,    0.0043,    0.0047,    0.0036,    0.0022,    0.0002,    0.0005,    0.0029,    0.0037,    0.0118,    0.0124,    0.0153,    0.0164,    0.0170,    0.0180,    0.0276,    0.0282,    0.0258,    0.0235,    0.0207,    0.0249,    0.0348,    0.0354,    0.0630,    0.0688,    0.0720,    0.0729,    0.0715,    0.0794,    0.0763,    0.1139,    0.1047,    0.1187,    0.1122,    0.1193,    0.2586,    0.2521,    0.2621,    0.2467,    0.2483,    0.2394,    0.2479,    0.2542,    0.2593,    0.2410,    0.2377,    0.2468,    0.6239,    0.6063,    0.5995,    0.5814,    0.5371,    0.5037,    0.4423,    0.4069,    0.3911,    0.3429,    0.2634,    0.2447,    0.1887,    0.4176,    0.3185,    0.3042,    0.2052,    0.1490,    0.1204,    0.0484,    0.0427,    0.0303,    0.0105,    0.0086
 1144,    2.0000,  221.7937,    0.0622,  141.9989,  139.1298,   -0.9777,   -0.9518,  158.4330,  218.1311,  219.1023,  220.0109,  220.9038,  222.0466,  223.3881,  224.9093,  226.5969,  228.5124,  230.9873,  234.1044,  238.0036,  242.0974,  245.1858,  245.5001,  243.1918,  239.6929,  235.9870,  232.5993,  230.1920,  228.3019,  226.9805,  225.3806,  224.8933,    0.0588,    0.2224,    0.4695,    0.7752,    1.1182,    1.4803,    1.8461,    2.1796,    2.6232,    0.8438,    0.8442,    3.3522,    2.1348,    2.6200,    3.0172,    2.8026,    3.3533,    3.8620,    4.2367,    4.2034,    4.2089,    4.2432,    4.3374,    4.3751,    1.5144,    1.4902,    1.4971,    1.4896,    1.5078,    1.4972,    1.4804,    1.4621,    1.4462,    1.4192,    1.4197,    1.4052,    1.0550,    1.0245,    0.9866,    0.9867,    0.9595,    0.8912,    0.9487,    0.9457,    0.9543,    0.9616,    0.9767,    0.9733,    1.0130,    0.9858,    0.9059,    0.7897,    0.7873,    0.7716,    0.7221,    0.6063,    0.6456,    0.5781,    0.5424,    0.5258,    1.6021,    1.6377,    1.5432,    1.6310,    1.5574,    1.7649,    1.8251,    1.7480,    1.7262,    1.6499,    1.5817,    1.5092,    2.2164,    1.8955,    1.7531,    1.5069,    1.4614,    1.3376,    1.3021,    1.1923,    1.1328,    1.0347,    0.9848,    0.8966,    2.2412,    1.6538,    1.2116,    0.8782,    0.6527,    0.4800,    0.3433,    0.2385,    0.1700,    0.1191,    0.0850,    0.0599,    0.0902,    0.0451,    0.0855,    0.1045,    0.1175,    0.1089,    0.1199,    0.1347,    0.1187,    0.1634,    0.1445,    0.1601,    0.1765,    0.1437,    0.2085,    0.2307,    0.1899,    0.1988,    0.2015,    0.2198,    0.2505,    0.1874,    0.2990,    0.3153,    0.3880,    0.4148,    0.4293,    0.4564,    0.4643,    0.4838,    0.4808,    0.5197,    0.5443,    0.5390,    0.5960,    0.6071,    1.0459,    1.1422,    1.1977,    1.2322,    1.2473,    1.3594,    1.2826,    1.3572,    1.3028,    1.3939,    1.3210,    1.4138,    3.0489,    2.9999,    3.0786,    3.0807,    3.1093,    2.9890,    3.0940,    3.1730,    3.2376,    3.0101,    2.9672,    3.0814,    7.7899,    7.2547,    7.1743,    6.9588,    6.4298,    6.0324,    5.2979,    4.8763,    4.6898,    4.1133,    3.1623,    2.9397,    2.2693,    2.0186,    1.5420,    1.4749,    0.9969,    0.7255,    0.5881,    0.2369,    0.2097,    0.1496,    0.0521,    0.0426,    0.0098,    0.0372,    0.0784,    0.1295,    0.1868,    0.2473,    0.3084,    0.3913,    2.1129,    2.4879,    2.8136,    3.6325,    1.4456,    1.1073,    0.8283,    1.1326,    2.6231,    4.1390,    4.6205,    4.5450,    4.4859,    4.4747,    4.5097,    4.4986,    1.5595,    1.5449,    1.5350,    1.5194,    1.5027,    1.4824,    1.4368,    1.4200,    1.3966,    1.3498,    1.3391,    1.2883,    0.9611,    0.9375,    0.9121,    0.9037,    0.8894,    0.8603,    0.8703,    0.8629,    0.8591,    0.8585,    0.8664,    0.8770,    0.9439,    0.9443,    0.8848,    0.8396,    0.8356,    0.8013,    0.7364,    0.6230,    0.6099,    0.5267,    0.4848,    0.4668,    1.3540,    1.4256,    1.3319,    1.5219,    1.4510,    1.7338,    1.8053,    1.7255,    1.6711,    1.5931,    1.5187,    1.4463,    2.1469,    1.9020,    1.7516,    1.5648,    1.4791,    1.3532,    1.2649,    1.1547,    1.0705,    0.9742,    0.8923,    0.8096,    1.9671,    1.4187,    1.0233,    0.7334,    0.5398,    0.3981,    0.2819,    0.1907,    0.1336,    0.0923,    0.0654,    0.0460,    0.0002,    0.0000,    0.0005,    0.0026,    0.0030,    0.0027,    0.0031,    0.0052,    0.0047,    0.0064,    0.0057,    0.0020,    0.0021,    0.0017,    0.0025,    0.0027,    0.0021,    0.0013,    0.0001,    0.0003,    0.0017,    0.0021,    0.0075,    0.0078,    0.0097,    0.0104,    0.0108,    0.0114,    0.0185,    0.0189,    0.0173,    0.0158,    0.0139,    0.0167,    0.0233,    0.0237,    0.0423,    0.0462,    0.0484,    0.0490,    0.0480,    0.0533,    0.0512,    0.0802,    0.0737,    0.0836,    0.0790,    0.0840,    0.1821,    0.1775,    0.1846,    0.1724,    0.1735,    0.1673,    0.1732,    0.1776,    0.1812,    0.1684,    0.1661,    0.1725,    0.4360,    0.4263,    0.4215,    0.4088,    0.3776,    0.3542,    0.3110,    0.2861,    0.2750,    0.2411,    0.1852,    0.1721,    0.1327,    0.3313,    0.2527,    0.2414,    0.1628,    0.1182,    0.0956,    0.0384,    0.0339,    0.0241,    0.0084,    0.0068
