Particle       ,data/QEXT_96IR_84_VIS_NC100v1_2umrod
Ncase          ,  14
dt (sols)      ,  0.020833
Qext 0.67um    ,  1.245056
Alb sfc        ,  0.220000
Conrath nu     ,  0.002000
Sun Flux (W/m2),148.393084
BWN IR (cm-1)  ,     10.0000,     34.1670,     58.3330,     82.5000,    106.6670,    130.8330,    155.0000,    179.1670,    203.3330,    227.5000,    251.6670,    275.8330,    300.0000,    320.7880,    341.5750,    362.3630,    383.1500,    403.9380,    424.7250,    445.5130,    466.3010,    487.0880,    507.8760,    528.6630,    549.4510,    556.7420,    564.0330,    571.3240,    578.6150,    585.9060,    593.1970,    600.4880,    607.7790,    615.0700,    622.3610,    629.6520,    636.9430,    642.5500,    648.1570,    653.7640,    659.3700,    664.9770,    670.5840,    676.1910,    681.7980,    687.4050,    693.0110,    698.6180,    704.2250,    710.1390,    716.0530,    721.9670,    727.8810,    733.7950,    739.7090,    745.6240,    751.5380,    757.4520,    763.3660,    769.2800,    775.1940,    791.5010,    807.8070,    824.1140,    840.4210,    856.7270,    873.0340,    889.3410,    905.6470,    921.9540,    938.2610,    954.5670,    970.8740,    996.8050,   1022.7370,   1048.6680,   1074.6000,   1100.5310,   1126.4630,   1152.3940,   1178.3250,   1204.2570,   1230.1880,   1256.1200,   1282.0510,   1360.3990,   1438.7460,   1517.0940,   1595.4410,   1673.7890,   1752.1370,   1830.4840,   1908.8320,   1987.1790,   2065.5270,   2143.8740,   2222.2220
BWN VIS (cm-1) ,   2222.2200,   2294.3160,   2366.4120,   2438.5080,   2510.6030,   2582.6990,   2654.7950,   2726.8910,   2798.9870,   2871.0820,   2943.1780,   3015.2740,   3087.3700,   3165.9750,   3244.5800,   3323.1850,   3401.7900,   3480.3950,   3559.0000,   3637.6050,   3716.2100,   3794.8150,   3873.4200,   3952.0250,   4030.6300,   4142.2920,   4253.9530,   4365.6150,   4477.2770,   4588.9380,   4700.6000,   4812.2620,   4923.9230,   5035.5850,   5147.2470,   5258.9080,   5370.5700,   5560.6150,   5750.6600,   5940.7050,   6130.7500,   6320.7950,   6510.8400,   6700.8850,   6890.9300,   7080.9750,   7271.0200,   7461.0650,   7651.1100,   8055.1840,   8459.2580,   8863.3330,   9267.4070,   9671.4810,  10075.5550,  10479.6290,  10883.7030,  11287.7780,  11691.8520,  12095.9260,  12500.0000,  13541.6670,  14583.3330,  15625.0000,  16666.6670,  17708.3330,  18750.0000,  19791.6670,  20833.3330,  21875.0000,  22916.6670,  23958.3330,  25000.0000,  26388.8890,  27777.7780,  29166.6670,  30555.5570,  31944.4460,  33333.3350,  34722.2240,  36111.1130,  37500.0030,  38888.8920,  40277.7810,  41666.6700
SUN VIS (W/m2) ,      0.1008,      0.0862,      0.0968,      0.1089,      0.1224,      0.1136,      0.1248,      0.1400,      0.1233,      0.1698,      0.1502,      0.1645,      0.1814,      0.1477,      0.2144,      0.2377,      0.1946,      0.2106,      0.2276,      0.2472,      0.2683,      0.1918,      0.3072,      0.3239,      0.3986,      0.4261,      0.4410,      0.4688,      0.4810,      0.5017,      0.5013,      0.5485,      0.5772,      0.5665,      0.6183,      0.6303,      1.0809,      1.1806,      1.2379,      1.2751,      1.2949,      1.4092,      1.3262,      1.4132,      1.3634,      1.4505,      1.3747,      1.4716,      3.1730,      3.1258,      3.2038,      3.2543,      3.2846,      3.1576,      3.2685,      3.3520,      3.4202,      3.1800,      3.1347,      3.2554,      8.2299,      7.8425,      7.7561,      7.5237,      6.9524,      6.5235,      5.7299,      5.2748,      5.0739,      4.4511,      3.4228,      3.1828,      2.4579,      2.2644,      1.7312,      1.6575,      1.1215,      0.8173,      0.6634,      0.2677,      0.2374,      0.1697,      0.0593,      0.0486
================
wavelenght [um],    0.244068,    0.252632,    0.261818,    0.271698,    0.282353,    0.293878,    0.306383,    0.320000,    0.334884,    0.351220,    0.369231,    0.389189,    0.408511,    0.426667,    0.446512,    0.468293,    0.492308,    0.518919,    0.548571,    0.581818,    0.619355,    0.662069,    0.711111,    0.768000,    0.813143,    0.840768,    0.870336,    0.902060,    0.936184,    0.972991,    1.012810,    1.056028,    1.103099,    1.154562,    1.211061,    1.273375,    1.323436,    1.357581,    1.393534,    1.431444,    1.471474,    1.513807,    1.558648,    1.606226,    1.656801,    1.710664,    1.768147,    1.829628,    1.881560,    1.921939,    1.964090,    2.008131,    2.054193,    2.102417,    2.152960,    2.205992,    2.261704,    2.320302,    2.382017,    2.447105,    2.505432,    2.555765,    2.608162,    2.662752,    2.719677,    2.779088,    2.841153,    2.906054,    2.973989,    3.045176,    3.119855,    3.198288,    3.277268,    3.356577,    3.439819,    3.527294,    3.619334,    3.716307,    3.818620,    3.926726,    4.041130,    4.162400,    4.291175,    4.428172,    4.580751,    4.751270,    4.934974,    5.133456,    5.348572,    5.582505,    5.837838,    6.117648,    6.425631,    6.766266,    7.145039,    7.568734,    7.879690,    8.044056,    8.215425,    8.394255,    8.581043,    8.776330,    8.980716,    9.194848,    9.419442,    9.655282,    9.903235,   10.164260,   10.387231,   10.566200,   10.751445,   10.943308,   11.142136,   11.348323,   11.562291,   11.784476,   12.015368,   12.255495,   12.505409,   12.765727,   12.949392,   13.049328,   13.150818,   13.253898,   13.358608,   13.464994,   13.573088,   13.682923,   13.794549,   13.908012,   14.023357,   14.140631,   14.256763,   14.371646,   14.488386,   14.607038,   14.727660,   14.850291,   14.974981,   15.101782,   15.230738,   15.361915,   15.495384,   15.631191,   15.790367,   15.974275,   16.162517,   16.355249,   16.552633,   16.754839,   16.962047,   17.174443,   17.392227,   17.615605,   17.844795,   18.080028,   18.550914,   19.294981,   20.101230,   20.977796,   21.934298,   22.982219,   24.135264,   25.410119,   26.827165,   28.411593,   30.194923,   32.217118,   34.732292,   37.914692,   41.739101,   46.421699,   52.287582,   59.850314,   69.970927,   84.210526,  105.726686,  142.012170,  216.216216,  452.826771
Qext           ,      0.9982,      0.9982,      0.9982,      0.9982,      0.9982,      0.9982,      0.9982,      0.9982,      0.9982,      0.9982,      0.9982,      1.2451,      1.2451,      1.2451,      1.2451,      1.2451,      1.2451,      1.2451,      1.2451,      1.2451,      1.2451,      1.2451,      1.2451,      1.1410,      1.1410,      1.1410,      1.1410,      1.1410,      1.1410,      1.1410,      1.1410,      1.1410,      1.1410,      1.1243,      1.1243,      1.1243,      1.1243,      1.1243,      1.1243,      1.1243,      1.1243,      1.2872,      1.2872,      1.2872,      1.2872,      1.2872,      1.2872,      1.2872,      1.3325,      1.3325,      1.3325,      1.3325,      1.3325,      1.3325,      1.3325,      1.3325,      1.6177,      1.6177,      1.6177,      1.6177,      1.6177,      1.6177,      1.6117,      1.6117,      1.6117,      1.6117,      1.6117,      1.6117,      1.5649,      1.5649,      1.5649,      1.5649,      1.5649,      1.3483,      1.3483,      1.3483,      1.3483,      1.5316,      1.5316,      1.5316,      1.5316,      1.6869,      1.6869,      1.6869,      1.8364,      1.8364,      1.7425,      1.7425,      1.6303,      1.6777,      1.6777,      1.8584,      2.2057,      2.3166,      1.9858,      1.9958,      2.0173,      2.0173,      2.0272,      2.0272,      1.9329,      1.9329,      1.9354,      1.9354,      1.8285,      1.6748,      1.6748,      1.7796,      2.0536,      2.0536,      2.0155,      2.0155,      2.0772,      2.0772,      1.6659,      1.3684,      1.3684,      1.3065,      1.3065,      1.3572,      1.5062,      1.5062,      1.5062,      1.5062,      1.6648,      1.6648,      1.6648,      1.8251,      1.8251,      1.8251,      1.8361,      1.8361,      1.8361,      1.6476,      1.6476,      1.6476,      1.7491,      1.7491,      1.7491,      1.8971,      1.8971,      1.8971,      2.1795,      2.1795,      2.1795,      2.5437,      2.5437,      2.3822,      2.3822,      1.9228,      1.6349,      1.6349,      1.5607,      1.5607,      1.6096,      1.7123,      1.7832,      2.0817,      2.0620,      2.5091,      3.2767,      3.8722,      2.9781,      1.8480,      1.6184,      0.9405,      0.9809,      2.1002,      4.3249,      3.8656,      1.2728,      1.5770,      1.1336,      1.1783,      1.1783,      1.1783,      1.1783,      1.1783,      1.1783,      1.1783
Qscat          ,      0.4401,      0.4401,      0.4401,      0.4401,      0.4401,      0.4401,      0.4401,      0.4401,      0.4401,      0.4401,      0.4401,      0.3480,      0.3480,      0.3480,      0.3480,      0.3480,      0.3480,      0.3480,      0.3480,      0.3480,      0.3480,      0.3480,      0.3480,      0.1866,      0.1866,      0.1866,      0.1866,      0.1866,      0.1866,      0.1866,      0.1866,      0.1866,      0.1866,      0.1477,      0.1477,      0.1477,      0.1477,      0.1477,      0.1477,      0.1477,      0.1477,      0.1327,      0.1327,      0.1327,      0.1327,      0.1327,      0.1327,      0.1327,      0.1154,      0.1154,      0.1154,      0.1154,      0.1154,      0.1154,      0.1154,      0.1154,      0.1314,      0.1314,      0.1314,      0.1314,      0.1314,      0.1314,      0.1431,      0.1431,      0.1431,      0.1431,      0.1431,      0.1431,      0.1617,      0.1617,      0.1617,      0.1617,      0.1617,      0.1608,      0.1608,      0.1608,      0.1608,      0.1808,      0.1808,      0.1808,      0.1808,      0.1792,      0.1792,      0.1792,      0.2088,      0.2088,      0.2068,      0.2068,      0.2054,      0.2329,      0.2329,      0.3049,      0.3743,      0.3656,      0.3319,      0.3298,      0.4148,      0.4148,      0.4576,      0.4576,      0.6289,      0.6289,      0.5402,      0.5402,      0.5192,      0.5036,      0.5036,      0.5611,      0.7277,      0.7277,      0.7023,      0.7023,      0.7134,      0.7134,      0.6259,      0.5268,      0.5268,      0.4988,      0.4988,      0.5568,      0.6790,      0.6790,      0.6790,      0.6790,      0.9152,      0.9152,      0.9152,      1.1563,      1.1563,      1.1563,      1.4721,      1.4721,      1.4721,      1.5582,      1.5582,      1.5582,      1.3853,      1.3853,      1.3853,      1.4655,      1.4655,      1.4655,      1.5731,      1.5731,      1.5731,      1.5246,      1.5246,      1.3072,      1.3072,      1.0461,      0.9223,      0.9223,      0.8499,      0.8499,      0.8882,      1.0134,      1.0701,      1.4574,      1.6918,      1.6717,      1.7399,      1.8401,      1.4976,      1.0004,      0.8826,      0.8941,      0.9808,      1.6792,      4.3245,      3.8652,      1.2726,      1.5768,      1.1335,      1.1701,      1.1701,      1.1701,      1.1701,      1.1701,      1.1701,      1.1701
G factor       ,      0.4620,      0.4620,      0.4620,      0.4620,      0.4620,      0.4620,      0.4620,      0.4620,      0.4620,      0.4620,      0.4620,      0.4320,      0.4320,      0.4320,      0.4320,      0.4320,      0.4320,      0.4320,      0.4320,      0.4320,      0.4320,      0.4320,      0.4320,      0.3720,      0.3720,      0.3720,      0.3720,      0.3720,      0.3720,      0.3720,      0.3720,      0.3720,      0.3720,      0.3390,      0.3390,      0.3390,      0.3390,      0.3390,      0.3390,      0.3390,      0.3390,      0.3710,      0.3710,      0.3710,      0.3710,      0.3710,      0.3710,      0.3710,      0.3350,      0.3350,      0.3350,      0.3350,      0.3350,      0.3350,      0.3350,      0.3350,      0.3530,      0.3530,      0.3530,      0.3530,      0.3530,      0.3530,      0.3590,      0.3590,      0.3590,      0.3590,      0.3590,      0.3590,      0.3250,      0.3250,      0.3250,      0.3250,      0.3250,      0.1970,      0.1970,      0.1970,      0.1970,      0.3160,      0.3160,      0.3160,      0.3160,      0.3080,      0.3080,      0.3080,      0.2990,      0.2990,      0.2690,      0.2690,      0.2560,      0.2570,      0.2570,      0.2500,      0.2910,      0.2020,      0.2040,      0.2110,      0.2460,      0.2460,      0.2550,      0.2550,      0.2560,      0.2560,      0.2850,      0.2850,      0.3190,      0.2750,      0.2750,      0.3090,      0.2860,      0.2860,      0.2620,      0.2620,      0.2660,      0.2660,      0.2410,      0.2300,      0.2300,      0.2410,      0.2410,      0.2460,      0.2140,      0.2140,      0.2140,      0.2140,      0.1720,      0.1720,      0.1720,      0.1460,      0.1460,      0.1460,      0.1410,      0.1410,      0.1410,      0.1310,      0.1310,      0.1310,      0.1820,      0.1820,      0.1820,      0.3050,      0.3050,      0.3050,      0.4090,      0.4090,      0.4090,      0.4120,      0.4120,      0.3840,      0.3840,      0.3600,      0.3370,      0.3370,      0.2950,      0.2950,      0.2520,      0.2100,      0.1840,      0.0990,      0.0260,      0.0800,      0.1330,      0.1430,      0.0880,     -0.0170,     -0.0550,     -0.1070,     -0.0930,      0.0030,      0.1610,      0.1170,      0.0810,     -0.0060,      0.0200,     -0.0000,     -0.0000,     -0.0000,     -0.0000,     -0.0000,     -0.0000,     -0.0000
================
P [mbar]       ,    0.1004,    0.1015,    0.1034,    0.1069,    0.1130,    0.1239,    0.1432,    0.1740,    0.2226,    0.3028,    0.4349,    0.6529,    1.0121,    1.6044,    2.4646,    3.4606,    4.3994,    5.2226,    5.8426,    6.2132,    6.3980,    6.4686,    6.5039,    6.5168
Temp initial[K],  155.0000,  155.0000,  155.0000,  155.0000,  155.0000,  155.0000,  155.0000,  155.0000,  155.0000,  155.0000,  155.0000,  155.0000,  158.8233,  165.4041,  173.2716,  181.4436,  190.2788,  198.8130,  204.5783,  207.8249,  209.4219,  210.0497,  210.3719,  210.4891
================
it   ,   tau    ,  Tsfc    ,   alb    ,   OLR    ,    ASR   ,  NET top ,  NET bot , T lev  01, T lev  02, T lev  03, T lev  04, T lev  05, T lev  06, T lev  07, T lev  08, T lev  09, T lev  10, T lev  11, T lev  12, T lev  13, T lev  14, T lev  15, T lev  16, T lev  17, T lev  18, T lev  19, T lev  20, T lev  21, T lev  22, T lev  23, T lev  24, T lev  25,  OLR IR01,  OLR IR02,  OLR IR03,  OLR IR04,  OLR IR05,  OLR IR06,  OLR IR07,  OLR IR08,  OLR IR09,  OLR IR10,  OLR IR11,  OLR IR12,  OLR IR13,  OLR IR14,  OLR IR15,  OLR IR16,  OLR IR17,  OLR IR18,  OLR IR19,  OLR IR20,  OLR IR21,  OLR IR22,  OLR IR23,  OLR IR24,  OLR IR25,  OLR IR26,  OLR IR27,  OLR IR28,  OLR IR29,  OLR IR30,  OLR IR31,  OLR IR32,  OLR IR33,  OLR IR34,  OLR IR35,  OLR IR36,  OLR IR37,  OLR IR38,  OLR IR39,  OLR IR40,  OLR IR41,  OLR IR42,  OLR IR43,  OLR IR44,  OLR IR45,  OLR IR46,  OLR IR47,  OLR IR48,  OLR IR49,  OLR IR50,  OLR IR51,  OLR IR52,  OLR IR53,  OLR IR54,  OLR IR55,  OLR IR56,  OLR IR57,  OLR IR58,  OLR IR59,  OLR IR60,  OLR IR61,  OLR IR62,  OLR IR63,  OLR IR64,  OLR IR65,  OLR IR66,  OLR IR67,  OLR IR68,  OLR IR69,  OLR IR70,  OLR IR71,  OLR IR72,  OLR IR73,  OLR IR74,  OLR IR75,  OLR IR76,  OLR IR77,  OLR IR78,  OLR IR79,  OLR IR80,  OLR IR81,  OLR IR82,  OLR IR83,  OLR IR84,  OLR IR85,  OLR IR86,  OLR IR87,  OLR IR88,  OLR IR89,  OLR IR90,  OLR IR91,  OLR IR92,  OLR IR93,  OLR IR94,  OLR IR95,  OLR IR96, ASR VIS01, ASR VIS02, ASR VIS03, ASR VIS04, ASR VIS05, ASR VIS06, ASR VIS07, ASR VIS08, ASR VIS09, ASR VIS10, ASR VIS11, ASR VIS12, ASR VIS13, ASR VIS14, ASR VIS15, ASR VIS16, ASR VIS17, ASR VIS18, ASR VIS19, ASR VIS20, ASR VIS21, ASR VIS22, ASR VIS23, ASR VIS24, ASR VIS25, ASR VIS26, ASR VIS27, ASR VIS28, ASR VIS29, ASR VIS30, ASR VIS31, ASR VIS32, ASR VIS33, ASR VIS34, ASR VIS35, ASR VIS36, ASR VIS37, ASR VIS38, ASR VIS39, ASR VIS40, ASR VIS41, ASR VIS42, ASR VIS43, ASR VIS44, ASR VIS45, ASR VIS46, ASR VIS47, ASR VIS48, ASR VIS49, ASR VIS50, ASR VIS51, ASR VIS52, ASR VIS53, ASR VIS54, ASR VIS55, ASR VIS56, ASR VIS57, ASR VIS58, ASR VIS59, ASR VIS60, ASR VIS61, ASR VIS62, ASR VIS63, ASR VIS64, ASR VIS65, ASR VIS66, ASR VIS67, ASR VIS68, ASR VIS69, ASR VIS70, ASR VIS71, ASR VIS72, ASR VIS73, ASR VIS74, ASR VIS75, ASR VIS76, ASR VIS77, ASR VIS78, ASR VIS79, ASR VIS80, ASR VIS81, ASR VIS82, ASR VIS83, ASR VIS84, SFC DIR01, SFC DIR02, SFC DIR03, SFC DIR04, SFC DIR05, SFC DIR06, SFC DIR07, SFC DIR08, SFC DIR09, SFC DIR10, SFC DIR11, SFC DIR12, SFC DIR13, SFC DIR14, SFC DIR15, SFC DIR16, SFC DIR17, SFC DIR18, SFC DIR19, SFC DIR20, SFC DIR21, SFC DIR22, SFC DIR23, SFC DIR24, SFC DIR25, SFC DIR26, SFC DIR27, SFC DIR28, SFC DIR29, SFC DIR30, SFC DIR31, SFC DIR32, SFC DIR33, SFC DIR34, SFC DIR35, SFC DIR36, SFC DIR37, SFC DIR38, SFC DIR39, SFC DIR40, SFC DIR41, SFC DIR42, SFC DIR43, SFC DIR44, SFC DIR45, SFC DIR46, SFC DIR47, SFC DIR48, SFC DIR49, SFC DIR50, SFC DIR51, SFC DIR52, SFC DIR53, SFC DIR54, SFC DIR55, SFC DIR56, SFC DIR57, SFC DIR58, SFC DIR59, SFC DIR60, SFC DIR61, SFC DIR62, SFC DIR63, SFC DIR64, SFC DIR65, SFC DIR66, SFC DIR67, SFC DIR68, SFC DIR69, SFC DIR70, SFC DIR71, SFC DIR72, SFC DIR73, SFC DIR74, SFC DIR75, SFC DIR76, SFC DIR77, SFC DIR78, SFC DIR79, SFC DIR80, SFC DIR81, SFC DIR82, SFC DIR83, SFC DIR84, SFC DIR85, SFC DIR86, SFC DIR87, SFC DIR88, SFC DIR89, SFC DIR90, SFC DIR91, SFC DIR92, SFC DIR93, SFC DIR94, SFC DIR95, SFC DIR96,SFC DVIS01,SFC DVIS02,SFC DVIS03,SFC DVIS04,SFC DVIS05,SFC DVIS06,SFC DVIS07,SFC DVIS08,SFC DVIS09,SFC DVIS10,SFC DVIS11,SFC DVIS12,SFC DVIS13,SFC DVIS14,SFC DVIS15,SFC DVIS16,SFC DVIS17,SFC DVIS18,SFC DVIS19,SFC DVIS20,SFC DVIS21,SFC DVIS22,SFC DVIS23,SFC DVIS24,SFC DVIS25,SFC DVIS26,SFC DVIS27,SFC DVIS28,SFC DVIS29,SFC DVIS30,SFC DVIS31,SFC DVIS32,SFC DVIS33,SFC DVIS34,SFC DVIS35,SFC DVIS36,SFC DVIS37,SFC DVIS38,SFC DVIS39,SFC DVIS40,SFC DVIS41,SFC DVIS42,SFC DVIS43,SFC DVIS44,SFC DVIS45,SFC DVIS46,SFC DVIS47,SFC DVIS48,SFC DVIS49,SFC DVIS50,SFC DVIS51,SFC DVIS52,SFC DVIS53,SFC DVIS54,SFC DVIS55,SFC DVIS56,SFC DVIS57,SFC DVIS58,SFC DVIS59,SFC DVIS60,SFC DVIS61,SFC DVIS62,SFC DVIS63,SFC DVIS64,SFC DVIS65,SFC DVIS66,SFC DVIS67,SFC DVIS68,SFC DVIS69,SFC DVIS70,SFC DVIS71,SFC DVIS72,SFC DVIS73,SFC DVIS74,SFC DVIS75,SFC DVIS76,SFC DVIS77,SFC DVIS78,SFC DVIS79,SFC DVIS80,SFC DVIS81,SFC DVIS82,SFC DVIS83,SFC DVIS84
 1007,    0.0000,  218.8983,    0.2194,  117.0969,  115.8380,   -0.8625,   -0.7595,  158.4330,  155.0000,  155.0000,  155.0000,  155.0000,  155.0000,  155.0000,  155.0000,  155.0000,  155.0000,  155.0000,  155.0000,  155.0000,  158.8202,  165.3996,  173.2672,  181.4393,  190.2764,  198.8104,  204.5754,  207.8212,  209.4182,  210.0462,  210.3680,  210.4855,    0.0676,    0.2556,    0.5389,    0.8888,    1.2804,    1.6928,    2.1082,    2.5121,    2.8933,    3.2429,    3.5544,    3.8241,    3.4712,    3.6087,    3.7179,    3.7987,    3.8530,    3.8815,    3.8866,    3.8696,    3.8324,    3.7775,    3.7019,    3.5964,    1.2424,    1.2267,    1.2047,    1.1662,    1.1137,    1.0481,    0.8756,    0.8393,    0.7711,    0.6138,    0.5638,    0.3590,    0.1995,    0.1649,    0.1438,    0.1375,    0.1329,    0.1277,    0.1258,    0.1235,    0.1245,    0.1364,    0.1735,    0.2440,    0.3730,    0.4452,    0.3502,    0.5089,    0.4971,    0.5051,    0.5244,    0.6000,    0.6202,    0.6335,    0.6351,    0.6285,    1.6842,    1.6087,    1.5504,    1.4822,    1.4116,    1.3421,    1.2748,    1.2087,    1.1452,    1.0819,    1.0194,    0.9639,    1.4270,    1.3066,    1.1824,    1.0659,    0.9702,    0.8860,    0.8005,    0.7221,    0.6504,    0.5836,    0.5141,    0.4584,    1.1328,    0.8012,    0.5722,    0.3992,    0.2764,    0.1901,    0.1299,    0.0861,    0.0569,    0.0365,    0.0240,    0.0175,    0.0899,    0.0485,    0.0757,    0.0853,    0.0957,    0.0892,    0.0975,    0.1095,    0.0962,    0.1325,    0.1172,    0.1283,    0.1417,    0.1155,    0.1679,    0.1865,    0.1530,    0.1811,    0.2062,    0.2231,    0.2234,    0.1500,    0.2398,    0.2531,    0.3109,    0.3324,    0.3440,    0.3658,    0.3756,    0.3936,    0.3989,    0.4549,    0.4935,    0.4704,    0.4844,    0.4940,    0.8433,    0.9209,    0.9662,    0.9986,    1.0221,    1.1068,    1.0376,    1.1056,    1.0799,    1.1314,    1.0731,    1.1504,    2.4777,    2.4439,    2.4989,    2.5383,    2.5642,    2.4625,    2.5489,    2.6139,    2.6670,    2.4800,    2.4441,    2.5380,    6.4157,    6.1123,    6.0433,    5.8603,    5.4132,    5.0767,    4.4565,    4.0997,    3.9404,    3.4535,    2.6528,    2.4637,    1.8993,    1.7458,    1.3311,    1.2705,    0.8565,    0.6215,    0.5021,    0.2015,    0.1776,    0.1261,    0.0437,    0.0355,    0.0000,    0.0000,    0.0000,    0.0000,    0.0000,    0.0000,    0.0000,    0.0000,    0.0000,    0.0000,    0.0000,    0.0000,    0.0000,    0.0000,    0.0000,    0.0000,    0.0000,    0.0000,    0.0000,    0.0001,    0.0002,    0.0007,    0.0108,    0.0490,    0.0110,    0.0180,    0.0344,    0.0771,    0.1397,    0.2137,    0.4309,    0.4495,    0.5119,    0.6671,    0.7005,    0.8672,    0.6959,    0.7036,    0.7106,    0.6982,    0.6956,    0.7186,    0.6761,    0.6645,    0.6491,    0.6306,    0.6025,    0.5551,    0.4721,    0.3712,    0.4491,    0.2585,    0.2602,    0.2432,    0.2110,    0.1067,    0.0696,    0.0377,    0.0207,    0.0150,    0.0329,    0.0299,    0.0085,    0.0020,    0.0004,    0.0004,    0.0002,    0.0011,    0.0019,    0.0049,    0.0091,    0.0081,    0.0085,    0.0012,    0.0075,    0.0141,    0.0089,    0.0000,    0.0000,    0.0000,    0.0000,    0.0008,    0.0066,    0.0072,    0.0065,    0.0059,    0.0000,    0.0000,    0.0000,    0.0000,    0.0000,    0.0009,    0.0011,    0.0014,    0.0012,    0.0002,    0.0266,    0.0000,    0.0608,    0.1075,    0.1214,    0.1110,    0.1245,    0.1386,    0.1233,    0.1698,    0.1501,    0.1645,    0.1808,    0.1468,    0.2123,    0.2321,    0.1900,    0.1318,    0.0189,    0.0386,    0.1649,    0.1902,    0.3067,    0.3223,    0.3984,    0.4260,    0.4410,    0.4686,    0.4799,    0.4920,    0.4648,    0.4226,    0.3741,    0.4433,    0.6104,    0.6178,    1.0805,    1.1804,    1.2359,    1.2564,    1.2364,    1.3694,    1.3136,    1.3975,    1.2854,    1.4503,    1.3718,    1.4606,    3.1621,    3.0885,    3.2030,    3.2531,    3.2748,    3.1568,    3.2678,    3.3511,    3.4192,    3.1776,    3.1334,    3.2539,    8.2247,    7.8363,    7.7478,    7.5132,    6.9399,    6.5086,    5.7135,    5.2561,    5.0518,    4.4276,    3.4010,    3.1586,    2.4350,    2.2382,    1.7066,    1.6288,    1.0981,    0.7968,    0.6438,    0.2584,    0.2277,    0.1616,    0.0560,    0.0455
  797,    0.0500,  221.6983,    0.1943,  120.9598,  119.5530,   -0.8755,   -0.7549,  158.4330,  167.0477,  167.8346,  168.7553,  169.9882,  170.7990,  171.7984,  172.8994,  174.1991,  175.7977,  178.1017,  181.5973,  186.5274,  193.0988,  200.7077,  207.4772,  212.3954,  215.6962,  217.9781,  219.4356,  220.3013,  220.8797,  221.1895,  221.3750,  221.4382,    0.0654,    0.2476,    0.5226,    0.8629,    1.2446,    1.6476,    2.0546,    2.4574,    2.7827,    3.1742,    3.2044,    3.4265,    3.3372,    3.5667,    3.6900,    3.7572,    3.7983,    3.7569,    3.7158,    3.7300,    3.7227,    3.6790,    3.6455,    3.6084,    1.2496,    1.2407,    1.2252,    1.1959,    1.1603,    1.1214,    1.0140,    0.9970,    0.9550,    0.8386,    0.8326,    0.6943,    0.4529,    0.3911,    0.3305,    0.3197,    0.3002,    0.2579,    0.2917,    0.2937,    0.3093,    0.3430,    0.3993,    0.4570,    0.5517,    0.5886,    0.5077,    0.6154,    0.6067,    0.6035,    0.6037,    0.6437,    0.6523,    0.6572,    0.6550,    0.6472,    1.7455,    1.6725,    1.6078,    1.5340,    1.4628,    1.3826,    1.3029,    1.2365,    1.1739,    1.1107,    1.0488,    0.9930,    1.4814,    1.3597,    1.2339,    1.1131,    1.0093,    0.9219,    0.8336,    0.7532,    0.6778,    0.6095,    0.5429,    0.4866,    1.1954,    0.8509,    0.6004,    0.4228,    0.2973,    0.2067,    0.1420,    0.0955,    0.0638,    0.0419,    0.0276,    0.0196,    0.0911,    0.0480,    0.0783,    0.0894,    0.1003,    0.0933,    0.1022,    0.1141,    0.1003,    0.1381,    0.1221,    0.1348,    0.1488,    0.1213,    0.1763,    0.1958,    0.1613,    0.1870,    0.2064,    0.2239,    0.2309,    0.1580,    0.2528,    0.2669,    0.3278,    0.3504,    0.3627,    0.3856,    0.3925,    0.4111,    0.4163,    0.4692,    0.5058,    0.4853,    0.5063,    0.5158,    0.8792,    0.9602,    1.0073,    1.0407,    1.0634,    1.1525,    1.0815,    1.1450,    1.1150,    1.1718,    1.1114,    1.1912,    2.5658,    2.5303,    2.5880,    2.6251,    2.6516,    2.5467,    2.6360,    2.7033,    2.7582,    2.5647,    2.5277,    2.6248,    6.6352,    6.2914,    6.2205,    6.0322,    5.5721,    5.2259,    4.5876,    4.2205,    4.0566,    3.5556,    2.7314,    2.5369,    1.9559,    1.7723,    1.3515,    1.2901,    0.8699,    0.6314,    0.5102,    0.2048,    0.1805,    0.1282,    0.0445,    0.0362,    0.0032,    0.0120,    0.0253,    0.0417,    0.0602,    0.0796,    0.0993,    0.1114,    0.1801,    0.1515,    0.4462,    0.5072,    0.3255,    0.1560,    0.1608,    0.3295,    0.3731,    0.5733,    0.7232,    0.5999,    0.4380,    0.3398,    0.3676,    0.3928,    0.1234,    0.1347,    0.1618,    0.2418,    0.3424,    0.4453,    0.7421,    0.7697,    0.8413,    0.9720,    1.0124,    1.1235,    0.8657,    0.8598,    0.8531,    0.8433,    0.8344,    0.8266,    0.8150,    0.8050,    0.7944,    0.7827,    0.7682,    0.7459,    0.7150,    0.6094,    0.6601,    0.4631,    0.4661,    0.4520,    0.3958,    0.2494,    0.1913,    0.1284,    0.0944,    0.0824,    0.1868,    0.1687,    0.1215,    0.1097,    0.0979,    0.1118,    0.1307,    0.1266,    0.1196,    0.1194,    0.1224,    0.1127,    0.1449,    0.1124,    0.1172,    0.1301,    0.1162,    0.0837,    0.0738,    0.0663,    0.0652,    0.0608,    0.0653,    0.0601,    0.1274,    0.0928,    0.0643,    0.0417,    0.0245,    0.0152,    0.0103,    0.0092,    0.0076,    0.0069,    0.0054,    0.0021,    0.0206,    0.0000,    0.0528,    0.0957,    0.1082,    0.0989,    0.1110,    0.1252,    0.1114,    0.1535,    0.1356,    0.1462,    0.1605,    0.1303,    0.1882,    0.2055,    0.1663,    0.1085,    0.0132,    0.0293,    0.1409,    0.1678,    0.2707,    0.2843,    0.3518,    0.3762,    0.3895,    0.4138,    0.4332,    0.4434,    0.4134,    0.3759,    0.3313,    0.3956,    0.5489,    0.5568,    0.9804,    1.0711,    1.1214,    1.1380,    1.1179,    1.2397,    1.1905,    1.2839,    1.1803,    1.3346,    1.2621,    1.3432,    2.9091,    2.8391,    2.9476,    2.9970,    3.0166,    2.9082,    3.0106,    3.0874,    3.1501,    2.9275,    2.8868,    2.9978,    7.5773,    7.2324,    7.1508,    6.9342,    6.4050,    6.0069,    5.2730,    4.8508,    4.6622,    4.0861,    3.1386,    2.9149,    2.2471,    2.1204,    1.6167,    1.5430,    1.0403,    0.7549,    0.6099,    0.2448,    0.2157,    0.1531,    0.0531,    0.0431
  616,    0.1000,  223.8983,    0.1730,  124.3529,  122.7168,   -0.9562,   -0.8071,  158.4330,  176.7426,  177.5932,  178.5555,  179.7927,  180.7964,  182.0998,  183.6960,  185.3987,  187.4015,  190.0980,  193.7892,  198.7156,  205.2443,  212.3685,  218.1070,  221.9980,  224.3388,  225.6361,  226.0467,  225.8243,  225.3067,  224.9555,  224.5377,  224.3874,    0.0633,    0.2396,    0.5061,    0.8364,    1.2075,    1.6000,    1.9973,    2.3962,    2.6718,    3.0955,    2.9149,    3.1021,    3.2289,    3.5063,    3.6438,    3.7431,    3.7816,    3.7291,    3.6925,    3.6998,    3.6674,    3.5965,    3.6182,    3.6457,    1.2653,    1.2641,    1.2549,    1.2347,    1.2107,    1.1858,    1.1121,    1.0997,    1.0679,    0.9664,    0.9731,    0.8562,    0.5805,    0.5162,    0.4483,    0.4393,    0.4144,    0.3566,    0.4052,    0.4075,    0.4245,    0.4587,    0.5147,    0.5666,    0.6555,    0.6773,    0.6025,    0.6869,    0.6799,    0.6764,    0.6673,    0.6879,    0.6921,    0.6890,    0.6825,    0.6732,    1.8209,    1.7483,    1.6768,    1.5988,    1.5255,    1.4412,    1.3592,    1.2916,    1.2279,    1.1639,    1.1017,    1.0440,    1.5639,    1.4363,    1.3080,    1.1858,    1.0749,    0.9800,    0.8851,    0.8010,    0.7254,    0.6540,    0.5865,    0.5271,    1.2964,    0.9285,    0.6560,    0.4646,    0.3285,    0.2299,    0.1587,    0.1080,    0.0730,    0.0488,    0.0325,    0.0227,    0.0915,    0.0476,    0.0801,    0.0927,    0.1040,    0.0967,    0.1059,    0.1179,    0.1037,    0.1427,    0.1262,    0.1401,    0.1546,    0.1259,    0.1830,    0.2031,    0.1675,    0.1905,    0.2061,    0.2239,    0.2360,    0.1643,    0.2631,    0.2777,    0.3412,    0.3647,    0.3775,    0.4014,    0.4065,    0.4254,    0.4295,    0.4801,    0.5147,    0.4968,    0.5240,    0.5337,    0.9092,    0.9929,    1.0416,    1.0754,    1.0970,    1.1901,    1.1179,    1.1783,    1.1447,    1.2064,    1.1440,    1.2259,    2.6411,    2.6038,    2.6643,    2.6995,    2.7265,    2.6190,    2.7108,    2.7800,    2.8364,    2.6374,    2.5994,    2.6993,    6.8236,    6.4458,    6.3732,    6.1805,    5.7092,    5.3546,    4.7008,    4.3248,    4.1571,    3.6438,    2.7993,    2.6002,    2.0049,    1.7966,    1.3701,    1.3080,    0.8821,    0.6404,    0.5176,    0.2078,    0.1832,    0.1302,    0.0452,    0.0367,    0.0061,    0.0232,    0.0490,    0.0809,    0.1168,    0.1548,    0.1932,    0.2172,    0.3458,    0.2954,    0.8118,    0.9184,    0.6404,    0.3067,    0.3198,    0.6794,    0.7686,    1.1592,    1.4419,    1.2143,    0.8914,    0.6808,    0.7397,    0.7468,    0.2421,    0.2538,    0.2834,    0.3763,    0.4887,    0.5957,    0.9074,    0.9393,    1.0072,    1.1113,    1.1506,    1.2261,    0.9318,    0.9190,    0.9055,    0.8959,    0.8853,    0.8714,    0.8656,    0.8563,    0.8477,    0.8398,    0.8338,    0.8232,    0.8199,    0.7226,    0.7555,    0.5754,    0.5779,    0.5669,    0.5023,    0.3493,    0.2864,    0.2094,    0.1684,    0.1533,    0.3566,    0.3260,    0.2635,    0.2498,    0.2285,    0.2605,    0.3044,    0.2930,    0.2749,    0.2686,    0.2667,    0.2481,    0.3276,    0.2702,    0.2663,    0.2815,    0.2606,    0.2081,    0.1833,    0.1656,    0.1655,    0.1523,    0.1501,    0.1366,    0.3163,    0.2297,    0.1740,    0.1153,    0.0695,    0.0445,    0.0306,    0.0240,    0.0186,    0.0151,    0.0115,    0.0057,    0.0173,    0.0000,    0.0462,    0.0852,    0.0965,    0.0882,    0.0990,    0.1131,    0.1007,    0.1387,    0.1225,    0.1299,    0.1425,    0.1157,    0.1670,    0.1823,    0.1464,    0.0929,    0.0107,    0.0243,    0.1223,    0.1482,    0.2391,    0.2509,    0.3107,    0.3323,    0.3440,    0.3655,    0.3911,    0.4000,    0.3710,    0.3373,    0.2968,    0.3555,    0.4948,    0.5023,    0.8897,    0.9719,    1.0176,    1.0319,    1.0129,    1.1238,    1.0797,    1.1806,    1.0851,    1.2282,    1.1614,    1.2357,    2.6769,    2.6115,    2.7126,    2.7611,    2.7790,    2.6793,    2.7737,    2.8444,    2.9021,    2.6971,    2.6596,    2.7618,    6.9810,    6.6755,    6.6001,    6.4002,    5.9118,    5.5443,    4.8670,    4.4772,    4.3032,    3.7714,    2.8969,    2.6904,    2.0740,    2.0093,    1.5320,    1.4621,    0.9858,    0.7153,    0.5779,    0.2319,    0.2044,    0.1451,    0.0503,    0.0409
  306,    0.1500,  225.8822,    0.1547,  127.1974,  125.4188,   -0.9816,   -0.9691,  158.4330,  182.9824,  183.8528,  184.8506,  186.1088,  187.2948,  188.7867,  190.4963,  192.3997,  194.6003,  197.3994,  201.0140,  205.9020,  212.0547,  218.5010,  223.5995,  226.9003,  228.8676,  229.8002,  229.8965,  229.3441,  228.3936,  227.6999,  227.0148,  226.7115,    0.0612,    0.2320,    0.4904,    0.8112,    1.1721,    1.5545,    1.9422,    2.3364,    2.5688,    3.0184,    2.6777,    2.8390,    3.1414,    3.4438,    3.5951,    3.7405,    3.7804,    3.7356,    3.7150,    3.7085,    3.6393,    3.5304,    3.6055,    3.6869,    1.2824,    1.2876,    1.2829,    1.2680,    1.2502,    1.2323,    1.1760,    1.1640,    1.1373,    1.0446,    1.0561,    0.9535,    0.6606,    0.5979,    0.5287,    0.5217,    0.4940,    0.4278,    0.4845,    0.4866,    0.5029,    0.5348,    0.5874,    0.6331,    0.7170,    0.7302,    0.6622,    0.7323,    0.7260,    0.7241,    0.7105,    0.7211,    0.7253,    0.7176,    0.7087,    0.6985,    1.8939,    1.8219,    1.7460,    1.6649,    1.5896,    1.5030,    1.4209,    1.3518,    1.2864,    1.2211,    1.1579,    1.0981,    1.6503,    1.5172,    1.3852,    1.2610,    1.1441,    1.0429,    0.9410,    0.8530,    0.7776,    0.7024,    0.6326,    0.5698,    1.4060,    1.0124,    0.7188,    0.5116,    0.3632,    0.2556,    0.1773,    0.1218,    0.0830,    0.0560,    0.0377,    0.0261,    0.0917,    0.0473,    0.0815,    0.0953,    0.1070,    0.0994,    0.1090,    0.1210,    0.1065,    0.1466,    0.1296,    0.1442,    0.1591,    0.1296,    0.1884,    0.2089,    0.1724,    0.1929,    0.2058,    0.2239,    0.2397,    0.1693,    0.2712,    0.2862,    0.3518,    0.3760,    0.3892,    0.4138,    0.4180,    0.4371,    0.4402,    0.4889,    0.5219,    0.5061,    0.5385,    0.5484,    0.9342,    1.0203,    1.0702,    1.1043,    1.1250,    1.2214,    1.1481,    1.2067,    1.1701,    1.2360,    1.1720,    1.2556,    2.7055,    2.6666,    2.7297,    2.7634,    2.7907,    2.6810,    2.7750,    2.8458,    2.9036,    2.6998,    2.6610,    2.7633,    6.9852,    6.5788,    6.5048,    6.3081,    5.8272,    5.4654,    4.7983,    4.4146,    4.2436,    3.7198,    2.8579,    2.6548,    2.0472,    1.8186,    1.3871,    1.3244,    0.8933,    0.6486,    0.5243,    0.2106,    0.1857,    0.1320,    0.0458,    0.0373,    0.0089,    0.0337,    0.0712,    0.1177,    0.1701,    0.2256,    0.2819,    0.3177,    0.4987,    0.4321,    1.1186,    1.2608,    0.9329,    0.4518,    0.4744,    1.0161,    1.1462,    1.6909,    2.0687,    1.7702,    1.3181,    1.0050,    1.0961,    1.0848,    0.3564,    0.3667,    0.3955,    0.4920,    0.6075,    0.7123,    1.0228,    1.0570,    1.1188,    1.2042,    1.2402,    1.2954,    0.9798,    0.9638,    0.9469,    0.9373,    0.9258,    0.9089,    0.9060,    0.8970,    0.8894,    0.8833,    0.8810,    0.8751,    0.8864,    0.7962,    0.8197,    0.6541,    0.6557,    0.6465,    0.5795,    0.4284,    0.3651,    0.2818,    0.2378,    0.2211,    0.5236,    0.4829,    0.4102,    0.3954,    0.3663,    0.4154,    0.4824,    0.4633,    0.4340,    0.4208,    0.4131,    0.3865,    0.5177,    0.4380,    0.4228,    0.4372,    0.4100,    0.3416,    0.3015,    0.2733,    0.2738,    0.2510,    0.2405,    0.2184,    0.5224,    0.3803,    0.2961,    0.1991,    0.1224,    0.0795,    0.0552,    0.0414,    0.0315,    0.0244,    0.0183,    0.0102,    0.0148,    0.0000,    0.0406,    0.0760,    0.0860,    0.0786,    0.0883,    0.1022,    0.0909,    0.1253,    0.1107,    0.1154,    0.1266,    0.1028,    0.1483,    0.1618,    0.1291,    0.0807,    0.0090,    0.0208,    0.1069,    0.1310,    0.2111,    0.2215,    0.2744,    0.2935,    0.3038,    0.3228,    0.3531,    0.3610,    0.3339,    0.3035,    0.2669,    0.3201,    0.4464,    0.4534,    0.8073,    0.8819,    0.9234,    0.9360,    0.9183,    1.0192,    0.9795,    1.0860,    0.9981,    1.1303,    1.0687,    1.1371,    2.4634,    2.4027,    2.4964,    2.5439,    2.5603,    2.4685,    2.5554,    2.6206,    2.6738,    2.4849,    2.4503,    2.5445,    6.4316,    6.1618,    6.0922,    5.9077,    5.4568,    5.1176,    4.4924,    4.1327,    3.9720,    3.4812,    2.6740,    2.4833,    1.9144,    1.9042,    1.4518,    1.3857,    0.9342,    0.6779,    0.5477,    0.2198,    0.1937,    0.1375,    0.0477,    0.0387
  133,    0.2000,  226.8318,    0.1392,  127.6325,  127.7280,    0.9827,   -0.1023,  158.4330,  187.1115,  188.0033,  189.0171,  190.3062,  191.5136,  193.0454,  194.8608,  196.8017,  199.0083,  201.7838,  205.3150,  209.9219,  215.5928,  221.4651,  226.0358,  229.0481,  230.8146,  231.7137,  231.7390,  231.0738,  229.9424,  229.1009,  228.2850,  228.0201,    0.0591,    0.2239,    0.4735,    0.7834,    1.1325,    1.5026,    1.8782,    2.2641,    2.4567,    2.9226,    2.4607,    2.6001,    3.0433,    3.3510,    3.5125,    3.7069,    3.7479,    3.7165,    3.7116,    3.6904,    3.5833,    3.4335,    3.5547,    3.6776,    1.2812,    1.2914,    1.2899,    1.2781,    1.2638,    1.2498,    1.2040,    1.1909,    1.1674,    1.0821,    1.0948,    1.0043,    0.7057,    0.6464,    0.5791,    0.5735,    0.5450,    0.4758,    0.5351,    0.5366,    0.5514,    0.5801,    0.6278,    0.6672,    0.7451,    0.7521,    0.6921,    0.7506,    0.7446,    0.7448,    0.7291,    0.7338,    0.7392,    0.7290,    0.7190,    0.7084,    1.9246,    1.8538,    1.7759,    1.6933,    1.6173,    1.5300,    1.4489,    1.3794,    1.3131,    1.2474,    1.1838,    1.1232,    1.6918,    1.5564,    1.4229,    1.2983,    1.1785,    1.0743,    0.9683,    0.8785,    0.8043,    0.7274,    0.6566,    0.5920,    1.4638,    1.0570,    0.7524,    0.5370,    0.3821,    0.2698,    0.1877,    0.1295,    0.0886,    0.0601,    0.0406,    0.0281,    0.0919,    0.0471,    0.0826,    0.0974,    0.1094,    0.1016,    0.1115,    0.1236,    0.1088,    0.1498,    0.1324,    0.1476,    0.1628,    0.1326,    0.1927,    0.2135,    0.1763,    0.1948,    0.2056,    0.2238,    0.2426,    0.1733,    0.2777,    0.2930,    0.3602,    0.3850,    0.3985,    0.4237,    0.4275,    0.4468,    0.4489,    0.4961,    0.5278,    0.5137,    0.5505,    0.5606,    0.9551,    1.0430,    1.0940,    1.1283,    1.1481,    1.2474,    1.1733,    1.2309,    1.1917,    1.2613,    1.1959,    1.2810,    2.7607,    2.7202,    2.7856,    2.8181,    2.8457,    2.7341,    2.8300,    2.9022,    2.9612,    2.7533,    2.7138,    2.8181,    7.1238,    6.6932,    6.6180,    6.4181,    5.9289,    5.5609,    4.8822,    4.4920,    4.3182,    3.7854,    2.9084,    2.7019,    2.0837,    1.8386,    1.4025,    1.3392,    0.9034,    0.6560,    0.5304,    0.2131,    0.1880,    0.1336,    0.0464,    0.0378,    0.0114,    0.0433,    0.0916,    0.1516,    0.2191,    0.2907,    0.3634,    0.4104,    0.6360,    0.5578,    1.3705,    1.5395,    1.1926,    0.5862,    0.6184,    1.3207,    1.4838,    2.1394,    2.5729,    2.2351,    1.6917,    1.2937,    1.4125,    1.3830,    0.4575,    0.4651,    0.4906,    0.5844,    0.6964,    0.7954,    1.0949,    1.1305,    1.1854,    1.2569,    1.2890,    1.3319,    1.0058,    0.9885,    0.9700,    0.9606,    0.9486,    0.9295,    0.9286,    0.9198,    0.9127,    0.9074,    0.9065,    0.9025,    0.9209,    0.8366,    0.8552,    0.7026,    0.7033,    0.6946,    0.6290,    0.4846,    0.4234,    0.3400,    0.2961,    0.2788,    0.6700,    0.6222,    0.5440,    0.5285,    0.4934,    0.5562,    0.6405,    0.6142,    0.5749,    0.5550,    0.5412,    0.5084,    0.6875,    0.5903,    0.5628,    0.5737,    0.5408,    0.4617,    0.4083,    0.3707,    0.3706,    0.3389,    0.3202,    0.2906,    0.7056,    0.5143,    0.4040,    0.2740,    0.1707,    0.1120,    0.0781,    0.0573,    0.0431,    0.0325,    0.0241,    0.0142,    0.0128,    0.0000,    0.0357,    0.0677,    0.0767,    0.0701,    0.0787,    0.0923,    0.0822,    0.1132,    0.1001,    0.1025,    0.1125,    0.0913,    0.1317,    0.1437,    0.1140,    0.0708,    0.0078,    0.0181,    0.0940,    0.1158,    0.1865,    0.1956,    0.2423,    0.2592,    0.2683,    0.2851,    0.3189,    0.3259,    0.3010,    0.2736,    0.2405,    0.2887,    0.4029,    0.4094,    0.7326,    0.8003,    0.8380,    0.8492,    0.8330,    0.9247,    0.8888,    0.9992,    0.9183,    1.0402,    0.9835,    1.0463,    2.2670,    2.2109,    2.2974,    2.3437,    2.3588,    2.2742,    2.3544,    2.4144,    2.4634,    2.2894,    2.2576,    2.3443,    5.9256,    5.6879,    5.6237,    5.4534,    5.0372,    4.7241,    4.1470,    3.8149,    3.6666,    3.2135,    2.4684,    2.2924,    1.7672,    1.8047,    1.3760,    1.3133,    0.8854,    0.6425,    0.5191,    0.2083,    0.1836,    0.1303,    0.0452,    0.0367
  665,    0.3000,  229.5027,    0.1144,  131.5455,  131.3935,    0.9089,    0.7880,  158.4330,  194.1839,  195.0956,  196.1534,  197.4173,  198.7951,  200.3986,  202.3036,  204.3966,  206.6915,  209.3986,  212.6991,  217.0005,  222.1010,  227.2033,  231.1051,  233.6082,  235.0202,  235.7038,  235.5035,  234.7039,  233.4153,  232.3967,  231.3726,  231.0084,    0.0554,    0.2103,    0.4451,    0.7373,    1.0669,    1.4172,    1.7736,    2.1461,    2.2765,    2.7687,    2.1389,    2.2498,    2.9269,    3.2081,    3.3930,    3.7138,    3.7654,    3.7799,    3.8109,    3.7643,    3.5796,    3.3367,    3.5484,    3.7414,    1.3069,    1.3258,    1.3294,    1.3226,    1.3136,    1.3052,    1.2753,    1.2606,    1.2414,    1.1661,    1.1804,    1.1072,    0.7938,    0.7393,    0.6743,    0.6710,    0.6409,    0.5659,    0.6305,    0.6311,    0.6434,    0.6673,    0.7078,    0.7379,    0.8072,    0.8044,    0.7580,    0.7990,    0.7933,    0.7977,    0.7790,    0.7749,    0.7835,    0.7695,    0.7574,    0.7461,    2.0332,    1.9637,    1.8814,    1.7954,    1.7166,    1.6291,    1.5514,    1.4792,    1.4095,    1.3413,    1.2755,    1.2118,    1.8314,    1.6876,    1.5475,    1.4193,    1.2914,    1.1788,    1.0616,    0.9654,    0.8916,    0.8083,    0.7328,    0.6624,    1.6470,    1.1982,    0.8598,    0.6180,    0.4424,    0.3147,    0.2206,    0.1536,    0.1061,    0.0727,    0.0496,    0.0345,    0.0920,    0.0467,    0.0841,    0.1005,    0.1128,    0.1047,    0.1151,    0.1275,    0.1123,    0.1546,    0.1367,    0.1524,    0.1681,    0.1369,    0.1988,    0.2202,    0.1817,    0.1972,    0.2051,    0.2235,    0.2466,    0.1789,    0.2869,    0.3026,    0.3722,    0.3978,    0.4118,    0.4378,    0.4419,    0.4613,    0.4619,    0.5068,    0.5364,    0.5250,    0.5685,    0.5789,    0.9869,    1.0779,    1.1304,    1.1650,    1.1835,    1.2870,    1.2118,    1.2694,    1.2260,    1.3015,    1.2339,    1.3214,    2.8482,    2.8054,    2.8745,    2.9054,    2.9334,    2.8188,    2.9177,    2.9922,    3.0530,    2.8386,    2.7979,    2.9055,    7.3448,    6.8766,    6.7995,    6.5942,    6.0918,    5.7140,    5.0168,    4.6161,    4.4378,    3.8906,    2.9895,    2.7775,    2.1423,    1.8732,    1.4291,    1.3650,    0.9210,    0.6690,    0.5411,    0.2174,    0.1919,    0.1364,    0.0474,    0.0386,    0.0161,    0.0610,    0.1292,    0.2139,    0.3096,    0.4113,    0.5147,    0.5836,    0.8840,    0.7927,    1.7868,    1.9980,    1.6669,    0.8418,    0.8960,    1.8944,    2.1132,    2.9197,    3.4047,    3.0417,    2.3802,    1.8389,    2.0161,    1.9648,    0.6563,    0.6604,    0.6805,    0.7691,    0.8744,    0.9627,    1.2395,    1.2757,    1.3182,    1.3654,    1.3904,    1.4121,    1.0643,    1.0451,    1.0242,    1.0150,    1.0022,    0.9805,    0.9821,    0.9735,    0.9670,    0.9626,    0.9639,    0.9626,    0.9941,    0.9209,    0.9308,    0.8023,    0.8011,    0.7938,    0.7308,    0.5997,    0.5429,    0.4596,    0.4157,    0.3975,    0.9742,    0.9127,    0.8239,    0.8063,    0.7595,    0.8457,    0.9572,    0.9176,    0.8602,    0.8275,    0.8020,    0.7573,    1.0406,    0.9103,    0.8582,    0.8599,    0.8140,    0.7137,    0.6343,    0.5777,    0.5742,    0.5247,    0.4894,    0.4445,    1.0986,    0.8056,    0.6364,    0.4392,    0.2811,    0.1878,    0.1323,    0.0954,    0.0710,    0.0521,    0.0382,    0.0242,    0.0096,    0.0000,    0.0276,    0.0539,    0.0610,    0.0558,    0.0626,    0.0754,    0.0671,    0.0925,    0.0817,    0.0809,    0.0888,    0.0721,    0.1039,    0.1134,    0.0889,    0.0544,    0.0058,    0.0137,    0.0727,    0.0905,    0.1455,    0.1526,    0.1891,    0.2022,    0.2093,    0.2224,    0.2600,    0.2657,    0.2446,    0.2223,    0.1953,    0.2348,    0.3283,    0.3337,    0.6033,    0.6590,    0.6901,    0.6991,    0.6854,    0.7611,    0.7317,    0.8459,    0.7774,    0.8810,    0.8330,    0.8861,    1.9200,    1.8721,    1.9459,    1.9897,    2.0024,    1.9307,    1.9987,    2.0497,    2.0913,    1.9435,    1.9165,    1.9902,    5.0305,    4.8478,    4.7931,    4.6480,    4.2933,    4.0264,    3.5346,    3.2516,    3.1252,    2.7390,    2.1039,    1.9539,    1.5063,    1.6215,    1.2364,    1.1801,    0.7956,    0.5774,    0.4665,    0.1872,    0.1650,    0.1171,    0.0406,    0.0330
  876,    0.4000,  231.9030,    0.0963,  134.3037,  134.0802,    0.9769,    0.8027,  158.4330,  199.0322,  199.9991,  201.0665,  202.3029,  203.6900,  205.3118,  207.3005,  209.2984,  211.5005,  214.1079,  217.2023,  221.1976,  225.7989,  230.4539,  234.0036,  236.3039,  237.5506,  238.1046,  238.0021,  237.2120,  235.9898,  235.0056,  233.8824,  233.6033,    0.0522,    0.1983,    0.4201,    0.6964,    1.0088,    1.3413,    1.6803,    2.0394,    2.1222,    2.6297,    1.8972,    1.9892,    2.8473,    3.0751,    3.2815,    3.7279,    3.7901,    3.8410,    3.8915,    3.8335,    3.5952,    3.2706,    3.5553,    3.7968,    1.3288,    1.3538,    1.3605,    1.3555,    1.3481,    1.3417,    1.3184,    1.3013,    1.2839,    1.2153,    1.2285,    1.1671,    0.8476,    0.7980,    0.7369,    0.7348,    0.7047,    0.6286,    0.6936,    0.6934,    0.7029,    0.7223,    0.7556,    0.7784,    0.8403,    0.8314,    0.7972,    0.8270,    0.8211,    0.8294,    0.8101,    0.8025,    0.8152,    0.8002,    0.7876,    0.7760,    2.1206,    2.0525,    1.9681,    1.8795,    1.7990,    1.7099,    1.6321,    1.5578,    1.4856,    1.4153,    1.3473,    1.2814,    1.9425,    1.7936,    1.6474,    1.5143,    1.3796,    1.2617,    1.1366,    1.0354,    0.9597,    0.8715,    0.7918,    0.7170,    1.7893,    1.3084,    0.9417,    0.6811,    0.4911,    0.3518,    0.2479,    0.1736,    0.1205,    0.0830,    0.0568,    0.0397,    0.0921,    0.0465,    0.0850,    0.1025,    0.1151,    0.1068,    0.1174,    0.1302,    0.1147,    0.1579,    0.1396,    0.1555,    0.1715,    0.1396,    0.2028,    0.2245,    0.1852,    0.1985,    0.2048,    0.2232,    0.2489,    0.1824,    0.2926,    0.3086,    0.3797,    0.4058,    0.4201,    0.4466,    0.4517,    0.4713,    0.4707,    0.5139,    0.5422,    0.5327,    0.5807,    0.5913,    1.0091,    1.1021,    1.1557,    1.1904,    1.2080,    1.3146,    1.2385,    1.2976,    1.2511,    1.3310,    1.2618,    1.3510,    2.9124,    2.8677,    2.9397,    2.9696,    2.9980,    2.8812,    2.9823,    3.0584,    3.1206,    2.9014,    2.8599,    2.9698,    7.5075,    7.0125,    6.9340,    6.7249,    6.2127,    5.8275,    5.1168,    4.7083,    4.5267,    3.9687,    3.0498,    2.8337,    2.1860,    1.9017,    1.4511,    1.3862,    0.9356,    0.6797,    0.5499,    0.2211,    0.1952,    0.1388,    0.0482,    0.0393,    0.0202,    0.0767,    0.1624,    0.2693,    0.3901,    0.5187,    0.6498,    0.7394,    1.0987,    1.0038,    2.1130,    2.3551,    2.0702,    1.0759,    1.1525,    2.3869,    2.6430,    3.5097,    3.9829,    3.6452,    2.9486,    2.3137,    2.5349,    2.4680,    0.8294,    0.8297,    0.8438,    0.9239,    1.0193,    1.0962,    1.3467,    1.3816,    1.4136,    1.4446,    1.4634,    1.4731,    1.1108,    1.0912,    1.0697,    1.0606,    1.0475,    1.0247,    1.0271,    1.0185,    1.0122,    1.0078,    1.0094,    1.0084,    1.0465,    0.9815,    0.9870,    0.8769,    0.8741,    0.8671,    0.8087,    0.6916,    0.6397,    0.5608,    0.5189,    0.5005,    1.2439,    1.1722,    1.0770,    1.0567,    1.0007,    1.1004,    1.2238,    1.1730,    1.1022,    1.0584,    1.0223,    0.9685,    1.3472,    1.1921,    1.1175,    1.1061,    1.0470,    0.9315,    0.8317,    0.7590,    0.7480,    0.6836,    0.6337,    0.5760,    1.4352,    1.0571,    0.8322,    0.5816,    0.3802,    0.2574,    0.1824,    0.1307,    0.0967,    0.0700,    0.0510,    0.0334,    0.0073,    0.0000,    0.0214,    0.0428,    0.0486,    0.0444,    0.0498,    0.0616,    0.0548,    0.0755,    0.0668,    0.0639,    0.0701,    0.0569,    0.0821,    0.0895,    0.0694,    0.0421,    0.0044,    0.0105,    0.0564,    0.0708,    0.1135,    0.1190,    0.1475,    0.1578,    0.1634,    0.1736,    0.2121,    0.2167,    0.1991,    0.1810,    0.1589,    0.1912,    0.2676,    0.2721,    0.4970,    0.5428,    0.5685,    0.5757,    0.5643,    0.6268,    0.6026,    0.7164,    0.6583,    0.7463,    0.7056,    0.7506,    1.6264,    1.5856,    1.6484,    1.6894,    1.7002,    1.6393,    1.6971,    1.7404,    1.7757,    1.6502,    1.6273,    1.6898,    4.2713,    4.1334,    4.0868,    3.9630,    3.6607,    3.4331,    3.0138,    2.7725,    2.6647,    2.3355,    1.7940,    1.6661,    1.2845,    1.4574,    1.1113,    1.0607,    0.7152,    0.5190,    0.4193,    0.1683,    0.1483,    0.1053,    0.0365,    0.0297
 1037,    0.5000,  233.9025,    0.0830,  136.4148,  136.0536,    0.9507,    0.8073,  158.4330,  202.6806,  203.6544,  204.7247,  206.0102,  207.4018,  208.9988,  210.9628,  212.9126,  215.0976,  217.5980,  220.5039,  224.2009,  228.5039,  232.8008,  236.1047,  238.3003,  239.4066,  239.9054,  239.8069,  239.1062,  237.9322,  237.0204,  235.9458,  235.5199,    0.0494,    0.1875,    0.3975,    0.6595,    0.9561,    1.2723,    1.5952,    1.9405,    1.9862,    2.5008,    1.7061,    1.7846,    2.7923,    2.9469,    3.1735,    3.7456,    3.8178,    3.8970,    3.9579,    3.8959,    3.6204,    3.2240,    3.5693,    3.8456,    1.3477,    1.3770,    1.3858,    1.3818,    1.3751,    1.3697,    1.3504,    1.3312,    1.3148,    1.2510,    1.2628,    1.2097,    0.8861,    0.8406,    0.7831,    0.7816,    0.7520,    0.6765,    0.7403,    0.7394,    0.7462,    0.7619,    0.7895,    0.8069,    0.8629,    0.8495,    0.8256,    0.8473,    0.8412,    0.8527,    0.8335,    0.8239,    0.8402,    0.8249,    0.8121,    0.8005,    2.1922,    2.1252,    2.0396,    1.9488,    1.8670,    1.7763,    1.6973,    1.6213,    1.5474,    1.4753,    1.4054,    1.3378,    2.0329,    1.8802,    1.7290,    1.5912,    1.4507,    1.3288,    1.1978,    1.0926,    1.0144,    0.9223,    0.8391,    0.7608,    1.9034,    1.3971,    1.0066,    0.7316,    0.5312,    0.3826,    0.2707,    0.1904,    0.1325,    0.0916,    0.0628,    0.0441,    0.0920,    0.0463,    0.0855,    0.1038,    0.1166,    0.1081,    0.1189,    0.1320,    0.1163,    0.1601,    0.1416,    0.1575,    0.1737,    0.1414,    0.2053,    0.2272,    0.1873,    0.1993,    0.2044,    0.2229,    0.2503,    0.1847,    0.2963,    0.3124,    0.3844,    0.4109,    0.4253,    0.4521,    0.4584,    0.4781,    0.4767,    0.5188,    0.5460,    0.5379,    0.5891,    0.5999,    1.0245,    1.1189,    1.1733,    1.2082,    1.2251,    1.3337,    1.2571,    1.3182,    1.2695,    1.3526,    1.2822,    1.3726,    2.9594,    2.9134,    2.9874,    3.0169,    3.0455,    2.9270,    3.0298,    3.1071,    3.1703,    2.9476,    2.9054,    3.0172,    7.6272,    7.1133,    7.0338,    6.8218,    6.3023,    5.9118,    5.1909,    4.7768,    4.5927,    4.0268,    3.0946,    2.8756,    2.2185,    1.9251,    1.4692,    1.4037,    0.9476,    0.6886,    0.5572,    0.2241,    0.1979,    0.1408,    0.0489,    0.0399,    0.0238,    0.0906,    0.1920,    0.3186,    0.4618,    0.6145,    0.7705,    0.8794,    1.2853,    1.1932,    2.3749,    2.6407,    2.4155,    1.2887,    1.3881,    2.8108,    3.0906,    3.9598,    4.3918,    4.1015,    3.4201,    2.7289,    2.9830,    2.9065,    0.9814,    0.9785,    0.9871,    1.0580,    1.1427,    1.2089,    1.4326,    1.4651,    1.4881,    1.5071,    1.5203,    1.5216,    1.1484,    1.1294,    1.1082,    1.0992,    1.0861,    1.0630,    1.0656,    1.0569,    1.0502,    1.0454,    1.0462,    1.0447,    1.0874,    1.0294,    1.0320,    0.9376,    0.9333,    0.9262,    0.8728,    0.7690,    0.7221,    0.6489,    0.6096,    0.5913,    1.4859,    1.4063,    1.3070,    1.2832,    1.2197,    1.3252,    1.4495,    1.3895,    1.3088,    1.2557,    1.2103,    1.1491,    1.6152,    1.4412,    1.3465,    1.3201,    1.2478,    1.1206,    1.0047,    0.9182,    0.8975,    0.8203,    0.7578,    0.6895,    1.7258,    1.2759,    0.9987,    0.7051,    0.4693,    0.3213,    0.2287,    0.1634,    0.1204,    0.0866,    0.0628,    0.0420,    0.0056,    0.0000,    0.0166,    0.0341,    0.0387,    0.0353,    0.0397,    0.0503,    0.0448,    0.0617,    0.0545,    0.0505,    0.0554,    0.0450,    0.0648,    0.0707,    0.0543,    0.0326,    0.0034,    0.0081,    0.0439,    0.0554,    0.0886,    0.0929,    0.1152,    0.1232,    0.1275,    0.1355,    0.1731,    0.1767,    0.1622,    0.1474,    0.1294,    0.1559,    0.2183,    0.2220,    0.4095,    0.4472,    0.4684,    0.4743,    0.4648,    0.5163,    0.4965,    0.6069,    0.5577,    0.6324,    0.5978,    0.6359,    1.3780,    1.3433,    1.3966,    1.4348,    1.4440,    1.3923,    1.4413,    1.4781,    1.5081,    1.4015,    1.3821,    1.4352,    3.6276,    3.5259,    3.4861,    3.3805,    3.1226,    2.9285,    2.5708,    2.3650,    2.2731,    1.9923,    1.5304,    1.4213,    1.0958,    1.3104,    0.9992,    0.9538,    0.6431,    0.4667,    0.3771,    0.1514,    0.1334,    0.0947,    0.0328,    0.0267
 1287,    0.7500,  237.4064,    0.0631,  139.5630,  139.0026,    0.9724,    0.9240,  158.4330,  209.1333,  210.1147,  211.2038,  212.3875,  213.7133,  215.3024,  217.1294,  219.0003,  220.9931,  223.2042,  225.8020,  229.1039,  232.9028,  236.7554,  239.8005,  241.6995,  242.6021,  242.8245,  242.6243,  242.1095,  241.1414,  240.3292,  239.3923,  239.0368,    0.0433,    0.1648,    0.3497,    0.5810,    0.8433,    1.1237,    1.4109,    1.7217,    1.7053,    2.2150,    1.3624,    1.4195,    2.7169,    2.6481,    2.9208,    3.7887,    3.8802,    3.9998,    4.0688,    4.0084,    3.6870,    3.1575,    3.6106,    3.9367,    1.3821,    1.4178,    1.4293,    1.4260,    1.4195,    1.4148,    1.4014,    1.3783,    1.3635,    1.3089,    1.3168,    1.2781,    0.9501,    0.9129,    0.8635,    0.8628,    0.8348,    0.7631,    0.8216,    0.8192,    0.8203,    0.8284,    0.8435,    0.8512,    0.8946,    0.8731,    0.8719,    0.8781,    0.8713,    0.8893,    0.8710,    0.8589,    0.8819,    0.8668,    0.8541,    0.8424,    2.3149,    2.2499,    2.1627,    2.0684,    1.9844,    1.8900,    1.8062,    1.7273,    1.6510,    1.5758,    1.5027,    1.4323,    2.1854,    2.0271,    1.8675,    1.7200,    1.5693,    1.4410,    1.3012,    1.1893,    1.1046,    1.0062,    0.9171,    0.8331,    2.0912,    1.5439,    1.1118,    0.8147,    0.5988,    0.4355,    0.3099,    0.2195,    0.1531,    0.1065,    0.0733,    0.0517,    0.0916,    0.0459,    0.0861,    0.1054,    0.1184,    0.1098,    0.1208,    0.1344,    0.1185,    0.1631,    0.1442,    0.1599,    0.1763,    0.1435,    0.2084,    0.2305,    0.1898,    0.2001,    0.2037,    0.2222,    0.2517,    0.1873,    0.3005,    0.3168,    0.3899,    0.4167,    0.4314,    0.4586,    0.4672,    0.4870,    0.4845,    0.5250,    0.5509,    0.5445,    0.6001,    0.6111,    1.0455,    1.1419,    1.1973,    1.2323,    1.2482,    1.3598,    1.2825,    1.3487,    1.2966,    1.3846,    1.3124,    1.4047,    3.0290,    2.9810,    3.0581,    3.0874,    3.1163,    2.9955,    3.1007,    3.1798,    3.2445,    3.0165,    2.9735,    3.0879,    7.8060,    7.2657,    7.1847,    6.9684,    6.4381,    6.0395,    5.3034,    4.8806,    4.6930,    4.1152,    3.1629,    2.9395,    2.2682,    1.9672,    1.5017,    1.4353,    0.9693,    0.7047,    0.5705,    0.2295,    0.2029,    0.1445,    0.0503,    0.0410,    0.0313,    0.1191,    0.2527,    0.4198,    0.6094,    0.8121,    1.0197,    1.1703,    1.6551,    1.5853,    2.8433,    3.1488,    3.0768,    1.7370,    1.8925,    3.6169,    3.9150,    4.6632,    4.9640,    4.8041,    4.2628,    3.5455,    3.8387,    3.7553,    1.2784,    1.2704,    1.2685,    1.3176,    1.3772,    1.4204,    1.5825,    1.6066,    1.6135,    1.6122,    1.6156,    1.6037,    1.2128,    1.1947,    1.1744,    1.1655,    1.1524,    1.1292,    1.1316,    1.1227,    1.1157,    1.1100,    1.1093,    1.1066,    1.1563,    1.1120,    1.1092,    1.0455,    1.0384,    1.0306,    0.9885,    0.9133,    0.8772,    0.8195,    0.7869,    0.7695,    1.9730,    1.8807,    1.7763,    1.7420,    1.6646,    1.7603,    1.8579,    1.7816,    1.6873,    1.6173,    1.5541,    1.4806,    2.1242,    1.9223,    1.7884,    1.7225,    1.6196,    1.4736,    1.3321,    1.2203,    1.1712,    1.0714,    0.9854,    0.8982,    2.2600,    1.6821,    1.2965,    0.9322,    0.6424,    0.4492,    0.3219,    0.2299,    0.1680,    0.1199,    0.0863,    0.0594,    0.0029,    0.0000,    0.0088,    0.0193,    0.0219,    0.0200,    0.0225,    0.0304,    0.0271,    0.0373,    0.0330,    0.0281,    0.0308,    0.0250,    0.0360,    0.0393,    0.0294,    0.0175,    0.0018,    0.0043,    0.0236,    0.0300,    0.0478,    0.0501,    0.0621,    0.0664,    0.0688,    0.0731,    0.1042,    0.1063,    0.0973,    0.0885,    0.0777,    0.0937,    0.1313,    0.1336,    0.2526,    0.2759,    0.2889,    0.2925,    0.2865,    0.3184,    0.3062,    0.4013,    0.3688,    0.4183,    0.3954,    0.4206,    0.9115,    0.8884,    0.9238,    0.9549,    0.9610,    0.9266,    0.9593,    0.9838,    1.0037,    0.9328,    0.9198,    0.9552,    2.4144,    2.3746,    2.3478,    2.2768,    2.1031,    1.9724,    1.7315,    1.5930,    1.5311,    1.3420,    1.0309,    0.9575,    0.7382,    1.0062,    0.7673,    0.7325,    0.4939,    0.3585,    0.2897,    0.1163,    0.1025,    0.0728,    0.0252,    0.0205
 1514,    1.0000,  239.6027,    0.0537,  141.0980,  140.3905,    0.9889,    0.8070,  158.4330,  213.4180,  214.3919,  215.4871,  216.6076,  217.8816,  219.3999,  221.1078,  222.7915,  224.6026,  226.6931,  229.0924,  232.1463,  235.7095,  239.3990,  242.2925,  243.9061,  244.5077,  244.5682,  244.2021,  243.7011,  242.8982,  242.2320,  241.3792,  241.0836,    0.0386,    0.1469,    0.3119,    0.5186,    0.7533,    1.0047,    1.2625,    1.5410,    1.4894,    1.9790,    1.1333,    1.1779,    2.6915,    2.3898,    2.7062,    3.8280,    3.9308,    4.0644,    4.1345,    4.0779,    3.7439,    3.1365,    3.6534,    4.0022,    1.4062,    1.4449,    1.4574,    1.4538,    1.4467,    1.4417,    1.4315,    1.4059,    1.3920,    1.3433,    1.3479,    1.3170,    0.9879,    0.9570,    0.9139,    0.9133,    0.8871,    0.8200,    0.8725,    0.8688,    0.8652,    0.8676,    0.8730,    0.8748,    0.9091,    0.8825,    0.8990,    0.8952,    0.8878,    0.9103,    0.8932,    0.8799,    0.9072,    0.8928,    0.8803,    0.8686,    2.3915,    2.3276,    2.2396,    2.1432,    2.0579,    1.9599,    1.8707,    1.7901,    1.7127,    1.6357,    1.5606,    1.4886,    2.2769,    2.1157,    1.9510,    1.7967,    1.6395,    1.5072,    1.3630,    1.2471,    1.1572,    1.0552,    0.9627,    0.8755,    2.2006,    1.6298,    1.1725,    0.8629,    0.6389,    0.4673,    0.3337,    0.2373,    0.1657,    0.1156,    0.0797,    0.0563,    0.0913,    0.0456,    0.0862,    0.1059,    0.1190,    0.1103,    0.1215,    0.1354,    0.1193,    0.1643,    0.1453,    0.1607,    0.1772,    0.1442,    0.2094,    0.2316,    0.1906,    0.2001,    0.2031,    0.2216,    0.2519,    0.1881,    0.3018,    0.3182,    0.3916,    0.4186,    0.4333,    0.4606,    0.4707,    0.4905,    0.4875,    0.5273,    0.5525,    0.5469,    0.6043,    0.6155,    1.0540,    1.1512,    1.2070,    1.2420,    1.2574,    1.3703,    1.2927,    1.3628,    1.3090,    1.3994,    1.3263,    1.4195,    3.0611,    3.0121,    3.0907,    3.1202,    3.1493,    3.0274,    3.1337,    3.2137,    3.2790,    3.0486,    3.0052,    3.1208,    7.8893,    7.3381,    7.2565,    7.0382,    6.5028,    6.1004,    5.3571,    4.9303,    4.7411,    4.1577,    3.1959,    2.9704,    2.2924,    1.9932,    1.5219,    1.4550,    0.9829,    0.7148,    0.5790,    0.2330,    0.2061,    0.1468,    0.0511,    0.0417,    0.0370,    0.1410,    0.2994,    0.4978,    0.7232,    0.9645,    1.2121,    1.3965,    1.9272,    1.8884,    3.1515,    3.4811,    3.5296,    2.0900,    2.2985,    4.1525,    4.4367,    5.0143,    5.2131,    5.1483,    4.7738,    4.1239,    4.4114,    4.3322,    1.4833,    1.4727,    1.4645,    1.4961,    1.5351,    1.5611,    1.6732,    1.6883,    1.6853,    1.6730,    1.6699,    1.6512,    1.2506,    1.2337,    1.2147,    1.2057,    1.1929,    1.1708,    1.1720,    1.1629,    1.1553,    1.1486,    1.1464,    1.1425,    1.1960,    1.1617,    1.1551,    1.1126,    1.1036,    1.0948,    1.0617,    1.0077,    0.9798,    0.9354,    0.9087,    0.8924,    2.3202,    2.2213,    2.1158,    2.0696,    1.9835,    2.0508,    2.1051,    2.0194,    1.9205,    1.8402,    1.7655,    1.6851,    2.4536,    2.2404,    2.0806,    1.9791,    1.8513,    1.6952,    1.5413,    1.4140,    1.3382,    1.2251,    1.1244,    1.0261,    2.5865,    1.9332,    1.4712,    1.0702,    0.7552,    0.5359,    0.3856,    0.2759,    0.2002,    0.1426,    0.1020,    0.0712,    0.0015,    0.0000,    0.0047,    0.0110,    0.0124,    0.0114,    0.0128,    0.0184,    0.0164,    0.0226,    0.0200,    0.0157,    0.0172,    0.0139,    0.0201,    0.0219,    0.0160,    0.0094,    0.0009,    0.0023,    0.0128,    0.0163,    0.0258,    0.0271,    0.0336,    0.0359,    0.0372,    0.0395,    0.0628,    0.0641,    0.0586,    0.0533,    0.0468,    0.0564,    0.0791,    0.0805,    0.1561,    0.1705,    0.1786,    0.1807,    0.1770,    0.1967,    0.1892,    0.2658,    0.2443,    0.2771,    0.2620,    0.2787,    0.6039,    0.5886,    0.6121,    0.6369,    0.6409,    0.6180,    0.6398,    0.6561,    0.6694,    0.6221,    0.6135,    0.6371,    1.6103,    1.6046,    1.5865,    1.5385,    1.4212,    1.3329,    1.1701,    1.0765,    1.0347,    0.9070,    0.6967,    0.6471,    0.4990,    0.7745,    0.5907,    0.5639,    0.3803,    0.2761,    0.2231,    0.0896,    0.0790,    0.0561,    0.0195,    0.0158
 1693,    1.2500,  240.9041,    0.0492,  141.9341,  141.0538,    0.9432,    0.8121,  158.4330,  216.5331,  217.5334,  218.5978,  219.5604,  220.8042,  222.2262,  223.8156,  225.4129,  227.1066,  229.1039,  231.3936,  234.3129,  237.7947,  241.3088,  244.0110,  245.4161,  245.8041,  245.5364,  245.0213,  244.5043,  243.8522,  243.3018,  242.5794,  242.3511,    0.0348,    0.1324,    0.2814,    0.4680,    0.6802,    0.9076,    1.1412,    1.3901,    1.3182,    1.7820,    0.9685,    1.0048,    2.6879,    2.1671,    2.5264,    3.8614,    3.9706,    4.1091,    4.1808,    4.1259,    3.7887,    3.1374,    3.6920,    4.0520,    1.4243,    1.4645,    1.4772,    1.4733,    1.4655,    1.4600,    1.4521,    1.4249,    1.4117,    1.3672,    1.3691,    1.3425,    1.0134,    0.9873,    0.9492,    0.9483,    0.9238,    0.8612,    0.9080,    0.9033,    0.8956,    0.8934,    0.8909,    0.8891,    0.9164,    0.8866,    0.9175,    0.9065,    0.8986,    0.9245,    0.9084,    0.8944,    0.9246,    0.9107,    0.8983,    0.8866,    2.4436,    2.3802,    2.2916,    2.1938,    2.1076,    2.0068,    1.9136,    1.8319,    1.7538,    1.6757,    1.5992,    1.5261,    2.3377,    2.1745,    2.0066,    1.8478,    1.6862,    1.5511,    1.4041,    1.2856,    1.1921,    1.0878,    0.9931,    0.9038,    2.2735,    1.6871,    1.2136,    0.8953,    0.6657,    0.4885,    0.3495,    0.2492,    0.1742,    0.1219,    0.0841,    0.0595,    0.0910,    0.0454,    0.0862,    0.1061,    0.1193,    0.1105,    0.1217,    0.1357,    0.1197,    0.1647,    0.1457,    0.1610,    0.1775,    0.1445,    0.2097,    0.2320,    0.1908,    0.1999,    0.2027,    0.2211,    0.2518,    0.1883,    0.3022,    0.3186,    0.3921,    0.4192,    0.4339,    0.4612,    0.4720,    0.4918,    0.4886,    0.5281,    0.5529,    0.5477,    0.6059,    0.6171,    1.0575,    1.1549,    1.2110,    1.2459,    1.2611,    1.3745,    1.2968,    1.3692,    1.3146,    1.4062,    1.3327,    1.4262,    3.0759,    3.0264,    3.1057,    3.1355,    3.1646,    3.0422,    3.1491,    3.2295,    3.2951,    3.0636,    3.0200,    3.1362,    7.9282,    7.3727,    7.2908,    7.0716,    6.5338,    6.1297,    5.3830,    4.9544,    4.7644,    4.1784,    3.2120,    2.9856,    2.3044,    2.0094,    1.5346,    1.4674,    0.9914,    0.7212,    0.5844,    0.2353,    0.2081,    0.1484,    0.0517,    0.0422,    0.0415,    0.1582,    0.3361,    0.5590,    0.8125,    1.0841,    1.3631,    1.5745,    2.1317,    2.1253,    3.3635,    3.7084,    3.8389,    2.3690,    2.6267,    4.5032,    4.7617,    5.1885,    5.3247,    5.3162,    5.0779,    4.5306,    4.7882,    4.7175,    1.6221,    1.6107,    1.5991,    1.6175,    1.6408,    1.6542,    1.7276,    1.7349,    1.7258,    1.7071,    1.7000,    1.6771,    1.2712,    1.2551,    1.2371,    1.2280,    1.2154,    1.1945,    1.1945,    1.1851,    1.1771,    1.1699,    1.1667,    1.1621,    1.2182,    1.1914,    1.1814,    1.1540,    1.1436,    1.1340,    1.1074,    1.0688,    1.0469,    1.0128,    0.9905,    0.9752,    2.5615,    2.4597,    2.3546,    2.2969,    2.2052,    2.2385,    2.2499,    2.1588,    2.0593,    1.9730,    1.8912,    1.8069,    2.6593,    2.4431,    2.2666,    2.1366,    1.9902,    1.8288,    1.6696,    1.5330,    1.4359,    1.3151,    1.2057,    1.1011,    2.7771,    2.0811,    1.5689,    1.1497,    0.8247,    0.5912,    0.4265,    0.3057,    0.2207,    0.1571,    0.1119,    0.0786,    0.0008,    0.0000,    0.0025,    0.0063,    0.0071,    0.0065,    0.0073,    0.0112,    0.0100,    0.0137,    0.0121,    0.0088,    0.0096,    0.0078,    0.0112,    0.0122,    0.0087,    0.0051,    0.0005,    0.0012,    0.0069,    0.0089,    0.0140,    0.0147,    0.0182,    0.0195,    0.0202,    0.0214,    0.0380,    0.0387,    0.0354,    0.0322,    0.0282,    0.0341,    0.0478,    0.0487,    0.0967,    0.1056,    0.1106,    0.1119,    0.1096,    0.1218,    0.1172,    0.1764,    0.1622,    0.1840,    0.1739,    0.1850,    0.4009,    0.3907,    0.4063,    0.4257,    0.4284,    0.4131,    0.4276,    0.4385,    0.4474,    0.4158,    0.4100,    0.4258,    1.0763,    1.0880,    1.0758,    1.0432,    0.9637,    0.9038,    0.7935,    0.7300,    0.7017,    0.6151,    0.4725,    0.4389,    0.3384,    0.5976,    0.4558,    0.4352,    0.2935,    0.2131,    0.1722,    0.0692,    0.0610,    0.0433,    0.0150,    0.0122
 1827,    1.5000,  241.6131,    0.0470,  142.3344,  141.3765,    0.9649,    0.9223,  158.4330,  218.8239,  219.8051,  220.8032,  221.8190,  223.0015,  224.3253,  225.8801,  227.4025,  228.9948,  230.8208,  233.0982,  236.0134,  239.4003,  242.8246,  245.3942,  246.4996,  246.5376,  246.1002,  245.4420,  244.8966,  244.2893,  243.8015,  243.0918,  242.9095,    0.0317,    0.1206,    0.2564,    0.4265,    0.6201,    0.8276,    1.0408,    1.2629,    1.1795,    1.6162,    0.8440,    0.8746,    2.6926,    1.9755,    2.3776,    3.8876,    4.0003,    4.1404,    4.2141,    4.1597,    3.8217,    3.1468,    3.7231,    4.0893,    1.4378,    1.4788,    1.4916,    1.4872,    1.4788,    1.4728,    1.4664,    1.4382,    1.4255,    1.3840,    1.3835,    1.3589,    1.0305,    1.0084,    0.9745,    0.9733,    0.9504,    0.8921,    0.9334,    0.9279,    0.9164,    0.9103,    0.9011,    0.8973,    0.9193,    0.8874,    0.9301,    0.9141,    0.9058,    0.9343,    0.9189,    0.9045,    0.9367,    0.9232,    0.9109,    0.8993,    2.4800,    2.4169,    2.3278,    2.2290,    2.1422,    2.0391,    1.9431,    1.8606,    1.7820,    1.7031,    1.6258,    1.5519,    2.3793,    2.2147,    2.0447,    1.8828,    1.7183,    1.5812,    1.4323,    1.3119,    1.2162,    1.1102,    1.0141,    0.9233,    2.3239,    1.7267,    1.2424,    0.9179,    0.6841,    0.5031,    0.3604,    0.2574,    0.1801,    0.1262,    0.0872,    0.0617,    0.0908,    0.0452,    0.0862,    0.1062,    0.1193,    0.1106,    0.1218,    0.1359,    0.1198,    0.1649,    0.1458,    0.1611,    0.1775,    0.1445,    0.2098,    0.2321,    0.1909,    0.1997,    0.2023,    0.2207,    0.2516,    0.1884,    0.3023,    0.3187,    0.3923,    0.4194,    0.4341,    0.4614,    0.4725,    0.4923,    0.4889,    0.5283,    0.5529,    0.5479,    0.6065,    0.6178,    1.0588,    1.1564,    1.2126,    1.2475,    1.2626,    1.3761,    1.2985,    1.3722,    1.3171,    1.4093,    1.3357,    1.4294,    3.0827,    3.0330,    3.1127,    3.1427,    3.1718,    3.0492,    3.1563,    3.2369,    3.3027,    3.0707,    3.0269,    3.1434,    7.9464,    7.3893,    7.3073,    7.0877,    6.5488,    6.1439,    5.3956,    4.9661,    4.7759,    4.1886,    3.2200,    2.9932,    2.3104,    2.0196,    1.5425,    1.4752,    0.9969,    0.7254,    0.5879,    0.2368,    0.2095,    0.1494,    0.0520,    0.0426,    0.0451,    0.1719,    0.3654,    0.6078,    0.8837,    1.1794,    1.4834,    1.7164,    2.2885,    2.3127,    3.5139,    3.8684,    4.0477,    2.5912,    2.8941,    4.7275,    4.9584,    5.2700,    5.3709,    5.3932,    5.2521,    4.8118,    5.0291,    4.9674,    1.7136,    1.7022,    1.6893,    1.6979,    1.7097,    1.7142,    1.7588,    1.7597,    1.7471,    1.7252,    1.7154,    1.6908,    1.2826,    1.2674,    1.2506,    1.2415,    1.2292,    1.2089,    1.2082,    1.1986,    1.1901,    1.1822,    1.1779,    1.1724,    1.2297,    1.2082,    1.1961,    1.1782,    1.1670,    1.1568,    1.1348,    1.1067,    1.0890,    1.0625,    1.0435,    1.0290,    2.7234,    2.6206,    2.5164,    2.4484,    2.3532,    2.3538,    2.3291,    2.2351,    2.1366,    2.0470,    1.9608,    1.8745,    2.7798,    2.5645,    2.3779,    2.2266,    2.0672,    1.9033,    1.7423,    1.6005,    1.4880,    1.3632,    1.2488,    1.1409,    2.8776,    2.1595,    1.6171,    1.1902,    0.8631,    0.6232,    0.4502,    0.3231,    0.2323,    0.1652,    0.1173,    0.0828,    0.0004,    0.0000,    0.0014,    0.0036,    0.0041,    0.0037,    0.0042,    0.0068,    0.0061,    0.0084,    0.0074,    0.0049,    0.0054,    0.0044,    0.0063,    0.0069,    0.0048,    0.0028,    0.0003,    0.0007,    0.0038,    0.0049,    0.0076,    0.0080,    0.0099,    0.0106,    0.0110,    0.0117,    0.0230,    0.0235,    0.0214,    0.0195,    0.0171,    0.0206,    0.0289,    0.0295,    0.0600,    0.0655,    0.0686,    0.0695,    0.0680,    0.0756,    0.0727,    0.1173,    0.1078,    0.1224,    0.1157,    0.1230,    0.2666,    0.2598,    0.2703,    0.2852,    0.2870,    0.2767,    0.2865,    0.2938,    0.2997,    0.2786,    0.2747,    0.2853,    0.7211,    0.7402,    0.7319,    0.7098,    0.6556,    0.6149,    0.5399,    0.4967,    0.4774,    0.4185,    0.3215,    0.2987,    0.2303,    0.4622,    0.3525,    0.3366,    0.2270,    0.1648,    0.1333,    0.0535,    0.0472,    0.0335,    0.0116,    0.0095
 1965,    1.7500,  242.0036,    0.0459,  142.5587,  141.5370,    0.9828,    0.8196,  158.4330,  220.6808,  221.6398,  222.6357,  223.5731,  224.6909,  226.0110,  227.4149,  228.8825,  230.4007,  232.2169,  234.4879,  237.3869,  240.6994,  244.0954,  246.4098,  247.2077,  247.0058,  246.3302,  245.6140,  244.9471,  244.3957,  243.9594,  243.4067,  243.2130,    0.0291,    0.1109,    0.2357,    0.3922,    0.5703,    0.7613,    0.9577,    1.1556,    1.0660,    1.4766,    0.7474,    0.7737,    2.7004,    1.8119,    2.2566,    3.9086,    4.0233,    4.1648,    4.2411,    4.1862,    3.8472,    3.1598,    3.7485,    4.1184,    1.4483,    1.4898,    1.5026,    1.4978,    1.4889,    1.4824,    1.4773,    1.4485,    1.4361,    1.3970,    1.3945,    1.3707,    1.0432,    1.0244,    0.9940,    0.9924,    0.9709,    0.9163,    0.9529,    0.9467,    0.9317,    0.9223,    0.9071,    0.9023,    0.9201,    0.8869,    0.9396,    0.9197,    0.9110,    0.9415,    0.9269,    0.9121,    0.9458,    0.9325,    0.9204,    0.9087,    2.5072,    2.4441,    2.3547,    2.2552,    2.1678,    2.0630,    1.9652,    1.8822,    1.8032,    1.7237,    1.6458,    1.5712,    2.4103,    2.2445,    2.0729,    1.9090,    1.7425,    1.6038,    1.4533,    1.3316,    1.2344,    1.1272,    1.0301,    0.9381,    2.3623,    1.7570,    1.2650,    0.9354,    0.6980,    0.5139,    0.3685,    0.2636,    0.1845,    0.1295,    0.0896,    0.0633,    0.0906,    0.0451,    0.0861,    0.1062,    0.1194,    0.1106,    0.1218,    0.1359,    0.1198,    0.1650,    0.1459,    0.1611,    0.1776,    0.1446,    0.2098,    0.2321,    0.1909,    0.1996,    0.2021,    0.2204,    0.2515,    0.1884,    0.3024,    0.3188,    0.3923,    0.4194,    0.4341,    0.4615,    0.4727,    0.4925,    0.4890,    0.5283,    0.5528,    0.5479,    0.6067,    0.6180,    1.0594,    1.1570,    1.2132,    1.2481,    1.2631,    1.3768,    1.2991,    1.3735,    1.3182,    1.4108,    1.3370,    1.4308,    3.0858,    3.0360,    3.1159,    3.1460,    3.1751,    3.0524,    3.1597,    3.2403,    3.3062,    3.0739,    3.0302,    3.1468,    7.9550,    7.3973,    7.3153,    7.0956,    6.5561,    6.1509,    5.4019,    4.9720,    4.7817,    4.1938,    3.2241,    2.9972,    2.3136,    2.0261,    1.5476,    1.4803,    1.0005,    0.7281,    0.5902,    0.2377,    0.2104,    0.1501,    0.0523,    0.0428,    0.0481,    0.1831,    0.3893,    0.6478,    0.9419,    1.2573,    1.5816,    1.8321,    2.4125,    2.4648,    3.6257,    3.9868,    4.1875,    2.7724,    3.1164,    4.8678,    5.0737,    5.3039,    5.3858,    5.4237,    5.3476,    5.0050,    5.1794,    5.1252,    1.7723,    1.7614,    1.7481,    1.7499,    1.7533,    1.7516,    1.7751,    1.7710,    1.7564,    1.7326,    1.7214,    1.6956,    1.2867,    1.2719,    1.2556,    1.2463,    1.2342,    1.2149,    1.2132,    1.2035,    1.1949,    1.1867,    1.1819,    1.1761,    1.2341,    1.2166,    1.2024,    1.1913,    1.1795,    1.1688,    1.1500,    1.1291,    1.1143,    1.0930,    1.0765,    1.0624,    2.8281,    2.7252,    2.6220,    2.5454,    2.4481,    2.4204,    2.3681,    2.2726,    2.1755,    2.0841,    1.9954,    1.9081,    2.8446,    2.6317,    2.4393,    2.2730,    2.1051,    1.9401,    1.7793,    1.6349,    1.5119,    1.3852,    1.2683,    1.1589,    2.9220,    2.1942,    1.6354,    1.2067,    0.8811,    0.6392,    0.4620,    0.3318,    0.2379,    0.1690,    0.1197,    0.0846,    0.0002,    0.0000,    0.0007,    0.0021,    0.0023,    0.0021,    0.0024,    0.0042,    0.0037,    0.0051,    0.0045,    0.0028,    0.0030,    0.0025,    0.0035,    0.0039,    0.0026,    0.0015,    0.0002,    0.0004,    0.0021,    0.0027,    0.0042,    0.0044,    0.0054,    0.0058,    0.0060,    0.0064,    0.0139,    0.0142,    0.0130,    0.0118,    0.0104,    0.0125,    0.0176,    0.0179,    0.0373,    0.0408,    0.0427,    0.0432,    0.0423,    0.0470,    0.0452,    0.0782,    0.0719,    0.0815,    0.0771,    0.0820,    0.1777,    0.1732,    0.1801,    0.1915,    0.1927,    0.1858,    0.1924,    0.1973,    0.2013,    0.1871,    0.1845,    0.1915,    0.4842,    0.5052,    0.4995,    0.4844,    0.4475,    0.4197,    0.3685,    0.3390,    0.3259,    0.2857,    0.2195,    0.2039,    0.1572,    0.3582,    0.2733,    0.2609,    0.1760,    0.1278,    0.1033,    0.0415,    0.0366,    0.0260,    0.0090,    0.0073
 2072,    2.0000,  242.1324,    0.0454,  142.7172,  141.6190,    0.9808,    0.9891,  158.4330,  222.2101,  223.2091,  224.0865,  225.0035,  226.1095,  227.3352,  228.7044,  230.0865,  231.6037,  233.3992,  235.6015,  238.4930,  241.8157,  245.0936,  247.2039,  247.7439,  247.3069,  246.4351,  245.5875,  244.8967,  244.3502,  243.9589,  243.4052,  243.2354,    0.0270,    0.1027,    0.2184,    0.3634,    0.5284,    0.7054,    0.8874,    1.0634,    0.9709,    1.3568,    0.6698,    0.6928,    2.7090,    1.6696,    2.1571,    3.9264,    4.0424,    4.1850,    4.2635,    4.2082,    3.8681,    3.1738,    3.7701,    4.1427,    1.4572,    1.4990,    1.5118,    1.5067,    1.4972,    1.4904,    1.4862,    1.4571,    1.4449,    1.4076,    1.4034,    1.3793,    1.0526,    1.0367,    1.0092,    1.0072,    0.9870,    0.9361,    0.9680,    0.9611,    0.9428,    0.9305,    0.9102,    0.9052,    0.9199,    0.8860,    0.9471,    0.9244,    0.9154,    0.9476,    0.9334,    0.9184,    0.9533,    0.9403,    0.9282,    0.9165,    2.5294,    2.4664,    2.3767,    2.2765,    2.1887,    2.0825,    1.9835,    1.9000,    1.8206,    1.7407,    1.6622,    1.5872,    2.4357,    2.2688,    2.0960,    1.9305,    1.7624,    1.6224,    1.4707,    1.3479,    1.2495,    1.1413,    1.0434,    0.9505,    2.3943,    1.7821,    1.2839,    0.9500,    0.7095,    0.5229,    0.3753,    0.2687,    0.1882,    0.1322,    0.0916,    0.0647,    0.0905,    0.0450,    0.0861,    0.1062,    0.1194,    0.1106,    0.1218,    0.1360,    0.1198,    0.1650,    0.1459,    0.1611,    0.1776,    0.1446,    0.2098,    0.2321,    0.1909,    0.1994,    0.2018,    0.2201,    0.2513,    0.1884,    0.3024,    0.3188,    0.3924,    0.4194,    0.4342,    0.4615,    0.4728,    0.4926,    0.4891,    0.5282,    0.5526,    0.5479,    0.6068,    0.6181,    1.0596,    1.1573,    1.2135,    1.2483,    1.2633,    1.3770,    1.2994,    1.3741,    1.3187,    1.4114,    1.3377,    1.4315,    3.0873,    3.0374,    3.1174,    3.1476,    3.1767,    3.0540,    3.1612,    3.2420,    3.3079,    3.0755,    3.0317,    3.1484,    7.9591,    7.4013,    7.3192,    7.0994,    6.5598,    6.1544,    5.4050,    4.9750,    4.7846,    4.1965,    3.2263,    2.9993,    2.3153,    2.0302,    1.5509,    1.4836,    1.0028,    0.7299,    0.5917,    0.2384,    0.2110,    0.1506,    0.0525,    0.0429,    0.0505,    0.1924,    0.4090,    0.6806,    0.9897,    1.3212,    1.6620,    1.9265,    2.5104,    2.5879,    3.7078,    4.0728,    4.2790,    2.9192,    3.3012,    4.9530,    5.1382,    5.3134,    5.3850,    5.4306,    5.3955,    5.1338,    5.2692,    5.2215,    1.8089,    1.7987,    1.7857,    1.7826,    1.7802,    1.7742,    1.7825,    1.7748,    1.7589,    1.7343,    1.7221,    1.6959,    1.2873,    1.2728,    1.2570,    1.2477,    1.2357,    1.2168,    1.2147,    1.2049,    1.1961,    1.1877,    1.1824,    1.1762,    1.2347,    1.2199,    1.2042,    1.1975,    1.1853,    1.1743,    1.1576,    1.1415,    1.1288,    1.1111,    1.0962,    1.0825,    2.8940,    2.7916,    2.6893,    2.6056,    2.5070,    2.4564,    2.3841,    2.2879,    2.1921,    2.0999,    2.0099,    1.9222,    2.8759,    2.6656,    2.4700,    2.2937,    2.1203,    1.9551,    1.7953,    1.6496,    1.5199,    1.3926,    1.2745,    1.1646,    2.9353,    2.2046,    1.6379,    1.2100,    0.8874,    0.6457,    0.4668,    0.3354,    0.2398,    0.1704,    0.1204,    0.0852,    0.0001,    0.0000,    0.0004,    0.0012,    0.0013,    0.0012,    0.0014,    0.0025,    0.0023,    0.0031,    0.0028,    0.0016,    0.0017,    0.0014,    0.0020,    0.0022,    0.0014,    0.0008,    0.0001,    0.0002,    0.0011,    0.0015,    0.0023,    0.0024,    0.0030,    0.0032,    0.0033,    0.0035,    0.0085,    0.0087,    0.0079,    0.0072,    0.0063,    0.0076,    0.0107,    0.0109,    0.0233,    0.0254,    0.0266,    0.0269,    0.0264,    0.0293,    0.0282,    0.0522,    0.0480,    0.0545,    0.0515,    0.0547,    0.1187,    0.1156,    0.1203,    0.1289,    0.1297,    0.1251,    0.1295,    0.1328,    0.1355,    0.1259,    0.1241,    0.1289,    0.3259,    0.3459,    0.3420,    0.3316,    0.3064,    0.2874,    0.2523,    0.2321,    0.2231,    0.1956,    0.1503,    0.1396,    0.1077,    0.2782,    0.2122,    0.2027,    0.1367,    0.0993,    0.0803,    0.0322,    0.0284,    0.0202,    0.0070,    0.0057
