Particle       ,data/QEXT_96IR_84_VIS_NC250v2_2umrod
Ncase          ,  14
dt (sols)      ,  0.020833
Qext 0.67um    ,  1.336437
Alb sfc        ,  0.220000
Conrath nu     ,  0.002000
Sun Flux (W/m2),148.393084
BWN IR (cm-1)  ,     10.0000,     34.1670,     58.3330,     82.5000,    106.6670,    130.8330,    155.0000,    179.1670,    203.3330,    227.5000,    251.6670,    275.8330,    300.0000,    320.7880,    341.5750,    362.3630,    383.1500,    403.9380,    424.7250,    445.5130,    466.3010,    487.0880,    507.8760,    528.6630,    549.4510,    556.7420,    564.0330,    571.3240,    578.6150,    585.9060,    593.1970,    600.4880,    607.7790,    615.0700,    622.3610,    629.6520,    636.9430,    642.5500,    648.1570,    653.7640,    659.3700,    664.9770,    670.5840,    676.1910,    681.7980,    687.4050,    693.0110,    698.6180,    704.2250,    710.1390,    716.0530,    721.9670,    727.8810,    733.7950,    739.7090,    745.6240,    751.5380,    757.4520,    763.3660,    769.2800,    775.1940,    791.5010,    807.8070,    824.1140,    840.4210,    856.7270,    873.0340,    889.3410,    905.6470,    921.9540,    938.2610,    954.5670,    970.8740,    996.8050,   1022.7370,   1048.6680,   1074.6000,   1100.5310,   1126.4630,   1152.3940,   1178.3250,   1204.2570,   1230.1880,   1256.1200,   1282.0510,   1360.3990,   1438.7460,   1517.0940,   1595.4410,   1673.7890,   1752.1370,   1830.4840,   1908.8320,   1987.1790,   2065.5270,   2143.8740,   2222.2220
BWN VIS (cm-1) ,   2222.2200,   2294.3160,   2366.4120,   2438.5080,   2510.6030,   2582.6990,   2654.7950,   2726.8910,   2798.9870,   2871.0820,   2943.1780,   3015.2740,   3087.3700,   3165.9750,   3244.5800,   3323.1850,   3401.7900,   3480.3950,   3559.0000,   3637.6050,   3716.2100,   3794.8150,   3873.4200,   3952.0250,   4030.6300,   4142.2920,   4253.9530,   4365.6150,   4477.2770,   4588.9380,   4700.6000,   4812.2620,   4923.9230,   5035.5850,   5147.2470,   5258.9080,   5370.5700,   5560.6150,   5750.6600,   5940.7050,   6130.7500,   6320.7950,   6510.8400,   6700.8850,   6890.9300,   7080.9750,   7271.0200,   7461.0650,   7651.1100,   8055.1840,   8459.2580,   8863.3330,   9267.4070,   9671.4810,  10075.5550,  10479.6290,  10883.7030,  11287.7780,  11691.8520,  12095.9260,  12500.0000,  13541.6670,  14583.3330,  15625.0000,  16666.6670,  17708.3330,  18750.0000,  19791.6670,  20833.3330,  21875.0000,  22916.6670,  23958.3330,  25000.0000,  26388.8890,  27777.7780,  29166.6670,  30555.5570,  31944.4460,  33333.3350,  34722.2240,  36111.1130,  37500.0030,  38888.8920,  40277.7810,  41666.6700
SUN VIS (W/m2) ,      0.1008,      0.0862,      0.0968,      0.1089,      0.1224,      0.1136,      0.1248,      0.1400,      0.1233,      0.1698,      0.1502,      0.1645,      0.1814,      0.1477,      0.2144,      0.2377,      0.1946,      0.2106,      0.2276,      0.2472,      0.2683,      0.1918,      0.3072,      0.3239,      0.3986,      0.4261,      0.4410,      0.4688,      0.4810,      0.5017,      0.5013,      0.5485,      0.5772,      0.5665,      0.6183,      0.6303,      1.0809,      1.1806,      1.2379,      1.2751,      1.2949,      1.4092,      1.3262,      1.4132,      1.3634,      1.4505,      1.3747,      1.4716,      3.1730,      3.1258,      3.2038,      3.2543,      3.2846,      3.1576,      3.2685,      3.3520,      3.4202,      3.1800,      3.1347,      3.2554,      8.2299,      7.8425,      7.7561,      7.5237,      6.9524,      6.5235,      5.7299,      5.2748,      5.0739,      4.4511,      3.4228,      3.1828,      2.4579,      2.2644,      1.7312,      1.6575,      1.1215,      0.8173,      0.6634,      0.2677,      0.2374,      0.1697,      0.0593,      0.0486
================
wavelenght [um],    0.244068,    0.252632,    0.261818,    0.271698,    0.282353,    0.293878,    0.306383,    0.320000,    0.334884,    0.351220,    0.369231,    0.389189,    0.408511,    0.426667,    0.446512,    0.468293,    0.492308,    0.518919,    0.548571,    0.581818,    0.619355,    0.662069,    0.711111,    0.768000,    0.813143,    0.840768,    0.870336,    0.902060,    0.936184,    0.972991,    1.012810,    1.056028,    1.103099,    1.154562,    1.211061,    1.273375,    1.323436,    1.357581,    1.393534,    1.431444,    1.471474,    1.513807,    1.558648,    1.606226,    1.656801,    1.710664,    1.768147,    1.829628,    1.881560,    1.921939,    1.964090,    2.008131,    2.054193,    2.102417,    2.152960,    2.205992,    2.261704,    2.320302,    2.382017,    2.447105,    2.505432,    2.555765,    2.608162,    2.662752,    2.719677,    2.779088,    2.841153,    2.906054,    2.973989,    3.045176,    3.119855,    3.198288,    3.277268,    3.356577,    3.439819,    3.527294,    3.619334,    3.716307,    3.818620,    3.926726,    4.041130,    4.162400,    4.291175,    4.428172,    4.580751,    4.751270,    4.934974,    5.133456,    5.348572,    5.582505,    5.837838,    6.117648,    6.425631,    6.766266,    7.145039,    7.568734,    7.879690,    8.044056,    8.215425,    8.394255,    8.581043,    8.776330,    8.980716,    9.194848,    9.419442,    9.655282,    9.903235,   10.164260,   10.387231,   10.566200,   10.751445,   10.943308,   11.142136,   11.348323,   11.562291,   11.784476,   12.015368,   12.255495,   12.505409,   12.765727,   12.949392,   13.049328,   13.150818,   13.253898,   13.358608,   13.464994,   13.573088,   13.682923,   13.794549,   13.908012,   14.023357,   14.140631,   14.256763,   14.371646,   14.488386,   14.607038,   14.727660,   14.850291,   14.974981,   15.101782,   15.230738,   15.361915,   15.495384,   15.631191,   15.790367,   15.974275,   16.162517,   16.355249,   16.552633,   16.754839,   16.962047,   17.174443,   17.392227,   17.615605,   17.844795,   18.080028,   18.550914,   19.294981,   20.101230,   20.977796,   21.934298,   22.982219,   24.135264,   25.410119,   26.827165,   28.411593,   30.194923,   32.217118,   34.732292,   37.914692,   41.739101,   46.421699,   52.287582,   59.850314,   69.970927,   84.210526,  105.726686,  142.012170,  216.216216,  452.826771
Qext           ,      1.0754,      1.0754,      1.0754,      1.0754,      1.0754,      1.0754,      1.0754,      1.0754,      1.0754,      1.0754,      1.0754,      1.3364,      1.3364,      1.3364,      1.3364,      1.3364,      1.3364,      1.3364,      1.3364,      1.3364,      1.3364,      1.3364,      1.3364,      1.1703,      1.1703,      1.1703,      1.1703,      1.1703,      1.1703,      1.1703,      1.1703,      1.1703,      1.1703,      1.1174,      1.1174,      1.1174,      1.1174,      1.1174,      1.1174,      1.1174,      1.1174,      1.2476,      1.2476,      1.2476,      1.2476,      1.2476,      1.2476,      1.2476,      1.3186,      1.3186,      1.3186,      1.3186,      1.3186,      1.3186,      1.3186,      1.3186,      1.5214,      1.5214,      1.5214,      1.5214,      1.5214,      1.5214,      1.6041,      1.6041,      1.6041,      1.6041,      1.6041,      1.6041,      1.5363,      1.5363,      1.5363,      1.5363,      1.5363,      1.6831,      1.6831,      1.6831,      1.6831,      1.7721,      1.7721,      1.7721,      1.7721,      1.8902,      1.8902,      1.8902,      1.9973,      1.9973,      2.0674,      2.0674,      2.2411,      2.2120,      2.2120,      2.0002,      2.1499,      2.1792,      2.2004,      2.2047,      2.0526,      2.0526,      1.9401,      1.9401,      1.9955,      1.9955,      2.0031,      2.0031,      1.8156,      1.5681,      1.5681,      1.3703,      1.4286,      1.4286,      1.5439,      1.5439,      1.8093,      1.8093,      2.0827,      2.2706,      2.2706,      2.2423,      2.2423,      2.2000,      2.2042,      2.2042,      2.2042,      2.2042,      2.1569,      2.1569,      2.1569,      2.1728,      2.1728,      2.1728,      2.2024,      2.2024,      2.2024,      2.1139,      2.1139,      2.1139,      2.0649,      2.0649,      2.0649,      2.2060,      2.2060,      2.2060,      2.3381,      2.3381,      2.3381,      2.1837,      2.1837,      1.7754,      1.7754,      1.3948,      1.2489,      1.2489,      1.3164,      1.3164,      1.4556,      1.5656,      1.6008,      1.7158,      1.6539,      1.2903,      1.0903,      1.1198,      0.9831,      0.7155,      0.5315,      0.5618,      1.1934,      1.8677,      1.5249,      1.1412,      1.4234,      0.6960,      0.3969,      0.8496,      0.8496,      0.8496,      0.8496,      0.8496,      0.8496,      0.8496
Qscat          ,      0.5944,      0.5944,      0.5944,      0.5944,      0.5944,      0.5944,      0.5944,      0.5944,      0.5944,      0.5944,      0.5944,      0.4379,      0.4379,      0.4379,      0.4379,      0.4379,      0.4379,      0.4379,      0.4379,      0.4379,      0.4379,      0.4379,      0.4379,      0.2272,      0.2272,      0.2272,      0.2272,      0.2272,      0.2272,      0.2272,      0.2272,      0.2272,      0.2272,      0.1749,      0.1749,      0.1749,      0.1749,      0.1749,      0.1749,      0.1749,      0.1749,      0.1709,      0.1709,      0.1709,      0.1709,      0.1709,      0.1709,      0.1709,      0.1596,      0.1596,      0.1596,      0.1596,      0.1596,      0.1596,      0.1596,      0.1596,      0.1670,      0.1670,      0.1670,      0.1670,      0.1670,      0.1670,      0.2083,      0.2083,      0.2083,      0.2083,      0.2083,      0.2083,      0.2099,      0.2099,      0.2099,      0.2099,      0.2099,      0.2254,      0.2254,      0.2254,      0.2254,      0.2138,      0.2138,      0.2138,      0.2138,      0.2391,      0.2391,      0.2391,      0.2620,      0.2620,      0.2994,      0.2994,      0.3571,      0.3709,      0.3709,      0.4147,      0.4693,      0.4901,      0.5271,      0.4968,      0.5294,      0.5294,      0.5886,      0.5886,      0.5890,      0.5890,      0.6793,      0.6793,      0.7113,      0.7304,      0.7304,      0.5866,      0.6414,      0.6414,      0.5911,      0.5911,      0.5499,      0.5499,      0.5036,      0.5324,      0.5324,      0.5858,      0.5858,      0.5989,      0.7679,      0.7679,      0.7679,      0.7679,      0.9964,      0.9964,      0.9964,      1.0468,      1.0468,      1.0468,      0.9901,      0.9901,      0.9901,      1.0418,      1.0418,      1.0418,      1.2013,      1.2013,      1.2013,      1.3463,      1.3463,      1.3463,      1.4242,      1.4242,      1.4242,      1.4178,      1.4178,      1.3179,      1.3179,      1.1822,      1.1128,      1.1128,      1.1456,      1.1456,      1.2111,      1.2145,      1.1719,      0.9661,      0.9218,      0.8717,      0.7191,      0.8597,      0.9830,      0.7154,      0.5314,      0.5617,      0.8447,      1.8675,      1.5248,      1.1411,      1.4233,      0.6960,      0.3969,      0.8495,      0.8495,      0.8495,      0.8495,      0.8495,      0.8495,      0.8495
G factor       ,      0.5500,      0.5500,      0.5500,      0.5500,      0.5500,      0.5500,      0.5500,      0.5500,      0.5500,      0.5500,      0.5500,      0.2800,      0.2800,      0.2800,      0.2800,      0.2800,      0.2800,      0.2800,      0.2800,      0.2800,      0.2800,      0.2800,      0.2800,      0.2380,      0.2380,      0.2380,      0.2380,      0.2380,      0.2380,      0.2380,      0.2380,      0.2380,      0.2380,      0.2460,      0.2460,      0.2460,      0.2460,      0.2460,      0.2460,      0.2460,      0.2460,      0.2590,      0.2590,      0.2590,      0.2590,      0.2590,      0.2590,      0.2590,      0.2790,      0.2790,      0.2790,      0.2790,      0.2790,      0.2790,      0.2790,      0.2790,      0.2770,      0.2770,      0.2770,      0.2770,      0.2770,      0.2770,      0.2590,      0.2590,      0.2590,      0.2590,      0.2590,      0.2590,      0.2800,      0.2800,      0.2800,      0.2800,      0.2800,      0.3220,      0.3220,      0.3220,      0.3220,      0.2880,      0.2880,      0.2880,      0.2880,      0.2580,      0.2580,      0.2580,      0.2500,      0.2500,      0.2710,      0.2710,      0.2690,      0.2130,      0.2130,      0.2610,      0.2990,      0.2600,      0.2890,      0.2740,      0.3150,      0.3150,      0.2400,      0.2400,      0.2600,      0.2600,      0.3240,      0.3240,      0.3520,      0.2620,      0.2620,      0.1640,      0.1320,      0.1320,      0.0620,      0.0620,      0.0590,      0.0590,      0.0810,      0.1140,      0.1140,      0.1360,      0.1360,      0.1430,      0.1880,      0.1880,      0.1880,      0.1880,      0.2250,      0.2250,      0.2250,      0.1960,      0.1960,      0.1960,      0.1710,      0.1710,      0.1710,      0.2150,      0.2150,      0.2150,      0.2990,      0.2990,      0.2990,      0.3350,      0.3350,      0.3350,      0.3070,      0.3070,      0.3070,      0.2450,      0.2450,      0.1600,      0.1600,      0.0780,      0.0740,      0.0740,      0.1530,      0.1530,      0.2320,      0.2730,      0.2750,      0.2570,      0.2550,      0.2380,      0.1050,      0.0400,      0.1220,      0.2270,      0.2420,      0.2500,      0.3150,      0.3670,      0.3620,      0.1080,      0.0120,      0.0360,     -0.0740,     -0.0160,     -0.0160,     -0.0160,     -0.0160,     -0.0160,     -0.0160,     -0.0160
================
P [mbar]       ,    0.1004,    0.1015,    0.1034,    0.1069,    0.1130,    0.1239,    0.1432,    0.1740,    0.2226,    0.3028,    0.4349,    0.6529,    1.0121,    1.6044,    2.4646,    3.4606,    4.3994,    5.2226,    5.8426,    6.2132,    6.3980,    6.4686,    6.5039,    6.5168
Temp initial[K],  155.0000,  155.0000,  155.0000,  155.0000,  155.0000,  155.0000,  155.0000,  155.0000,  155.0000,  155.0000,  155.0000,  155.0000,  158.8233,  165.4041,  173.2716,  181.4436,  190.2788,  198.8130,  204.5783,  207.8249,  209.4219,  210.0497,  210.3719,  210.4891
================
it   ,   tau    ,  Tsfc    ,   alb    ,   OLR    ,    ASR   ,  NET top ,  NET bot , T lev  01, T lev  02, T lev  03, T lev  04, T lev  05, T lev  06, T lev  07, T lev  08, T lev  09, T lev  10, T lev  11, T lev  12, T lev  13, T lev  14, T lev  15, T lev  16, T lev  17, T lev  18, T lev  19, T lev  20, T lev  21, T lev  22, T lev  23, T lev  24, T lev  25,  OLR IR01,  OLR IR02,  OLR IR03,  OLR IR04,  OLR IR05,  OLR IR06,  OLR IR07,  OLR IR08,  OLR IR09,  OLR IR10,  OLR IR11,  OLR IR12,  OLR IR13,  OLR IR14,  OLR IR15,  OLR IR16,  OLR IR17,  OLR IR18,  OLR IR19,  OLR IR20,  OLR IR21,  OLR IR22,  OLR IR23,  OLR IR24,  OLR IR25,  OLR IR26,  OLR IR27,  OLR IR28,  OLR IR29,  OLR IR30,  OLR IR31,  OLR IR32,  OLR IR33,  OLR IR34,  OLR IR35,  OLR IR36,  OLR IR37,  OLR IR38,  OLR IR39,  OLR IR40,  OLR IR41,  OLR IR42,  OLR IR43,  OLR IR44,  OLR IR45,  OLR IR46,  OLR IR47,  OLR IR48,  OLR IR49,  OLR IR50,  OLR IR51,  OLR IR52,  OLR IR53,  OLR IR54,  OLR IR55,  OLR IR56,  OLR IR57,  OLR IR58,  OLR IR59,  OLR IR60,  OLR IR61,  OLR IR62,  OLR IR63,  OLR IR64,  OLR IR65,  OLR IR66,  OLR IR67,  OLR IR68,  OLR IR69,  OLR IR70,  OLR IR71,  OLR IR72,  OLR IR73,  OLR IR74,  OLR IR75,  OLR IR76,  OLR IR77,  OLR IR78,  OLR IR79,  OLR IR80,  OLR IR81,  OLR IR82,  OLR IR83,  OLR IR84,  OLR IR85,  OLR IR86,  OLR IR87,  OLR IR88,  OLR IR89,  OLR IR90,  OLR IR91,  OLR IR92,  OLR IR93,  OLR IR94,  OLR IR95,  OLR IR96, ASR VIS01, ASR VIS02, ASR VIS03, ASR VIS04, ASR VIS05, ASR VIS06, ASR VIS07, ASR VIS08, ASR VIS09, ASR VIS10, ASR VIS11, ASR VIS12, ASR VIS13, ASR VIS14, ASR VIS15, ASR VIS16, ASR VIS17, ASR VIS18, ASR VIS19, ASR VIS20, ASR VIS21, ASR VIS22, ASR VIS23, ASR VIS24, ASR VIS25, ASR VIS26, ASR VIS27, ASR VIS28, ASR VIS29, ASR VIS30, ASR VIS31, ASR VIS32, ASR VIS33, ASR VIS34, ASR VIS35, ASR VIS36, ASR VIS37, ASR VIS38, ASR VIS39, ASR VIS40, ASR VIS41, ASR VIS42, ASR VIS43, ASR VIS44, ASR VIS45, ASR VIS46, ASR VIS47, ASR VIS48, ASR VIS49, ASR VIS50, ASR VIS51, ASR VIS52, ASR VIS53, ASR VIS54, ASR VIS55, ASR VIS56, ASR VIS57, ASR VIS58, ASR VIS59, ASR VIS60, ASR VIS61, ASR VIS62, ASR VIS63, ASR VIS64, ASR VIS65, ASR VIS66, ASR VIS67, ASR VIS68, ASR VIS69, ASR VIS70, ASR VIS71, ASR VIS72, ASR VIS73, ASR VIS74, ASR VIS75, ASR VIS76, ASR VIS77, ASR VIS78, ASR VIS79, ASR VIS80, ASR VIS81, ASR VIS82, ASR VIS83, ASR VIS84, SFC DIR01, SFC DIR02, SFC DIR03, SFC DIR04, SFC DIR05, SFC DIR06, SFC DIR07, SFC DIR08, SFC DIR09, SFC DIR10, SFC DIR11, SFC DIR12, SFC DIR13, SFC DIR14, SFC DIR15, SFC DIR16, SFC DIR17, SFC DIR18, SFC DIR19, SFC DIR20, SFC DIR21, SFC DIR22, SFC DIR23, SFC DIR24, SFC DIR25, SFC DIR26, SFC DIR27, SFC DIR28, SFC DIR29, SFC DIR30, SFC DIR31, SFC DIR32, SFC DIR33, SFC DIR34, SFC DIR35, SFC DIR36, SFC DIR37, SFC DIR38, SFC DIR39, SFC DIR40, SFC DIR41, SFC DIR42, SFC DIR43, SFC DIR44, SFC DIR45, SFC DIR46, SFC DIR47, SFC DIR48, SFC DIR49, SFC DIR50, SFC DIR51, SFC DIR52, SFC DIR53, SFC DIR54, SFC DIR55, SFC DIR56, SFC DIR57, SFC DIR58, SFC DIR59, SFC DIR60, SFC DIR61, SFC DIR62, SFC DIR63, SFC DIR64, SFC DIR65, SFC DIR66, SFC DIR67, SFC DIR68, SFC DIR69, SFC DIR70, SFC DIR71, SFC DIR72, SFC DIR73, SFC DIR74, SFC DIR75, SFC DIR76, SFC DIR77, SFC DIR78, SFC DIR79, SFC DIR80, SFC DIR81, SFC DIR82, SFC DIR83, SFC DIR84, SFC DIR85, SFC DIR86, SFC DIR87, SFC DIR88, SFC DIR89, SFC DIR90, SFC DIR91, SFC DIR92, SFC DIR93, SFC DIR94, SFC DIR95, SFC DIR96,SFC DVIS01,SFC DVIS02,SFC DVIS03,SFC DVIS04,SFC DVIS05,SFC DVIS06,SFC DVIS07,SFC DVIS08,SFC DVIS09,SFC DVIS10,SFC DVIS11,SFC DVIS12,SFC DVIS13,SFC DVIS14,SFC DVIS15,SFC DVIS16,SFC DVIS17,SFC DVIS18,SFC DVIS19,SFC DVIS20,SFC DVIS21,SFC DVIS22,SFC DVIS23,SFC DVIS24,SFC DVIS25,SFC DVIS26,SFC DVIS27,SFC DVIS28,SFC DVIS29,SFC DVIS30,SFC DVIS31,SFC DVIS32,SFC DVIS33,SFC DVIS34,SFC DVIS35,SFC DVIS36,SFC DVIS37,SFC DVIS38,SFC DVIS39,SFC DVIS40,SFC DVIS41,SFC DVIS42,SFC DVIS43,SFC DVIS44,SFC DVIS45,SFC DVIS46,SFC DVIS47,SFC DVIS48,SFC DVIS49,SFC DVIS50,SFC DVIS51,SFC DVIS52,SFC DVIS53,SFC DVIS54,SFC DVIS55,SFC DVIS56,SFC DVIS57,SFC DVIS58,SFC DVIS59,SFC DVIS60,SFC DVIS61,SFC DVIS62,SFC DVIS63,SFC DVIS64,SFC DVIS65,SFC DVIS66,SFC DVIS67,SFC DVIS68,SFC DVIS69,SFC DVIS70,SFC DVIS71,SFC DVIS72,SFC DVIS73,SFC DVIS74,SFC DVIS75,SFC DVIS76,SFC DVIS77,SFC DVIS78,SFC DVIS79,SFC DVIS80,SFC DVIS81,SFC DVIS82,SFC DVIS83,SFC DVIS84
 1007,    0.0000,  218.8983,    0.2194,  117.0969,  115.8380,   -0.8625,   -0.7595,  158.4330,  155.0000,  155.0000,  155.0000,  155.0000,  155.0000,  155.0000,  155.0000,  155.0000,  155.0000,  155.0000,  155.0000,  155.0000,  158.8202,  165.3996,  173.2672,  181.4393,  190.2764,  198.8104,  204.5754,  207.8212,  209.4182,  210.0462,  210.3680,  210.4855,    0.0676,    0.2556,    0.5389,    0.8888,    1.2804,    1.6928,    2.1082,    2.5121,    2.8933,    3.2429,    3.5544,    3.8241,    3.4712,    3.6087,    3.7179,    3.7987,    3.8530,    3.8815,    3.8866,    3.8696,    3.8324,    3.7775,    3.7019,    3.5964,    1.2424,    1.2267,    1.2047,    1.1662,    1.1137,    1.0481,    0.8756,    0.8393,    0.7711,    0.6138,    0.5638,    0.3590,    0.1995,    0.1649,    0.1438,    0.1375,    0.1329,    0.1277,    0.1258,    0.1235,    0.1245,    0.1364,    0.1735,    0.2440,    0.3730,    0.4452,    0.3502,    0.5089,    0.4971,    0.5051,    0.5244,    0.6000,    0.6202,    0.6335,    0.6351,    0.6285,    1.6842,    1.6087,    1.5504,    1.4822,    1.4116,    1.3421,    1.2748,    1.2087,    1.1452,    1.0819,    1.0194,    0.9639,    1.4270,    1.3066,    1.1824,    1.0659,    0.9702,    0.8860,    0.8005,    0.7221,    0.6504,    0.5836,    0.5141,    0.4584,    1.1328,    0.8012,    0.5722,    0.3992,    0.2764,    0.1901,    0.1299,    0.0861,    0.0569,    0.0365,    0.0240,    0.0175,    0.0899,    0.0485,    0.0757,    0.0853,    0.0957,    0.0892,    0.0975,    0.1095,    0.0962,    0.1325,    0.1172,    0.1283,    0.1417,    0.1155,    0.1679,    0.1865,    0.1530,    0.1811,    0.2062,    0.2231,    0.2234,    0.1500,    0.2398,    0.2531,    0.3109,    0.3324,    0.3440,    0.3658,    0.3756,    0.3936,    0.3989,    0.4549,    0.4935,    0.4704,    0.4844,    0.4940,    0.8433,    0.9209,    0.9662,    0.9986,    1.0221,    1.1068,    1.0376,    1.1056,    1.0799,    1.1314,    1.0731,    1.1504,    2.4777,    2.4439,    2.4989,    2.5383,    2.5642,    2.4625,    2.5489,    2.6139,    2.6670,    2.4800,    2.4441,    2.5380,    6.4157,    6.1123,    6.0433,    5.8603,    5.4132,    5.0767,    4.4565,    4.0997,    3.9404,    3.4535,    2.6528,    2.4637,    1.8993,    1.7458,    1.3311,    1.2705,    0.8565,    0.6215,    0.5021,    0.2015,    0.1776,    0.1261,    0.0437,    0.0355,    0.0000,    0.0000,    0.0000,    0.0000,    0.0000,    0.0000,    0.0000,    0.0000,    0.0000,    0.0000,    0.0000,    0.0000,    0.0000,    0.0000,    0.0000,    0.0000,    0.0000,    0.0000,    0.0000,    0.0001,    0.0002,    0.0007,    0.0108,    0.0490,    0.0110,    0.0180,    0.0344,    0.0771,    0.1397,    0.2137,    0.4309,    0.4495,    0.5119,    0.6671,    0.7005,    0.8672,    0.6959,    0.7036,    0.7106,    0.6982,    0.6956,    0.7186,    0.6761,    0.6645,    0.6491,    0.6306,    0.6025,    0.5551,    0.4721,    0.3712,    0.4491,    0.2585,    0.2602,    0.2432,    0.2110,    0.1067,    0.0696,    0.0377,    0.0207,    0.0150,    0.0329,    0.0299,    0.0085,    0.0020,    0.0004,    0.0004,    0.0002,    0.0011,    0.0019,    0.0049,    0.0091,    0.0081,    0.0085,    0.0012,    0.0075,    0.0141,    0.0089,    0.0000,    0.0000,    0.0000,    0.0000,    0.0008,    0.0066,    0.0072,    0.0065,    0.0059,    0.0000,    0.0000,    0.0000,    0.0000,    0.0000,    0.0009,    0.0011,    0.0014,    0.0012,    0.0002,    0.0266,    0.0000,    0.0608,    0.1075,    0.1214,    0.1110,    0.1245,    0.1386,    0.1233,    0.1698,    0.1501,    0.1645,    0.1808,    0.1468,    0.2123,    0.2321,    0.1900,    0.1318,    0.0189,    0.0386,    0.1649,    0.1902,    0.3067,    0.3223,    0.3984,    0.4260,    0.4410,    0.4686,    0.4799,    0.4920,    0.4648,    0.4226,    0.3741,    0.4433,    0.6104,    0.6178,    1.0805,    1.1804,    1.2359,    1.2564,    1.2364,    1.3694,    1.3136,    1.3975,    1.2854,    1.4503,    1.3718,    1.4606,    3.1621,    3.0885,    3.2030,    3.2531,    3.2748,    3.1568,    3.2678,    3.3511,    3.4192,    3.1776,    3.1334,    3.2539,    8.2247,    7.8363,    7.7478,    7.5132,    6.9399,    6.5086,    5.7135,    5.2561,    5.0518,    4.4276,    3.4010,    3.1586,    2.4350,    2.2382,    1.7066,    1.6288,    1.0981,    0.7968,    0.6438,    0.2584,    0.2277,    0.1616,    0.0560,    0.0455
  827,    0.0500,  220.2979,    0.1982,  120.4742,  118.9831,   -0.9730,   -0.8533,  158.4330,  166.0084,  166.7962,  167.7123,  168.9375,  169.7424,  170.6992,  171.7997,  173.0277,  174.6504,  177.0009,  180.5624,  185.6466,  192.4531,  200.3858,  207.4627,  212.5952,  215.9370,  218.0954,  219.2962,  219.8967,  220.0894,  220.2035,  220.2636,  220.2564,    0.0659,    0.2494,    0.5260,    0.8680,    1.2512,    1.6553,    2.0628,    2.4999,    2.8552,    3.1176,    3.4682,    3.7405,    3.3719,    3.5756,    3.7196,    3.8059,    3.8415,    3.8286,    3.8315,    3.8377,    3.7982,    3.7292,    3.6531,    3.5574,    1.2274,    1.2126,    1.1944,    1.1676,    1.1340,    1.0984,    1.0008,    0.9879,    0.9477,    0.8321,    0.8280,    0.6881,    0.4463,    0.3831,    0.3217,    0.3106,    0.2913,    0.2496,    0.2830,    0.2852,    0.3012,    0.3360,    0.3943,    0.4540,    0.5491,    0.5842,    0.5026,    0.6067,    0.5983,    0.5930,    0.5916,    0.6271,    0.6302,    0.6330,    0.6297,    0.6218,    1.6689,    1.5942,    1.5300,    1.4604,    1.3912,    1.3274,    1.2663,    1.2012,    1.1437,    1.0817,    1.0248,    0.9698,    1.4383,    1.3123,    1.1903,    1.0735,    0.9710,    0.8853,    0.7995,    0.7216,    0.6509,    0.5849,    0.5202,    0.4658,    1.1364,    0.8069,    0.5732,    0.4012,    0.2793,    0.1911,    0.1308,    0.0876,    0.0590,    0.0387,    0.0256,    0.0180,    0.0911,    0.0480,    0.0782,    0.0896,    0.1006,    0.0936,    0.1024,    0.1147,    0.1009,    0.1388,    0.1228,    0.1340,    0.1479,    0.1205,    0.1752,    0.1945,    0.1602,    0.1864,    0.2063,    0.2238,    0.2300,    0.1569,    0.2507,    0.2647,    0.3251,    0.3475,    0.3597,    0.3824,    0.3903,    0.4088,    0.4142,    0.4674,    0.5042,    0.4834,    0.5035,    0.5130,    0.8737,    0.9541,    1.0010,    1.0342,    1.0571,    1.1455,    1.0748,    1.1401,    1.1107,    1.1668,    1.1066,    1.1861,    2.5548,    2.5196,    2.5769,    2.6144,    2.6409,    2.5364,    2.6253,    2.6923,    2.7470,    2.5543,    2.5174,    2.6142,    6.6082,    6.2592,    6.1887,    6.0014,    5.5436,    5.1992,    4.5642,    4.1990,    4.0360,    3.5375,    2.7175,    2.5240,    1.9460,    1.7633,    1.3446,    1.2834,    0.8654,    0.6281,    0.5075,    0.2037,    0.1796,    0.1275,    0.0442,    0.0360,    0.0022,    0.0082,    0.0173,    0.0285,    0.0410,    0.0543,    0.0677,    0.0405,    0.0728,    0.1666,    0.1342,    0.1383,    0.1515,    0.1600,    0.0596,    0.0583,    0.0807,    0.1256,    0.1835,    0.1838,    0.1962,    0.2690,    0.2929,    0.3090,    0.0947,    0.1057,    0.1340,    0.2161,    0.3182,    0.4234,    0.7221,    0.7506,    0.8242,    0.9583,    1.0003,    1.1078,    0.8505,    0.8427,    0.8341,    0.8245,    0.8152,    0.8059,    0.7960,    0.7863,    0.7764,    0.7660,    0.7541,    0.7349,    0.7084,    0.6075,    0.6519,    0.4631,    0.4660,    0.4529,    0.3976,    0.2555,    0.2058,    0.1452,    0.1122,    0.1004,    0.2535,    0.2386,    0.1902,    0.1754,    0.1605,    0.1408,    0.1140,    0.1108,    0.0913,    0.0928,    0.0880,    0.0802,    0.1089,    0.0901,    0.0971,    0.1160,    0.1084,    0.0767,    0.0713,    0.0641,    0.0560,    0.0526,    0.0604,    0.0557,    0.1253,    0.0908,    0.0543,    0.0368,    0.0238,    0.0182,    0.0123,    0.0107,    0.0079,    0.0071,    0.0054,    0.0021,    0.0206,    0.0000,    0.0526,    0.0948,    0.1073,    0.0981,    0.1100,    0.1234,    0.1098,    0.1512,    0.1337,    0.1480,    0.1625,    0.1319,    0.1906,    0.2081,    0.1683,    0.1098,    0.0134,    0.0296,    0.1426,    0.1698,    0.2755,    0.2892,    0.3580,    0.3828,    0.3963,    0.4211,    0.4376,    0.4479,    0.4177,    0.3798,    0.3347,    0.3997,    0.5545,    0.5625,    0.9915,    1.0831,    1.1341,    1.1509,    1.1305,    1.2536,    1.2039,    1.2932,    1.1888,    1.3443,    1.2712,    1.3529,    2.9302,    2.8596,    2.9690,    3.0113,    3.0310,    2.9221,    3.0249,    3.1021,    3.1651,    2.9415,    2.9006,    3.0120,    7.6134,    7.2452,    7.1634,    6.9465,    6.4164,    6.0176,    5.2825,    4.8595,    4.6706,    4.0935,    3.1444,    2.9202,    2.2513,    2.1382,    1.6302,    1.5559,    1.0489,    0.7612,    0.6149,    0.2468,    0.2175,    0.1544,    0.0535,    0.0435
  824,    0.1000,  221.0983,    0.1799,  123.1797,  121.6829,   -0.8343,   -0.7286,  158.4330,  175.7646,  176.5912,  177.5594,  178.7994,  179.8870,  181.1989,  182.6975,  184.4993,  186.5819,  189.3760,  193.1999,  198.4049,  205.2986,  212.8661,  218.9969,  222.9549,  225.1000,  226.0609,  225.8984,  225.0316,  223.8984,  223.0725,  222.3624,  222.1005,    0.0642,    0.2427,    0.5121,    0.8454,    1.2190,    1.6133,    2.0113,    2.4764,    2.8048,    2.9885,    3.3693,    3.6409,    3.2604,    3.5426,    3.6960,    3.7858,    3.8022,    3.7500,    3.7710,    3.8062,    3.7684,    3.7117,    3.6385,    3.5294,    1.2148,    1.1996,    1.1843,    1.1714,    1.1530,    1.1370,    1.0884,    1.0848,    1.0586,    0.9636,    0.9750,    0.8584,    0.5796,    0.5128,    0.4426,    0.4333,    0.4079,    0.3491,    0.3991,    0.4018,    0.4200,    0.4565,    0.5160,    0.5708,    0.6610,    0.6804,    0.6021,    0.6799,    0.6736,    0.6657,    0.6532,    0.6653,    0.6617,    0.6543,    0.6457,    0.6359,    1.7116,    1.6362,    1.5645,    1.4952,    1.4242,    1.3578,    1.2896,    1.2246,    1.1617,    1.1007,    1.0431,    0.9871,    1.4665,    1.3349,    1.2153,    1.1073,    1.0036,    0.9111,    0.8249,    0.7453,    0.6722,    0.6054,    0.5443,    0.4885,    1.1914,    0.8492,    0.6026,    0.4234,    0.2954,    0.2037,    0.1399,    0.0950,    0.0646,    0.0432,    0.0289,    0.0198,    0.0915,    0.0476,    0.0800,    0.0930,    0.1044,    0.0971,    0.1064,    0.1189,    0.1046,    0.1439,    0.1273,    0.1386,    0.1529,    0.1246,    0.1811,    0.2010,    0.1657,    0.1894,    0.2059,    0.2236,    0.2345,    0.1625,    0.2596,    0.2741,    0.3367,    0.3599,    0.3725,    0.3961,    0.4026,    0.4215,    0.4260,    0.4770,    0.5121,    0.4935,    0.5192,    0.5288,    0.8995,    0.9824,    1.0305,    1.0642,    1.0861,    1.1780,    1.1061,    1.1697,    1.1369,    1.1974,    1.1356,    1.2169,    2.6216,    2.5848,    2.6445,    2.6803,    2.7071,    2.6003,    2.6915,    2.7601,    2.8162,    2.6186,    2.5809,    2.6801,    6.7749,    6.3863,    6.3144,    6.1234,    5.6565,    5.3052,    4.6575,    4.2849,    4.1188,    3.6103,    2.7736,    2.5763,    1.9865,    1.7799,    1.3573,    1.2957,    0.8738,    0.6342,    0.5126,    0.2058,    0.1814,    0.1289,    0.0447,    0.0364,    0.0042,    0.0159,    0.0336,    0.0555,    0.0800,    0.1059,    0.1320,    0.0802,    0.1431,    0.3195,    0.2607,    0.2693,    0.2930,    0.3326,    0.1184,    0.1159,    0.1598,    0.2460,    0.3769,    0.3872,    0.4149,    0.5747,    0.6077,    0.5670,    0.1784,    0.1866,    0.2179,    0.3172,    0.4348,    0.5483,    0.8690,    0.9039,    0.9762,    1.0864,    1.1289,    1.1954,    0.9018,    0.8850,    0.8674,    0.8580,    0.8466,    0.8293,    0.8273,    0.8187,    0.8117,    0.8066,    0.8058,    0.8014,    0.8081,    0.7214,    0.7406,    0.5788,    0.5809,    0.5714,    0.5086,    0.3650,    0.3195,    0.2475,    0.2089,    0.1942,    0.5086,    0.4849,    0.4204,    0.4017,    0.3741,    0.3304,    0.2681,    0.2587,    0.2093,    0.2067,    0.1857,    0.1710,    0.2394,    0.2125,    0.2145,    0.2475,    0.2427,    0.1914,    0.1797,    0.1624,    0.1426,    0.1318,    0.1389,    0.1265,    0.3122,    0.2252,    0.1488,    0.1032,    0.0682,    0.0531,    0.0366,    0.0286,    0.0198,    0.0158,    0.0115,    0.0058,    0.0171,    0.0000,    0.0459,    0.0837,    0.0948,    0.0866,    0.0973,    0.1099,    0.0978,    0.1347,    0.1191,    0.1332,    0.1461,    0.1187,    0.1713,    0.1869,    0.1499,    0.0951,    0.0109,    0.0249,    0.1252,    0.1518,    0.2475,    0.2598,    0.3217,    0.3440,    0.3562,    0.3784,    0.3991,    0.4082,    0.3786,    0.3441,    0.3028,    0.3627,    0.5050,    0.5126,    0.9098,    0.9939,    1.0407,    1.0553,    1.0357,    1.1492,    1.1042,    1.1977,    1.1008,    1.2460,    1.1782,    1.2537,    2.7158,    2.6494,    2.7520,    2.7875,    2.8055,    2.7048,    2.8001,    2.8715,    2.9298,    2.7228,    2.6850,    2.7882,    7.0475,    6.6990,    6.6234,    6.4228,    5.9328,    5.5640,    4.8843,    4.4932,    4.3186,    3.7850,    2.9074,    2.7002,    2.0816,    2.0433,    1.5579,    1.4868,    1.0024,    0.7274,    0.5876,    0.2358,    0.2078,    0.1475,    0.0511,    0.0416
  783,    0.1500,  221.8976,    0.1643,  125.6371,  124.0074,   -0.8454,   -0.7189,  158.4330,  182.3050,  183.1876,  184.1861,  185.3977,  186.6089,  188.0931,  189.9015,  191.7983,  194.0972,  197.0790,  200.9823,  206.1957,  212.7010,  219.6171,  224.9986,  228.2498,  229.8191,  230.2928,  229.5951,  228.1571,  226.3103,  225.0722,  223.8903,  223.4669,    0.0625,    0.2365,    0.4991,    0.8241,    1.1888,    1.5739,    1.9628,    2.4536,    2.7569,    2.8713,    3.2772,    3.5480,    3.1578,    3.5199,    3.6731,    3.7664,    3.7646,    3.6762,    3.7237,    3.7886,    3.7544,    3.7190,    3.6489,    3.5166,    1.2073,    1.1903,    1.1761,    1.1732,    1.1644,    1.1604,    1.1435,    1.1449,    1.1271,    1.0467,    1.0649,    0.9646,    0.6665,    0.6008,    0.5283,    0.5212,    0.4925,    0.4238,    0.4835,    0.4862,    0.5043,    0.5392,    0.5963,    0.6453,    0.7319,    0.7428,    0.6680,    0.7301,    0.7247,    0.7164,    0.6983,    0.6979,    0.6930,    0.6796,    0.6679,    0.6570,    1.7744,    1.6986,    1.6218,    1.5533,    1.4802,    1.4093,    1.3308,    1.2651,    1.1933,    1.1323,    1.0712,    1.0139,    1.5092,    1.3731,    1.2540,    1.1554,    1.0524,    0.9535,    0.8662,    0.7836,    0.7068,    0.6378,    0.5788,    0.5205,    1.2752,    0.9129,    0.6497,    0.4588,    0.3209,    0.2238,    0.1544,    0.1061,    0.0726,    0.0492,    0.0332,    0.0226,    0.0917,    0.0473,    0.0814,    0.0957,    0.1075,    0.0999,    0.1095,    0.1222,    0.1076,    0.1480,    0.1309,    0.1423,    0.1571,    0.1279,    0.1860,    0.2062,    0.1701,    0.1916,    0.2055,    0.2234,    0.2378,    0.1669,    0.2669,    0.2817,    0.3462,    0.3701,    0.3830,    0.4073,    0.4130,    0.4321,    0.4356,    0.4849,    0.5184,    0.5018,    0.5323,    0.5421,    0.9215,    1.0064,    1.0557,    1.0896,    1.1107,    1.2055,    1.1328,    1.1952,    1.1596,    1.2240,    1.1607,    1.2436,    2.6795,    2.6412,    2.7033,    2.7372,    2.7644,    2.6556,    2.7487,    2.8189,    2.8761,    2.6743,    2.6358,    2.7371,    6.9191,    6.4960,    6.4230,    6.2289,    5.7540,    5.3968,    4.7380,    4.3592,    4.1904,    3.6733,    2.8221,    2.6216,    2.0216,    1.7953,    1.3692,    1.3072,    0.8816,    0.6400,    0.5173,    0.2077,    0.1832,    0.1301,    0.0452,    0.0367,    0.0062,    0.0233,    0.0491,    0.0811,    0.1170,    0.1549,    0.1932,    0.1192,    0.2109,    0.4604,    0.3804,    0.3936,    0.4257,    0.5042,    0.1765,    0.1730,    0.2374,    0.3618,    0.5679,    0.5913,    0.6343,    0.8785,    0.9177,    0.8121,    0.2579,    0.2605,    0.2909,    0.3983,    0.5225,    0.6380,    0.9656,    1.0052,    1.0740,    1.1681,    1.2084,    1.2506,    0.9368,    0.9154,    0.8932,    0.8840,    0.8713,    0.8493,    0.8520,    0.8439,    0.8384,    0.8360,    0.8406,    0.8432,    0.8682,    0.7938,    0.7979,    0.6591,    0.6601,    0.6527,    0.5886,    0.4518,    0.4141,    0.3390,    0.2989,    0.2829,    0.7547,    0.7246,    0.6500,    0.6283,    0.5902,    0.5246,    0.4288,    0.4126,    0.3327,    0.3253,    0.2867,    0.2657,    0.3772,    0.3444,    0.3386,    0.3839,    0.3830,    0.3162,    0.2979,    0.2700,    0.2380,    0.2189,    0.2238,    0.2034,    0.5182,    0.3747,    0.2572,    0.1805,    0.1209,    0.0947,    0.0658,    0.0497,    0.0338,    0.0258,    0.0184,    0.0104,    0.0145,    0.0000,    0.0401,    0.0740,    0.0838,    0.0766,    0.0860,    0.0978,    0.0871,    0.1200,    0.1060,    0.1198,    0.1315,    0.1067,    0.1540,    0.1681,    0.1338,    0.0835,    0.0093,    0.0215,    0.1107,    0.1357,    0.2224,    0.2334,    0.2891,    0.3092,    0.3201,    0.3401,    0.3641,    0.3722,    0.3441,    0.3127,    0.2750,    0.3299,    0.4602,    0.4674,    0.8349,    0.9120,    0.9550,    0.9679,    0.9496,    1.0540,    1.0130,    1.1097,    1.0198,    1.1550,    1.0920,    1.1619,    2.5172,    2.4551,    2.5509,    2.5803,    2.5969,    2.5038,    2.5920,    2.6581,    2.7120,    2.5204,    2.4854,    2.5809,    6.5237,    6.1944,    6.1245,    5.9391,    5.4859,    5.1449,    4.5164,    4.1548,    3.9934,    3.4999,    2.6885,    2.4968,    1.9249,    1.9529,    1.4890,    1.4211,    0.9581,    0.6952,    0.5617,    0.2254,    0.1987,    0.1410,    0.0489,    0.0397
  703,    0.2000,  222.6968,    0.1507,  127.8589,  126.0107,   -0.9591,   -0.8184,  158.4330,  187.2157,  188.0956,  189.1067,  190.3991,  191.6673,  193.2057,  195.1007,  197.1984,  199.5984,  202.6008,  206.4951,  211.5015,  217.6984,  224.0131,  228.7993,  231.5096,  232.7784,  232.8973,  231.9974,  230.2962,  228.1974,  226.6934,  225.1411,  224.7200,    0.0609,    0.2306,    0.4868,    0.8041,    1.1603,    1.5367,    1.9172,    2.4315,    2.7112,    2.7644,    3.1913,    3.4612,    3.0631,    3.5034,    3.6511,    3.7476,    3.7285,    3.6068,    3.6854,    3.7795,    3.7497,    3.7390,    3.6718,    3.5123,    1.2028,    1.1830,    1.1687,    1.1731,    1.1706,    1.1748,    1.1805,    1.1854,    1.1731,    1.1047,    1.1261,    1.0390,    0.7292,    0.6659,    0.5937,    0.5884,    0.5578,    0.4833,    0.5487,    0.5511,    0.5684,    0.6010,    0.6547,    0.6981,    0.7811,    0.7869,    0.7158,    0.7670,    0.7619,    0.7537,    0.7328,    0.7254,    0.7214,    0.7046,    0.6913,    0.6798,    1.8418,    1.7657,    1.6856,    1.6178,    1.5428,    1.4672,    1.3786,    1.3118,    1.2304,    1.1689,    1.1032,    1.0445,    1.5578,    1.4181,    1.2982,    1.2080,    1.1061,    1.0018,    0.9131,    0.8273,    0.7463,    0.6746,    0.6166,    0.5554,    1.3679,    0.9835,    0.7028,    0.4988,    0.3499,    0.2466,    0.1710,    0.1185,    0.0814,    0.0556,    0.0378,    0.0257,    0.0918,    0.0471,    0.0824,    0.0979,    0.1099,    0.1020,    0.1120,    0.1249,    0.1100,    0.1514,    0.1339,    0.1454,    0.1605,    0.1307,    0.1899,    0.2105,    0.1736,    0.1931,    0.2052,    0.2232,    0.2404,    0.1706,    0.2729,    0.2880,    0.3540,    0.3784,    0.3917,    0.4164,    0.4218,    0.4409,    0.4436,    0.4914,    0.5236,    0.5087,    0.5433,    0.5532,    0.9403,    1.0269,    1.0771,    1.1112,    1.1315,    1.2288,    1.1554,    1.2174,    1.1793,    1.2471,    1.1825,    1.2668,    2.7297,    2.6901,    2.7542,    2.7865,    2.8139,    2.7035,    2.7983,    2.8697,    2.9280,    2.7225,    2.6834,    2.7865,    7.0440,    6.5909,    6.5169,    6.3200,    5.8383,    5.4760,    4.8077,    4.4235,    4.2523,    3.7277,    2.8641,    2.6607,    2.0520,    1.8095,    1.3801,    1.3177,    0.8888,    0.6454,    0.5217,    0.2095,    0.1848,    0.1313,    0.0456,    0.0371,    0.0080,    0.0303,    0.0639,    0.1055,    0.1523,    0.2017,    0.2516,    0.1576,    0.2766,    0.5910,    0.4939,    0.5120,    0.5506,    0.6717,    0.2339,    0.2295,    0.3135,    0.4733,    0.7537,    0.7914,    0.8490,    1.1710,    1.2144,    1.0443,    0.3332,    0.3292,    0.3566,    0.4677,    0.5940,    0.7090,    1.0373,    1.0808,    1.1455,    1.2277,    1.2653,    1.2912,    0.9638,    0.9397,    0.9144,    0.9054,    0.8918,    0.8667,    0.8724,    0.8648,    0.8603,    0.8595,    0.8674,    0.8737,    0.9102,    0.8460,    0.8399,    0.7207,    0.7206,    0.7142,    0.6515,    0.5242,    0.4945,    0.4203,    0.3808,    0.3642,    0.9820,    0.9469,    0.8656,    0.8410,    0.7942,    0.7100,    0.5854,    0.5624,    0.4545,    0.4419,    0.3862,    0.3598,    0.5150,    0.4772,    0.4624,    0.5176,    0.5200,    0.4407,    0.4156,    0.3776,    0.3338,    0.3063,    0.3082,    0.2798,    0.7232,    0.5244,    0.3674,    0.2599,    0.1758,    0.1377,    0.0964,    0.0715,    0.0485,    0.0361,    0.0255,    0.0153,    0.0125,    0.0000,    0.0351,    0.0654,    0.0741,    0.0677,    0.0760,    0.0872,    0.0776,    0.1069,    0.0945,    0.1078,    0.1183,    0.0960,    0.1385,    0.1511,    0.1195,    0.0738,    0.0080,    0.0188,    0.0983,    0.1214,    0.1999,    0.2097,    0.2598,    0.2779,    0.2876,    0.3056,    0.3321,    0.3394,    0.3131,    0.2846,    0.2501,    0.3004,    0.4195,    0.4263,    0.7661,    0.8369,    0.8763,    0.8880,    0.8709,    0.9669,    0.9294,    1.0283,    0.9450,    1.0706,    1.0122,    1.0769,    2.3332,    2.2753,    2.3645,    2.3885,    2.4039,    2.3177,    2.3993,    2.4605,    2.5105,    2.3331,    2.3007,    2.3891,    6.0389,    5.7283,    5.6636,    5.4922,    5.0731,    4.7578,    4.1766,    3.8422,    3.6929,    3.2366,    2.4862,    2.3090,    1.7801,    1.8667,    1.4233,    1.3584,    0.9158,    0.6646,    0.5369,    0.2155,    0.1899,    0.1348,    0.0467,    0.0380
  593,    0.3000,  223.9975,    0.1290,  131.2464,  129.2283,   -0.9529,   -0.8101,  158.4330,  194.3345,  195.2632,  196.3102,  197.5952,  198.9023,  200.6050,  202.6990,  204.8811,  207.2981,  210.2971,  213.9001,  218.5975,  224.0974,  229.4984,  233.3642,  235.3998,  236.1606,  235.9969,  234.8973,  233.0961,  230.6882,  228.8800,  227.0744,  226.5184,    0.0579,    0.2194,    0.4635,    0.7660,    1.1059,    1.4655,    1.8295,    2.3837,    2.6194,    2.5700,    3.0274,    3.2937,    2.8850,    3.4735,    3.5971,    3.6990,    3.6474,    3.4666,    3.6153,    3.7635,    3.7436,    3.7854,    3.7233,    3.5063,    1.1948,    1.1680,    1.1512,    1.1657,    1.1706,    1.1856,    1.2234,    1.2335,    1.2286,    1.1803,    1.2034,    1.1377,    0.8157,    0.7582,    0.6896,    0.6868,    0.6548,    0.5743,    0.6455,    0.6470,    0.6620,    0.6895,    0.7359,    0.7694,    0.8455,    0.8447,    0.7811,    0.8171,    0.8119,    0.8046,    0.7817,    0.7674,    0.7670,    0.7477,    0.7330,    0.7209,    1.9635,    1.8869,    1.8031,    1.7362,    1.6581,    1.5751,    1.4697,    1.4006,    1.3015,    1.2388,    1.1634,    1.1025,    1.6494,    1.5048,    1.3820,    1.3059,    1.2061,    1.0938,    1.0021,    0.9101,    0.8215,    0.7446,    0.6868,    0.6203,    1.5408,    1.1154,    0.8034,    0.5748,    0.4056,    0.2898,    0.2026,    0.1418,    0.0980,    0.0676,    0.0463,    0.0316,    0.0919,    0.0467,    0.0839,    0.1009,    0.1133,    0.1052,    0.1156,    0.1288,    0.1135,    0.1562,    0.1381,    0.1501,    0.1655,    0.1348,    0.1958,    0.2169,    0.1788,    0.1953,    0.2046,    0.2228,    0.2441,    0.1759,    0.2818,    0.2973,    0.3656,    0.3908,    0.4045,    0.4300,    0.4353,    0.4547,    0.4559,    0.5013,    0.5316,    0.5193,    0.5603,    0.5705,    0.9698,    1.0592,    1.1109,    1.1452,    1.1642,    1.2656,    1.1911,    1.2531,    1.2110,    1.2844,    1.2178,    1.3042,    2.8110,    2.7691,    2.8368,    2.8661,    2.8939,    2.7807,    2.8783,    2.9517,    3.0117,    2.8003,    2.7601,    2.8662,    7.2456,    6.7436,    6.6680,    6.4668,    5.9741,    5.6036,    4.9199,    4.5270,    4.3522,    3.8155,    2.9319,    2.7240,    2.1011,    1.8346,    1.3995,    1.3366,    0.9017,    0.6549,    0.5296,    0.2128,    0.1877,    0.1335,    0.0463,    0.0377,    0.0114,    0.0432,    0.0912,    0.1508,    0.2177,    0.2885,    0.3601,    0.2317,    0.4008,    0.8242,    0.7028,    0.7308,    0.7779,    0.9895,    0.3456,    0.3399,    0.4600,    0.6824,    1.1040,    1.1713,    1.2549,    1.7084,    1.7559,    1.4692,    0.4712,    0.4530,    0.4716,    0.5835,    0.7073,    0.8182,    1.1387,    1.1886,    1.2443,    1.3092,    1.3407,    1.3456,    1.0018,    0.9751,    0.9465,    0.9377,    0.9232,    0.8940,    0.9037,    0.8965,    0.8931,    0.8939,    0.9048,    0.9145,    0.9643,    0.9160,    0.8970,    0.8098,    0.8076,    0.8018,    0.7449,    0.6383,    0.6222,    0.5555,    0.5194,    0.5029,    1.3709,    1.3276,    1.2388,    1.2079,    1.1479,    1.0371,    0.8700,    0.8347,    0.6815,    0.6586,    0.5728,    0.5373,    0.7766,    0.7305,    0.6963,    0.7637,    0.7686,    0.6709,    0.6326,    0.5763,    0.5121,    0.4688,    0.4626,    0.4202,    1.0964,    0.7991,    0.5720,    0.4086,    0.2803,    0.2184,    0.1540,    0.1125,    0.0763,    0.0554,    0.0388,    0.0249,    0.0094,    0.0000,    0.0270,    0.0511,    0.0579,    0.0529,    0.0594,    0.0692,    0.0616,    0.0848,    0.0750,    0.0873,    0.0957,    0.0777,    0.1121,    0.1223,    0.0955,    0.0582,    0.0062,    0.0146,    0.0779,    0.0972,    0.1614,    0.1693,    0.2098,    0.2244,    0.2323,    0.2468,    0.2764,    0.2824,    0.2598,    0.2362,    0.2074,    0.2495,    0.3489,    0.3546,    0.6452,    0.7048,    0.7380,    0.7476,    0.7329,    0.8139,    0.7825,    0.8832,    0.8116,    0.9199,    0.8697,    0.9252,    2.0047,    1.9546,    2.0317,    2.0469,    2.0600,    1.9862,    2.0562,    2.1086,    2.1514,    1.9995,    1.9717,    2.0474,    5.1752,    4.9000,    4.8447,    4.6981,    4.3396,    4.0699,    3.5728,    3.2868,    3.1591,    2.7688,    2.1269,    1.9753,    1.5229,    1.7061,    1.3008,    1.2416,    0.8371,    0.6075,    0.4908,    0.1970,    0.1736,    0.1233,    0.0427,    0.0347
  429,    0.4000,  225.0955,    0.1128,  133.8172,  131.6247,   -0.9807,   -0.8958,  158.4330,  199.4763,  200.4212,  201.4864,  202.7873,  204.1944,  205.9008,  208.0055,  210.1929,  212.6045,  215.4938,  218.8997,  223.2007,  228.1549,  232.8995,  236.0999,  237.6959,  238.0984,  237.7885,  236.5955,  234.7905,  232.2870,  230.4850,  228.5068,  227.9162,    0.0552,    0.2092,    0.4421,    0.7310,    1.0559,    1.3998,    1.7484,    2.3352,    2.5312,    2.4005,    2.8777,    3.1394,    2.7250,    3.4507,    3.5384,    3.6448,    3.5638,    3.3328,    3.5585,    3.7551,    3.7454,    3.8385,    3.7809,    3.5085,    1.1898,    1.1552,    1.1342,    1.1556,    1.1640,    1.1859,    1.2465,    1.2611,    1.2609,    1.2293,    1.2515,    1.2026,    0.8743,    0.8222,    0.7583,    0.7570,    0.7247,    0.6425,    0.7152,    0.7160,    0.7286,    0.7517,    0.7915,    0.8172,    0.8873,    0.8826,    0.8256,    0.8512,    0.8458,    0.8392,    0.8164,    0.7995,    0.8030,    0.7835,    0.7687,    0.7565,    2.0674,    1.9901,    1.9044,    1.8375,    1.7571,    1.6692,    1.5523,    1.4810,    1.3680,    1.3036,    1.2194,    1.1567,    1.7348,    1.5866,    1.4601,    1.3937,    1.2946,    1.1767,    1.0816,    0.9842,    0.8893,    0.8075,    0.7484,    0.6772,    1.6910,    1.2307,    0.8919,    0.6419,    0.4554,    0.3277,    0.2305,    0.1621,    0.1126,    0.0780,    0.0538,    0.0370,    0.0918,    0.0464,    0.0847,    0.1028,    0.1155,    0.1071,    0.1178,    0.1314,    0.1157,    0.1593,    0.1409,    0.1532,    0.1689,    0.1376,    0.1998,    0.2212,    0.1822,    0.1965,    0.2041,    0.2223,    0.2463,    0.1794,    0.2878,    0.3035,    0.3733,    0.3991,    0.4131,    0.4391,    0.4450,    0.4644,    0.4645,    0.5082,    0.5370,    0.5266,    0.5722,    0.5827,    0.9913,    1.0826,    1.1353,    1.1698,    1.1878,    1.2921,    1.2169,    1.2799,    1.2349,    1.3126,    1.2443,    1.3324,    2.8722,    2.8286,    2.8989,    2.9257,    2.9538,    2.8386,    2.9382,    3.0132,    3.0744,    2.8585,    2.8176,    2.9259,    7.3965,    6.8576,    6.7809,    6.5763,    6.0755,    5.6989,    5.0038,    4.6044,    4.4268,    3.8812,    2.9826,    2.7713,    2.1379,    1.8561,    1.4161,    1.3526,    0.9128,    0.6631,    0.5363,    0.2155,    0.1903,    0.1353,    0.0470,    0.0383,    0.0145,    0.0549,    0.1160,    0.1918,    0.2771,    0.3674,    0.4588,    0.3027,    0.5164,    1.0264,    0.8907,    0.9288,    0.9796,    1.2832,    0.4533,    0.4465,    0.5993,    0.8747,    1.4262,    1.5222,    1.6274,    2.1815,    2.2295,    1.8482,    0.5950,    0.5630,    0.5714,    0.6801,    0.7974,    0.9025,    1.2103,    1.2647,    1.3119,    1.3637,    1.3895,    1.3812,    1.0280,    1.0003,    0.9701,    0.9616,    0.9464,    0.9153,    0.9268,    0.9198,    0.9170,    0.9184,    0.9304,    0.9412,    0.9979,    0.9614,    0.9349,    0.8724,    0.8684,    0.8623,    0.8122,    0.7249,    0.7186,    0.6613,    0.6295,    0.6135,    1.6799,    1.6294,    1.5373,    1.4993,    1.4299,    1.3039,    1.1121,    1.0663,    0.8820,    0.8497,    0.7403,    0.6974,    1.0142,    0.9603,    0.9071,    0.9779,    0.9798,    0.8693,    0.8183,    0.7466,    0.6662,    0.6093,    0.5936,    0.5394,    1.4084,    1.0306,    0.7459,    0.5361,    0.3717,    0.2872,    0.2035,    0.1474,    0.1005,    0.0720,    0.0502,    0.0333,    0.0071,    0.0000,    0.0207,    0.0399,    0.0453,    0.0413,    0.0464,    0.0549,    0.0489,    0.0673,    0.0595,    0.0707,    0.0775,    0.0630,    0.0907,    0.0990,    0.0764,    0.0462,    0.0048,    0.0115,    0.0621,    0.0779,    0.1304,    0.1368,    0.1695,    0.1813,    0.1877,    0.1994,    0.2301,    0.2350,    0.2159,    0.1962,    0.1723,    0.2074,    0.2903,    0.2952,    0.5435,    0.5936,    0.6217,    0.6296,    0.6171,    0.6854,    0.6590,    0.7588,    0.6973,    0.7905,    0.7474,    0.7950,    1.7227,    1.6794,    1.7460,    1.7545,    1.7657,    1.7024,    1.7624,    1.8074,    1.8441,    1.7138,    1.6900,    1.7549,    4.4358,    4.1935,    4.1462,    4.0207,    3.7139,    3.4831,    3.0577,    2.8129,    2.7037,    2.3697,    1.8203,    1.6906,    1.3034,    1.5599,    1.1894,    1.1353,    0.7655,    0.5555,    0.4488,    0.1802,    0.1588,    0.1127,    0.0391,    0.0318
  194,    0.5000,  225.9853,    0.1008,  135.7346,  133.4128,   -0.9889,   -0.9603,  158.4330,  203.3649,  204.3332,  205.4080,  206.7219,  208.1903,  209.8967,  212.0029,  214.1890,  216.5074,  219.2972,  222.4990,  226.5006,  231.0025,  235.2971,  238.0018,  239.2010,  239.3997,  238.8064,  237.5979,  235.8775,  233.4314,  231.5837,  229.5987,  228.8972,    0.0527,    0.1998,    0.4223,    0.6986,    1.0095,    1.3388,    1.6729,    2.2858,    2.4463,    2.2509,    2.7397,    2.9960,    2.5797,    3.4325,    3.4755,    3.5854,    3.4778,    3.2045,    3.5111,    3.7507,    3.7513,    3.8918,    3.8379,    3.5153,    1.1868,    1.1441,    1.1182,    1.1444,    1.1544,    1.1810,    1.2591,    1.2783,    1.2811,    1.2636,    1.2840,    1.2483,    0.9166,    0.8695,    0.8105,    0.8101,    0.7782,    0.6961,    0.7684,    0.7685,    0.7789,    0.7982,    0.8321,    0.8516,    0.9168,    0.9095,    0.8582,    0.8764,    0.8704,    0.8646,    0.8426,    0.8249,    0.8317,    0.8129,    0.7984,    0.7861,    2.1530,    2.0749,    1.9882,    1.9207,    1.8385,    1.7478,    1.6236,    1.5504,    1.4271,    1.3611,    1.2695,    1.2053,    1.8111,    1.6603,    1.5298,    1.4698,    1.3702,    1.2480,    1.1495,    1.0475,    0.9476,    0.8616,    0.8003,    0.7252,    1.8161,    1.3272,    0.9663,    0.6986,    0.4979,    0.3595,    0.2538,    0.1791,    0.1250,    0.0869,    0.0601,    0.0416,    0.0917,    0.0462,    0.0852,    0.1040,    0.1169,    0.1084,    0.1192,    0.1330,    0.1172,    0.1613,    0.1427,    0.1553,    0.1712,    0.1394,    0.2025,    0.2241,    0.1844,    0.1973,    0.2036,    0.2219,    0.2477,    0.1817,    0.2918,    0.3077,    0.3785,    0.4046,    0.4188,    0.4453,    0.4518,    0.4713,    0.4705,    0.5131,    0.5408,    0.5318,    0.5807,    0.5914,    1.0068,    1.0996,    1.1531,    1.1876,    1.2049,    1.3114,    1.2356,    1.3001,    1.2528,    1.3337,    1.2643,    1.3536,    2.9182,    2.8733,    2.9457,    2.9703,    2.9986,    2.8819,    2.9830,    3.0592,    3.1214,    2.9021,    2.8606,    2.9706,    7.5095,    6.9427,    6.8651,    6.6582,    6.1513,    5.7701,    5.0666,    4.6623,    4.4827,    3.9305,    3.0206,    2.8069,    2.1655,    1.8743,    1.4302,    1.3663,    0.9222,    0.6700,    0.5421,    0.2179,    0.1924,    0.1369,    0.0476,    0.0388,    0.0173,    0.0655,    0.1386,    0.2292,    0.3312,    0.4392,    0.5488,    0.3703,    0.6238,    1.2030,    1.0600,    1.1079,    1.1592,    1.5534,    0.5566,    0.5490,    0.7311,    1.0513,    1.7213,    1.8441,    1.9668,    2.5943,    2.6405,    2.1862,    0.7060,    0.6615,    0.6598,    0.7636,    0.8728,    0.9718,    1.2653,    1.3229,    1.3623,    1.4035,    1.4242,    1.4065,    1.0472,    1.0193,    0.9887,    0.9803,    0.9649,    0.9326,    0.9452,    0.9383,    0.9355,    0.9370,    0.9492,    0.9601,    1.0210,    0.9935,    0.9623,    0.9191,    0.9136,    0.9068,    0.8631,    0.7924,    0.7925,    0.7443,    0.7165,    0.7012,    1.9224,    1.8654,    1.7717,    1.7265,    1.6502,    1.5171,    1.3140,    1.2594,    1.0561,    1.0153,    0.8884,    0.8395,    1.2263,    1.1643,    1.0936,    1.1611,    1.1557,    1.0359,    0.9729,    0.8887,    0.7958,    0.7275,    0.7017,    0.6380,    1.6611,    1.2195,    0.8884,    0.6414,    0.4484,    0.3434,    0.2441,    0.1759,    0.1206,    0.0858,    0.0598,    0.0404,    0.0054,    0.0000,    0.0159,    0.0312,    0.0354,    0.0323,    0.0363,    0.0436,    0.0388,    0.0535,    0.0473,    0.0573,    0.0628,    0.0510,    0.0735,    0.0802,    0.0612,    0.0369,    0.0038,    0.0092,    0.0495,    0.0624,    0.1054,    0.1105,    0.1370,    0.1465,    0.1517,    0.1612,    0.1916,    0.1956,    0.1795,    0.1632,    0.1433,    0.1726,    0.2416,    0.2457,    0.4579,    0.5001,    0.5237,    0.5303,    0.5197,    0.5773,    0.5551,    0.6520,    0.5992,    0.6795,    0.6423,    0.6833,    1.4806,    1.4433,    1.5007,    1.5042,    1.5137,    1.4595,    1.5110,    1.5495,    1.5810,    1.4693,    1.4489,    1.5045,    3.8030,    3.5907,    3.5502,    3.4427,    3.1801,    2.9825,    2.6182,    2.4087,    2.3151,    2.0292,    1.5588,    1.4477,    1.1162,    1.4267,    1.0879,    1.0385,    0.7002,    0.5082,    0.4106,    0.1648,    0.1453,    0.1032,    0.0358,    0.0291
   86,    0.7500,  226.4359,    0.0823,  136.7873,  136.1524,    0.9255,   -0.4353,  158.4330,  209.9968,  211.0109,  212.1180,  213.3511,  214.7517,  216.5093,  218.4912,  220.5168,  222.6889,  225.1191,  227.9116,  231.3414,  235.0892,  238.4413,  240.3325,  240.7800,  240.2941,  239.2585,  237.8485,  236.1853,  233.9916,  232.2262,  230.2228,  229.5542,    0.0470,    0.1783,    0.3770,    0.6237,    0.9014,    1.1957,    1.4944,    2.1451,    2.2298,    1.9255,    2.4156,    2.6527,    2.2451,    3.3715,    3.2693,    3.3818,    3.2194,    2.8703,    3.3855,    3.7088,    3.7319,    3.9703,    3.9224,    3.4998,    1.1696,    1.1074,    1.0674,    1.1009,    1.1102,    1.1441,    1.2551,    1.2860,    1.2934,    1.3056,    1.3206,    1.3106,    0.9782,    0.9415,    0.8938,    0.8943,    0.8643,    0.7867,    0.8539,    0.8524,    0.8582,    0.8700,    0.8920,    0.9003,    0.9552,    0.9434,    0.9037,    0.9079,    0.9008,    0.8965,    0.8770,    0.8590,    0.8711,    0.8546,    0.8409,    0.8289,    2.2750,    2.1952,    2.1076,    2.0382,    1.9537,    1.8610,    1.7302,    1.6540,    1.5171,    1.4483,    1.3446,    1.2784,    1.9259,    1.7726,    1.6355,    1.5840,    1.4818,    1.3543,    1.2499,    1.1411,    1.0344,    0.9420,    0.8761,    0.7954,    1.9957,    1.4666,    1.0738,    0.7808,    0.5604,    0.4049,    0.2874,    0.2035,    0.1431,    0.0997,    0.0693,    0.0483,    0.0913,    0.0458,    0.0857,    0.1054,    0.1185,    0.1098,    0.1208,    0.1350,    0.1190,    0.1638,    0.1449,    0.1580,    0.1742,    0.1418,    0.2059,    0.2278,    0.1872,    0.1980,    0.2027,    0.2209,    0.2492,    0.1846,    0.2969,    0.3131,    0.3852,    0.4118,    0.4263,    0.4531,    0.4614,    0.4810,    0.4789,    0.5197,    0.5459,    0.5389,    0.5926,    0.6036,    1.0294,    1.1243,    1.1789,    1.2135,    1.2297,    1.3394,    1.2629,    1.3313,    1.2805,    1.3665,    1.2952,    1.3864,    2.9895,    2.9424,    3.0180,    3.0388,    3.0674,    2.9484,    3.0519,    3.1298,    3.1934,    2.9691,    2.9267,    3.0393,    7.6832,    7.0729,    6.9940,    6.7835,    6.2673,    5.8793,    5.1627,    4.7512,    4.5686,    4.0062,    3.0792,    2.8617,    2.2082,    1.9090,    1.4571,    1.3925,    0.9402,    0.6834,    0.5532,    0.2225,    0.1966,    0.1400,    0.0487,    0.0397,    0.0231,    0.0877,    0.1855,    0.3069,    0.4435,    0.5884,    0.7353,    0.5213,    0.8530,    1.5436,    1.4018,    1.4714,    1.5132,    2.1142,    0.7853,    0.7768,    1.0151,    1.4124,    2.3246,    2.5008,    2.6492,    3.3571,    3.3907,    2.8372,    0.9222,    0.8529,    0.8275,    0.9148,    0.9999,    1.0824,    1.3353,    1.3962,    1.4188,    1.4391,    1.4492,    1.4174,    1.0567,    1.0296,    0.9996,    0.9914,    0.9760,    0.9430,    0.9563,    0.9493,    0.9463,    0.9473,    0.9582,    0.9680,    1.0324,    1.0197,    0.9830,    0.9727,    0.9644,    0.9560,    0.9253,    0.8862,    0.8925,    0.8628,    0.8433,    0.8297,    2.2702,    2.1997,    2.1067,    2.0450,    1.9598,    1.8309,    1.6374,    1.5682,    1.3576,    1.3011,    1.1546,    1.0956,    1.6120,    1.5301,    1.4247,    1.4630,    1.4282,    1.2975,    1.2106,    1.1068,    0.9976,    0.9110,    0.8619,    0.7839,    2.0160,    1.4858,    1.0893,    0.7905,    0.5603,    0.4192,    0.2987,    0.2134,    0.1480,    0.1041,    0.0724,    0.0502,    0.0028,    0.0000,    0.0083,    0.0169,    0.0192,    0.0175,    0.0197,    0.0246,    0.0219,    0.0301,    0.0266,    0.0339,    0.0372,    0.0302,    0.0435,    0.0474,    0.0352,    0.0211,    0.0022,    0.0052,    0.0285,    0.0360,    0.0620,    0.0650,    0.0806,    0.0862,    0.0892,    0.0948,    0.1213,    0.1239,    0.1136,    0.1033,    0.0907,    0.1092,    0.1530,    0.1556,    0.2987,    0.3262,    0.3416,    0.3459,    0.3389,    0.3765,    0.3621,    0.4469,    0.4107,    0.4658,    0.4403,    0.4684,    1.0150,    0.9894,    1.0288,    1.0250,    1.0315,    0.9946,    1.0296,    1.0559,    1.0773,    1.0012,    0.9873,    1.0253,    2.5915,    2.4422,    2.4147,    2.3416,    2.1630,    2.0287,    1.7809,    1.6384,    1.5748,    1.3803,    1.0604,    0.9849,    0.7594,    1.1434,    0.8720,    0.8324,    0.5614,    0.4075,    0.3293,    0.1322,    0.1165,    0.0828,    0.0287,    0.0233
  102,    1.0000,  226.5232,    0.0732,  138.2547,  137.4910,    0.9899,    0.5602,  158.4330,  214.9169,  215.9255,  217.0173,  218.2083,  219.6083,  221.2288,  223.1017,  225.0116,  226.9997,  229.2111,  231.7828,  234.8648,  238.1720,  241.0064,  242.3869,  242.2361,  241.1344,  239.5537,  237.8064,  236.0862,  234.0184,  232.3742,  230.3996,  229.8305,    0.0424,    0.1607,    0.3398,    0.5623,    0.8127,    1.0781,    1.3474,    2.0155,    2.0433,    1.6785,    2.1543,    2.3734,    1.9818,    3.3520,    3.0745,    3.1874,    2.9849,    2.5895,    3.3252,    3.7148,    3.7588,    4.0734,    4.0303,    3.5353,    1.1723,    1.0923,    1.0383,    1.0765,    1.0831,    1.1213,    1.2572,    1.3000,    1.3096,    1.3432,    1.3534,    1.3596,    1.0245,    0.9950,    0.9561,    0.9567,    0.9286,    0.8564,    0.9178,    0.9149,    0.9175,    0.9241,    0.9382,    0.9398,    0.9894,    0.9754,    0.9428,    0.9390,    0.9312,    0.9279,    0.9102,    0.8926,    0.9078,    0.8927,    0.8795,    0.8675,    2.3827,    2.3008,    2.2120,    2.1402,    2.0535,    1.9602,    1.8275,    1.7486,    1.6047,    1.5333,    1.4213,    1.3530,    2.0417,    1.8848,    1.7410,    1.6910,    1.5833,    1.4506,    1.3401,    1.2253,    1.1129,    1.0150,    0.9439,    0.8582,    2.1550,    1.5909,    1.1699,    0.8546,    0.6170,    0.4459,    0.3177,    0.2257,    0.1597,    0.1117,    0.0779,    0.0546,    0.0909,    0.0455,    0.0858,    0.1058,    0.1190,    0.1103,    0.1214,    0.1357,    0.1196,    0.1647,    0.1456,    0.1590,    0.1753,    0.1427,    0.2072,    0.2292,    0.1881,    0.1980,    0.2019,    0.2201,    0.2494,    0.1856,    0.2988,    0.3150,    0.3877,    0.4144,    0.4290,    0.4560,    0.4654,    0.4851,    0.4824,    0.5223,    0.5477,    0.5417,    0.5976,    0.6087,    1.0395,    1.1353,    1.1905,    1.2251,    1.2408,    1.3518,    1.2751,    1.3466,    1.2939,    1.3826,    1.3104,    1.4026,    3.0245,    2.9764,    3.0536,    3.0721,    3.1008,    2.9807,    3.0854,    3.1641,    3.2285,    3.0016,    2.9588,    3.0727,    7.7676,    7.1358,    7.0565,    6.8442,    6.3236,    5.9324,    5.2096,    4.7946,    4.6106,    4.0433,    3.1080,    2.8887,    2.2294,    1.9323,    1.4752,    1.4102,    0.9524,    0.6925,    0.5608,    0.2257,    0.1995,    0.1421,    0.0494,    0.0404,    0.0278,    0.1055,    0.2230,    0.3689,    0.5332,    0.7073,    0.8840,    0.6530,    1.0421,    1.7939,    1.6668,    1.7551,    1.7808,    2.5660,    0.9847,    0.9761,    1.2549,    1.6989,    2.8076,    3.0238,    3.1829,    3.8879,    3.9071,    3.3313,    1.0899,    1.0045,    0.9610,    1.0342,    1.0986,    1.1674,    1.3846,    1.4441,    1.4541,    1.4567,    1.4597,    1.4181,    1.0579,    1.0314,    1.0019,    0.9938,    0.9783,    0.9451,    0.9586,    0.9516,    0.9486,    0.9491,    0.9593,    0.9684,    1.0349,    1.0309,    0.9911,    1.0011,    0.9912,    0.9816,    0.9591,    0.9394,    0.9449,    0.9260,    0.9114,    0.8988,    2.4492,    2.3685,    2.2764,    2.2022,    2.1129,    1.9970,    1.8302,    1.7524,    1.5593,    1.4922,    1.3443,    1.2784,    1.8910,    1.7881,    1.6583,    1.6576,    1.5897,    1.4534,    1.3484,    1.2335,    1.1174,    1.0200,    0.9522,    0.8662,    2.2026,    1.6279,    1.1968,    0.8714,    0.6242,    0.4583,    0.3270,    0.2326,    0.1629,    0.1141,    0.0794,    0.0557,    0.0015,    0.0000,    0.0044,    0.0092,    0.0105,    0.0096,    0.0107,    0.0139,    0.0124,    0.0171,    0.0151,    0.0201,    0.0221,    0.0179,    0.0258,    0.0282,    0.0204,    0.0122,    0.0012,    0.0030,    0.0164,    0.0208,    0.0365,    0.0383,    0.0475,    0.0508,    0.0526,    0.0559,    0.0770,    0.0786,    0.0720,    0.0655,    0.0575,    0.0693,    0.0971,    0.0988,    0.1952,    0.2132,    0.2233,    0.2260,    0.2214,    0.2460,    0.2366,    0.3068,    0.2820,    0.3198,    0.3024,    0.3216,    0.6970,    0.6793,    0.7064,    0.6999,    0.7044,    0.6792,    0.7031,    0.7211,    0.7357,    0.6837,    0.6742,    0.7001,    1.7697,    1.6675,    1.6487,    1.5988,    1.4769,    1.3852,    1.2161,    1.1188,    1.0754,    0.9426,    0.7241,    0.6726,    0.5186,    0.9185,    0.7005,    0.6688,    0.4511,    0.3274,    0.2647,    0.1063,    0.0937,    0.0666,    0.0231,    0.0188
  103,    1.2500,  226.5411,    0.0687,  139.0856,  138.1548,    0.9704,    0.6705,  158.4330,  218.4499,  219.4608,  220.5400,  221.6056,  222.9639,  224.5126,  226.3099,  228.1053,  229.9513,  232.0039,  234.3939,  237.2188,  240.2199,  242.7126,  243.6531,  243.0057,  241.3800,  239.3219,  237.2992,  235.5061,  233.6008,  232.1217,  230.2891,  229.7643,    0.0386,    0.1463,    0.3092,    0.5116,    0.7395,    0.9810,    1.2261,    1.8993,    1.8843,    1.4868,    1.9427,    2.1456,    1.7725,    3.3528,    2.8988,    3.0110,    2.7794,    2.3563,    3.3012,    3.7398,    3.8000,    4.1622,    4.1218,    3.5828,    1.1821,    1.0878,    1.0207,    1.0608,    1.0626,    1.1022,    1.2544,    1.3080,    1.3182,    1.3678,    1.3735,    1.3908,    1.0546,    1.0306,    0.9988,    0.9992,    0.9730,    0.9058,    0.9617,    0.9578,    0.9580,    0.9608,    0.9689,    0.9661,    1.0124,    0.9973,    0.9696,    0.9608,    0.9522,    0.9497,    0.9335,    0.9166,    0.9335,    0.9193,    0.9065,    0.8946,    2.4570,    2.3734,    2.2837,    2.2099,    2.1219,    2.0290,    1.8974,    1.8166,    1.6716,    1.5980,    1.4822,    1.4123,    2.1338,    1.9730,    1.8236,    1.7701,    1.6559,    1.5196,    1.4042,    1.2852,    1.1692,    1.0672,    0.9917,    0.9026,    2.2663,    1.6782,    1.2375,    0.9067,    0.6574,    0.4747,    0.3392,    0.2415,    0.1716,    0.1203,    0.0842,    0.0592,    0.0905,    0.0452,    0.0857,    0.1060,    0.1191,    0.1104,    0.1215,    0.1359,    0.1198,    0.1650,    0.1459,    0.1594,    0.1757,    0.1431,    0.2077,    0.2297,    0.1885,    0.1978,    0.2013,    0.2195,    0.2493,    0.1860,    0.2995,    0.3158,    0.3886,    0.4154,    0.4300,    0.4571,    0.4671,    0.4868,    0.4838,    0.5233,    0.5482,    0.5427,    0.5997,    0.6109,    1.0441,    1.1403,    1.1957,    1.2303,    1.2456,    1.3574,    1.2805,    1.3541,    1.3004,    1.3905,    1.3179,    1.4105,    3.0417,    2.9931,    3.0712,    3.0883,    3.1171,    2.9964,    3.1017,    3.1808,    3.2455,    3.0175,    2.9745,    3.0889,    7.8088,    7.1665,    7.0869,    6.8738,    6.3511,    5.9583,    5.2325,    4.8159,    4.6313,    4.0617,    3.1223,    2.9023,    2.2400,    1.9480,    1.4875,    1.4222,    0.9608,    0.6988,    0.5661,    0.2279,    0.2015,    0.1436,    0.0500,    0.0408,    0.0316,    0.1199,    0.2536,    0.4196,    0.6064,    0.8045,    1.0055,    0.7692,    1.2012,    1.9859,    1.8787,    1.9832,    1.9905,    2.9218,    1.1606,    1.1526,    1.4606,    1.9323,    3.1887,    3.4272,    3.5849,    4.2321,    4.2364,    3.6891,    1.2150,    1.1212,    1.0648,    1.1249,    1.1711,    1.2277,    1.4126,    1.4675,    1.4682,    1.4582,    1.4561,    1.4102,    1.0532,    1.0278,    0.9995,    0.9913,    0.9761,    0.9440,    0.9564,    0.9492,    0.9458,    0.9457,    0.9545,    0.9623,    1.0282,    1.0283,    0.9886,    1.0083,    0.9975,    0.9872,    0.9696,    0.9609,    0.9631,    0.9502,    0.9381,    0.9262,    2.5136,    2.4262,    2.3352,    2.2527,    2.1620,    2.0594,    1.9219,    1.8396,    1.6742,    1.6007,    1.4620,    1.3921,    2.0669,    1.9448,    1.7991,    1.7580,    1.6606,    1.5227,    1.4058,    1.2860,    1.1690,    1.0666,    0.9856,    0.8965,    2.2573,    1.6701,    1.2279,    0.8951,    0.6452,    0.4667,    0.3328,    0.2360,    0.1663,    0.1162,    0.0809,    0.0569,    0.0008,    0.0000,    0.0023,    0.0050,    0.0057,    0.0052,    0.0059,    0.0079,    0.0070,    0.0097,    0.0086,    0.0120,    0.0131,    0.0107,    0.0154,    0.0168,    0.0118,    0.0071,    0.0007,    0.0018,    0.0095,    0.0121,    0.0216,    0.0226,    0.0281,    0.0300,    0.0311,    0.0330,    0.0490,    0.0500,    0.0458,    0.0417,    0.0366,    0.0441,    0.0617,    0.0628,    0.1278,    0.1396,    0.1462,    0.1480,    0.1450,    0.1611,    0.1549,    0.2111,    0.1940,    0.2200,    0.2080,    0.2212,    0.4794,    0.4673,    0.4859,    0.4791,    0.4821,    0.4649,    0.4813,    0.4935,    0.5036,    0.4680,    0.4615,    0.4792,    1.2113,    1.1429,    1.1301,    1.0959,    1.0123,    0.9495,    0.8335,    0.7669,    0.7372,    0.6462,    0.4964,    0.4611,    0.3556,    0.7395,    0.5640,    0.5385,    0.3632,    0.2637,    0.2132,    0.0856,    0.0755,    0.0536,    0.0186,    0.0151
   90,    1.5000,  226.5021,    0.0665,  139.5401,  138.4899,    0.9677,    0.2168,  158.4330,  221.1121,  222.0891,  223.1777,  224.1942,  225.5036,  227.0193,  228.7040,  230.3538,  232.1148,  234.0427,  236.3093,  239.0084,  241.7946,  243.9549,  244.5084,  243.3681,  241.2926,  238.8718,  236.6135,  234.8070,  233.0733,  231.7427,  230.0658,  229.5981,    0.0354,    0.1342,    0.2837,    0.4694,    0.6784,    0.9000,    1.1248,    1.7958,    1.7483,    1.3344,    1.7690,    1.9579,    1.6032,    3.3650,    2.7421,    2.8531,    2.6004,    2.1618,    3.2993,    3.7737,    3.8455,    4.2350,    4.1959,    3.6320,    1.1949,    1.0895,    1.0113,    1.0515,    1.0476,    1.0871,    1.2500,    1.3128,    1.3230,    1.3849,    1.3867,    1.4119,    1.0752,    1.0556,    1.0298,    1.0298,    1.0052,    0.9432,    0.9937,    0.9889,    0.9873,    0.9870,    0.9905,    0.9847,    1.0288,    1.0132,    0.9891,    0.9767,    0.9676,    0.9658,    0.9506,    0.9341,    0.9522,    0.9386,    0.9260,    0.9141,    2.5102,    2.4253,    2.3349,    2.2597,    2.1706,    2.0782,    1.9484,    1.8663,    1.7224,    1.6471,    1.5301,    1.4589,    2.2065,    2.0415,    1.8877,    1.8291,    1.7091,    1.5700,    1.4508,    1.3288,    1.2103,    1.1055,    1.0265,    0.9349,    2.3469,    1.7417,    1.2867,    0.9447,    0.6870,    0.4959,    0.3550,    0.2531,    0.1804,    0.1267,    0.0889,    0.0626,    0.0903,    0.0450,    0.0857,    0.1060,    0.1192,    0.1105,    0.1216,    0.1360,    0.1199,    0.1651,    0.1460,    0.1595,    0.1759,    0.1432,    0.2078,    0.2299,    0.1886,    0.1976,    0.2009,    0.2190,    0.2491,    0.1861,    0.2998,    0.3160,    0.3890,    0.4158,    0.4304,    0.4575,    0.4679,    0.4876,    0.4844,    0.5236,    0.5482,    0.5430,    0.6006,    0.6118,    1.0461,    1.1425,    1.1980,    1.2326,    1.2478,    1.3598,    1.2829,    1.3578,    1.3036,    1.3944,    1.3216,    1.4144,    3.0503,    3.0013,    3.0798,    3.0962,    3.1250,    3.0041,    3.1096,    3.1890,    3.2539,    3.0253,    2.9822,    3.0969,    7.8290,    7.1815,    7.1018,    6.8884,    6.3646,    5.9712,    5.2439,    4.8265,    4.6417,    4.0709,    3.1296,    2.9092,    2.2455,    1.9587,    1.4959,    1.4304,    0.9665,    0.7031,    0.5697,    0.2294,    0.2029,    0.1447,    0.0504,    0.0412,    0.0348,    0.1320,    0.2792,    0.4619,    0.6675,    0.8856,    1.1068,    0.8728,    1.3374,    2.1386,    2.0527,    2.1713,    2.1602,    3.2012,    1.3174,    1.3106,    1.6398,    2.1272,    3.4900,    3.7365,    3.8847,    4.4470,    4.4375,    3.9453,    1.3079,    1.2118,    1.1468,    1.1953,    1.2262,    1.2721,    1.4284,    1.4766,    1.4707,    1.4516,    1.4459,    1.3985,    1.0459,    1.0220,    0.9955,    0.9872,    0.9725,    0.9421,    0.9528,    0.9453,    0.9412,    0.9401,    0.9471,    0.9534,    1.0175,    1.0192,    0.9811,    1.0046,    0.9932,    0.9824,    0.9679,    0.9649,    0.9633,    0.9534,    0.9428,    0.9311,    2.5185,    2.4271,    2.3370,    2.2495,    2.1588,    2.0666,    1.9537,    1.8694,    1.7317,    1.6546,    1.5294,    1.4571,    2.1695,    2.0312,    1.8757,    1.7986,    1.6782,    1.5407,    1.4168,    1.2957,    1.1804,    1.0765,    0.9871,    0.8975,    2.2425,    1.6587,    1.2182,    0.8878,    0.6423,    0.4591,    0.3271,    0.2312,    0.1636,    0.1140,    0.0794,    0.0559,    0.0004,    0.0000,    0.0012,    0.0028,    0.0031,    0.0029,    0.0032,    0.0045,    0.0040,    0.0055,    0.0049,    0.0072,    0.0079,    0.0064,    0.0092,    0.0100,    0.0069,    0.0041,    0.0004,    0.0010,    0.0055,    0.0070,    0.0128,    0.0134,    0.0166,    0.0178,    0.0184,    0.0196,    0.0312,    0.0319,    0.0292,    0.0266,    0.0234,    0.0281,    0.0393,    0.0400,    0.0839,    0.0916,    0.0960,    0.0971,    0.0952,    0.1057,    0.1017,    0.1455,    0.1337,    0.1516,    0.1433,    0.1525,    0.3304,    0.3220,    0.3349,    0.3287,    0.3308,    0.3189,    0.3302,    0.3386,    0.3455,    0.3211,    0.3166,    0.3288,    0.8311,    0.7862,    0.7774,    0.7539,    0.6964,    0.6532,    0.5735,    0.5276,    0.5072,    0.4446,    0.3415,    0.3173,    0.2447,    0.5966,    0.4551,    0.4346,    0.2931,    0.2128,    0.1721,    0.0691,    0.0610,    0.0433,    0.0150,    0.0122
   81,    1.7500,  226.4636,    0.0653,  139.8674,  138.6627,    0.9154,   -0.1755,  158.4330,  223.2446,  224.2356,  225.3019,  226.3225,  227.5202,  228.9679,  230.5339,  232.1337,  233.8222,  235.6547,  237.8283,  240.4021,  243.0175,  244.9288,  245.1154,  243.5202,  241.0372,  238.3159,  235.8778,  234.0777,  232.4619,  231.2555,  229.7548,  229.3349,    0.0327,    0.1239,    0.2619,    0.4333,    0.6263,    0.8308,    1.0383,    1.7018,    1.6293,    1.2094,    1.6224,    1.7987,    1.4621,    3.3833,    2.5987,    2.7079,    2.4402,    1.9944,    3.3102,    3.8111,    3.8913,    4.2962,    4.2579,    3.6801,    1.2087,    1.0949,    1.0072,    1.0468,    1.0370,    1.0757,    1.2462,    1.3172,    1.3271,    1.3987,    1.3972,    1.4282,    1.0911,    1.0749,    1.0541,    1.0536,    1.0305,    0.9731,    1.0188,    1.0132,    1.0102,    1.0075,    1.0075,    0.9997,    1.0423,    1.0264,    1.0049,    0.9900,    0.9805,    0.9792,    0.9647,    0.9486,    0.9674,    0.9542,    0.9417,    0.9298,    2.5532,    2.4673,    2.3763,    2.3000,    2.2101,    2.1179,    1.9894,    1.9061,    1.7637,    1.6872,    1.5698,    1.4976,    2.2668,    2.0980,    1.9407,    1.8770,    1.7521,    1.6107,    1.4885,    1.3641,    1.2435,    1.1365,    1.0549,    0.9612,    2.4130,    1.7938,    1.3271,    0.9760,    0.7114,    0.5134,    0.3681,    0.2628,    0.1877,    0.1321,    0.0929,    0.0654,    0.0900,    0.0449,    0.0856,    0.1060,    0.1192,    0.1105,    0.1216,    0.1360,    0.1199,    0.1651,    0.1460,    0.1596,    0.1759,    0.1432,    0.2079,    0.2300,    0.1886,    0.1973,    0.2005,    0.2185,    0.2489,    0.1861,    0.2999,    0.3161,    0.3891,    0.4159,    0.4305,    0.4577,    0.4682,    0.4879,    0.4846,    0.5236,    0.5481,    0.5430,    0.6010,    0.6122,    1.0470,    1.1435,    1.1990,    1.2336,    1.2487,    1.3609,    1.2840,    1.3596,    1.3051,    1.3964,    1.3234,    1.4163,    3.0544,    3.0053,    3.0841,    3.1001,    3.1289,    3.0079,    3.1135,    3.1930,    3.2580,    3.0291,    2.9859,    3.1008,    7.8389,    7.1888,    7.1091,    6.8956,    6.3714,    5.9776,    5.2497,    4.8319,    4.6470,    4.0757,    3.1333,    2.9128,    2.2485,    1.9660,    1.5016,    1.4361,    0.9705,    0.7061,    0.5723,    0.2305,    0.2039,    0.1454,    0.0507,    0.0414,    0.0375,    0.1422,    0.3007,    0.4974,    0.7189,    0.9537,    1.1919,    0.9649,    1.4540,    2.2608,    2.1960,    2.3269,    2.2979,    3.4201,    1.4565,    1.4512,    1.7951,    2.2894,    3.7278,    3.9723,    4.1066,    4.5757,    4.5543,    4.1264,    1.3764,    1.2819,    1.2121,    1.2507,    1.2688,    1.3056,    1.4368,    1.4777,    1.4671,    1.4411,    1.4330,    1.3855,    1.0374,    1.0147,    0.9898,    0.9814,    0.9671,    0.9383,    0.9474,    0.9397,    0.9351,    0.9331,    0.9386,    0.9434,    1.0056,    1.0078,    0.9714,    0.9958,    0.9842,    0.9731,    0.9603,    0.9602,    0.9554,    0.9469,    0.9368,    0.9254,    2.4966,    2.4030,    2.3136,    2.2235,    2.1333,    2.0484,    1.9536,    1.8686,    1.7546,    1.6755,    1.5642,    1.4907,    2.2240,    2.0726,    1.9116,    1.8055,    1.6686,    1.5325,    1.4048,    1.2842,    1.1716,    1.0678,    0.9737,    0.8849,    2.1981,    1.6245,    1.1911,    0.8672,    0.6285,    0.4454,    0.3167,    0.2233,    0.1583,    0.1101,    0.0766,    0.0539,    0.0002,    0.0000,    0.0007,    0.0015,    0.0017,    0.0016,    0.0018,    0.0026,    0.0023,    0.0032,    0.0028,    0.0043,    0.0047,    0.0038,    0.0055,    0.0060,    0.0040,    0.0024,    0.0003,    0.0006,    0.0032,    0.0041,    0.0076,    0.0080,    0.0099,    0.0106,    0.0110,    0.0116,    0.0200,    0.0204,    0.0186,    0.0170,    0.0149,    0.0180,    0.0251,    0.0256,    0.0552,    0.0603,    0.0631,    0.0639,    0.0626,    0.0696,    0.0669,    0.1004,    0.0923,    0.1047,    0.0990,    0.1053,    0.2282,    0.2224,    0.2313,    0.2260,    0.2275,    0.2193,    0.2271,    0.2329,    0.2376,    0.2208,    0.2177,    0.2261,    0.5716,    0.5427,    0.5366,    0.5204,    0.4808,    0.4509,    0.3959,    0.3642,    0.3501,    0.3069,    0.2358,    0.2190,    0.1689,    0.4823,    0.3679,    0.3513,    0.2370,    0.1721,    0.1391,    0.0559,    0.0493,    0.0350,    0.0122,    0.0099
   73,    2.0000,  226.4326,    0.0647,  139.9826,  138.7543,    0.9751,   -0.9331,  158.4330,  225.0037,  226.0173,  227.0009,  227.9648,  229.1627,  230.5256,  232.0454,  233.5403,  235.1352,  236.9319,  239.0191,  241.5163,  243.9867,  245.6671,  245.4623,  243.4652,  240.6564,  237.7068,  235.1632,  233.3658,  231.9062,  230.8042,  229.4436,  229.1429,    0.0304,    0.1151,    0.2434,    0.4026,    0.5819,    0.7719,    0.9648,    1.6182,    1.5266,    1.1067,    1.4994,    1.6649,    1.3451,    3.4033,    2.4719,    2.5794,    2.3010,    1.8532,    3.3273,    3.8469,    3.9327,    4.3439,    4.3058,    3.7218,    1.2217,    1.1019,    1.0065,    1.0447,    1.0292,    1.0664,    1.2415,    1.3196,    1.3290,    1.4087,    1.4042,    1.4396,    1.1024,    1.0891,    1.0727,    1.0717,    1.0500,    0.9971,    1.0380,    1.0318,    1.0276,    1.0230,    1.0200,    1.0107,    1.0523,    1.0363,    1.0168,    1.0000,    0.9901,    0.9892,    0.9753,    0.9594,    0.9788,    0.9658,    0.9534,    0.9415,    2.5851,    2.4985,    2.4070,    2.3300,    2.2394,    2.1473,    2.0198,    1.9357,    1.7949,    1.7174,    1.6003,    1.5274,    2.3135,    2.1413,    1.9812,    1.9130,    1.7841,    1.6411,    1.5165,    1.3904,    1.2684,    1.1596,    1.0760,    0.9809,    2.4624,    1.8328,    1.3574,    0.9995,    0.7297,    0.5267,    0.3780,    0.2702,    0.1933,    0.1362,    0.0959,    0.0676,    0.0899,    0.0447,    0.0856,    0.1060,    0.1192,    0.1105,    0.1216,    0.1360,    0.1199,    0.1651,    0.1460,    0.1596,    0.1760,    0.1432,    0.2079,    0.2300,    0.1886,    0.1971,    0.2002,    0.2182,    0.2487,    0.1862,    0.2999,    0.3162,    0.3891,    0.4160,    0.4306,    0.4577,    0.4683,    0.4880,    0.4846,    0.5235,    0.5479,    0.5430,    0.6011,    0.6124,    1.0475,    1.1440,    1.1995,    1.2341,    1.2490,    1.3614,    1.2845,    1.3605,    1.3057,    1.3973,    1.3243,    1.4173,    3.0565,    3.0073,    3.0863,    3.1020,    3.1307,    3.0097,    3.1154,    3.1950,    3.2600,    3.0309,    2.9878,    3.1027,    7.8438,    7.1925,    7.1128,    6.8992,    6.3748,    5.9809,    5.2526,    4.8347,    4.6498,    4.0783,    3.1354,    2.9148,    2.2501,    1.9710,    1.5056,    1.4400,    0.9733,    0.7083,    0.5741,    0.2313,    0.2047,    0.1460,    0.0509,    0.0416,    0.0398,    0.1510,    0.3192,    0.5281,    0.7633,    1.0126,    1.2655,    1.0485,    1.5569,    2.3638,    2.3192,    2.4611,    2.4153,    3.5899,    1.5833,    1.5798,    1.9344,    2.4309,    3.9150,    4.1493,    4.2670,    4.6436,    4.6124,    4.2502,    1.4258,    1.3361,    1.2646,    1.2945,    1.3024,    1.3312,    1.4405,    1.4737,    1.4598,    1.4295,    1.4196,    1.3734,    1.0297,    1.0083,    0.9849,    0.9764,    0.9625,    0.9354,    0.9428,    0.9348,    0.9297,    0.9269,    0.9308,    0.9342,    0.9941,    0.9956,    0.9616,    0.9845,    0.9727,    0.9615,    0.9497,    0.9503,    0.9430,    0.9350,    0.9251,    0.9137,    2.4604,    2.3659,    2.2771,    2.1858,    2.0964,    2.0162,    1.9338,    1.8491,    1.7537,    1.6738,    1.5751,    1.5011,    2.2427,    2.0815,    1.9179,    1.7898,    1.6423,    1.5079,    1.3790,    1.2598,    1.1502,    1.0477,    0.9516,    0.8643,    2.1376,    1.5776,    1.1544,    0.8391,    0.6082,    0.4283,    0.3041,    0.2139,    0.1516,    0.1053,    0.0732,    0.0514,    0.0001,    0.0000,    0.0003,    0.0008,    0.0010,    0.0009,    0.0010,    0.0015,    0.0013,    0.0018,    0.0016,    0.0026,    0.0028,    0.0023,    0.0033,    0.0036,    0.0024,    0.0014,    0.0001,    0.0004,    0.0019,    0.0024,    0.0045,    0.0048,    0.0059,    0.0063,    0.0065,    0.0069,    0.0128,    0.0130,    0.0119,    0.0109,    0.0096,    0.0115,    0.0161,    0.0164,    0.0364,    0.0397,    0.0416,    0.0421,    0.0413,    0.0459,    0.0441,    0.0695,    0.0639,    0.0724,    0.0685,    0.0728,    0.1579,    0.1539,    0.1600,    0.1558,    0.1568,    0.1512,    0.1565,    0.1605,    0.1638,    0.1522,    0.1501,    0.1559,    0.3940,    0.3758,    0.3716,    0.3604,    0.3329,    0.3123,    0.2741,    0.2522,    0.2425,    0.2125,    0.1633,    0.1517,    0.1170,    0.3905,    0.2979,    0.2845,    0.1919,    0.1394,    0.1127,    0.0453,    0.0399,    0.0284,    0.0099,    0.0080
