Particle       ,data/QEXT_96IR_84_VIS_RNC10_7_9umrod
Ncase          ,  14
dt (sols)      ,  0.020833
Qext 0.67um    ,  1.833768
Alb sfc        ,  0.220000
Conrath nu     ,  0.002000
Sun Flux (W/m2),148.393084
BWN IR (cm-1)  ,     10.0000,     34.1670,     58.3330,     82.5000,    106.6670,    130.8330,    155.0000,    179.1670,    203.3330,    227.5000,    251.6670,    275.8330,    300.0000,    320.7880,    341.5750,    362.3630,    383.1500,    403.9380,    424.7250,    445.5130,    466.3010,    487.0880,    507.8760,    528.6630,    549.4510,    556.7420,    564.0330,    571.3240,    578.6150,    585.9060,    593.1970,    600.4880,    607.7790,    615.0700,    622.3610,    629.6520,    636.9430,    642.5500,    648.1570,    653.7640,    659.3700,    664.9770,    670.5840,    676.1910,    681.7980,    687.4050,    693.0110,    698.6180,    704.2250,    710.1390,    716.0530,    721.9670,    727.8810,    733.7950,    739.7090,    745.6240,    751.5380,    757.4520,    763.3660,    769.2800,    775.1940,    791.5010,    807.8070,    824.1140,    840.4210,    856.7270,    873.0340,    889.3410,    905.6470,    921.9540,    938.2610,    954.5670,    970.8740,    996.8050,   1022.7370,   1048.6680,   1074.6000,   1100.5310,   1126.4630,   1152.3940,   1178.3250,   1204.2570,   1230.1880,   1256.1200,   1282.0510,   1360.3990,   1438.7460,   1517.0940,   1595.4410,   1673.7890,   1752.1370,   1830.4840,   1908.8320,   1987.1790,   2065.5270,   2143.8740,   2222.2220
BWN VIS (cm-1) ,   2222.2200,   2294.3160,   2366.4120,   2438.5080,   2510.6030,   2582.6990,   2654.7950,   2726.8910,   2798.9870,   2871.0820,   2943.1780,   3015.2740,   3087.3700,   3165.9750,   3244.5800,   3323.1850,   3401.7900,   3480.3950,   3559.0000,   3637.6050,   3716.2100,   3794.8150,   3873.4200,   3952.0250,   4030.6300,   4142.2920,   4253.9530,   4365.6150,   4477.2770,   4588.9380,   4700.6000,   4812.2620,   4923.9230,   5035.5850,   5147.2470,   5258.9080,   5370.5700,   5560.6150,   5750.6600,   5940.7050,   6130.7500,   6320.7950,   6510.8400,   6700.8850,   6890.9300,   7080.9750,   7271.0200,   7461.0650,   7651.1100,   8055.1840,   8459.2580,   8863.3330,   9267.4070,   9671.4810,  10075.5550,  10479.6290,  10883.7030,  11287.7780,  11691.8520,  12095.9260,  12500.0000,  13541.6670,  14583.3330,  15625.0000,  16666.6670,  17708.3330,  18750.0000,  19791.6670,  20833.3330,  21875.0000,  22916.6670,  23958.3330,  25000.0000,  26388.8890,  27777.7780,  29166.6670,  30555.5570,  31944.4460,  33333.3350,  34722.2240,  36111.1130,  37500.0030,  38888.8920,  40277.7810,  41666.6700
SUN VIS (W/m2) ,      0.1008,      0.0862,      0.0968,      0.1089,      0.1224,      0.1136,      0.1248,      0.1400,      0.1233,      0.1698,      0.1502,      0.1645,      0.1814,      0.1477,      0.2144,      0.2377,      0.1946,      0.2106,      0.2276,      0.2472,      0.2683,      0.1918,      0.3072,      0.3239,      0.3986,      0.4261,      0.4410,      0.4688,      0.4810,      0.5017,      0.5013,      0.5485,      0.5772,      0.5665,      0.6183,      0.6303,      1.0809,      1.1806,      1.2379,      1.2751,      1.2949,      1.4092,      1.3262,      1.4132,      1.3634,      1.4505,      1.3747,      1.4716,      3.1730,      3.1258,      3.2038,      3.2543,      3.2846,      3.1576,      3.2685,      3.3520,      3.4202,      3.1800,      3.1347,      3.2554,      8.2299,      7.8425,      7.7561,      7.5237,      6.9524,      6.5235,      5.7299,      5.2748,      5.0739,      4.4511,      3.4228,      3.1828,      2.4579,      2.2644,      1.7312,      1.6575,      1.1215,      0.8173,      0.6634,      0.2677,      0.2374,      0.1697,      0.0593,      0.0486
================
wavelenght [um],    0.244068,    0.252632,    0.261818,    0.271698,    0.282353,    0.293878,    0.306383,    0.320000,    0.334884,    0.351220,    0.369231,    0.389189,    0.408511,    0.426667,    0.446512,    0.468293,    0.492308,    0.518919,    0.548571,    0.581818,    0.619355,    0.662069,    0.711111,    0.768000,    0.813143,    0.840768,    0.870336,    0.902060,    0.936184,    0.972991,    1.012810,    1.056028,    1.103099,    1.154562,    1.211061,    1.273375,    1.323436,    1.357581,    1.393534,    1.431444,    1.471474,    1.513807,    1.558648,    1.606226,    1.656801,    1.710664,    1.768147,    1.829628,    1.881560,    1.921939,    1.964090,    2.008131,    2.054193,    2.102417,    2.152960,    2.205992,    2.261704,    2.320302,    2.382017,    2.447105,    2.505432,    2.555765,    2.608162,    2.662752,    2.719677,    2.779088,    2.841153,    2.906054,    2.973989,    3.045176,    3.119855,    3.198288,    3.277268,    3.356577,    3.439819,    3.527294,    3.619334,    3.716307,    3.818620,    3.926726,    4.041130,    4.162400,    4.291175,    4.428172,    4.580751,    4.751270,    4.934974,    5.133456,    5.348572,    5.582505,    5.837838,    6.117648,    6.425631,    6.766266,    7.145039,    7.568734,    7.879690,    8.044056,    8.215425,    8.394255,    8.581043,    8.776330,    8.980716,    9.194848,    9.419442,    9.655282,    9.903235,   10.164260,   10.387231,   10.566200,   10.751445,   10.943308,   11.142136,   11.348323,   11.562291,   11.784476,   12.015368,   12.255495,   12.505409,   12.765727,   12.949392,   13.049328,   13.150818,   13.253898,   13.358608,   13.464994,   13.573088,   13.682923,   13.794549,   13.908012,   14.023357,   14.140631,   14.256763,   14.371646,   14.488386,   14.607038,   14.727660,   14.850291,   14.974981,   15.101782,   15.230738,   15.361915,   15.495384,   15.631191,   15.790367,   15.974275,   16.162517,   16.355249,   16.552633,   16.754839,   16.962047,   17.174443,   17.392227,   17.615605,   17.844795,   18.080028,   18.550914,   19.294981,   20.101230,   20.977796,   21.934298,   22.982219,   24.135264,   25.410119,   26.827165,   28.411593,   30.194923,   32.217118,   34.732292,   37.914692,   41.739101,   46.421699,   52.287582,   59.850314,   69.970927,   84.210526,  105.726686,  142.012170,  216.216216,  452.826771
Qext           ,      1.9926,      1.9926,      1.9926,      1.9926,      1.9926,      1.9926,      1.9926,      1.9926,      1.9926,      1.9926,      1.9926,      1.9926,      1.9926,      1.9926,      1.9926,      1.9926,      1.8338,      1.8338,      1.8338,      1.8338,      1.8338,      1.8338,      1.8338,      1.8338,      1.8338,      1.8338,      1.8338,      1.8338,      1.8338,      1.8338,      1.8338,      1.2564,      1.2564,      1.2564,      1.2564,      1.2564,      1.2564,      1.2564,      1.2564,      1.2564,      1.2564,      1.2564,      1.2564,      1.2675,      1.2675,      1.2675,      1.2675,      1.2675,      1.2675,      1.2675,      1.2675,      1.2675,      1.2675,      1.2675,      1.4978,      1.4978,      1.4978,      1.4978,      1.4978,      1.4978,      1.4978,      1.4978,      1.4978,      1.4978,      1.6550,      1.6550,      1.6550,      1.6550,      1.6550,      1.6550,      1.6550,      1.6550,      1.5399,      1.5399,      1.5399,      1.5399,      1.5399,      1.5399,      1.6958,      1.6958,      1.6958,      1.6958,      1.6958,      1.9038,      1.9038,      1.9038,      2.1646,      2.1646,      2.1646,      2.3492,      2.3492,      2.3142,      2.3142,      2.7813,      3.0109,      3.0109,      2.9456,      2.9456,      3.0594,      3.0594,      3.0594,      3.7930,      3.7930,      3.7930,      4.7378,      4.7378,      3.3462,      3.3462,      2.8072,      2.8072,      2.8072,      2.7021,      2.7021,      2.7021,      3.1245,      3.1245,      3.8600,      3.8600,      3.8600,      5.0021,      5.0021,      5.0021,      5.6163,      5.6163,      5.6163,      5.6163,      5.6163,      4.9934,      4.9934,      4.9934,      4.9934,      4.9934,      3.8980,      3.8980,      3.8980,      3.8980,      3.8160,      3.8160,      3.8160,      3.8160,      3.8160,      4.2372,      4.2372,      4.2372,      4.2372,      4.9674,      4.9674,      4.9674,      5.7778,      5.7778,      6.1206,      6.1206,      6.1206,      6.3937,      6.3937,      6.7625,      7.1124,      8.4540,     10.5398,     11.9223,     10.7855,      9.8033,      9.7513,      6.8865,      8.6579,     14.2751,      8.4831,      3.7691,      1.9473,      1.5786,      2.4166,      5.7469,      6.1430,      6.1239,      6.1239,      6.1239,      6.1239,      6.1239,      6.1239,      6.1239
Qscat          ,      1.2936,      1.2936,      1.2936,      1.2936,      1.2936,      1.2936,      1.2936,      1.2936,      1.2936,      1.2936,      1.2936,      1.2936,      1.2936,      1.2936,      1.2936,      1.2936,      1.5834,      1.5834,      1.5834,      1.5834,      1.5834,      1.5834,      1.5834,      1.5834,      1.5834,      1.5834,      1.5834,      1.5834,      1.5834,      1.5834,      1.5834,      1.1488,      1.1488,      1.1488,      1.1488,      1.1488,      1.1488,      1.1488,      1.1488,      1.1488,      1.1488,      1.1488,      1.1488,      1.1597,      1.1597,      1.1597,      1.1597,      1.1597,      1.1597,      1.1597,      1.1597,      1.1597,      1.1597,      1.1597,      1.3882,      1.3882,      1.3882,      1.3882,      1.3882,      1.3882,      1.3882,      1.3882,      1.3882,      1.3882,      1.5162,      1.5162,      1.5162,      1.5162,      1.5162,      1.5162,      1.5162,      1.5162,      1.4400,      1.4400,      1.4400,      1.4400,      1.4400,      1.4400,      1.5739,      1.5739,      1.5739,      1.5739,      1.5739,      1.7430,      1.7430,      1.7430,      1.9714,      1.9714,      1.9714,      2.1011,      2.1011,      2.0879,      2.0879,      2.4627,      2.6494,      2.6494,      2.6006,      2.6006,      2.6819,      2.6819,      2.6819,      3.3198,      3.3198,      3.3198,      4.0607,      4.0607,      2.7782,      2.7782,      2.3970,      2.3970,      2.3970,      2.3306,      2.3306,      2.3306,      2.6520,      2.6520,      3.2319,      3.2319,      3.2319,      4.0130,      4.0130,      4.0130,      4.6257,      4.6257,      4.6257,      4.6257,      4.6257,      4.1268,      4.1268,      4.1268,      4.1268,      4.1268,      3.2540,      3.2540,      3.2540,      3.2540,      3.2341,      3.2341,      3.2341,      3.2341,      3.2341,      3.6162,      3.6162,      3.6162,      3.6162,      4.2313,      4.2313,      4.2313,      4.9144,      4.9144,      5.2635,      5.2635,      5.2635,      5.4970,      5.4970,      5.7912,      6.0356,      6.9994,      8.1753,      8.2348,      6.3584,      5.4833,      6.3059,      4.5064,      5.8322,      9.7333,      5.2828,      2.4737,      1.1533,      0.8303,      1.3302,      3.5604,      3.9383,      3.2290,      3.2290,      3.2290,      3.2290,      3.2290,      3.2290,      3.2290
G factor       ,      0.5830,      0.5830,      0.5830,      0.5830,      0.5830,      0.5830,      0.5830,      0.5830,      0.5830,      0.5830,      0.5830,      0.5830,      0.5830,      0.5830,      0.5830,      0.5830,      0.3630,      0.3630,      0.3630,      0.3630,      0.3630,      0.3630,      0.3630,      0.3630,      0.3630,      0.3630,      0.3630,      0.3630,      0.3630,      0.3630,      0.3630,      0.3200,      0.3200,      0.3200,      0.3200,      0.3200,      0.3200,      0.3200,      0.3200,      0.3200,      0.3200,      0.3200,      0.3200,      0.2900,      0.2900,      0.2900,      0.2900,      0.2900,      0.2900,      0.2900,      0.2900,      0.2900,      0.2900,      0.2900,      0.3020,      0.3020,      0.3020,      0.3020,      0.3020,      0.3020,      0.3020,      0.3020,      0.3020,      0.3020,      0.2480,      0.2480,      0.2480,      0.2480,      0.2480,      0.2480,      0.2480,      0.2480,      0.2840,      0.2840,      0.2840,      0.2840,      0.2840,      0.2840,      0.2580,      0.2580,      0.2580,      0.2580,      0.2580,      0.3050,      0.3050,      0.3050,      0.2940,      0.2940,      0.2940,      0.2620,      0.2620,      0.2470,      0.2470,      0.2130,      0.1820,      0.1820,      0.1950,      0.1950,      0.2170,      0.2170,      0.2170,      0.1800,      0.1800,      0.1800,      0.1760,      0.1760,      0.1740,      0.1740,      0.2210,      0.2210,      0.2210,      0.2920,      0.2920,      0.2920,      0.3530,      0.3530,      0.3120,      0.3120,      0.3120,      0.2910,      0.2910,      0.2910,      0.3050,      0.3050,      0.3050,      0.3050,      0.3050,      0.1510,      0.1510,      0.1510,      0.1510,      0.1510,      0.0330,      0.0330,      0.0330,      0.0330,      0.0270,      0.0270,      0.0270,      0.0270,      0.0270,      0.0440,      0.0440,      0.0440,      0.0440,      0.0560,      0.0560,      0.0560,      0.0760,      0.0760,      0.0890,      0.0890,      0.0890,      0.0980,      0.0980,      0.1030,      0.1080,      0.1000,      0.0490,     -0.0400,     -0.1770,     -0.1750,     -0.0490,     -0.0090,     -0.0010,      0.0500,      0.0410,     -0.0890,     -0.2040,     -0.2420,     -0.1580,     -0.0850,     -0.0240,     -0.0080,     -0.0080,     -0.0080,     -0.0080,     -0.0080,     -0.0080,     -0.0080
================
P [mbar]       ,    0.1004,    0.1015,    0.1034,    0.1069,    0.1130,    0.1239,    0.1432,    0.1740,    0.2226,    0.3028,    0.4349,    0.6529,    1.0121,    1.6044,    2.4646,    3.4606,    4.3994,    5.2226,    5.8426,    6.2132,    6.3980,    6.4686,    6.5039,    6.5168
Temp initial[K],  155.0000,  155.0000,  155.0000,  155.0000,  155.0000,  155.0000,  155.0000,  155.0000,  155.0000,  155.0000,  155.0000,  155.0000,  158.8233,  165.4041,  173.2716,  181.4436,  190.2788,  198.8130,  204.5783,  207.8249,  209.4219,  210.0497,  210.3719,  210.4891
================
it   ,   tau    ,  Tsfc    ,   alb    ,   OLR    ,    ASR   ,  NET top ,  NET bot , T lev  01, T lev  02, T lev  03, T lev  04, T lev  05, T lev  06, T lev  07, T lev  08, T lev  09, T lev  10, T lev  11, T lev  12, T lev  13, T lev  14, T lev  15, T lev  16, T lev  17, T lev  18, T lev  19, T lev  20, T lev  21, T lev  22, T lev  23, T lev  24, T lev  25,  OLR IR01,  OLR IR02,  OLR IR03,  OLR IR04,  OLR IR05,  OLR IR06,  OLR IR07,  OLR IR08,  OLR IR09,  OLR IR10,  OLR IR11,  OLR IR12,  OLR IR13,  OLR IR14,  OLR IR15,  OLR IR16,  OLR IR17,  OLR IR18,  OLR IR19,  OLR IR20,  OLR IR21,  OLR IR22,  OLR IR23,  OLR IR24,  OLR IR25,  OLR IR26,  OLR IR27,  OLR IR28,  OLR IR29,  OLR IR30,  OLR IR31,  OLR IR32,  OLR IR33,  OLR IR34,  OLR IR35,  OLR IR36,  OLR IR37,  OLR IR38,  OLR IR39,  OLR IR40,  OLR IR41,  OLR IR42,  OLR IR43,  OLR IR44,  OLR IR45,  OLR IR46,  OLR IR47,  OLR IR48,  OLR IR49,  OLR IR50,  OLR IR51,  OLR IR52,  OLR IR53,  OLR IR54,  OLR IR55,  OLR IR56,  OLR IR57,  OLR IR58,  OLR IR59,  OLR IR60,  OLR IR61,  OLR IR62,  OLR IR63,  OLR IR64,  OLR IR65,  OLR IR66,  OLR IR67,  OLR IR68,  OLR IR69,  OLR IR70,  OLR IR71,  OLR IR72,  OLR IR73,  OLR IR74,  OLR IR75,  OLR IR76,  OLR IR77,  OLR IR78,  OLR IR79,  OLR IR80,  OLR IR81,  OLR IR82,  OLR IR83,  OLR IR84,  OLR IR85,  OLR IR86,  OLR IR87,  OLR IR88,  OLR IR89,  OLR IR90,  OLR IR91,  OLR IR92,  OLR IR93,  OLR IR94,  OLR IR95,  OLR IR96, ASR VIS01, ASR VIS02, ASR VIS03, ASR VIS04, ASR VIS05, ASR VIS06, ASR VIS07, ASR VIS08, ASR VIS09, ASR VIS10, ASR VIS11, ASR VIS12, ASR VIS13, ASR VIS14, ASR VIS15, ASR VIS16, ASR VIS17, ASR VIS18, ASR VIS19, ASR VIS20, ASR VIS21, ASR VIS22, ASR VIS23, ASR VIS24, ASR VIS25, ASR VIS26, ASR VIS27, ASR VIS28, ASR VIS29, ASR VIS30, ASR VIS31, ASR VIS32, ASR VIS33, ASR VIS34, ASR VIS35, ASR VIS36, ASR VIS37, ASR VIS38, ASR VIS39, ASR VIS40, ASR VIS41, ASR VIS42, ASR VIS43, ASR VIS44, ASR VIS45, ASR VIS46, ASR VIS47, ASR VIS48, ASR VIS49, ASR VIS50, ASR VIS51, ASR VIS52, ASR VIS53, ASR VIS54, ASR VIS55, ASR VIS56, ASR VIS57, ASR VIS58, ASR VIS59, ASR VIS60, ASR VIS61, ASR VIS62, ASR VIS63, ASR VIS64, ASR VIS65, ASR VIS66, ASR VIS67, ASR VIS68, ASR VIS69, ASR VIS70, ASR VIS71, ASR VIS72, ASR VIS73, ASR VIS74, ASR VIS75, ASR VIS76, ASR VIS77, ASR VIS78, ASR VIS79, ASR VIS80, ASR VIS81, ASR VIS82, ASR VIS83, ASR VIS84, SFC DIR01, SFC DIR02, SFC DIR03, SFC DIR04, SFC DIR05, SFC DIR06, SFC DIR07, SFC DIR08, SFC DIR09, SFC DIR10, SFC DIR11, SFC DIR12, SFC DIR13, SFC DIR14, SFC DIR15, SFC DIR16, SFC DIR17, SFC DIR18, SFC DIR19, SFC DIR20, SFC DIR21, SFC DIR22, SFC DIR23, SFC DIR24, SFC DIR25, SFC DIR26, SFC DIR27, SFC DIR28, SFC DIR29, SFC DIR30, SFC DIR31, SFC DIR32, SFC DIR33, SFC DIR34, SFC DIR35, SFC DIR36, SFC DIR37, SFC DIR38, SFC DIR39, SFC DIR40, SFC DIR41, SFC DIR42, SFC DIR43, SFC DIR44, SFC DIR45, SFC DIR46, SFC DIR47, SFC DIR48, SFC DIR49, SFC DIR50, SFC DIR51, SFC DIR52, SFC DIR53, SFC DIR54, SFC DIR55, SFC DIR56, SFC DIR57, SFC DIR58, SFC DIR59, SFC DIR60, SFC DIR61, SFC DIR62, SFC DIR63, SFC DIR64, SFC DIR65, SFC DIR66, SFC DIR67, SFC DIR68, SFC DIR69, SFC DIR70, SFC DIR71, SFC DIR72, SFC DIR73, SFC DIR74, SFC DIR75, SFC DIR76, SFC DIR77, SFC DIR78, SFC DIR79, SFC DIR80, SFC DIR81, SFC DIR82, SFC DIR83, SFC DIR84, SFC DIR85, SFC DIR86, SFC DIR87, SFC DIR88, SFC DIR89, SFC DIR90, SFC DIR91, SFC DIR92, SFC DIR93, SFC DIR94, SFC DIR95, SFC DIR96,SFC DVIS01,SFC DVIS02,SFC DVIS03,SFC DVIS04,SFC DVIS05,SFC DVIS06,SFC DVIS07,SFC DVIS08,SFC DVIS09,SFC DVIS10,SFC DVIS11,SFC DVIS12,SFC DVIS13,SFC DVIS14,SFC DVIS15,SFC DVIS16,SFC DVIS17,SFC DVIS18,SFC DVIS19,SFC DVIS20,SFC DVIS21,SFC DVIS22,SFC DVIS23,SFC DVIS24,SFC DVIS25,SFC DVIS26,SFC DVIS27,SFC DVIS28,SFC DVIS29,SFC DVIS30,SFC DVIS31,SFC DVIS32,SFC DVIS33,SFC DVIS34,SFC DVIS35,SFC DVIS36,SFC DVIS37,SFC DVIS38,SFC DVIS39,SFC DVIS40,SFC DVIS41,SFC DVIS42,SFC DVIS43,SFC DVIS44,SFC DVIS45,SFC DVIS46,SFC DVIS47,SFC DVIS48,SFC DVIS49,SFC DVIS50,SFC DVIS51,SFC DVIS52,SFC DVIS53,SFC DVIS54,SFC DVIS55,SFC DVIS56,SFC DVIS57,SFC DVIS58,SFC DVIS59,SFC DVIS60,SFC DVIS61,SFC DVIS62,SFC DVIS63,SFC DVIS64,SFC DVIS65,SFC DVIS66,SFC DVIS67,SFC DVIS68,SFC DVIS69,SFC DVIS70,SFC DVIS71,SFC DVIS72,SFC DVIS73,SFC DVIS74,SFC DVIS75,SFC DVIS76,SFC DVIS77,SFC DVIS78,SFC DVIS79,SFC DVIS80,SFC DVIS81,SFC DVIS82,SFC DVIS83,SFC DVIS84
 1007,    0.0000,  218.8983,    0.2194,  117.0969,  115.8380,   -0.8625,   -0.7595,  158.4330,  155.0000,  155.0000,  155.0000,  155.0000,  155.0000,  155.0000,  155.0000,  155.0000,  155.0000,  155.0000,  155.0000,  155.0000,  158.8202,  165.3996,  173.2672,  181.4393,  190.2764,  198.8104,  204.5754,  207.8212,  209.4182,  210.0462,  210.3680,  210.4855,    0.0676,    0.2556,    0.5389,    0.8888,    1.2804,    1.6928,    2.1082,    2.5121,    2.8933,    3.2429,    3.5544,    3.8241,    3.4712,    3.6087,    3.7179,    3.7987,    3.8530,    3.8815,    3.8866,    3.8696,    3.8324,    3.7775,    3.7019,    3.5964,    1.2424,    1.2267,    1.2047,    1.1662,    1.1137,    1.0481,    0.8756,    0.8393,    0.7711,    0.6138,    0.5638,    0.3590,    0.1995,    0.1649,    0.1438,    0.1375,    0.1329,    0.1277,    0.1258,    0.1235,    0.1245,    0.1364,    0.1735,    0.2440,    0.3730,    0.4452,    0.3502,    0.5089,    0.4971,    0.5051,    0.5244,    0.6000,    0.6202,    0.6335,    0.6351,    0.6285,    1.6842,    1.6087,    1.5504,    1.4822,    1.4116,    1.3421,    1.2748,    1.2087,    1.1452,    1.0819,    1.0194,    0.9639,    1.4270,    1.3066,    1.1824,    1.0659,    0.9702,    0.8860,    0.8005,    0.7221,    0.6504,    0.5836,    0.5141,    0.4584,    1.1328,    0.8012,    0.5722,    0.3992,    0.2764,    0.1901,    0.1299,    0.0861,    0.0569,    0.0365,    0.0240,    0.0175,    0.0899,    0.0485,    0.0757,    0.0853,    0.0957,    0.0892,    0.0975,    0.1095,    0.0962,    0.1325,    0.1172,    0.1283,    0.1417,    0.1155,    0.1679,    0.1865,    0.1530,    0.1811,    0.2062,    0.2231,    0.2234,    0.1500,    0.2398,    0.2531,    0.3109,    0.3324,    0.3440,    0.3658,    0.3756,    0.3936,    0.3989,    0.4549,    0.4935,    0.4704,    0.4844,    0.4940,    0.8433,    0.9209,    0.9662,    0.9986,    1.0221,    1.1068,    1.0376,    1.1056,    1.0799,    1.1314,    1.0731,    1.1504,    2.4777,    2.4439,    2.4989,    2.5383,    2.5642,    2.4625,    2.5489,    2.6139,    2.6670,    2.4800,    2.4441,    2.5380,    6.4157,    6.1123,    6.0433,    5.8603,    5.4132,    5.0767,    4.4565,    4.0997,    3.9404,    3.4535,    2.6528,    2.4637,    1.8993,    1.7458,    1.3311,    1.2705,    0.8565,    0.6215,    0.5021,    0.2015,    0.1776,    0.1261,    0.0437,    0.0355,    0.0000,    0.0000,    0.0000,    0.0000,    0.0000,    0.0000,    0.0000,    0.0000,    0.0000,    0.0000,    0.0000,    0.0000,    0.0000,    0.0000,    0.0000,    0.0000,    0.0000,    0.0000,    0.0000,    0.0001,    0.0002,    0.0007,    0.0108,    0.0490,    0.0110,    0.0180,    0.0344,    0.0771,    0.1397,    0.2137,    0.4309,    0.4495,    0.5119,    0.6671,    0.7005,    0.8672,    0.6959,    0.7036,    0.7106,    0.6982,    0.6956,    0.7186,    0.6761,    0.6645,    0.6491,    0.6306,    0.6025,    0.5551,    0.4721,    0.3712,    0.4491,    0.2585,    0.2602,    0.2432,    0.2110,    0.1067,    0.0696,    0.0377,    0.0207,    0.0150,    0.0329,    0.0299,    0.0085,    0.0020,    0.0004,    0.0004,    0.0002,    0.0011,    0.0019,    0.0049,    0.0091,    0.0081,    0.0085,    0.0012,    0.0075,    0.0141,    0.0089,    0.0000,    0.0000,    0.0000,    0.0000,    0.0008,    0.0066,    0.0072,    0.0065,    0.0059,    0.0000,    0.0000,    0.0000,    0.0000,    0.0000,    0.0009,    0.0011,    0.0014,    0.0012,    0.0002,    0.0266,    0.0000,    0.0608,    0.1075,    0.1214,    0.1110,    0.1245,    0.1386,    0.1233,    0.1698,    0.1501,    0.1645,    0.1808,    0.1468,    0.2123,    0.2321,    0.1900,    0.1318,    0.0189,    0.0386,    0.1649,    0.1902,    0.3067,    0.3223,    0.3984,    0.4260,    0.4410,    0.4686,    0.4799,    0.4920,    0.4648,    0.4226,    0.3741,    0.4433,    0.6104,    0.6178,    1.0805,    1.1804,    1.2359,    1.2564,    1.2364,    1.3694,    1.3136,    1.3975,    1.2854,    1.4503,    1.3718,    1.4606,    3.1621,    3.0885,    3.2030,    3.2531,    3.2748,    3.1568,    3.2678,    3.3511,    3.4192,    3.1776,    3.1334,    3.2539,    8.2247,    7.8363,    7.7478,    7.5132,    6.9399,    6.5086,    5.7135,    5.2561,    5.0518,    4.4276,    3.4010,    3.1586,    2.4350,    2.2382,    1.7066,    1.6288,    1.0981,    0.7968,    0.6438,    0.2584,    0.2277,    0.1616,    0.0560,    0.0455
  680,    0.0500,  225.3970,    0.2284,  115.3342,  114.4984,   -0.4302,   -0.8469,  158.4330,  155.9730,  156.5936,  157.3719,  157.7042,  157.9849,  158.0976,  158.2000,  158.3076,  158.6969,  159.6983,  161.8510,  165.4491,  170.5764,  176.9090,  183.3098,  189.5766,  195.6528,  203.9482,  209.8385,  213.1400,  214.7967,  215.4523,  215.7961,  215.9211,    0.0630,    0.2381,    0.5020,    0.8281,    1.1935,    1.5786,    1.9669,    2.3212,    2.6878,    3.2411,    3.6283,    3.8755,    3.3833,    3.2343,    3.0003,    3.3724,    3.5528,    3.3595,    3.3267,    3.2352,    3.1768,    3.2688,    3.3799,    3.3908,    1.1817,    1.1759,    1.1555,    1.1238,    1.0744,    1.0149,    0.8618,    0.8325,    0.7814,    0.6378,    0.5987,    0.4256,    0.2577,    0.2169,    0.1831,    0.1743,    0.1652,    0.1493,    0.1579,    0.1575,    0.1643,    0.1839,    0.2230,    0.2812,    0.3920,    0.4596,    0.3715,    0.5228,    0.5109,    0.5171,    0.5354,    0.6121,    0.6329,    0.6489,    0.6585,    0.6528,    1.7543,    1.7270,    1.6707,    1.6020,    1.5589,    1.4865,    1.4234,    1.3533,    1.2856,    1.2091,    1.1421,    1.0834,    1.5834,    1.4574,    1.2838,    1.1615,    1.0875,    0.9996,    0.9074,    0.8388,    0.7592,    0.6843,    0.6070,    0.5443,    1.3526,    0.9706,    0.7087,    0.5086,    0.3574,    0.2493,    0.1729,    0.1169,    0.0785,    0.0511,    0.0342,    0.0254,    0.0891,    0.0484,    0.0745,    0.0834,    0.0936,    0.0872,    0.0955,    0.1073,    0.0943,    0.1297,    0.1147,    0.1257,    0.1386,    0.1130,    0.1643,    0.1826,    0.1499,    0.1784,    0.2048,    0.2212,    0.2209,    0.1472,    0.2352,    0.2484,    0.3050,    0.3260,    0.3375,    0.3588,    0.3685,    0.3863,    0.3934,    0.4489,    0.4876,    0.4641,    0.4770,    0.4863,    0.8300,    0.9063,    0.9510,    0.9832,    1.0067,    1.0908,    1.0223,    1.0894,    1.0644,    1.1146,    1.0572,    1.1334,    2.4409,    2.4080,    2.4616,    2.5005,    2.5262,    2.4231,    2.5081,    2.5721,    2.6243,    2.4403,    2.4050,    2.4974,    6.3131,    6.0146,    5.9467,    5.7667,    5.3267,    4.9957,    4.3855,    4.0344,    3.9673,    3.4771,    2.6710,    2.4807,    1.9124,    1.7580,    1.3405,    1.2795,    0.8628,    0.6262,    0.5059,    0.2031,    0.1790,    0.1271,    0.0441,    0.0358,    0.0135,    0.0508,    0.1063,    0.1740,    0.2487,    0.3261,    0.4026,    0.4600,    0.5142,    0.2732,    0.2058,    0.2624,    0.4105,    0.8157,    1.2289,    0.8688,    0.7304,    0.9950,    1.0562,    1.1248,    1.1206,    0.9432,    0.7504,    0.6679,    0.2164,    0.2133,    0.2282,    0.2646,    0.3245,    0.3926,    0.5949,    0.6065,    0.6566,    0.8031,    0.8292,    0.9810,    0.7811,    0.7900,    0.7990,    0.7851,    0.7834,    0.8130,    0.7629,    0.7503,    0.7335,    0.7136,    0.6837,    0.6382,    0.5680,    0.4683,    0.5430,    0.3521,    0.3524,    0.3354,    0.3017,    0.1938,    0.1550,    0.1190,    0.0931,    0.0856,    0.2192,    0.1680,    0.1372,    0.1238,    0.0906,    0.0862,    0.0765,    0.0738,    0.0713,    0.0791,    0.0803,    0.0751,    0.1290,    0.1098,    0.1448,    0.1400,    0.1029,    0.0835,    0.0756,    0.0539,    0.0487,    0.0449,    0.0466,    0.0432,    0.0964,    0.0706,    0.0409,    0.0235,    0.0164,    0.0113,    0.0078,    0.0059,    0.0047,    0.0041,    0.0029,    0.0012,    0.0248,    0.0000,    0.0585,    0.1039,    0.1174,    0.1073,    0.1209,    0.1345,    0.1197,    0.1649,    0.1457,    0.1598,    0.1747,    0.1418,    0.2051,    0.2241,    0.1832,    0.1251,    0.0171,    0.0358,    0.1590,    0.1848,    0.2980,    0.3131,    0.3872,    0.4140,    0.4286,    0.4554,    0.4663,    0.4779,    0.4515,    0.4105,    0.3630,    0.4309,    0.5946,    0.6022,    1.0537,    1.1511,    1.2052,    1.2246,    1.2046,    1.3358,    1.2818,    1.3635,    1.2539,    1.4156,    1.3389,    1.4254,    3.0862,    3.0137,    3.1264,    3.1753,    3.1963,    3.0405,    3.1475,    3.2278,    3.2933,    3.0607,    3.0181,    3.1341,    7.9220,    7.5478,    7.4627,    7.2367,    6.6845,    6.2691,    5.5033,    5.0627,    4.7957,    4.2030,    3.2284,    2.9982,    2.3113,    2.1245,    1.6198,    1.5459,    1.0422,    0.7563,    0.6110,    0.2452,    0.2161,    0.1534,    0.0532,    0.0432
  654,    0.1000,  229.9006,    0.2368,  112.8410,  113.2563,    0.8373,    0.1070,  158.4330,  157.5384,  158.2897,  159.1531,  160.1964,  160.6527,  161.0975,  161.4994,  161.8982,  162.5296,  163.7986,  166.0989,  169.7001,  174.7847,  181.0995,  187.6998,  194.3000,  200.6011,  208.1003,  214.1042,  217.4634,  219.1615,  219.8324,  220.1881,  220.3166,    0.0596,    0.2251,    0.4745,    0.7823,    1.1269,    1.4897,    1.8552,    2.1682,    2.5176,    3.1990,    3.6429,    3.8632,    3.2656,    2.9554,    2.6000,    3.0538,    3.2908,    2.9944,    2.9484,    2.8269,    2.7541,    2.8927,    3.0896,    3.1682,    1.1105,    1.1116,    1.0929,    1.0678,    1.0230,    0.9703,    0.8371,    0.8130,    0.7753,    0.6438,    0.6112,    0.4572,    0.2849,    0.2434,    0.2077,    0.1990,    0.1883,    0.1683,    0.1808,    0.1804,    0.1879,    0.2079,    0.2467,    0.3007,    0.4007,    0.4631,    0.3802,    0.5226,    0.5112,    0.5164,    0.5331,    0.6067,    0.6263,    0.6430,    0.6584,    0.6532,    1.7585,    1.7754,    1.7213,    1.6535,    1.6389,    1.5657,    1.5092,    1.4374,    1.3678,    1.2804,    1.2115,    1.1517,    1.6622,    1.5351,    1.3201,    1.1974,    1.1475,    1.0592,    0.9644,    0.9102,    0.8263,    0.7470,    0.6660,    0.5994,    1.4943,    1.0825,    0.8037,    0.5899,    0.4186,    0.2947,    0.2064,    0.1418,    0.0962,    0.0632,    0.0429,    0.0321,    0.0883,    0.0482,    0.0733,    0.0816,    0.0915,    0.0853,    0.0936,    0.1052,    0.0924,    0.1272,    0.1125,    0.1232,    0.1358,    0.1106,    0.1609,    0.1789,    0.1469,    0.1758,    0.2034,    0.2194,    0.2184,    0.1446,    0.2310,    0.2439,    0.2995,    0.3201,    0.3313,    0.3523,    0.3618,    0.3795,    0.3880,    0.4431,    0.4818,    0.4580,    0.4699,    0.4791,    0.8174,    0.8926,    0.9366,    0.9685,    0.9920,    1.0755,    1.0078,    1.0740,    1.0496,    1.0986,    1.0421,    1.1173,    2.4060,    2.3738,    2.4263,    2.4646,    2.4900,    2.3869,    2.4705,    2.5336,    2.5850,    2.4038,    2.3690,    2.4601,    6.2187,    5.9247,    5.8579,    5.6806,    5.2473,    4.9213,    4.3202,    3.9745,    3.9927,    3.4995,    2.6883,    2.4969,    1.9251,    1.7698,    1.3496,    1.2884,    0.8688,    0.6307,    0.5097,    0.2046,    0.1804,    0.1282,    0.0445,    0.0362,    0.0245,    0.0920,    0.1930,    0.3165,    0.4533,    0.5958,    0.7375,    0.8432,    0.9478,    0.5388,    0.4143,    0.5245,    0.7923,    1.4668,    2.0514,    1.5579,    1.3496,    1.7554,    1.8500,    1.9432,    1.9294,    1.6707,    1.3686,    1.2096,    0.3986,    0.3885,    0.4016,    0.4319,    0.4878,    0.5489,    0.7342,    0.7397,    0.7797,    0.9168,    0.9372,    1.0766,    0.8528,    0.8619,    0.8719,    0.8570,    0.8556,    0.8882,    0.8346,    0.8214,    0.8039,    0.7834,    0.7525,    0.7086,    0.6489,    0.5518,    0.6232,    0.4355,    0.4345,    0.4178,    0.3840,    0.2762,    0.2373,    0.1989,    0.1663,    0.1573,    0.4097,    0.3148,    0.2759,    0.2560,    0.1918,    0.1827,    0.1631,    0.1566,    0.1505,    0.1629,    0.1606,    0.1510,    0.2635,    0.2323,    0.2924,    0.2755,    0.2083,    0.1784,    0.1620,    0.1178,    0.1068,    0.0977,    0.0944,    0.0864,    0.2058,    0.1505,    0.0932,    0.0547,    0.0387,    0.0269,    0.0188,    0.0131,    0.0098,    0.0078,    0.0053,    0.0026,    0.0233,    0.0000,    0.0565,    0.1005,    0.1136,    0.1039,    0.1175,    0.1307,    0.1163,    0.1602,    0.1416,    0.1552,    0.1690,    0.1372,    0.1983,    0.2167,    0.1768,    0.1193,    0.0158,    0.0336,    0.1535,    0.1796,    0.2898,    0.3044,    0.3765,    0.4026,    0.4168,    0.4428,    0.4534,    0.4645,    0.4392,    0.3994,    0.3528,    0.4195,    0.5797,    0.5873,    1.0280,    1.1231,    1.1758,    1.1944,    1.1744,    1.3038,    1.2514,    1.3310,    1.2239,    1.3823,    1.3073,    1.3917,    3.0134,    2.9422,    3.0528,    3.1006,    3.1211,    2.9305,    3.0336,    3.1110,    3.1741,    2.9499,    2.9089,    3.0207,    7.6353,    7.2748,    7.1927,    6.9750,    6.4429,    6.0425,    5.3044,    4.8799,    4.5545,    3.9916,    3.0661,    2.8475,    2.1951,    2.0177,    1.5384,    1.4682,    0.9899,    0.7183,    0.5803,    0.2329,    0.2052,    0.1457,    0.0505,    0.0411
 1118,    0.1500,  234.1046,    0.2446,  111.5466,  112.0986,    0.9891,    0.2379,  158.4330,  158.9833,  159.7615,  160.6506,  161.8031,  162.3176,  162.8968,  163.4009,  163.9036,  164.7019,  166.1003,  168.4070,  172.1062,  177.3123,  184.0015,  191.2999,  198.7008,  205.4329,  212.5880,  218.7185,  222.1326,  223.8706,  224.5595,  224.9277,  225.0587,    0.0573,    0.2164,    0.4557,    0.7509,    1.0809,    1.4280,    1.7773,    2.0592,    2.3948,    3.1592,    3.6496,    3.8455,    3.1667,    2.7688,    2.3758,    2.8395,    3.1008,    2.7592,    2.7113,    2.5781,    2.4944,    2.6406,    2.8748,    2.9932,    1.0534,    1.0591,    1.0420,    1.0222,    0.9816,    0.9348,    0.8185,    0.7988,    0.7716,    0.6491,    0.6218,    0.4807,    0.3033,    0.2605,    0.2229,    0.2142,    0.2027,    0.1805,    0.1950,    0.1947,    0.2026,    0.2235,    0.2636,    0.3165,    0.4096,    0.4674,    0.3875,    0.5229,    0.5122,    0.5166,    0.5315,    0.6014,    0.6196,    0.6365,    0.6562,    0.6514,    1.7562,    1.8122,    1.7599,    1.6931,    1.7059,    1.6323,    1.5827,    1.5097,    1.4388,    1.3411,    1.2709,    1.2104,    1.7270,    1.5995,    1.3470,    1.2245,    1.1974,    1.1092,    1.0127,    0.9734,    0.8862,    0.8032,    0.7194,    0.6494,    1.6233,    1.1859,    0.8935,    0.6691,    0.4789,    0.3400,    0.2401,    0.1674,    0.1146,    0.0760,    0.0522,    0.0394,    0.0876,    0.0481,    0.0722,    0.0799,    0.0896,    0.0835,    0.0918,    0.1032,    0.0906,    0.1248,    0.1103,    0.1209,    0.1331,    0.1085,    0.1578,    0.1755,    0.1441,    0.1733,    0.2020,    0.2176,    0.2161,    0.1421,    0.2269,    0.2397,    0.2943,    0.3145,    0.3255,    0.3461,    0.3555,    0.3730,    0.3829,    0.4375,    0.4762,    0.4522,    0.4632,    0.4722,    0.8055,    0.8796,    0.9230,    0.9546,    0.9781,    1.0610,    0.9941,    1.0594,    1.0356,    1.0834,    1.0277,    1.1020,    2.3729,    2.3414,    2.3928,    2.4306,    2.4557,    2.3534,    2.4359,    2.4980,    2.5488,    2.3701,    2.3358,    2.4256,    6.1316,    5.8417,    5.7759,    5.6012,    5.1740,    4.8526,    4.2601,    3.9193,    4.0160,    3.5201,    2.7042,    2.5118,    1.9367,    1.7807,    1.3581,    1.2966,    0.8745,    0.6349,    0.5132,    0.2061,    0.1818,    0.1291,    0.0448,    0.0365,    0.0334,    0.1259,    0.2646,    0.4347,    0.6239,    0.8217,    1.0193,    1.1684,    1.3194,    0.7948,    0.6227,    0.7835,    1.1475,    2.0039,    2.6561,    2.1275,    1.8869,    2.3697,    2.4833,    2.5852,    2.5653,    2.2698,    1.9060,    1.6980,    0.5644,    0.5496,    0.5618,    0.5884,    0.6421,    0.6982,    0.8726,    0.8729,    0.9060,    1.0358,    1.0525,    1.1826,    0.9325,    0.9411,    0.9509,    0.9355,    0.9338,    0.9662,    0.9124,    0.8989,    0.8813,    0.8607,    0.8295,    0.7872,    0.7367,    0.6410,    0.7097,    0.5230,    0.5207,    0.5047,    0.4702,    0.3610,    0.3216,    0.2803,    0.2415,    0.2310,    0.6052,    0.4703,    0.4229,    0.3964,    0.3020,    0.2883,    0.2584,    0.2481,    0.2383,    0.2553,    0.2495,    0.2352,    0.4102,    0.3663,    0.4489,    0.4200,    0.3240,    0.2827,    0.2574,    0.1906,    0.1731,    0.1583,    0.1496,    0.1366,    0.3335,    0.2452,    0.1566,    0.0936,    0.0668,    0.0469,    0.0330,    0.0226,    0.0166,    0.0128,    0.0087,    0.0047,    0.0219,    0.0000,    0.0545,    0.0973,    0.1100,    0.1006,    0.1142,    0.1271,    0.1131,    0.1558,    0.1377,    0.1509,    0.1636,    0.1328,    0.1919,    0.2096,    0.1709,    0.1139,    0.0147,    0.0316,    0.1482,    0.1746,    0.2819,    0.2961,    0.3663,    0.3917,    0.4055,    0.4308,    0.4411,    0.4518,    0.4275,    0.3887,    0.3431,    0.4085,    0.5653,    0.5730,    1.0033,    1.0961,    1.1476,    1.1654,    1.1456,    1.2730,    1.2221,    1.2998,    1.1951,    1.3502,    1.2770,    1.3593,    2.9435,    2.8735,    2.9821,    3.0287,    3.0487,    2.8261,    2.9255,    3.0002,    3.0611,    2.8448,    2.8053,    2.9131,    7.3634,    7.0158,    6.9367,    6.7267,    6.2136,    5.8276,    5.1158,    4.7064,    4.3263,    3.7917,    2.9125,    2.7049,    2.0853,    1.9168,    1.4614,    1.3948,    0.9404,    0.6824,    0.5513,    0.2213,    0.1950,    0.1384,    0.0480,    0.0390
 1456,    0.2000,  237.8006,    0.2519,  110.6189,  111.0173,    0.8490,    0.0998,  158.4330,  160.1649,  160.9458,  161.8384,  163.0000,  163.5007,  164.0970,  164.6000,  165.2028,  166.0987,  167.5728,  170.0032,  173.8029,  179.2988,  186.3798,  194.4000,  202.6021,  209.8615,  216.7377,  222.9930,  226.4615,  228.2228,  228.9339,  229.3114,  229.4440,    0.0557,    0.2101,    0.4423,    0.7283,    1.0475,    1.3829,    1.7198,    1.9777,    2.3015,    3.1181,    3.6455,    3.8189,    3.0786,    2.6355,    2.2376,    2.6857,    2.9544,    2.5964,    2.5506,    2.4134,    2.3213,    2.4592,    2.7052,    2.8460,    1.0044,    1.0131,    0.9975,    0.9820,    0.9453,    0.9038,    0.8020,    0.7857,    0.7669,    0.6520,    0.6290,    0.4983,    0.3166,    0.2726,    0.2336,    0.2247,    0.2127,    0.1892,    0.2048,    0.2046,    0.2129,    0.2348,    0.2762,    0.3288,    0.4167,    0.4703,    0.3928,    0.5218,    0.5117,    0.5155,    0.5287,    0.5945,    0.6111,    0.6276,    0.6506,    0.6461,    1.7438,    1.8335,    1.7829,    1.7173,    1.7556,    1.6821,    1.6396,    1.5660,    1.4943,    1.3872,    1.3163,    1.2556,    1.7728,    1.6457,    1.3605,    1.2390,    1.2334,    1.1458,    1.0484,    1.0244,    0.9347,    0.8491,    0.7635,    0.6911,    1.7309,    1.2733,    0.9718,    0.7411,    0.5343,    0.3819,    0.2717,    0.1918,    0.1324,    0.0884,    0.0615,    0.0467,    0.0869,    0.0480,    0.0712,    0.0784,    0.0879,    0.0819,    0.0901,    0.1014,    0.0890,    0.1225,    0.1083,    0.1187,    0.1306,    0.1065,    0.1549,    0.1722,    0.1416,    0.1710,    0.2007,    0.2159,    0.2139,    0.1397,    0.2232,    0.2357,    0.2893,    0.3092,    0.3201,    0.3403,    0.3495,    0.3669,    0.3780,    0.4323,    0.4709,    0.4466,    0.4569,    0.4657,    0.7941,    0.8672,    0.9100,    0.9414,    0.9648,    1.0472,    0.9810,    1.0455,    1.0223,    1.0690,    1.0140,    1.0874,    2.3414,    2.3106,    2.3609,    2.3982,    2.4231,    2.3225,    2.4039,    2.4652,    2.5153,    2.3390,    2.3051,    2.3937,    6.0511,    5.7651,    5.7002,    5.5278,    5.1063,    4.7892,    4.2045,    3.8682,    4.0374,    3.5390,    2.7189,    2.5255,    1.9474,    1.7907,    1.3658,    1.3042,    0.8798,    0.6388,    0.5165,    0.2074,    0.1830,    0.1300,    0.0451,    0.0367,    0.0408,    0.1540,    0.3240,    0.5334,    0.7669,    1.0119,    1.2577,    1.4463,    1.6398,    1.0392,    0.8282,    1.0359,    1.4761,    2.4534,    3.1221,    2.6067,    2.3566,    2.8784,    3.0026,    3.1068,    3.0851,    2.7771,    2.3794,    2.1392,    0.7154,    0.6972,    0.7088,    0.7327,    0.7846,    0.8366,    1.0019,    0.9978,    1.0256,    1.1487,    1.1627,    1.2848,    1.0093,    1.0174,    1.0267,    1.0111,    1.0088,    1.0399,    0.9872,    0.9735,    0.9561,    0.9356,    0.9044,    0.8635,    0.8214,    0.7273,    0.7933,    0.6079,    0.6044,    0.5893,    0.5542,    0.4439,    0.4043,    0.3601,    0.3162,    0.3043,    0.8000,    0.6294,    0.5737,    0.5409,    0.4180,    0.3995,    0.3595,    0.3453,    0.3319,    0.3532,    0.3437,    0.3246,    0.5642,    0.5076,    0.6092,    0.5688,    0.4459,    0.3929,    0.3587,    0.2695,    0.2455,    0.2246,    0.2102,    0.1919,    0.4749,    0.3510,    0.2288,    0.1391,    0.0999,    0.0707,    0.0502,    0.0341,    0.0250,    0.0190,    0.0128,    0.0074,    0.0207,    0.0000,    0.0527,    0.0943,    0.1066,    0.0975,    0.1111,    0.1236,    0.1100,    0.1515,    0.1339,    0.1468,    0.1584,    0.1286,    0.1859,    0.2030,    0.1652,    0.1088,    0.0136,    0.0298,    0.1432,    0.1699,    0.2744,    0.2882,    0.3566,    0.3813,    0.3947,    0.4194,    0.4294,    0.4397,    0.4164,    0.3785,    0.3339,    0.3980,    0.5516,    0.5593,    0.9796,    1.0702,    1.1205,    1.1376,    1.1178,    1.2435,    1.1940,    1.2698,    1.1674,    1.3194,    1.2478,    1.3281,    2.8762,    2.8075,    2.9140,    2.9596,    2.9790,    2.7269,    2.8229,    2.8949,    2.9537,    2.7451,    2.7069,    2.8110,    7.1052,    6.7698,    6.6935,    6.4910,    5.9959,    5.6234,    4.9367,    4.5417,    4.1104,    3.6025,    2.7673,    2.5700,    1.9813,    1.8212,    1.3887,    1.3254,    0.8936,    0.6485,    0.5239,    0.2103,    0.1853,    0.1316,    0.0456,    0.0371
 1503,    0.3000,  243.6011,    0.2651,  108.5414,  109.0588,    0.9839,    0.2645,  158.4330,  161.4711,  162.2693,  163.1749,  164.2995,  164.8037,  165.4062,  166.0020,  166.7010,  167.7017,  169.3148,  172.0033,  176.1996,  182.2017,  190.2011,  199.7014,  209.1811,  217.1043,  223.6448,  230.1032,  233.6523,  235.4522,  236.2034,  236.5910,  236.7335,    0.0536,    0.2020,    0.4245,    0.6979,    1.0023,    1.3210,    1.6401,    1.8641,    2.1687,    3.0293,    3.6057,    3.7394,    2.9226,    2.4571,    2.0792,    2.4792,    2.7396,    2.3859,    2.3473,    2.2104,    2.1068,    2.2140,    2.4473,    2.6022,    0.9207,    0.9328,    0.9196,    0.9108,    0.8811,    0.8483,    0.7710,    0.7595,    0.7536,    0.6517,    0.6360,    0.5228,    0.3352,    0.2890,    0.2472,    0.2384,    0.2254,    0.1997,    0.2174,    0.2174,    0.2267,    0.2503,    0.2943,    0.3467,    0.4259,    0.4716,    0.3984,    0.5143,    0.5055,    0.5087,    0.5183,    0.5750,    0.5880,    0.6026,    0.6294,    0.6251,    1.6891,    1.8298,    1.7818,    1.7187,    1.8004,    1.7282,    1.6993,    1.6261,    1.5543,    1.4324,    1.3618,    1.3020,    1.8043,    1.6800,    1.3460,    1.2291,    1.2597,    1.1748,    1.0783,    1.0831,    0.9915,    0.9037,    0.8179,    0.7431,    1.8653,    1.3865,    1.0801,    0.8490,    0.6187,    0.4467,    0.3213,    0.2317,    0.1618,    0.1093,    0.0775,    0.0594,    0.0855,    0.0478,    0.0693,    0.0756,    0.0847,    0.0790,    0.0871,    0.0980,    0.0860,    0.1183,    0.1047,    0.1147,    0.1261,    0.1028,    0.1496,    0.1664,    0.1369,    0.1668,    0.1982,    0.2127,    0.2099,    0.1354,    0.2162,    0.2284,    0.2803,    0.2996,    0.3101,    0.3297,    0.3387,    0.3556,    0.3689,    0.4224,    0.4610,    0.4363,    0.4451,    0.4537,    0.7732,    0.8443,    0.8860,    0.9169,    0.9402,    1.0215,    0.9567,    1.0197,    0.9975,    1.0422,    0.9887,    1.0604,    2.2830,    2.2534,    2.3017,    2.3381,    2.3625,    2.2674,    2.3469,    2.4068,    2.4557,    2.2835,    2.2505,    2.3370,    5.9078,    5.6286,    5.5654,    5.3972,    4.9857,    4.6763,    4.1055,    3.7773,    4.0750,    3.5722,    2.7446,    2.5496,    1.9663,    1.8083,    1.3796,    1.3176,    0.8890,    0.6457,    0.5222,    0.2098,    0.1852,    0.1317,    0.0457,    0.0372,    0.0520,    0.1967,    0.4150,    0.6852,    0.9881,    1.3079,    1.6309,    1.8894,    2.1559,    1.4875,    1.2219,    1.5117,    2.0545,    3.1522,    3.7870,    3.3592,    3.1270,    3.6639,    3.7957,    3.8980,    3.8811,    3.5854,    3.1667,    2.8925,    0.9752,    0.9531,    0.9637,    0.9835,    1.0317,    1.0762,    1.2251,    1.2147,    1.2346,    1.3447,    1.3544,    1.4619,    1.1422,    1.1488,    1.1567,    1.1410,    1.1379,    1.1647,    1.1160,    1.1022,    1.0852,    1.0654,    1.0350,    0.9969,    0.9702,    0.8803,    0.9404,    0.7609,    0.7555,    0.7421,    0.7064,    0.5966,    0.5574,    0.5090,    0.4577,    0.4435,    1.1709,    0.9412,    0.8709,    0.8268,    0.6537,    0.6263,    0.5668,    0.5452,    0.5248,    0.5529,    0.5363,    0.5078,    0.8744,    0.7936,    0.9225,    0.8603,    0.6912,    0.6160,    0.5642,    0.4347,    0.3973,    0.3642,    0.3381,    0.3091,    0.7759,    0.5787,    0.3878,    0.2420,    0.1758,    0.1258,    0.0902,    0.0616,    0.0450,    0.0338,    0.0230,    0.0140,    0.0186,    0.0000,    0.0494,    0.0886,    0.1003,    0.0917,    0.1053,    0.1172,    0.1043,    0.1437,    0.1270,    0.1392,    0.1489,    0.1209,    0.1746,    0.1907,    0.1549,    0.0999,    0.0120,    0.0267,    0.1339,    0.1611,    0.2604,    0.2734,    0.3383,    0.3618,    0.3746,    0.3980,    0.4074,    0.4170,    0.3956,    0.3596,    0.3167,    0.3785,    0.5257,    0.5335,    0.9349,    1.0213,    1.0693,    1.0851,    1.0657,    1.1878,    1.1408,    1.2131,    1.1151,    1.2611,    1.1926,    1.2692,    2.7489,    2.6826,    2.7853,    2.8288,    2.8473,    2.5429,    2.6324,    2.6996,    2.7544,    2.5598,    2.5243,    2.6213,    6.6259,    6.3131,    6.2420,    6.0533,    5.5916,    5.2444,    4.6041,    4.2358,    3.7126,    3.2539,    2.4995,    2.3215,    1.7897,    1.6452,    1.2545,    1.1975,    0.8074,    0.5860,    0.4735,    0.1901,    0.1675,    0.1190,    0.0412,    0.0335
 1622,    0.4000,  248.2280,    0.2767,  106.8291,  107.3374,    0.9853,    0.4521,  158.4330,  162.2766,  163.0964,  163.9996,  165.1075,  165.6455,  166.2327,  166.9012,  167.6978,  168.7991,  170.6000,  173.5454,  178.1019,  184.7025,  193.7267,  204.4367,  214.7997,  223.2157,  229.9289,  235.7955,  239.4261,  241.2578,  242.0094,  242.4126,  242.5579,    0.0524,    0.1974,    0.4144,    0.6805,    0.9760,    1.2847,    1.5928,    1.7960,    2.0874,    2.9519,    3.5551,    3.6577,    2.8047,    2.3546,    2.0003,    2.3603,    2.6049,    2.2693,    2.2371,    2.1031,    1.9930,    2.0718,    2.2778,    2.4275,    0.8591,    0.8722,    0.8608,    0.8565,    0.8324,    0.8062,    0.7475,    0.7392,    0.7421,    0.6506,    0.6405,    0.5415,    0.3499,    0.3019,    0.2576,    0.2487,    0.2348,    0.2070,    0.2267,    0.2271,    0.2374,    0.2629,    0.3088,    0.3608,    0.4329,    0.4720,    0.4024,    0.5068,    0.4991,    0.5020,    0.5082,    0.5566,    0.5662,    0.5784,    0.6069,    0.6025,    1.6288,    1.8028,    1.7564,    1.6956,    1.8105,    1.7401,    1.7227,    1.6507,    1.5799,    1.4468,    1.3775,    1.3192,    1.7999,    1.6792,    1.3123,    1.2008,    1.2585,    1.1765,    1.0823,    1.1117,    1.0201,    0.9319,    0.8478,    0.7725,    1.9410,    1.4536,    1.1508,    0.9275,    0.6814,    0.4956,    0.3593,    0.2637,    0.1859,    0.1267,    0.0913,    0.0704,    0.0844,    0.0476,    0.0677,    0.0731,    0.0819,    0.0764,    0.0844,    0.0949,    0.0833,    0.1146,    0.1014,    0.1111,    0.1222,    0.0996,    0.1450,    0.1613,    0.1328,    0.1630,    0.1959,    0.2098,    0.2063,    0.1316,    0.2100,    0.2219,    0.2722,    0.2910,    0.3012,    0.3202,    0.3289,    0.3456,    0.3607,    0.4134,    0.4519,    0.4269,    0.4344,    0.4427,    0.7542,    0.8236,    0.8643,    0.8947,    0.9180,    0.9982,    0.9346,    0.9963,    0.9750,    1.0179,    0.9657,    1.0359,    2.2300,    2.2015,    2.2481,    2.2837,    2.3076,    2.2201,    2.2980,    2.3566,    2.4045,    2.2359,    2.2036,    2.2883,    5.7847,    5.5114,    5.4496,    5.2850,    4.8822,    4.5793,    4.0205,    3.6992,    4.1065,    3.6000,    2.7662,    2.5699,    1.9821,    1.8231,    1.3911,    1.3289,    0.8969,    0.6516,    0.5271,    0.2119,    0.1871,    0.1331,    0.0462,    0.0377,    0.0599,    0.2270,    0.4802,    0.7947,    1.1491,    1.5251,    1.9072,    2.2260,    2.5530,    1.8883,    1.5924,    1.9511,    2.5489,    3.6744,    4.2519,    3.9305,    3.7392,    4.2541,    4.3875,    4.4878,    4.4815,    4.2187,    3.8102,    3.5247,    1.1949,    1.1710,    1.1808,    1.1978,    1.2427,    1.2811,    1.4156,    1.4012,    1.4154,    1.5130,    1.5194,    1.6135,    1.2558,    1.2609,    1.2672,    1.2519,    1.2478,    1.2700,    1.2260,    1.2123,    1.1959,    1.1769,    1.1475,    1.1123,    1.0996,    1.0148,    1.0686,    0.8977,    0.8908,    0.8790,    0.8431,    0.7358,    0.6976,    0.6459,    0.5902,    0.5740,    1.5197,    1.2431,    1.1601,    1.1060,    0.8905,    0.8546,    0.7768,    0.7481,    0.7209,    0.7541,    0.7307,    0.6931,    1.1834,    1.0797,    1.2253,    1.1433,    0.9350,    0.8386,    0.7702,    0.6052,    0.5546,    0.5094,    0.4715,    0.4317,    1.0925,    0.8210,    0.5606,    0.3572,    0.2616,    0.1890,    0.1366,    0.0939,    0.0688,    0.0516,    0.0352,    0.0223,    0.0168,    0.0000,    0.0464,    0.0836,    0.0946,    0.0865,    0.1000,    0.1113,    0.0990,    0.1364,    0.1206,    0.1322,    0.1403,    0.1139,    0.1645,    0.1795,    0.1455,    0.0921,    0.0106,    0.0241,    0.1256,    0.1531,    0.2475,    0.2598,    0.3216,    0.3440,    0.3561,    0.3783,    0.3873,    0.3962,    0.3766,    0.3422,    0.3011,    0.3605,    0.5018,    0.5095,    0.8933,    0.9759,    1.0218,    1.0365,    1.0175,    1.1360,    1.0915,    1.1604,    1.0665,    1.2069,    1.1412,    1.2145,    2.6306,    2.5666,    2.6655,    2.7072,    2.7248,    2.3757,    2.4594,    2.5221,    2.5733,    2.3915,    2.3583,    2.4490,    6.1903,    5.8982,    5.8318,    5.6555,    5.2243,    4.9000,    4.3018,    3.9578,    3.3558,    2.9413,    2.2594,    2.0985,    1.6179,    1.4874,    1.1342,    1.0827,    0.7301,    0.5299,    0.4282,    0.1719,    0.1515,    0.1076,    0.0373,    0.0303
 1678,    0.5000,  252.0010,    0.2869,  105.3203,  105.8173,    0.9812,    0.4360,  158.4330,  162.7828,  163.6085,  164.5162,  165.6113,  166.1977,  166.8021,  167.5007,  168.3773,  169.6001,  171.6008,  174.8495,  179.8355,  187.1006,  197.0015,  208.6989,  219.6021,  228.3161,  235.1232,  240.4024,  244.1080,  245.9641,  246.7142,  247.1297,  247.2742,    0.0517,    0.1946,    0.4082,    0.6696,    0.9595,    1.2616,    1.5626,    1.7528,    2.0350,    2.8873,    3.5033,    3.5822,    2.7162,    2.2906,    1.9542,    2.2862,    2.5162,    2.1981,    2.1703,    2.0390,    1.9252,    1.9836,    2.1632,    2.3012,    0.8135,    0.8266,    0.8166,    0.8153,    0.7954,    0.7740,    0.7294,    0.7229,    0.7322,    0.6490,    0.6431,    0.5565,    0.3622,    0.3129,    0.2661,    0.2572,    0.2425,    0.2125,    0.2344,    0.2351,    0.2465,    0.2736,    0.3212,    0.3723,    0.4382,    0.4718,    0.4053,    0.4998,    0.4929,    0.4958,    0.4994,    0.5405,    0.5474,    0.5572,    0.5860,    0.5815,    1.5719,    1.7665,    1.7210,    1.6622,    1.8017,    1.7332,    1.7252,    1.6547,    1.5854,    1.4440,    1.3765,    1.3197,    1.7776,    1.6604,    1.2722,    1.1658,    1.2433,    1.1639,    1.0724,    1.1219,    1.0313,    0.9439,    0.8623,    0.7874,    1.9791,    1.4906,    1.1957,    0.9844,    0.7278,    0.5323,    0.3884,    0.2893,    0.2055,    0.1411,    0.1031,    0.0798,    0.0833,    0.0474,    0.0662,    0.0709,    0.0794,    0.0741,    0.0820,    0.0922,    0.0809,    0.1113,    0.0985,    0.1079,    0.1187,    0.0968,    0.1409,    0.1568,    0.1292,    0.1596,    0.1938,    0.2071,    0.2029,    0.1282,    0.2044,    0.2160,    0.2650,    0.2832,    0.2932,    0.3117,    0.3202,    0.3366,    0.3532,    0.4052,    0.4435,    0.4183,    0.4247,    0.4328,    0.7370,    0.8049,    0.8446,    0.8746,    0.8977,    0.9770,    0.9146,    0.9750,    0.9545,    0.9959,    0.9448,    1.0136,    2.1818,    2.1543,    2.1994,    2.2342,    2.2578,    2.1794,    2.2558,    2.3134,    2.3604,    2.1949,    2.1632,    2.2464,    5.6786,    5.4104,    5.3498,    5.1883,    4.7930,    4.4957,    3.9472,    3.6319,    4.1330,    3.6234,    2.7843,    2.5870,    1.9955,    1.8357,    1.4009,    1.3385,    0.9035,    0.6566,    0.5313,    0.2136,    0.1887,    0.1343,    0.0467,    0.0380,    0.0655,    0.2489,    0.5276,    0.8750,    1.2681,    1.6869,    2.1146,    2.4853,    2.8622,    2.2442,    1.9371,    2.3532,    2.9716,    4.0733,    4.5961,    4.3740,    4.2310,    4.7101,    4.8433,    4.9434,    4.9498,    4.7268,    4.3456,    4.0620,    1.3831,    1.3584,    1.3675,    1.3818,    1.4230,    1.4558,    1.5765,    1.5595,    1.5692,    1.6553,    1.6589,    1.7411,    1.3514,    1.3552,    1.3604,    1.3454,    1.3407,    1.3593,    1.3189,    1.3054,    1.2894,    1.2710,    1.2427,    1.2100,    1.2094,    1.1304,    1.1781,    1.0174,    1.0093,    0.9988,    0.9633,    0.8602,    0.8236,    0.7702,    0.7121,    0.6946,    1.8429,    1.5297,    1.4360,    1.3732,    1.1225,    1.0787,    0.9840,    0.9486,    0.9150,    0.9516,    0.9215,    0.8755,    1.4837,    1.3591,    1.5133,    1.4130,    1.1716,    1.0557,    0.9717,    0.7757,    0.7125,    0.6555,    0.6060,    0.5556,    1.4137,    1.0689,    0.7406,    0.4800,    0.3539,    0.2575,    0.1874,    0.1297,    0.0952,    0.0714,    0.0491,    0.0318,    0.0152,    0.0000,    0.0438,    0.0790,    0.0894,    0.0817,    0.0952,    0.1059,    0.0942,    0.1298,    0.1147,    0.1258,    0.1325,    0.1076,    0.1552,    0.1694,    0.1370,    0.0854,    0.0095,    0.0220,    0.1181,    0.1457,    0.2356,    0.2473,    0.3063,    0.3275,    0.3391,    0.3603,    0.3687,    0.3771,    0.3591,    0.3262,    0.2867,    0.3439,    0.4797,    0.4873,    0.8547,    0.9337,    0.9776,    0.9914,    0.9727,    1.0879,    1.0454,    1.1113,    1.0212,    1.1563,    1.0933,    1.1634,    2.5202,    2.4584,    2.5537,    2.5937,    2.6105,    2.2231,    2.3014,    2.3602,    2.4081,    2.2380,    2.2069,    2.2917,    5.7929,    5.5195,    5.4575,    5.2926,    4.8891,    4.5856,    4.0259,    3.7041,    3.0355,    2.6606,    2.0439,    1.8984,    1.4637,    1.3456,    1.0262,    0.9796,    0.6606,    0.4795,    0.3875,    0.1556,    0.1372,    0.0974,    0.0338,    0.0275
 1867,    0.7500,  259.1757,    0.3078,  102.2311,  102.7201,    0.9885,    0.7992,  158.4330,  163.7779,  164.6038,  165.5248,  166.5962,  167.1089,  167.7954,  168.6008,  169.6489,  171.2035,  173.8020,  177.7998,  183.9003,  192.7037,  204.5449,  217.7986,  229.5741,  238.4977,  245.1562,  249.8010,  252.9989,  254.8706,  255.6427,  256.0504,  256.2013,    0.0509,    0.1911,    0.4004,    0.6560,    0.9386,    1.2322,    1.5237,    1.6983,    1.9678,    2.7756,    3.3911,    3.4340,    2.5817,    2.2102,    1.8990,    2.1938,    2.3999,    2.1105,    2.0885,    1.9614,    1.8438,    1.8746,    2.0093,    2.1175,    0.7454,    0.7567,    0.7489,    0.7512,    0.7380,    0.7237,    0.7008,    0.6964,    0.7149,    0.6465,    0.6476,    0.5847,    0.3874,    0.3363,    0.2850,    0.2762,    0.2595,    0.2242,    0.2515,    0.2531,    0.2668,    0.2971,    0.3463,    0.3943,    0.4478,    0.4715,    0.4114,    0.4872,    0.4817,    0.4850,    0.4839,    0.5118,    0.5139,    0.5186,    0.5462,    0.5412,    1.4613,    1.6725,    1.6274,    1.5719,    1.7446,    1.6804,    1.6864,    1.6202,    1.5548,    1.4026,    1.3397,    1.2864,    1.6951,    1.5848,    1.1761,    1.0802,    1.1826,    1.1078,    1.0228,    1.1049,    1.0184,    0.9349,    0.8606,    0.7885,    1.9804,    1.5053,    1.2358,    1.0594,    0.7917,    0.5843,    0.4309,    0.3307,    0.2379,    0.1656,    0.1244,    0.0968,    0.0809,    0.0471,    0.0631,    0.0664,    0.0744,    0.0694,    0.0769,    0.0866,    0.0759,    0.1045,    0.0924,    0.1012,    0.1117,    0.0911,    0.1327,    0.1477,    0.1218,    0.1524,    0.1889,    0.2013,    0.1956,    0.1210,    0.1928,    0.2038,    0.2500,    0.2671,    0.2765,    0.2940,    0.3021,    0.3179,    0.3371,    0.3875,    0.4253,    0.3998,    0.4042,    0.4118,    0.7006,    0.7651,    0.8029,    0.8319,    0.8547,    0.9318,    0.8718,    0.9296,    0.9108,    0.9488,    0.9003,    0.9661,    2.0791,    2.0536,    2.0956,    2.1288,    2.1514,    2.0997,    2.1733,    2.2288,    2.2741,    2.1146,    2.0841,    2.1642,    5.4711,    5.2128,    5.1545,    4.9991,    4.6184,    4.3322,    3.8039,    3.5003,    4.1821,    3.6669,    2.8180,    2.6187,    2.0203,    1.8590,    1.4191,    1.3564,    0.9160,    0.6659,    0.5392,    0.2169,    0.1917,    0.1365,    0.0475,    0.0388,    0.0741,    0.2825,    0.6010,    1.0009,    1.4568,    1.9468,    2.4516,    2.9204,    3.3890,    2.9704,    2.6922,    3.2131,    3.7909,    4.7518,    5.1833,    5.1436,    5.1150,    5.5060,    5.6438,    5.7498,    5.7848,    5.6513,    5.3610,    5.1112,    1.7541,    1.7302,    1.7374,    1.7463,    1.7786,    1.8006,    1.8920,    1.8721,    1.8745,    1.9374,    1.9357,    1.9949,    1.5418,    1.5431,    1.5459,    1.5322,    1.5261,    1.5363,    1.5048,    1.4917,    1.4767,    1.4597,    1.4339,    1.4058,    1.4290,    1.3634,    1.3983,    1.2634,    1.2529,    1.2445,    1.2111,    1.1210,    1.0886,    1.0347,    0.9762,    0.9569,    2.5498,    2.1767,    2.0630,    1.9827,    1.6678,    1.6071,    1.4752,    1.4248,    1.3764,    1.4163,    1.3711,    1.3065,    2.1831,    2.0136,    2.1667,    2.0270,    1.7205,    1.5623,    1.4436,    1.1865,    1.0940,    1.0099,    0.9328,    0.8578,    2.2009,    1.6832,    1.1959,    0.7997,    0.5966,    0.4400,    0.3240,    0.2277,    0.1683,    0.1265,    0.0883,    0.0592,    0.0122,    0.0000,    0.0380,    0.0691,    0.0783,    0.0715,    0.0846,    0.0941,    0.0838,    0.1154,    0.1020,    0.1118,    0.1155,    0.0938,    0.1353,    0.1476,    0.1189,    0.0716,    0.0074,    0.0178,    0.1022,    0.1295,    0.2097,    0.2200,    0.2726,    0.2915,    0.3018,    0.3207,    0.3281,    0.3353,    0.3207,    0.2911,    0.2553,    0.3074,    0.4306,    0.4379,    0.7688,    0.8398,    0.8794,    0.8911,    0.8735,    0.9806,    0.9428,    1.0020,    0.9205,    1.0433,    0.9865,    1.0495,    2.2738,    2.2173,    2.3044,    2.3404,    2.3554,    1.8945,    1.9612,    2.0113,    2.0521,    1.9072,    1.8807,    1.9530,    4.9367,    4.7038,    4.6510,    4.5106,    4.1668,    3.9083,    3.4314,    3.1572,    2.3694,    2.0768,    1.5955,    1.4820,    1.1427,    1.0507,    0.8013,    0.7651,    0.5160,    0.3746,    0.3028,    0.1216,    0.1072,    0.0762,    0.0264,    0.0215
 1996,    1.0000,  264.2304,    0.3235,   99.9132,  100.3786,    0.9768,    0.8442,  158.4330,  164.4128,  165.2856,  166.2038,  167.1989,  167.7343,  168.4030,  169.3529,  170.6093,  172.5987,  175.6525,  180.4991,  187.6984,  197.7983,  211.0006,  225.1412,  237.1496,  245.8991,  252.2580,  256.5603,  259.1090,  260.9897,  261.7288,  262.1722,  262.3161,    0.0505,    0.1896,    0.3969,    0.6498,    0.9291,    1.2188,    1.5059,    1.6743,    1.9379,    2.7114,    3.3108,    3.3375,    2.5142,    2.1743,    1.8751,    2.1529,    2.3469,    2.0720,    2.0525,    1.9276,    1.8084,    1.8273,    1.9403,    2.0294,    0.7120,    0.7215,    0.7145,    0.7179,    0.7079,    0.6968,    0.6849,    0.6810,    0.7039,    0.6451,    0.6498,    0.6044,    0.4067,    0.3555,    0.3010,    0.2929,    0.2743,    0.2340,    0.2665,    0.2689,    0.2845,    0.3165,    0.3657,    0.4098,    0.4539,    0.4711,    0.4162,    0.4793,    0.4745,    0.4784,    0.4747,    0.4946,    0.4941,    0.4954,    0.5212,    0.5158,    1.3907,    1.5974,    1.5515,    1.4980,    1.6805,    1.6194,    1.6305,    1.5678,    1.5060,    1.3509,    1.2919,    1.2410,    1.6167,    1.5108,    1.1039,    1.0151,    1.1231,    1.0506,    0.9707,    1.0680,    0.9857,    0.9064,    0.8382,    0.7694,    1.9294,    1.4738,    1.2273,    1.0820,    0.8139,    0.6040,    0.4484,    0.3519,    0.2553,    0.1794,    0.1377,    0.1074,    0.0789,    0.0467,    0.0608,    0.0630,    0.0706,    0.0659,    0.0730,    0.0822,    0.0720,    0.0991,    0.0877,    0.0960,    0.1064,    0.0868,    0.1264,    0.1408,    0.1163,    0.1468,    0.1847,    0.1963,    0.1897,    0.1153,    0.1838,    0.1943,    0.2382,    0.2546,    0.2635,    0.2802,    0.2879,    0.3032,    0.3242,    0.3731,    0.4102,    0.3847,    0.3877,    0.3949,    0.6715,    0.7333,    0.7695,    0.7978,    0.8202,    0.8954,    0.8375,    0.8932,    0.8755,    0.9111,    0.8646,    0.9279,    1.9967,    1.9728,    2.0123,    2.0441,    2.0661,    2.0430,    2.1147,    2.1686,    2.2127,    2.0576,    2.0279,    2.1059,    5.3237,    5.0724,    5.0158,    4.8647,    4.4944,    4.2161,    3.7021,    3.4068,    4.2138,    3.6950,    2.8399,    2.6393,    2.0365,    1.8742,    1.4311,    1.3682,    0.9242,    0.6722,    0.5444,    0.2191,    0.1938,    0.1381,    0.0481,    0.0393,    0.0786,    0.3003,    0.6407,    1.0700,    1.5619,    2.0935,    2.6447,    3.1773,    3.7052,    3.5084,    3.3073,    3.8930,    4.3616,    5.1704,    5.5591,    5.6282,    5.6850,    6.0159,    6.1623,    6.2779,    6.3351,    6.2659,    6.0626,    5.8622,    2.0232,    2.0018,    2.0067,    2.0109,    2.0348,    2.0488,    2.1160,    2.0961,    2.0939,    2.1402,    2.1347,    2.1780,    1.6797,    1.6794,    1.6807,    1.6679,    1.6612,    1.6664,    1.6403,    1.6276,    1.6134,    1.5972,    1.5734,    1.5482,    1.5878,    1.5333,    1.5590,    1.4471,    1.4350,    1.4268,    1.3966,    1.3201,    1.2918,    1.2418,    1.1871,    1.1674,    3.1233,    2.7254,    2.5998,    2.5066,    2.1545,    2.0801,    1.9187,    1.8553,    1.7938,    1.8313,    1.7728,    1.6936,    2.8002,    2.5957,    2.7281,    2.5558,    2.2040,    2.0135,    1.8656,    1.5645,    1.4465,    1.3385,    1.2362,    1.1395,    2.9391,    2.2657,    1.6375,    1.1188,    0.8415,    0.6267,    0.4652,    0.3306,    0.2456,    0.1851,    0.1305,    0.0895,    0.0101,    0.0000,    0.0334,    0.0609,    0.0691,    0.0631,    0.0758,    0.0843,    0.0750,    0.1034,    0.0914,    0.1002,    0.1016,    0.0825,    0.1189,    0.1297,    0.1041,    0.0610,    0.0060,    0.0147,    0.0897,    0.1159,    0.1879,    0.1971,    0.2443,    0.2613,    0.2705,    0.2874,    0.2940,    0.3003,    0.2884,    0.2616,    0.2291,    0.2766,    0.3888,    0.3958,    0.6954,    0.7596,    0.7954,    0.8055,    0.7890,    0.8886,    0.8548,    0.9082,    0.8341,    0.9464,    0.8947,    0.9518,    2.0624,    2.0104,    2.0902,    2.1229,    2.1364,    1.6252,    1.6825,    1.7254,    1.7605,    1.6361,    1.6134,    1.6755,    4.2351,    4.0354,    3.9902,    3.8697,    3.5749,    3.3532,    2.9441,    2.7089,    1.8566,    1.6274,    1.2503,    1.1614,    0.8956,    0.8235,    0.6281,    0.5998,    0.4046,    0.2938,    0.2375,    0.0954,    0.0841,    0.0598,    0.0207,    0.0169
 2198,    1.2500,  268.1022,    0.3357,   98.1253,   98.5767,    0.9713,    0.6615,  158.4330,  164.8342,  165.7041,  166.6378,  167.6076,  168.2046,  168.9062,  170.0048,  171.4995,  173.7963,  177.4025,  183.0022,  191.2008,  202.3984,  216.6042,  231.2063,  243.1657,  251.5989,  257.6054,  261.5139,  263.8237,  265.3148,  266.0401,  266.4863,  266.6413,    0.0503,    0.1887,    0.3949,    0.6463,    0.9236,    1.2110,    1.4955,    1.6608,    1.9209,    2.6727,    3.2554,    3.2750,    2.4761,    2.1533,    1.8610,    2.1293,    2.3165,    2.0496,    2.0313,    1.9076,    1.7878,    1.8006,    1.9025,    1.9813,    0.6936,    0.7019,    0.6953,    0.6989,    0.6903,    0.6808,    0.6747,    0.6708,    0.6960,    0.6438,    0.6505,    0.6180,    0.4213,    0.3707,    0.3144,    0.3073,    0.2871,    0.2422,    0.2795,    0.2825,    0.2995,    0.3323,    0.3804,    0.4209,    0.4576,    0.4705,    0.4197,    0.4739,    0.4695,    0.4739,    0.4688,    0.4837,    0.4817,    0.4810,    0.5053,    0.4996,    1.3457,    1.5427,    1.4958,    1.4434,    1.6251,    1.5662,    1.5773,    1.5175,    1.4584,    1.3043,    1.2484,    1.1992,    1.5544,    1.4513,    1.0536,    0.9693,    1.0749,    1.0036,    0.9272,    1.0300,    0.9512,    0.8754,    0.8117,    0.7457,    1.8671,    1.4300,    1.2009,    1.0792,    0.8153,    0.6071,    0.4527,    0.3612,    0.2636,    0.1866,    0.1456,    0.1136,    0.0772,    0.0464,    0.0589,    0.0604,    0.0676,    0.0632,    0.0699,    0.0787,    0.0689,    0.0949,    0.0839,    0.0919,    0.1024,    0.0835,    0.1216,    0.1355,    0.1120,    0.1422,    0.1810,    0.1919,    0.1847,    0.1109,    0.1766,    0.1867,    0.2289,    0.2446,    0.2531,    0.2692,    0.2766,    0.2915,    0.3136,    0.3611,    0.3976,    0.3722,    0.3744,    0.3813,    0.6480,    0.7076,    0.7426,    0.7702,    0.7922,    0.8658,    0.8096,    0.8635,    0.8467,    0.8805,    0.8356,    0.8969,    1.9297,    1.9071,    1.9446,    1.9754,    1.9967,    2.0021,    2.0723,    2.1252,    2.1684,    2.0164,    1.9873,    2.0637,    5.2171,    4.9710,    4.9156,    4.7676,    4.4048,    4.1322,    3.6285,    3.3393,    4.2343,    3.7132,    2.8541,    2.6527,    2.0471,    1.8842,    1.4390,    1.3760,    0.9297,    0.6763,    0.5480,    0.2207,    0.1952,    0.1391,    0.0485,    0.0396,    0.0813,    0.3111,    0.6649,    1.1126,    1.6274,    2.1859,    2.7673,    3.3419,    3.9099,    3.9079,    3.8046,    4.4290,    4.7663,    5.4546,    5.8246,    5.9608,    6.0764,    6.3725,    6.5285,    6.6538,    6.7280,    6.7027,    6.5674,    6.4151,    2.2233,    2.2049,    2.2078,    2.2087,    2.2254,    2.2336,    2.2819,    2.2631,    2.2579,    2.2918,    2.2834,    2.3147,    1.7824,    1.7810,    1.7812,    1.7688,    1.7619,    1.7650,    1.7413,    1.7289,    1.7152,    1.6998,    1.6778,    1.6550,    1.7071,    1.6617,    1.6799,    1.5876,    1.5745,    1.5657,    1.5388,    1.4746,    1.4497,    1.4050,    1.3557,    1.3362,    3.5866,    3.1877,    3.0555,    2.9529,    2.5826,    2.4971,    2.3134,    2.2388,    2.1661,    2.1975,    2.1273,    2.0366,    3.3382,    3.1065,    3.2075,    3.0082,    2.6266,    2.4113,    2.2392,    1.9065,    1.7665,    1.6375,    1.5127,    1.3969,    3.6167,    2.8050,    2.0532,    1.4255,    1.0786,    0.8092,    0.6044,    0.4330,    0.3230,    0.2439,    0.1732,    0.1207,    0.0085,    0.0000,    0.0296,    0.0541,    0.0614,    0.0561,    0.0683,    0.0759,    0.0676,    0.0931,    0.0823,    0.0902,    0.0900,    0.0731,    0.1052,    0.1147,    0.0918,    0.0526,    0.0050,    0.0124,    0.0796,    0.1044,    0.1693,    0.1775,    0.2201,    0.2355,    0.2438,    0.2590,    0.2649,    0.2704,    0.2608,    0.2363,    0.2067,    0.2502,    0.3528,    0.3594,    0.6318,    0.6901,    0.7227,    0.7315,    0.7160,    0.8088,    0.7783,    0.8267,    0.7591,    0.8620,    0.8149,    0.8668,    1.8784,    1.8306,    1.9039,    1.9337,    1.9459,    1.4010,    1.4504,    1.4874,    1.5177,    1.4105,    1.3909,    1.4444,    3.6510,    3.4788,    3.4399,    3.3361,    3.0820,    2.8909,    2.5383,    2.3356,    1.4597,    1.2796,    0.9831,    0.9132,    0.7042,    0.6476,    0.4940,    0.4718,    0.3183,    0.2311,    0.1869,    0.0751,    0.0662,    0.0471,    0.0163,    0.0133
 2368,    1.5000,  271.1024,    0.3452,   96.7146,   97.1701,    0.9840,    0.6835,  158.4330,  165.2277,  166.1101,  167.0338,  167.9956,  168.5290,  169.3293,  170.5020,  172.2936,  174.9019,  179.1000,  185.4041,  194.4010,  206.5275,  221.4035,  236.3017,  247.9985,  256.0475,  261.7098,  265.3866,  267.5111,  268.6977,  269.4120,  269.8431,  269.9947,    0.0501,    0.1882,    0.3937,    0.6441,    0.9202,    1.2063,    1.4892,    1.6525,    1.9105,    2.6478,    3.2165,    3.2333,    2.4525,    2.1408,    1.8531,    2.1151,    2.2979,    2.0363,    2.0190,    1.8961,    1.7757,    1.7844,    1.8796,    1.9520,    0.6824,    0.6900,    0.6835,    0.6870,    0.6791,    0.6704,    0.6679,    0.6637,    0.6902,    0.6430,    0.6507,    0.6282,    0.4331,    0.3837,    0.3266,    0.3206,    0.2989,    0.2500,    0.2916,    0.2951,    0.3130,    0.3459,    0.3923,    0.4293,    0.4600,    0.4698,    0.4224,    0.4700,    0.4658,    0.4707,    0.4648,    0.4763,    0.4734,    0.4714,    0.4946,    0.4887,    1.3153,    1.5025,    1.4548,    1.4031,    1.5793,    1.5220,    1.5305,    1.4728,    1.4158,    1.2646,    1.2111,    1.1629,    1.5058,    1.4045,    1.0179,    0.9367,    1.0368,    0.9661,    0.8922,    0.9950,    0.9189,    0.8461,    0.7855,    0.7219,    1.8049,    1.3838,    1.1670,    1.0617,    0.8041,    0.6001,    0.4486,    0.3624,    0.2657,    0.1892,    0.1496,    0.1166,    0.0757,    0.0462,    0.0573,    0.0584,    0.0653,    0.0610,    0.0673,    0.0758,    0.0665,    0.0914,    0.0809,    0.0886,    0.0993,    0.0809,    0.1179,    0.1314,    0.1087,    0.1385,    0.1776,    0.1881,    0.1805,    0.1073,    0.1708,    0.1806,    0.2214,    0.2366,    0.2448,    0.2604,    0.2676,    0.2821,    0.3049,    0.3512,    0.3869,    0.3617,    0.3634,    0.3701,    0.6288,    0.6867,    0.7206,    0.7475,    0.7692,    0.8414,    0.7867,    0.8392,    0.8229,    0.8554,    0.8117,    0.8715,    1.8748,    1.8531,    1.8892,    1.9191,    1.9399,    1.9721,    2.0413,    2.0934,    2.1359,    1.9862,    1.9576,    2.0329,    5.1391,    4.8967,    4.8422,    4.6965,    4.3392,    4.0707,    3.5747,    3.2899,    4.2476,    3.7251,    2.8634,    2.6615,    2.0540,    1.8909,    1.4442,    1.3812,    0.9334,    0.6792,    0.5504,    0.2217,    0.1962,    0.1399,    0.0487,    0.0398,    0.0831,    0.3183,    0.6812,    1.1415,    1.6721,    2.2492,    2.8519,    3.4549,    4.0510,    4.2052,    4.2043,    4.8500,    5.0576,    5.6607,    6.0235,    6.2031,    6.3588,    6.6365,    6.8020,    6.9362,    7.0232,    7.0273,    6.9407,    6.8288,    2.3741,    2.3587,    2.3602,    2.3591,    2.3705,    2.3747,    2.4097,    2.3921,    2.3852,    2.4102,    2.4004,    2.4231,    1.8640,    1.8617,    1.8609,    1.8490,    1.8419,    1.8430,    1.8216,    1.8095,    1.7963,    1.7815,    1.7611,    1.7402,    1.8017,    1.7628,    1.7755,    1.6981,    1.6843,    1.6749,    1.6507,    1.5962,    1.5739,    1.5343,    1.4901,    1.4711,    3.9586,    3.5735,    3.4378,    3.3282,    2.9534,    2.8589,    2.6594,    2.5753,    2.4930,    2.5160,    2.4358,    2.3360,    3.7997,    3.5468,    3.6108,    3.3897,    2.9904,    2.7561,    2.5639,    2.2098,    2.0509,    1.9037,    1.7592,    1.6270,    4.2242,    3.2916,    2.4333,    1.7105,    1.3003,    0.9812,    0.7362,    0.5307,    0.3972,    0.3003,    0.2146,    0.1512,    0.0072,    0.0000,    0.0263,    0.0483,    0.0549,    0.0501,    0.0618,    0.0687,    0.0612,    0.0843,    0.0745,    0.0817,    0.0800,    0.0650,    0.0935,    0.1019,    0.0814,    0.0457,    0.0042,    0.0106,    0.0711,    0.0944,    0.1532,    0.1606,    0.1992,    0.2131,    0.2206,    0.2344,    0.2397,    0.2445,    0.2368,    0.2143,    0.1873,    0.2272,    0.3213,    0.3275,    0.5761,    0.6292,    0.6590,    0.6666,    0.6521,    0.7387,    0.7111,    0.7552,    0.6932,    0.7879,    0.7448,    0.7921,    1.7167,    1.6727,    1.7401,    1.7673,    1.7785,    1.2121,    1.2548,    1.2869,    1.3130,    1.2203,    1.2033,    1.2496,    3.1588,    3.0098,    2.9761,    2.8864,    2.6665,    2.5012,    2.1962,    2.0209,    1.1510,    1.0090,    0.7752,    0.7201,    0.5554,    0.5107,    0.3896,    0.3721,    0.2510,    0.1823,    0.1474,    0.0592,    0.0523,    0.0371,    0.0129,    0.0105
 2536,    1.7500,  273.5068,    0.3526,   95.6228,   96.0595,    0.9711,    0.8215,  158.4330,  165.4720,  166.3701,  167.3005,  168.2126,  168.8064,  169.7031,  171.0066,  172.9968,  176.0007,  180.6228,  187.6040,  197.4029,  210.3078,  225.7002,  240.5205,  251.9978,  259.6937,  265.0023,  268.4112,  270.3747,  271.4592,  272.1018,  272.5080,  272.6608,    0.0500,    0.1878,    0.3928,    0.6426,    0.9179,    1.2030,    1.4849,    1.6468,    1.9033,    2.6310,    3.1891,    3.2049,    2.4366,    2.1322,    1.8479,    2.1054,    2.2851,    2.0273,    2.0107,    1.8884,    1.7676,    1.7734,    1.8640,    1.9324,    0.6750,    0.6820,    0.6756,    0.6790,    0.6714,    0.6632,    0.6629,    0.6585,    0.6857,    0.6423,    0.6505,    0.6359,    0.4426,    0.3945,    0.3371,    0.3324,    0.3095,    0.2569,    0.3026,    0.3064,    0.3249,    0.3574,    0.4021,    0.4358,    0.4618,    0.4693,    0.4248,    0.4672,    0.4631,    0.4683,    0.4620,    0.4711,    0.4676,    0.4648,    0.4872,    0.4812,    1.2943,    1.4735,    1.4252,    1.3739,    1.5437,    1.4874,    1.4925,    1.4363,    1.3808,    1.2332,    1.1813,    1.1339,    1.4695,    1.3695,    0.9928,    0.9136,    1.0082,    0.9378,    0.8657,    0.9660,    0.8920,    0.8215,    0.7629,    0.7013,    1.7511,    1.3429,    1.1343,    1.0394,    0.7884,    0.5892,    0.4412,    0.3597,    0.2645,    0.1892,    0.1511,    0.1177,    0.0744,    0.0459,    0.0561,    0.0568,    0.0635,    0.0593,    0.0653,    0.0735,    0.0644,    0.0887,    0.0784,    0.0859,    0.0968,    0.0789,    0.1150,    0.1281,    0.1060,    0.1353,    0.1746,    0.1848,    0.1769,    0.1044,    0.1661,    0.1757,    0.2153,    0.2300,    0.2381,    0.2532,    0.2602,    0.2744,    0.2976,    0.3427,    0.3777,    0.3529,    0.3544,    0.3609,    0.6129,    0.6694,    0.7024,    0.7289,    0.7502,    0.8212,    0.7677,    0.8190,    0.8032,    0.8346,    0.7921,    0.8504,    1.8294,    1.8084,    1.8433,    1.8725,    1.8928,    1.9499,    2.0183,    2.0698,    2.1119,    1.9638,    1.9356,    2.0100,    5.0814,    4.8418,    4.7879,    4.6440,    4.2907,    4.0253,    3.5349,    3.2534,    4.2563,    3.7328,    2.8695,    2.6672,    2.0586,    1.8953,    1.4477,    1.3847,    0.9359,    0.6811,    0.5521,    0.2224,    0.1969,    0.1404,    0.0489,    0.0400,    0.0844,    0.3236,    0.6932,    1.1628,    1.7051,    2.2962,    2.9148,    3.5380,    4.1551,    4.4296,    4.5266,    5.1829,    5.2740,    5.8191,    6.1792,    6.3897,    6.5741,    6.8422,    7.0161,    7.1580,    7.2552,    7.2806,    7.2290,    7.1489,    2.4911,    2.4785,    2.4790,    2.4767,    2.4844,    2.4859,    2.5113,    2.4950,    2.4871,    2.5057,    2.4949,    2.5115,    1.9307,    1.9277,    1.9262,    1.9148,    1.9076,    1.9070,    1.8876,    1.8758,    1.8629,    1.8486,    1.8294,    1.8098,    1.8787,    1.8447,    1.8533,    1.7873,    1.7731,    1.7630,    1.7410,    1.6942,    1.6737,    1.6384,    1.5990,    1.5804,    4.2612,    3.8975,    3.7602,    3.6453,    3.2755,    3.1737,    2.9636,    2.8713,    2.7808,    2.7941,    2.7053,    2.5982,    4.1972,    3.9276,    3.9527,    3.7137,    3.3056,    3.0565,    2.8476,    2.4794,    2.3043,    2.1413,    1.9798,    1.8333,    4.7701,    3.7313,    2.7809,    1.9746,    1.5066,    1.1422,    0.8602,    0.6232,    0.4676,    0.3540,    0.2543,    0.1807,    0.0062,    0.0000,    0.0235,    0.0433,    0.0492,    0.0449,    0.0561,    0.0624,    0.0556,    0.0766,    0.0677,    0.0742,    0.0714,    0.0580,    0.0834,    0.0909,    0.0724,    0.0400,    0.0036,    0.0091,    0.0639,    0.0856,    0.1391,    0.1458,    0.1809,    0.1935,    0.2003,    0.2128,    0.2177,    0.2219,    0.2158,    0.1951,    0.1704,    0.2070,    0.2935,    0.2994,    0.5268,    0.5753,    0.6026,    0.6094,    0.5958,    0.6766,    0.6515,    0.6918,    0.6349,    0.7220,    0.6825,    0.7258,    1.5732,    1.5325,    1.5948,    1.6197,    1.6299,    1.0514,    1.0885,    1.1163,    1.1390,    1.0585,    1.0438,    1.0840,    2.7401,    2.6109,    2.5817,    2.5038,    2.3132,    2.1698,    1.9052,    1.7531,    0.9098,    0.7976,    0.6128,    0.5693,    0.4390,    0.4038,    0.3080,    0.2942,    0.1985,    0.1442,    0.1166,    0.0468,    0.0413,    0.0294,    0.0102,    0.0083
 2720,    2.0000,  275.5015,    0.3586,   94.7441,   95.1739,    0.9715,    0.7035,  158.4330,  165.7526,  166.6433,  167.5827,  168.4983,  169.1047,  170.0056,  171.5011,  173.6984,  177.0084,  182.1975,  189.7267,  200.2323,  213.7301,  229.4094,  244.2003,  255.3053,  262.6986,  267.7077,  270.9104,  272.7062,  273.7125,  274.2251,  274.6451,  274.7830,    0.0500,    0.1875,    0.3922,    0.6415,    0.9162,    1.2006,    1.4816,    1.6425,    1.8979,    2.6184,    3.1687,    3.1840,    2.4247,    2.1258,    1.8440,    2.0981,    2.2755,    2.0205,    2.0045,    1.8826,    1.7615,    1.7651,    1.8523,    1.9178,    0.6695,    0.6762,    0.6698,    0.6730,    0.6657,    0.6576,    0.6589,    0.6543,    0.6819,    0.6416,    0.6499,    0.6416,    0.4502,    0.4037,    0.3465,    0.3430,    0.3191,    0.2633,    0.3124,    0.3165,    0.3353,    0.3673,    0.4100,    0.4408,    0.4629,    0.4686,    0.4266,    0.4648,    0.4608,    0.4663,    0.4597,    0.4671,    0.4631,    0.4598,    0.4815,    0.4755,    1.2785,    1.4514,    1.4026,    1.3517,    1.5156,    1.4601,    1.4617,    1.4066,    1.3523,    1.2081,    1.1574,    1.1106,    1.4414,    1.3422,    0.9739,    0.8962,    0.9860,    0.9158,    0.8451,    0.9421,    0.8698,    0.8010,    0.7438,    0.6837,    1.7056,    1.3077,    1.1047,    1.0162,    0.7714,    0.5771,    0.4325,    0.3549,    0.2616,    0.1878,    0.1513,    0.1176,    0.0733,    0.0457,    0.0550,    0.0554,    0.0620,    0.0580,    0.0636,    0.0717,    0.0628,    0.0864,    0.0764,    0.0837,    0.0948,    0.0773,    0.1127,    0.1255,    0.1039,    0.1327,    0.1719,    0.1817,    0.1738,    0.1020,    0.1623,    0.1716,    0.2103,    0.2247,    0.2326,    0.2473,    0.2542,    0.2681,    0.2915,    0.3356,    0.3699,    0.3454,    0.3469,    0.3533,    0.5998,    0.6551,    0.6874,    0.7134,    0.7343,    0.8043,    0.7519,    0.8022,    0.7866,    0.8173,    0.7756,    0.8329,    1.7915,    1.7712,    1.8051,    1.8337,    1.8536,    1.9334,    2.0012,    2.0523,    2.0940,    1.9472,    1.9191,    1.9930,    5.0384,    4.8008,    4.7475,    4.6048,    4.2546,    3.9915,    3.5053,    3.2261,    4.2620,    3.7379,    2.8735,    2.6711,    2.0617,    1.8982,    1.4501,    1.3872,    0.9377,    0.6825,    0.5533,    0.2229,    0.1974,    0.1408,    0.0491,    0.0402,    0.0854,    0.3276,    0.7023,    1.1790,    1.7302,    2.3320,    2.9628,    3.6013,    4.2342,    4.5997,    4.7854,    5.4456,    5.4370,    5.9432,    6.3034,    6.5363,    6.7417,    7.0051,    7.1863,    7.3348,    7.4405,    7.4818,    7.4557,    7.4002,    2.5831,    2.5728,    2.5726,    2.5697,    2.5746,    2.5741,    2.5923,    2.5772,    2.5688,    2.5823,    2.5709,    2.5823,    1.9840,    1.9805,    1.9783,    1.9671,    1.9598,    1.9589,    1.9401,    1.9284,    1.9158,    1.9021,    1.8840,    1.8657,    1.9408,    1.9107,    1.9158,    1.8591,    1.8447,    1.8339,    1.8137,    1.7730,    1.7539,    1.7224,    1.6870,    1.6688,    4.5065,    4.1680,    4.0304,    3.9117,    3.5532,    3.4455,    3.2297,    3.1305,    3.0329,    3.0356,    2.9394,    2.8265,    4.5370,    4.2543,    4.2409,    3.9871,    3.5770,    3.3166,    3.0938,    2.7179,    2.5288,    2.3521,    2.1760,    2.0171,    5.2575,    4.1258,    3.0965,    2.2182,    1.6977,    1.2920,    0.9759,    0.7099,    0.5338,    0.4045,    0.2917,    0.2088,    0.0054,    0.0000,    0.0210,    0.0389,    0.0442,    0.0404,    0.0511,    0.0569,    0.0506,    0.0698,    0.0617,    0.0676,    0.0639,    0.0519,    0.0746,    0.0813,    0.0646,    0.0352,    0.0031,    0.0079,    0.0576,    0.0779,    0.1266,    0.1327,    0.1647,    0.1762,    0.1824,    0.1938,    0.1982,    0.2019,    0.1972,    0.1780,    0.1554,    0.1891,    0.2688,    0.2743,    0.4829,    0.5273,    0.5523,    0.5583,    0.5456,    0.6212,    0.5983,    0.6352,    0.5828,    0.6632,    0.6269,    0.6666,    1.4450,    1.4074,    1.4649,    1.4878,    1.4970,    0.9138,    0.9461,    0.9702,    0.9899,    0.9200,    0.9072,    0.9421,    2.3815,    2.2693,    2.2439,    2.1762,    2.0105,    1.8859,    1.6559,    1.5238,    0.7207,    0.6318,    0.4854,    0.4510,    0.3478,    0.3199,    0.2440,    0.2331,    0.1573,    0.1142,    0.0924,    0.0371,    0.0328,    0.0233,    0.0081,    0.0066
