Particle       ,data/QEXT_96IR_84_VIS_NC250v1_2umrod
Ncase          ,  14
dt (sols)      ,  0.020833
Qext 0.67um    ,  1.264450
Alb sfc        ,  0.220000
Conrath nu     ,  0.002000
Sun Flux (W/m2),148.393084
BWN IR (cm-1)  ,     10.0000,     34.1670,     58.3330,     82.5000,    106.6670,    130.8330,    155.0000,    179.1670,    203.3330,    227.5000,    251.6670,    275.8330,    300.0000,    320.7880,    341.5750,    362.3630,    383.1500,    403.9380,    424.7250,    445.5130,    466.3010,    487.0880,    507.8760,    528.6630,    549.4510,    556.7420,    564.0330,    571.3240,    578.6150,    585.9060,    593.1970,    600.4880,    607.7790,    615.0700,    622.3610,    629.6520,    636.9430,    642.5500,    648.1570,    653.7640,    659.3700,    664.9770,    670.5840,    676.1910,    681.7980,    687.4050,    693.0110,    698.6180,    704.2250,    710.1390,    716.0530,    721.9670,    727.8810,    733.7950,    739.7090,    745.6240,    751.5380,    757.4520,    763.3660,    769.2800,    775.1940,    791.5010,    807.8070,    824.1140,    840.4210,    856.7270,    873.0340,    889.3410,    905.6470,    921.9540,    938.2610,    954.5670,    970.8740,    996.8050,   1022.7370,   1048.6680,   1074.6000,   1100.5310,   1126.4630,   1152.3940,   1178.3250,   1204.2570,   1230.1880,   1256.1200,   1282.0510,   1360.3990,   1438.7460,   1517.0940,   1595.4410,   1673.7890,   1752.1370,   1830.4840,   1908.8320,   1987.1790,   2065.5270,   2143.8740,   2222.2220
BWN VIS (cm-1) ,   2222.2200,   2294.3160,   2366.4120,   2438.5080,   2510.6030,   2582.6990,   2654.7950,   2726.8910,   2798.9870,   2871.0820,   2943.1780,   3015.2740,   3087.3700,   3165.9750,   3244.5800,   3323.1850,   3401.7900,   3480.3950,   3559.0000,   3637.6050,   3716.2100,   3794.8150,   3873.4200,   3952.0250,   4030.6300,   4142.2920,   4253.9530,   4365.6150,   4477.2770,   4588.9380,   4700.6000,   4812.2620,   4923.9230,   5035.5850,   5147.2470,   5258.9080,   5370.5700,   5560.6150,   5750.6600,   5940.7050,   6130.7500,   6320.7950,   6510.8400,   6700.8850,   6890.9300,   7080.9750,   7271.0200,   7461.0650,   7651.1100,   8055.1840,   8459.2580,   8863.3330,   9267.4070,   9671.4810,  10075.5550,  10479.6290,  10883.7030,  11287.7780,  11691.8520,  12095.9260,  12500.0000,  13541.6670,  14583.3330,  15625.0000,  16666.6670,  17708.3330,  18750.0000,  19791.6670,  20833.3330,  21875.0000,  22916.6670,  23958.3330,  25000.0000,  26388.8890,  27777.7780,  29166.6670,  30555.5570,  31944.4460,  33333.3350,  34722.2240,  36111.1130,  37500.0030,  38888.8920,  40277.7810,  41666.6700
SUN VIS (W/m2) ,      0.1008,      0.0862,      0.0968,      0.1089,      0.1224,      0.1136,      0.1248,      0.1400,      0.1233,      0.1698,      0.1502,      0.1645,      0.1814,      0.1477,      0.2144,      0.2377,      0.1946,      0.2106,      0.2276,      0.2472,      0.2683,      0.1918,      0.3072,      0.3239,      0.3986,      0.4261,      0.4410,      0.4688,      0.4810,      0.5017,      0.5013,      0.5485,      0.5772,      0.5665,      0.6183,      0.6303,      1.0809,      1.1806,      1.2379,      1.2751,      1.2949,      1.4092,      1.3262,      1.4132,      1.3634,      1.4505,      1.3747,      1.4716,      3.1730,      3.1258,      3.2038,      3.2543,      3.2846,      3.1576,      3.2685,      3.3520,      3.4202,      3.1800,      3.1347,      3.2554,      8.2299,      7.8425,      7.7561,      7.5237,      6.9524,      6.5235,      5.7299,      5.2748,      5.0739,      4.4511,      3.4228,      3.1828,      2.4579,      2.2644,      1.7312,      1.6575,      1.1215,      0.8173,      0.6634,      0.2677,      0.2374,      0.1697,      0.0593,      0.0486
================
wavelenght [um],    0.244068,    0.252632,    0.261818,    0.271698,    0.282353,    0.293878,    0.306383,    0.320000,    0.334884,    0.351220,    0.369231,    0.389189,    0.408511,    0.426667,    0.446512,    0.468293,    0.492308,    0.518919,    0.548571,    0.581818,    0.619355,    0.662069,    0.711111,    0.768000,    0.813143,    0.840768,    0.870336,    0.902060,    0.936184,    0.972991,    1.012810,    1.056028,    1.103099,    1.154562,    1.211061,    1.273375,    1.323436,    1.357581,    1.393534,    1.431444,    1.471474,    1.513807,    1.558648,    1.606226,    1.656801,    1.710664,    1.768147,    1.829628,    1.881560,    1.921939,    1.964090,    2.008131,    2.054193,    2.102417,    2.152960,    2.205992,    2.261704,    2.320302,    2.382017,    2.447105,    2.505432,    2.555765,    2.608162,    2.662752,    2.719677,    2.779088,    2.841153,    2.906054,    2.973989,    3.045176,    3.119855,    3.198288,    3.277268,    3.356577,    3.439819,    3.527294,    3.619334,    3.716307,    3.818620,    3.926726,    4.041130,    4.162400,    4.291175,    4.428172,    4.580751,    4.751270,    4.934974,    5.133456,    5.348572,    5.582505,    5.837838,    6.117648,    6.425631,    6.766266,    7.145039,    7.568734,    7.879690,    8.044056,    8.215425,    8.394255,    8.581043,    8.776330,    8.980716,    9.194848,    9.419442,    9.655282,    9.903235,   10.164260,   10.387231,   10.566200,   10.751445,   10.943308,   11.142136,   11.348323,   11.562291,   11.784476,   12.015368,   12.255495,   12.505409,   12.765727,   12.949392,   13.049328,   13.150818,   13.253898,   13.358608,   13.464994,   13.573088,   13.682923,   13.794549,   13.908012,   14.023357,   14.140631,   14.256763,   14.371646,   14.488386,   14.607038,   14.727660,   14.850291,   14.974981,   15.101782,   15.230738,   15.361915,   15.495384,   15.631191,   15.790367,   15.974275,   16.162517,   16.355249,   16.552633,   16.754839,   16.962047,   17.174443,   17.392227,   17.615605,   17.844795,   18.080028,   18.550914,   19.294981,   20.101230,   20.977796,   21.934298,   22.982219,   24.135264,   25.410119,   26.827165,   28.411593,   30.194923,   32.217118,   34.732292,   37.914692,   41.739101,   46.421699,   52.287582,   59.850314,   69.970927,   84.210526,  105.726686,  142.012170,  216.216216,  452.826771
Qext           ,      1.0112,      1.0112,      1.0112,      1.0112,      1.0112,      1.0112,      1.0112,      1.0112,      1.0112,      1.0112,      1.0112,      1.2645,      1.2645,      1.2645,      1.2645,      1.2645,      1.2645,      1.2645,      1.2645,      1.2645,      1.2645,      1.2645,      1.2645,      1.1428,      1.1428,      1.1428,      1.1428,      1.1428,      1.1428,      1.1428,      1.1428,      1.1428,      1.1428,      1.1483,      1.1483,      1.1483,      1.1483,      1.1483,      1.1483,      1.1483,      1.1483,      1.2280,      1.2280,      1.2280,      1.2280,      1.2280,      1.2280,      1.2280,      1.3365,      1.3365,      1.3365,      1.3365,      1.3365,      1.3365,      1.3365,      1.3365,      1.4908,      1.4908,      1.4908,      1.4908,      1.4908,      1.4908,      1.5067,      1.5067,      1.5067,      1.5067,      1.5067,      1.5067,      1.5530,      1.5530,      1.5530,      1.5530,      1.5530,      1.5966,      1.5966,      1.5966,      1.5966,      1.7024,      1.7024,      1.7024,      1.7024,      1.9093,      1.9093,      1.9093,      2.1577,      2.1577,      2.2482,      2.2482,      2.2214,      2.0955,      2.0955,      2.0892,      2.0916,      2.2827,      2.2837,      1.6798,      1.7807,      1.7807,      2.0101,      2.0101,      1.6454,      1.6454,      1.7186,      1.7186,      2.0502,      1.8851,      1.8851,      1.5418,      1.4329,      1.4329,      1.5086,      1.5086,      1.7438,      1.7438,      1.7948,      1.6808,      1.6808,      1.6523,      1.6523,      1.6617,      1.6756,      1.6756,      1.6756,      1.6756,      1.6512,      1.6512,      1.6512,      1.6059,      1.6059,      1.6059,      1.5206,      1.5206,      1.5206,      1.3444,      1.3444,      1.3444,      1.1577,      1.1577,      1.1577,      1.0525,      1.0525,      1.0525,      0.9947,      0.9947,      0.9947,      0.9320,      0.9320,      0.8933,      0.8933,      0.9241,      1.0060,      1.0060,      1.0699,      1.0699,      1.0618,      0.9826,      0.9318,      0.8292,      1.0672,      1.2920,      1.2804,      1.2356,      1.1359,      1.0563,      1.2439,      1.4031,      1.3462,      1.3131,      1.4119,      1.5511,      1.3197,      0.9834,      0.8106,      0.6425,      0.6425,      0.6425,      0.6425,      0.6425,      0.6425,      0.6425
Qscat          ,      0.4911,      0.4911,      0.4911,      0.4911,      0.4911,      0.4911,      0.4911,      0.4911,      0.4911,      0.4911,      0.4911,      0.4006,      0.4006,      0.4006,      0.4006,      0.4006,      0.4006,      0.4006,      0.4006,      0.4006,      0.4006,      0.4006,      0.4006,      0.2074,      0.2074,      0.2074,      0.2074,      0.2074,      0.2074,      0.2074,      0.2074,      0.2074,      0.2074,      0.1585,      0.1585,      0.1585,      0.1585,      0.1585,      0.1585,      0.1585,      0.1585,      0.1419,      0.1419,      0.1419,      0.1419,      0.1419,      0.1419,      0.1419,      0.1385,      0.1385,      0.1385,      0.1385,      0.1385,      0.1385,      0.1385,      0.1385,      0.1514,      0.1514,      0.1514,      0.1514,      0.1514,      0.1514,      0.1822,      0.1822,      0.1822,      0.1822,      0.1822,      0.1822,      0.1774,      0.1774,      0.1774,      0.1774,      0.1774,      0.1707,      0.1707,      0.1707,      0.1707,      0.1921,      0.1921,      0.1921,      0.1921,      0.1895,      0.1895,      0.1895,      0.2276,      0.2276,      0.2685,      0.2685,      0.2692,      0.2908,      0.2908,      0.3330,      0.4345,      0.5120,      0.5655,      0.4957,      0.5347,      0.5347,      0.6293,      0.6293,      0.7132,      0.7132,      0.7039,      0.7039,      0.7226,      0.6719,      0.6719,      0.6120,      0.7545,      0.7545,      0.9014,      0.9014,      0.8297,      0.8297,      0.7848,      0.8315,      0.8315,      0.9276,      0.9276,      0.9050,      0.9026,      0.9026,      0.9026,      0.9026,      0.9331,      0.9331,      0.9331,      0.9892,      0.9892,      0.9892,      1.0623,      1.0623,      1.0623,      1.0606,      1.0606,      1.0606,      1.0546,      1.0546,      1.0546,      1.0524,      1.0524,      1.0524,      0.9946,      0.9946,      0.9946,      0.9320,      0.9320,      0.8932,      0.8932,      0.9241,      0.9204,      0.9204,      0.8237,      0.8237,      0.7431,      0.6764,      0.6523,      0.5971,      0.6361,      0.8646,      0.9650,      0.7220,      0.7324,      0.7985,      1.0506,      1.4030,      1.3460,      1.3130,      1.4117,      1.5509,      1.1503,      0.9833,      0.8105,      0.6425,      0.6425,      0.6425,      0.6425,      0.6425,      0.6425,      0.6425
G factor       ,      0.4160,      0.4160,      0.4160,      0.4160,      0.4160,      0.4160,      0.4160,      0.4160,      0.4160,      0.4160,      0.4160,      0.3660,      0.3660,      0.3660,      0.3660,      0.3660,      0.3660,      0.3660,      0.3660,      0.3660,      0.3660,      0.3660,      0.3660,      0.2890,      0.2890,      0.2890,      0.2890,      0.2890,      0.2890,      0.2890,      0.2890,      0.2890,      0.2890,      0.3020,      0.3020,      0.3020,      0.3020,      0.3020,      0.3020,      0.3020,      0.3020,      0.2920,      0.2920,      0.2920,      0.2920,      0.2920,      0.2920,      0.2920,      0.3150,      0.3150,      0.3150,      0.3150,      0.3150,      0.3150,      0.3150,      0.3150,      0.2640,      0.2640,      0.2640,      0.2640,      0.2640,      0.2640,      0.3210,      0.3210,      0.3210,      0.3210,      0.3210,      0.3210,      0.2900,      0.2900,      0.2900,      0.2900,      0.2900,      0.2590,      0.2590,      0.2590,      0.2590,      0.2540,      0.2540,      0.2540,      0.2540,      0.2690,      0.2690,      0.2690,      0.2890,      0.2890,      0.2840,      0.2840,      0.2570,      0.2750,      0.2750,      0.2900,      0.3030,      0.2880,      0.2860,      0.1700,      0.2690,      0.2690,      0.3500,      0.3500,      0.3050,      0.3050,      0.3480,      0.3480,      0.3440,      0.2780,      0.2780,      0.1860,      0.1770,      0.1770,      0.2100,      0.2100,      0.2580,      0.2580,      0.2390,      0.2250,      0.2250,      0.1920,      0.1920,      0.0820,      0.0240,      0.0240,      0.0240,      0.0240,      0.0790,      0.0790,      0.0790,      0.1850,      0.1850,      0.1850,      0.2680,      0.2680,      0.2680,      0.3000,      0.3000,      0.3000,      0.3280,      0.3280,      0.3280,      0.3640,      0.3640,      0.3640,      0.3670,      0.3670,      0.3670,      0.3400,      0.3400,      0.3190,      0.3190,      0.3100,      0.2990,      0.2990,      0.2890,      0.2890,      0.2850,      0.2850,      0.2830,      0.2730,      0.3200,      0.3550,      0.3010,      0.1980,      0.1440,      0.1530,      0.2580,      0.2980,      0.2190,      0.2700,      0.3090,      0.0580,     -0.0510,      0.0030,     -0.0100,     -0.0100,     -0.0100,     -0.0100,     -0.0100,     -0.0100,     -0.0100,     -0.0100
================
P [mbar]       ,    0.1004,    0.1015,    0.1034,    0.1069,    0.1130,    0.1239,    0.1432,    0.1740,    0.2226,    0.3028,    0.4349,    0.6529,    1.0121,    1.6044,    2.4646,    3.4606,    4.3994,    5.2226,    5.8426,    6.2132,    6.3980,    6.4686,    6.5039,    6.5168
Temp initial[K],  155.0000,  155.0000,  155.0000,  155.0000,  155.0000,  155.0000,  155.0000,  155.0000,  155.0000,  155.0000,  155.0000,  155.0000,  158.8233,  165.4041,  173.2716,  181.4436,  190.2788,  198.8130,  204.5783,  207.8249,  209.4219,  210.0497,  210.3719,  210.4891
================
it   ,   tau    ,  Tsfc    ,   alb    ,   OLR    ,    ASR   ,  NET top ,  NET bot , T lev  01, T lev  02, T lev  03, T lev  04, T lev  05, T lev  06, T lev  07, T lev  08, T lev  09, T lev  10, T lev  11, T lev  12, T lev  13, T lev  14, T lev  15, T lev  16, T lev  17, T lev  18, T lev  19, T lev  20, T lev  21, T lev  22, T lev  23, T lev  24, T lev  25,  OLR IR01,  OLR IR02,  OLR IR03,  OLR IR04,  OLR IR05,  OLR IR06,  OLR IR07,  OLR IR08,  OLR IR09,  OLR IR10,  OLR IR11,  OLR IR12,  OLR IR13,  OLR IR14,  OLR IR15,  OLR IR16,  OLR IR17,  OLR IR18,  OLR IR19,  OLR IR20,  OLR IR21,  OLR IR22,  OLR IR23,  OLR IR24,  OLR IR25,  OLR IR26,  OLR IR27,  OLR IR28,  OLR IR29,  OLR IR30,  OLR IR31,  OLR IR32,  OLR IR33,  OLR IR34,  OLR IR35,  OLR IR36,  OLR IR37,  OLR IR38,  OLR IR39,  OLR IR40,  OLR IR41,  OLR IR42,  OLR IR43,  OLR IR44,  OLR IR45,  OLR IR46,  OLR IR47,  OLR IR48,  OLR IR49,  OLR IR50,  OLR IR51,  OLR IR52,  OLR IR53,  OLR IR54,  OLR IR55,  OLR IR56,  OLR IR57,  OLR IR58,  OLR IR59,  OLR IR60,  OLR IR61,  OLR IR62,  OLR IR63,  OLR IR64,  OLR IR65,  OLR IR66,  OLR IR67,  OLR IR68,  OLR IR69,  OLR IR70,  OLR IR71,  OLR IR72,  OLR IR73,  OLR IR74,  OLR IR75,  OLR IR76,  OLR IR77,  OLR IR78,  OLR IR79,  OLR IR80,  OLR IR81,  OLR IR82,  OLR IR83,  OLR IR84,  OLR IR85,  OLR IR86,  OLR IR87,  OLR IR88,  OLR IR89,  OLR IR90,  OLR IR91,  OLR IR92,  OLR IR93,  OLR IR94,  OLR IR95,  OLR IR96, ASR VIS01, ASR VIS02, ASR VIS03, ASR VIS04, ASR VIS05, ASR VIS06, ASR VIS07, ASR VIS08, ASR VIS09, ASR VIS10, ASR VIS11, ASR VIS12, ASR VIS13, ASR VIS14, ASR VIS15, ASR VIS16, ASR VIS17, ASR VIS18, ASR VIS19, ASR VIS20, ASR VIS21, ASR VIS22, ASR VIS23, ASR VIS24, ASR VIS25, ASR VIS26, ASR VIS27, ASR VIS28, ASR VIS29, ASR VIS30, ASR VIS31, ASR VIS32, ASR VIS33, ASR VIS34, ASR VIS35, ASR VIS36, ASR VIS37, ASR VIS38, ASR VIS39, ASR VIS40, ASR VIS41, ASR VIS42, ASR VIS43, ASR VIS44, ASR VIS45, ASR VIS46, ASR VIS47, ASR VIS48, ASR VIS49, ASR VIS50, ASR VIS51, ASR VIS52, ASR VIS53, ASR VIS54, ASR VIS55, ASR VIS56, ASR VIS57, ASR VIS58, ASR VIS59, ASR VIS60, ASR VIS61, ASR VIS62, ASR VIS63, ASR VIS64, ASR VIS65, ASR VIS66, ASR VIS67, ASR VIS68, ASR VIS69, ASR VIS70, ASR VIS71, ASR VIS72, ASR VIS73, ASR VIS74, ASR VIS75, ASR VIS76, ASR VIS77, ASR VIS78, ASR VIS79, ASR VIS80, ASR VIS81, ASR VIS82, ASR VIS83, ASR VIS84, SFC DIR01, SFC DIR02, SFC DIR03, SFC DIR04, SFC DIR05, SFC DIR06, SFC DIR07, SFC DIR08, SFC DIR09, SFC DIR10, SFC DIR11, SFC DIR12, SFC DIR13, SFC DIR14, SFC DIR15, SFC DIR16, SFC DIR17, SFC DIR18, SFC DIR19, SFC DIR20, SFC DIR21, SFC DIR22, SFC DIR23, SFC DIR24, SFC DIR25, SFC DIR26, SFC DIR27, SFC DIR28, SFC DIR29, SFC DIR30, SFC DIR31, SFC DIR32, SFC DIR33, SFC DIR34, SFC DIR35, SFC DIR36, SFC DIR37, SFC DIR38, SFC DIR39, SFC DIR40, SFC DIR41, SFC DIR42, SFC DIR43, SFC DIR44, SFC DIR45, SFC DIR46, SFC DIR47, SFC DIR48, SFC DIR49, SFC DIR50, SFC DIR51, SFC DIR52, SFC DIR53, SFC DIR54, SFC DIR55, SFC DIR56, SFC DIR57, SFC DIR58, SFC DIR59, SFC DIR60, SFC DIR61, SFC DIR62, SFC DIR63, SFC DIR64, SFC DIR65, SFC DIR66, SFC DIR67, SFC DIR68, SFC DIR69, SFC DIR70, SFC DIR71, SFC DIR72, SFC DIR73, SFC DIR74, SFC DIR75, SFC DIR76, SFC DIR77, SFC DIR78, SFC DIR79, SFC DIR80, SFC DIR81, SFC DIR82, SFC DIR83, SFC DIR84, SFC DIR85, SFC DIR86, SFC DIR87, SFC DIR88, SFC DIR89, SFC DIR90, SFC DIR91, SFC DIR92, SFC DIR93, SFC DIR94, SFC DIR95, SFC DIR96,SFC DVIS01,SFC DVIS02,SFC DVIS03,SFC DVIS04,SFC DVIS05,SFC DVIS06,SFC DVIS07,SFC DVIS08,SFC DVIS09,SFC DVIS10,SFC DVIS11,SFC DVIS12,SFC DVIS13,SFC DVIS14,SFC DVIS15,SFC DVIS16,SFC DVIS17,SFC DVIS18,SFC DVIS19,SFC DVIS20,SFC DVIS21,SFC DVIS22,SFC DVIS23,SFC DVIS24,SFC DVIS25,SFC DVIS26,SFC DVIS27,SFC DVIS28,SFC DVIS29,SFC DVIS30,SFC DVIS31,SFC DVIS32,SFC DVIS33,SFC DVIS34,SFC DVIS35,SFC DVIS36,SFC DVIS37,SFC DVIS38,SFC DVIS39,SFC DVIS40,SFC DVIS41,SFC DVIS42,SFC DVIS43,SFC DVIS44,SFC DVIS45,SFC DVIS46,SFC DVIS47,SFC DVIS48,SFC DVIS49,SFC DVIS50,SFC DVIS51,SFC DVIS52,SFC DVIS53,SFC DVIS54,SFC DVIS55,SFC DVIS56,SFC DVIS57,SFC DVIS58,SFC DVIS59,SFC DVIS60,SFC DVIS61,SFC DVIS62,SFC DVIS63,SFC DVIS64,SFC DVIS65,SFC DVIS66,SFC DVIS67,SFC DVIS68,SFC DVIS69,SFC DVIS70,SFC DVIS71,SFC DVIS72,SFC DVIS73,SFC DVIS74,SFC DVIS75,SFC DVIS76,SFC DVIS77,SFC DVIS78,SFC DVIS79,SFC DVIS80,SFC DVIS81,SFC DVIS82,SFC DVIS83,SFC DVIS84
 1007,    0.0000,  218.8983,    0.2194,  117.0969,  115.8380,   -0.8625,   -0.7595,  158.4330,  155.0000,  155.0000,  155.0000,  155.0000,  155.0000,  155.0000,  155.0000,  155.0000,  155.0000,  155.0000,  155.0000,  155.0000,  158.8202,  165.3996,  173.2672,  181.4393,  190.2764,  198.8104,  204.5754,  207.8212,  209.4182,  210.0462,  210.3680,  210.4855,    0.0676,    0.2556,    0.5389,    0.8888,    1.2804,    1.6928,    2.1082,    2.5121,    2.8933,    3.2429,    3.5544,    3.8241,    3.4712,    3.6087,    3.7179,    3.7987,    3.8530,    3.8815,    3.8866,    3.8696,    3.8324,    3.7775,    3.7019,    3.5964,    1.2424,    1.2267,    1.2047,    1.1662,    1.1137,    1.0481,    0.8756,    0.8393,    0.7711,    0.6138,    0.5638,    0.3590,    0.1995,    0.1649,    0.1438,    0.1375,    0.1329,    0.1277,    0.1258,    0.1235,    0.1245,    0.1364,    0.1735,    0.2440,    0.3730,    0.4452,    0.3502,    0.5089,    0.4971,    0.5051,    0.5244,    0.6000,    0.6202,    0.6335,    0.6351,    0.6285,    1.6842,    1.6087,    1.5504,    1.4822,    1.4116,    1.3421,    1.2748,    1.2087,    1.1452,    1.0819,    1.0194,    0.9639,    1.4270,    1.3066,    1.1824,    1.0659,    0.9702,    0.8860,    0.8005,    0.7221,    0.6504,    0.5836,    0.5141,    0.4584,    1.1328,    0.8012,    0.5722,    0.3992,    0.2764,    0.1901,    0.1299,    0.0861,    0.0569,    0.0365,    0.0240,    0.0175,    0.0899,    0.0485,    0.0757,    0.0853,    0.0957,    0.0892,    0.0975,    0.1095,    0.0962,    0.1325,    0.1172,    0.1283,    0.1417,    0.1155,    0.1679,    0.1865,    0.1530,    0.1811,    0.2062,    0.2231,    0.2234,    0.1500,    0.2398,    0.2531,    0.3109,    0.3324,    0.3440,    0.3658,    0.3756,    0.3936,    0.3989,    0.4549,    0.4935,    0.4704,    0.4844,    0.4940,    0.8433,    0.9209,    0.9662,    0.9986,    1.0221,    1.1068,    1.0376,    1.1056,    1.0799,    1.1314,    1.0731,    1.1504,    2.4777,    2.4439,    2.4989,    2.5383,    2.5642,    2.4625,    2.5489,    2.6139,    2.6670,    2.4800,    2.4441,    2.5380,    6.4157,    6.1123,    6.0433,    5.8603,    5.4132,    5.0767,    4.4565,    4.0997,    3.9404,    3.4535,    2.6528,    2.4637,    1.8993,    1.7458,    1.3311,    1.2705,    0.8565,    0.6215,    0.5021,    0.2015,    0.1776,    0.1261,    0.0437,    0.0355,    0.0000,    0.0000,    0.0000,    0.0000,    0.0000,    0.0000,    0.0000,    0.0000,    0.0000,    0.0000,    0.0000,    0.0000,    0.0000,    0.0000,    0.0000,    0.0000,    0.0000,    0.0000,    0.0000,    0.0001,    0.0002,    0.0007,    0.0108,    0.0490,    0.0110,    0.0180,    0.0344,    0.0771,    0.1397,    0.2137,    0.4309,    0.4495,    0.5119,    0.6671,    0.7005,    0.8672,    0.6959,    0.7036,    0.7106,    0.6982,    0.6956,    0.7186,    0.6761,    0.6645,    0.6491,    0.6306,    0.6025,    0.5551,    0.4721,    0.3712,    0.4491,    0.2585,    0.2602,    0.2432,    0.2110,    0.1067,    0.0696,    0.0377,    0.0207,    0.0150,    0.0329,    0.0299,    0.0085,    0.0020,    0.0004,    0.0004,    0.0002,    0.0011,    0.0019,    0.0049,    0.0091,    0.0081,    0.0085,    0.0012,    0.0075,    0.0141,    0.0089,    0.0000,    0.0000,    0.0000,    0.0000,    0.0008,    0.0066,    0.0072,    0.0065,    0.0059,    0.0000,    0.0000,    0.0000,    0.0000,    0.0000,    0.0009,    0.0011,    0.0014,    0.0012,    0.0002,    0.0266,    0.0000,    0.0608,    0.1075,    0.1214,    0.1110,    0.1245,    0.1386,    0.1233,    0.1698,    0.1501,    0.1645,    0.1808,    0.1468,    0.2123,    0.2321,    0.1900,    0.1318,    0.0189,    0.0386,    0.1649,    0.1902,    0.3067,    0.3223,    0.3984,    0.4260,    0.4410,    0.4686,    0.4799,    0.4920,    0.4648,    0.4226,    0.3741,    0.4433,    0.6104,    0.6178,    1.0805,    1.1804,    1.2359,    1.2564,    1.2364,    1.3694,    1.3136,    1.3975,    1.2854,    1.4503,    1.3718,    1.4606,    3.1621,    3.0885,    3.2030,    3.2531,    3.2748,    3.1568,    3.2678,    3.3511,    3.4192,    3.1776,    3.1334,    3.2539,    8.2247,    7.8363,    7.7478,    7.5132,    6.9399,    6.5086,    5.7135,    5.2561,    5.0518,    4.4276,    3.4010,    3.1586,    2.4350,    2.2382,    1.7066,    1.6288,    1.0981,    0.7968,    0.6438,    0.2584,    0.2277,    0.1616,    0.0560,    0.0455
  829,    0.0500,  220.1971,    0.1964,  120.7240,  119.2457,   -0.9575,   -0.8426,  158.4330,  166.2481,  167.0276,  167.9418,  169.1967,  169.9996,  170.9230,  172.0953,  173.3990,  175.0027,  177.4938,  181.0989,  186.3644,  193.3601,  201.5752,  208.8834,  214.0953,  217.3911,  219.3938,  220.3711,  220.6160,  220.5997,  220.4889,  220.3597,  220.3112,    0.0663,    0.2509,    0.5291,    0.8731,    1.2586,    1.6650,    2.0748,    2.4576,    2.8147,    3.1267,    3.3995,    3.7288,    3.3892,    3.5131,    3.6311,    3.7361,    3.8047,    3.8370,    3.8468,    3.8259,    3.8037,    3.7693,    3.7064,    3.6063,    1.2433,    1.2265,    1.2076,    1.1815,    1.1504,    1.1159,    1.0237,    1.0155,    0.9751,    0.8577,    0.8552,    0.7093,    0.4582,    0.3919,    0.3275,    0.3162,    0.2962,    0.2527,    0.2878,    0.2903,    0.3072,    0.3438,    0.4051,    0.4675,    0.5655,    0.6000,    0.5147,    0.6186,    0.6106,    0.6026,    0.5996,    0.6324,    0.6329,    0.6342,    0.6301,    0.6219,    1.6709,    1.6029,    1.5377,    1.4710,    1.4015,    1.3317,    1.2666,    1.2016,    1.1412,    1.0796,    1.0219,    0.9670,    1.4301,    1.3013,    1.1806,    1.0662,    0.9756,    0.8889,    0.8039,    0.7257,    0.6498,    0.5839,    0.5222,    0.4677,    1.1465,    0.8038,    0.5706,    0.4009,    0.2780,    0.1914,    0.1310,    0.0875,    0.0587,    0.0385,    0.0255,    0.0179,    0.0912,    0.0480,    0.0785,    0.0898,    0.1007,    0.0937,    0.1026,    0.1150,    0.1011,    0.1391,    0.1230,    0.1346,    0.1485,    0.1210,    0.1760,    0.1954,    0.1603,    0.1866,    0.2064,    0.2239,    0.2302,    0.1570,    0.2512,    0.2652,    0.3258,    0.3482,    0.3604,    0.3832,    0.3918,    0.4104,    0.4157,    0.4687,    0.5054,    0.4847,    0.5055,    0.5149,    0.8762,    0.9569,    1.0039,    1.0372,    1.0600,    1.1488,    1.0779,    1.1445,    1.1147,    1.1713,    1.1109,    1.1907,    2.5648,    2.5294,    2.5869,    2.6197,    2.6462,    2.5415,    2.6306,    2.6977,    2.7525,    2.5594,    2.5225,    2.6195,    6.6216,    6.2704,    6.1997,    6.0121,    5.5535,    5.2084,    4.5723,    4.2064,    4.0431,    3.5437,    2.7223,    2.5284,    1.9494,    1.7665,    1.3471,    1.2858,    0.8670,    0.6293,    0.5085,    0.2041,    0.1799,    0.1278,    0.0443,    0.0360,    0.0017,    0.0065,    0.0138,    0.0228,    0.0328,    0.0434,    0.0541,    0.0808,    0.1108,    0.1900,    0.1995,    0.1461,    0.1305,    0.1484,    0.1437,    0.1673,    0.1711,    0.2026,    0.2236,    0.1859,    0.1957,    0.1778,    0.1497,    0.2415,    0.0783,    0.0993,    0.1297,    0.2155,    0.3140,    0.4231,    0.7258,    0.7489,    0.8273,    0.9622,    1.0091,    1.1187,    0.8564,    0.8470,    0.8369,    0.8273,    0.8177,    0.8068,    0.7985,    0.7890,    0.7795,    0.7701,    0.7602,    0.7433,    0.7191,    0.6149,    0.6598,    0.4675,    0.4710,    0.4606,    0.4026,    0.2556,    0.2010,    0.1367,    0.1019,    0.0896,    0.2102,    0.1849,    0.1361,    0.1241,    0.1113,    0.1158,    0.1027,    0.1005,    0.0826,    0.0850,    0.0906,    0.0824,    0.1294,    0.1224,    0.1269,    0.1383,    0.1010,    0.0686,    0.0589,    0.0530,    0.0613,    0.0575,    0.0584,    0.0541,    0.1082,    0.1020,    0.0625,    0.0400,    0.0281,    0.0194,    0.0132,    0.0120,    0.0093,    0.0081,    0.0060,    0.0024,    0.0202,    0.0000,    0.0519,    0.0945,    0.1069,    0.0978,    0.1097,    0.1230,    0.1095,    0.1508,    0.1333,    0.1467,    0.1610,    0.1307,    0.1888,    0.2062,    0.1683,    0.1094,    0.0132,    0.0294,    0.1423,    0.1698,    0.2742,    0.2879,    0.3564,    0.3811,    0.3945,    0.4192,    0.4342,    0.4444,    0.4142,    0.3766,    0.3318,    0.3963,    0.5502,    0.5581,    0.9868,    1.0780,    1.1286,    1.1453,    1.1249,    1.2475,    1.1981,    1.2835,    1.1799,    1.3343,    1.2618,    1.3428,    2.9085,    2.8383,    2.9470,    3.0024,    3.0220,    2.9134,    3.0160,    3.0929,    3.1557,    2.9328,    2.8920,    3.0032,    7.5910,    7.2472,    7.1654,    6.9484,    6.4182,    6.0192,    5.2839,    4.8608,    4.6718,    4.0945,    3.1451,    2.9209,    2.2518,    2.1253,    1.6204,    1.5466,    1.0427,    0.7566,    0.6113,    0.2453,    0.2162,    0.1535,    0.0532,    0.0432
  826,    0.1000,  220.8983,    0.1767,  123.6597,  122.1566,   -0.8303,   -0.7174,  158.4330,  176.3498,  177.1943,  178.1552,  179.3990,  180.4944,  181.8029,  183.4852,  185.2967,  187.4972,  190.4015,  194.3986,  199.8986,  207.0998,  214.9822,  221.3099,  225.3560,  227.3994,  228.0776,  227.4972,  226.1964,  224.5992,  223.5578,  222.5591,  222.1771,    0.0649,    0.2456,    0.5181,    0.8552,    1.2330,    1.6317,    2.0340,    2.3950,    2.7281,    3.0158,    3.2425,    3.6187,    3.2924,    3.4027,    3.5265,    3.6676,    3.7536,    3.8014,    3.8250,    3.7833,    3.7847,    3.7692,    3.7016,    3.6144,    1.2453,    1.2298,    1.2135,    1.2022,    1.1857,    1.1720,    1.1323,    1.1348,    1.1092,    1.0105,    1.0261,    0.9006,    0.6051,    0.5330,    0.4570,    0.4477,    0.4208,    0.3580,    0.4119,    0.4153,    0.4349,    0.4744,    0.5390,    0.5977,    0.6928,    0.7100,    0.6262,    0.7020,    0.6964,    0.6846,    0.6685,    0.6740,    0.6629,    0.6508,    0.6399,    0.6295,    1.6887,    1.6224,    1.5483,    1.4882,    1.4171,    1.3534,    1.2848,    1.2203,    1.1497,    1.0899,    1.0393,    0.9832,    1.4667,    1.3402,    1.2212,    1.1117,    1.0106,    0.9156,    0.8264,    0.7467,    0.6776,    0.6106,    0.5486,    0.4927,    1.2013,    0.8574,    0.6093,    0.4293,    0.3001,    0.2079,    0.1429,    0.0973,    0.0661,    0.0444,    0.0299,    0.0203,    0.0917,    0.0476,    0.0805,    0.0932,    0.1046,    0.0973,    0.1066,    0.1193,    0.1049,    0.1444,    0.1277,    0.1396,    0.1540,    0.1255,    0.1824,    0.2024,    0.1660,    0.1897,    0.2060,    0.2238,    0.2348,    0.1627,    0.2605,    0.2749,    0.3378,    0.3611,    0.3737,    0.3974,    0.4052,    0.4241,    0.4285,    0.4792,    0.5140,    0.4958,    0.5225,    0.5322,    0.9040,    0.9873,    1.0357,    1.0695,    1.0913,    1.1837,    1.1116,    1.1775,    1.1440,    1.2055,    1.1432,    1.2250,    2.6392,    2.6020,    2.6623,    2.6897,    2.7167,    2.6095,    2.7010,    2.7699,    2.8262,    2.6279,    2.5900,    2.6896,    6.7989,    6.4072,    6.3351,    6.1435,    5.6750,    5.3225,    4.6727,    4.2989,    4.1322,    3.6220,    2.7826,    2.5846,    1.9930,    1.7856,    1.3618,    1.3000,    0.8767,    0.6364,    0.5144,    0.2065,    0.1821,    0.1294,    0.0449,    0.0365,    0.0034,    0.0128,    0.0270,    0.0446,    0.0643,    0.0851,    0.1060,    0.1575,    0.2149,    0.3727,    0.3806,    0.2837,    0.2536,    0.2874,    0.2791,    0.3405,    0.3544,    0.4274,    0.4776,    0.3904,    0.4200,    0.3870,    0.3022,    0.4332,    0.1483,    0.1789,    0.2141,    0.3202,    0.4279,    0.5483,    0.8745,    0.8979,    0.9800,    1.0910,    1.1426,    1.2127,    0.9109,    0.8912,    0.8709,    0.8616,    0.8495,    0.8297,    0.8302,    0.8220,    0.8159,    0.8125,    0.8152,    0.8148,    0.8261,    0.7336,    0.7536,    0.5856,    0.5888,    0.5848,    0.5164,    0.3636,    0.3072,    0.2264,    0.1838,    0.1681,    0.4034,    0.3573,    0.2912,    0.2819,    0.2582,    0.2720,    0.2417,    0.2343,    0.1852,    0.1850,    0.1917,    0.1761,    0.2932,    0.2984,    0.2938,    0.3058,    0.2273,    0.1739,    0.1494,    0.1351,    0.1600,    0.1480,    0.1357,    0.1239,    0.2709,    0.2599,    0.1755,    0.1157,    0.0836,    0.0591,    0.0409,    0.0335,    0.0245,    0.0192,    0.0138,    0.0073,    0.0165,    0.0000,    0.0447,    0.0832,    0.0942,    0.0861,    0.0967,    0.1092,    0.0972,    0.1339,    0.1183,    0.1308,    0.1435,    0.1165,    0.1681,    0.1835,    0.1499,    0.0944,    0.0107,    0.0245,    0.1247,    0.1519,    0.2453,    0.2574,    0.3188,    0.3409,    0.3529,    0.3750,    0.3930,    0.4019,    0.3723,    0.3384,    0.2977,    0.3568,    0.4971,    0.5047,    0.9012,    0.9844,    1.0308,    1.0451,    1.0256,    1.1381,    1.0936,    1.1799,    1.0844,    1.2277,    1.1608,    1.2351,    2.6757,    2.6100,    2.7114,    2.7711,    2.7890,    2.6889,    2.7836,    2.8546,    2.9126,    2.7068,    2.6692,    2.7718,    7.0061,    6.7028,    6.6272,    6.4265,    5.9361,    5.5671,    4.8870,    4.4957,    4.3209,    3.7870,    2.9089,    2.7015,    2.0827,    2.0184,    1.5390,    1.4688,    0.9903,    0.7186,    0.5806,    0.2330,    0.2053,    0.1458,    0.0505,    0.0411
  739,    0.1500,  221.6829,    0.1599,  126.4407,  124.6504,   -0.9877,   -0.9278,  158.4330,  183.2189,  184.0953,  185.0972,  186.3318,  187.5885,  189.1006,  190.9976,  193.0882,  195.4976,  198.6023,  202.7741,  208.2009,  215.0959,  222.3003,  227.8885,  231.0963,  232.4946,  232.5988,  231.4780,  229.4970,  227.1972,  225.6095,  224.0884,  223.6382,    0.0636,    0.2406,    0.5079,    0.8386,    1.2095,    1.6011,    1.9967,    2.3381,    2.6498,    2.9226,    3.1042,    3.5199,    3.2056,    3.3042,    3.4333,    3.6147,    3.7192,    3.7867,    3.8269,    3.7607,    3.7877,    3.7898,    3.7109,    3.6349,    1.2525,    1.2382,    1.2223,    1.2212,    1.2115,    1.2102,    1.2028,    1.2100,    1.1937,    1.1080,    1.1323,    1.0221,    0.7026,    0.6305,    0.5506,    0.5437,    0.5130,    0.4385,    0.5039,    0.5073,    0.5272,    0.5655,    0.6284,    0.6814,    0.7735,    0.7808,    0.7001,    0.7583,    0.7538,    0.7408,    0.7179,    0.7083,    0.6915,    0.6707,    0.6556,    0.6438,    1.7247,    1.6585,    1.5783,    1.5263,    1.4534,    1.3970,    1.3231,    1.2583,    1.1730,    1.1140,    1.0698,    1.0121,    1.5267,    1.4061,    1.2860,    1.1790,    1.0638,    0.9611,    0.8655,    0.7831,    0.7233,    0.6533,    0.5876,    0.5288,    1.2873,    0.9401,    0.6719,    0.4750,    0.3355,    0.2343,    0.1621,    0.1122,    0.0770,    0.0526,    0.0357,    0.0242,    0.0919,    0.0473,    0.0820,    0.0960,    0.1077,    0.1001,    0.1098,    0.1227,    0.1080,    0.1487,    0.1315,    0.1436,    0.1585,    0.1291,    0.1876,    0.2081,    0.1705,    0.1919,    0.2056,    0.2236,    0.2382,    0.1673,    0.2680,    0.2828,    0.3476,    0.3715,    0.3846,    0.4089,    0.4164,    0.4355,    0.4388,    0.4877,    0.5208,    0.5048,    0.5366,    0.5464,    0.9275,    1.0129,    1.0625,    1.0966,    1.1175,    1.2130,    1.1400,    1.2055,    1.1690,    1.2347,    1.1708,    1.2544,    2.7028,    2.6639,    2.7269,    2.7500,    2.7773,    2.6680,    2.7616,    2.8320,    2.8896,    2.6868,    2.6481,    2.7499,    6.9515,    6.5255,    6.4521,    6.2571,    5.7800,    5.4212,    4.7594,    4.3789,    4.2093,    3.6898,    2.8348,    2.6333,    2.0307,    1.8031,    1.3752,    1.3130,    0.8856,    0.6430,    0.5198,    0.2087,    0.1841,    0.1308,    0.0454,    0.0369,    0.0050,    0.0188,    0.0397,    0.0656,    0.0946,    0.1252,    0.1561,    0.2307,    0.3131,    0.5449,    0.5466,    0.4139,    0.3703,    0.4187,    0.4076,    0.5108,    0.5367,    0.6521,    0.7323,    0.5953,    0.6470,    0.6009,    0.4550,    0.6157,    0.2156,    0.2529,    0.2883,    0.4042,    0.5106,    0.6350,    0.9678,    0.9904,    1.0733,    1.1694,    1.2224,    1.2706,    0.9468,    0.9220,    0.8963,    0.8871,    0.8737,    0.8492,    0.8544,    0.8468,    0.8425,    0.8421,    0.8512,    0.8585,    0.8891,    0.8067,    0.8124,    0.6649,    0.6674,    0.6675,    0.5961,    0.4469,    0.3931,    0.3050,    0.2592,    0.2418,    0.5899,    0.5267,    0.4493,    0.4449,    0.4123,    0.4357,    0.3884,    0.3752,    0.2925,    0.2887,    0.2962,    0.2739,    0.4664,    0.4867,    0.4698,    0.4791,    0.3605,    0.2907,    0.2503,    0.2272,    0.2695,    0.2481,    0.2204,    0.2006,    0.4547,    0.4358,    0.3054,    0.2047,    0.1498,    0.1071,    0.0749,    0.0591,    0.0426,    0.0321,    0.0227,    0.0133,    0.0138,    0.0000,    0.0387,    0.0733,    0.0831,    0.0759,    0.0852,    0.0969,    0.0863,    0.1189,    0.1051,    0.1166,    0.1279,    0.1039,    0.1498,    0.1635,    0.1337,    0.0828,    0.0091,    0.0211,    0.1102,    0.1359,    0.2194,    0.2302,    0.2851,    0.3050,    0.3157,    0.3354,    0.3557,    0.3636,    0.3356,    0.3050,    0.2681,    0.3220,    0.4495,    0.4567,    0.8230,    0.8990,    0.9414,    0.9540,    0.9357,    1.0387,    0.9984,    1.0850,    0.9971,    1.1295,    1.0680,    1.1362,    2.4617,    2.4007,    2.4947,    2.5576,    2.5740,    2.4817,    2.5692,    2.6347,    2.6882,    2.4983,    2.4635,    2.5582,    6.4663,    6.1997,    6.1297,    5.9441,    5.4906,    5.1493,    4.5202,    4.1583,    3.9967,    3.5028,    2.6906,    2.4988,    1.9264,    1.9172,    1.4618,    1.3952,    0.9406,    0.6826,    0.5515,    0.2213,    0.1951,    0.1385,    0.0480,    0.0390
  731,    0.2000,  222.2986,    0.1455,  128.6298,  126.7891,   -0.9263,   -0.7971,  158.4330,  188.3238,  189.2082,  190.2262,  191.5168,  192.8922,  194.4980,  196.5936,  198.7977,  201.3670,  204.5973,  208.6963,  213.9709,  220.3983,  226.9996,  231.8969,  234.4971,  235.4914,  235.2955,  233.8962,  231.6628,  228.9886,  227.1032,  225.2960,  224.6395,    0.0623,    0.2357,    0.4975,    0.8217,    1.1856,    1.5699,    1.9582,    2.2809,    2.5726,    2.8365,    2.9734,    3.4211,    3.1183,    3.2058,    3.3390,    3.5617,    3.6840,    3.7726,    3.8300,    3.7375,    3.7899,    3.8077,    3.7135,    3.6474,    1.2574,    1.2439,    1.2272,    1.2335,    1.2265,    1.2339,    1.2497,    1.2594,    1.2499,    1.1757,    1.2050,    1.1086,    0.7745,    0.7043,    0.6234,    0.6186,    0.5855,    0.5035,    0.5763,    0.5795,    0.5988,    0.6348,    0.6946,    0.7414,    0.8296,    0.8297,    0.7535,    0.7976,    0.7937,    0.7804,    0.7536,    0.7344,    0.7146,    0.6882,    0.6704,    0.6577,    1.7602,    1.6938,    1.6093,    1.5658,    1.4914,    1.4426,    1.3631,    1.2978,    1.1965,    1.1381,    1.0995,    1.0404,    1.5872,    1.4743,    1.3519,    1.2464,    1.1170,    1.0081,    0.9060,    0.8209,    0.7708,    0.6976,    0.6271,    0.5653,    1.3760,    1.0254,    0.7375,    0.5232,    0.3729,    0.2623,    0.1825,    0.1278,    0.0884,    0.0608,    0.0416,    0.0282,    0.0920,    0.0470,    0.0830,    0.0981,    0.1101,    0.1023,    0.1123,    0.1255,    0.1105,    0.1521,    0.1345,    0.1469,    0.1621,    0.1320,    0.1918,    0.2126,    0.1741,    0.1935,    0.2053,    0.2234,    0.2409,    0.1710,    0.2741,    0.2892,    0.3555,    0.3800,    0.3933,    0.4182,    0.4256,    0.4449,    0.4473,    0.4946,    0.5264,    0.5121,    0.5482,    0.5582,    0.9473,    1.0346,    1.0851,    1.1194,    1.1395,    1.2377,    1.1640,    1.2295,    1.1903,    1.2597,    1.1944,    1.2794,    2.7572,    2.7169,    2.7821,    2.8019,    2.8294,    2.7184,    2.8137,    2.8855,    2.9441,    2.7375,    2.6981,    2.8019,    7.0828,    6.6277,    6.5533,    6.3553,    5.8709,    5.5065,    4.8345,    4.4481,    4.2760,    3.7484,    2.8800,    2.6755,    2.0633,    1.8190,    1.3875,    1.3249,    0.8938,    0.6490,    0.5247,    0.2108,    0.1859,    0.1321,    0.0459,    0.0373,    0.0065,    0.0246,    0.0519,    0.0857,    0.1236,    0.1637,    0.2042,    0.3001,    0.4053,    0.7055,    0.6981,    0.5363,    0.4803,    0.5416,    0.5285,    0.6749,    0.7137,    0.8702,    0.9792,    0.7947,    0.8687,    0.8110,    0.6041,    0.7883,    0.2793,    0.3214,    0.3543,    0.4744,    0.5742,    0.6997,    1.0317,    1.0532,    1.1357,    1.2216,    1.2748,    1.3099,    0.9726,    0.9448,    0.9156,    0.9067,    0.8923,    0.8641,    0.8729,    0.8658,    0.8626,    0.8641,    0.8767,    0.8881,    0.9302,    0.8560,    0.8526,    0.7224,    0.7241,    0.7269,    0.6556,    0.5137,    0.4639,    0.3738,    0.3274,    0.3091,    0.7641,    0.6869,    0.6021,    0.6029,    0.5630,    0.5950,    0.5323,    0.5131,    0.3980,    0.3902,    0.3979,    0.3701,    0.6364,    0.6710,    0.6406,    0.6448,    0.4905,    0.4080,    0.3524,    0.3205,    0.3781,    0.3473,    0.3046,    0.2771,    0.6405,    0.6091,    0.4352,    0.2952,    0.2173,    0.1563,    0.1100,    0.0852,    0.0610,    0.0450,    0.0315,    0.0196,    0.0117,    0.0000,    0.0335,    0.0646,    0.0732,    0.0669,    0.0751,    0.0861,    0.0766,    0.1056,    0.0933,    0.1039,    0.1140,    0.0926,    0.1335,    0.1456,    0.1195,    0.0732,    0.0078,    0.0185,    0.0978,    0.1216,    0.1963,    0.2059,    0.2551,    0.2728,    0.2825,    0.3001,    0.3220,    0.3290,    0.3030,    0.2754,    0.2420,    0.2909,    0.4066,    0.4133,    0.7516,    0.8211,    0.8598,    0.8710,    0.8540,    0.9483,    0.9116,    0.9979,    0.9170,    1.0393,    0.9826,    1.0453,    2.2648,    2.2084,    2.2953,    2.3606,    2.3757,    2.2906,    2.3713,    2.4318,    2.4811,    2.3058,    2.2738,    2.3612,    5.9682,    5.7348,    5.6701,    5.4984,    5.0788,    4.7632,    4.1813,    3.8465,    3.6970,    3.2402,    2.4889,    2.3115,    1.7820,    1.8212,    1.3886,    1.3254,    0.8936,    0.6485,    0.5239,    0.2103,    0.1853,    0.1316,    0.0456,    0.0371
  628,    0.3000,  223.4894,    0.1225,  132.2966,  130.2000,   -0.9875,   -0.8881,  158.4330,  195.9285,  196.8495,  197.8962,  199.2174,  200.6906,  202.5016,  204.6929,  207.0836,  209.6999,  212.9019,  216.7024,  221.5944,  227.2956,  232.8014,  236.5987,  238.3007,  238.7044,  238.1990,  236.5989,  234.2858,  231.2949,  229.1888,  227.0506,  226.3692,    0.0598,    0.2265,    0.4783,    0.7904,    1.1409,    1.5115,    1.8865,    2.1760,    2.4329,    2.6934,    2.7460,    3.2423,    2.9600,    3.0292,    3.1685,    3.4744,    3.6307,    3.7622,    3.8530,    3.7091,    3.8096,    3.8542,    3.7256,    3.6753,    1.2687,    1.2562,    1.2355,    1.2509,    1.2419,    1.2600,    1.3056,    1.3168,    1.3169,    1.2622,    1.2957,    1.2235,    0.8740,    0.8094,    0.7310,    0.7293,    0.6943,    0.6045,    0.6847,    0.6872,    0.7039,    0.7346,    0.7863,    0.8215,    0.9007,    0.8911,    0.8252,    0.8488,    0.8451,    0.8320,    0.8023,    0.7730,    0.7515,    0.7197,    0.6994,    0.6859,    1.8348,    1.7675,    1.6784,    1.6502,    1.5735,    1.5374,    1.4480,    1.3809,    1.2496,    1.1911,    1.1616,    1.1002,    1.7097,    1.6103,    1.4813,    1.3753,    1.2220,    1.1043,    0.9900,    0.8993,    0.8642,    0.7844,    0.7044,    0.6368,    1.5533,    1.1877,    0.8632,    0.6167,    0.4449,    0.3162,    0.2220,    0.1573,    0.1098,    0.0762,    0.0525,    0.0360,    0.0921,    0.0467,    0.0845,    0.1011,    0.1136,    0.1054,    0.1158,    0.1295,    0.1141,    0.1570,    0.1389,    0.1517,    0.1673,    0.1362,    0.1979,    0.2192,    0.1793,    0.1957,    0.2047,    0.2229,    0.2446,    0.1764,    0.2831,    0.2986,    0.3672,    0.3925,    0.4063,    0.4319,    0.4397,    0.4591,    0.4599,    0.5049,    0.5347,    0.5230,    0.5657,    0.5761,    0.9781,    1.0682,    1.1203,    1.1548,    1.1736,    1.2760,    1.2011,    1.2674,    1.2240,    1.2993,    1.2319,    1.3192,    2.8435,    2.8008,    2.8697,    2.8850,    2.9129,    2.7990,    2.8972,    2.9711,    3.0315,    2.8187,    2.7782,    2.8851,    7.2932,    6.7924,    6.7163,    6.5135,    6.0173,    5.6441,    4.9555,    4.5597,    4.3836,    3.8430,    2.9530,    2.7435,    2.1161,    1.8467,    1.4089,    1.3456,    0.9080,    0.6595,    0.5334,    0.2143,    0.1892,    0.1345,    0.0467,    0.0380,    0.0094,    0.0354,    0.0748,    0.1236,    0.1784,    0.2364,    0.2951,    0.4294,    0.5749,    0.9970,    0.9670,    0.7625,    0.6839,    0.7676,    0.7523,    0.9845,    1.0492,    1.2806,    1.4408,    1.1724,    1.2879,    1.2110,    0.8898,    1.1089,    0.3975,    0.4456,    0.4698,    0.5903,    0.6703,    0.7940,    1.1149,    1.1343,    1.2149,    1.2882,    1.3403,    1.3610,    1.0080,    0.9776,    0.9452,    0.9366,    0.9212,    0.8892,    0.9018,    0.8951,    0.8929,    0.8960,    0.9116,    0.9263,    0.9807,    0.9189,    0.9055,    0.8026,    0.8026,    0.8082,    0.7412,    0.6169,    0.5756,    0.4893,    0.4448,    0.4263,    1.0741,    0.9763,    0.8831,    0.8924,    0.8413,    0.8852,    0.7974,    0.7669,    0.5968,    0.5804,    0.5870,    0.5501,    0.9503,    1.0053,    0.9479,    0.9379,    0.7283,    0.6278,    0.5455,    0.4974,    0.5757,    0.5277,    0.4592,    0.4177,    0.9874,    0.9170,    0.6678,    0.4608,    0.3407,    0.2466,    0.1748,    0.1324,    0.0944,    0.0680,    0.0474,    0.0312,    0.0086,    0.0000,    0.0251,    0.0502,    0.0569,    0.0520,    0.0584,    0.0679,    0.0604,    0.0832,    0.0736,    0.0826,    0.0906,    0.0736,    0.1061,    0.1157,    0.0956,    0.0578,    0.0060,    0.0144,    0.0776,    0.0974,    0.1571,    0.1647,    0.2042,    0.2184,    0.2261,    0.2402,    0.2639,    0.2696,    0.2476,    0.2251,    0.1976,    0.2379,    0.3330,    0.3386,    0.6270,    0.6849,    0.7172,    0.7263,    0.7119,    0.7907,    0.7603,    0.8445,    0.7760,    0.8798,    0.8318,    0.8848,    1.9173,    1.8692,    1.9432,    2.0111,    2.0240,    1.9515,    2.0202,    2.0718,    2.1138,    1.9645,    1.9372,    2.0116,    5.0847,    4.9084,    4.8530,    4.7060,    4.3470,    4.0768,    3.5788,    3.2923,    3.1643,    2.7734,    2.1303,    1.9785,    1.5253,    1.6439,    1.2535,    1.1965,    0.8067,    0.5855,    0.4730,    0.1899,    0.1673,    0.1188,    0.0412,    0.0335
  540,    0.4000,  224.4325,    0.1055,  134.9817,  132.7165,   -0.9895,   -0.9886,  158.4330,  201.5406,  202.4892,  203.5575,  204.8928,  206.3931,  208.1987,  210.4915,  212.8908,  215.5037,  218.5625,  222.1009,  226.5039,  231.5578,  236.2957,  239.1996,  240.2993,  240.3011,  239.5362,  237.9455,  235.6758,  232.6940,  230.5965,  228.3350,  227.6432,    0.0575,    0.2179,    0.4603,    0.7608,    1.0987,    1.4563,    1.8184,    2.0788,    2.3062,    2.5768,    2.5503,    3.0790,    2.8147,    2.8688,    3.0119,    3.3995,    3.5865,    3.7592,    3.8805,    3.6887,    3.8321,    3.8979,    3.7332,    3.6960,    1.2779,    1.2657,    1.2398,    1.2604,    1.2446,    1.2693,    1.3337,    1.3446,    1.3517,    1.3138,    1.3485,    1.2970,    0.9406,    0.8821,    0.8085,    0.8085,    0.7732,    0.6813,    0.7632,    0.7649,    0.7786,    0.8040,    0.8477,    0.8733,    0.9438,    0.9273,    0.8718,    0.8802,    0.8762,    0.8637,    0.8338,    0.8000,    0.7788,    0.7457,    0.7247,    0.7109,    1.9025,    1.8343,    1.7433,    1.7273,    1.6489,    1.6223,    1.5251,    1.4562,    1.2998,    1.2405,    1.2178,    1.1546,    1.8182,    1.7284,    1.5926,    1.4838,    1.3134,    1.1898,    1.0656,    0.9699,    0.9441,    0.8586,    0.7709,    0.6984,    1.7083,    1.3219,    0.9674,    0.6954,    0.5051,    0.3612,    0.2552,    0.1816,    0.1273,    0.0887,    0.0614,    0.0425,    0.0920,    0.0463,    0.0853,    0.1030,    0.1157,    0.1074,    0.1180,    0.1321,    0.1164,    0.1602,    0.1416,    0.1548,    0.1707,    0.1390,    0.2018,    0.2234,    0.1828,    0.1969,    0.2042,    0.2225,    0.2468,    0.1800,    0.2890,    0.3048,    0.3749,    0.4007,    0.4148,    0.4410,    0.4494,    0.4689,    0.4686,    0.5118,    0.5402,    0.5305,    0.5778,    0.5884,    1.0001,    1.0922,    1.1454,    1.1800,    1.1978,    1.3032,    1.2276,    1.2951,    1.2487,    1.3284,    1.2593,    1.3484,    2.9067,    2.8622,    2.9339,    2.9465,    2.9747,    2.8587,    2.9591,    3.0346,    3.0962,    2.8788,    2.8376,    2.9467,    7.4490,    6.9155,    6.8381,    6.6318,    6.1267,    5.7470,    5.0460,    4.6432,    4.4641,    3.9139,    3.0076,    2.7946,    2.1558,    1.8698,    1.4267,    1.3629,    0.9198,    0.6683,    0.5407,    0.2173,    0.1919,    0.1365,    0.0474,    0.0386,    0.0120,    0.0454,    0.0960,    0.1587,    0.2291,    0.3037,    0.3792,    0.5469,    0.7266,    1.2530,    1.1974,    0.9654,    0.8671,    0.9693,    0.9534,    1.2681,    1.3577,    1.6528,    1.8550,    1.5183,    1.6697,    1.5782,    1.1570,    1.4006,    0.5046,    0.5558,    0.5695,    0.6855,    0.7424,    0.8621,    1.1667,    1.1841,    1.2622,    1.3279,    1.3779,    1.3916,    1.0309,    0.9998,    0.9664,    0.9579,    0.9421,    0.9083,    0.9225,    0.9160,    0.9142,    0.9176,    0.9338,    0.9490,    1.0091,    0.9566,    0.9380,    0.8562,    0.8547,    0.8611,    0.8004,    0.6937,    0.6599,    0.5818,    0.5410,    0.5230,    1.3353,    1.2239,    1.1270,    1.1414,    1.0819,    1.1309,    1.0253,    0.9849,    0.7741,    0.7493,    0.7535,    0.7094,    1.2208,    1.2837,    1.2023,    1.1752,    0.9305,    0.8182,    0.7149,    0.6529,    0.7389,    0.6765,    0.5891,    0.5360,    1.2835,    1.1605,    0.8523,    0.5954,    0.4404,    0.3194,    0.2273,    0.1697,    0.1207,    0.0861,    0.0598,    0.0405,    0.0064,    0.0000,    0.0188,    0.0390,    0.0442,    0.0404,    0.0454,    0.0535,    0.0477,    0.0657,    0.0580,    0.0657,    0.0721,    0.0585,    0.0843,    0.0920,    0.0765,    0.0460,    0.0047,    0.0114,    0.0619,    0.0781,    0.1257,    0.1319,    0.1634,    0.1748,    0.1810,    0.1923,    0.2164,    0.2209,    0.2026,    0.1842,    0.1617,    0.1948,    0.2728,    0.2775,    0.5231,    0.5714,    0.5984,    0.6059,    0.5937,    0.6595,    0.6342,    0.7149,    0.6569,    0.7450,    0.7043,    0.7492,    1.6234,    1.5825,    1.6454,    1.7137,    1.7246,    1.6629,    1.7215,    1.7654,    1.8013,    1.6740,    1.6507,    1.7142,    4.3329,    4.2028,    4.1554,    4.0296,    3.7222,    3.4908,    3.0644,    2.8191,    2.7096,    2.3748,    1.8242,    1.6943,    1.3062,    1.4845,    1.1320,    1.0805,    0.7286,    0.5288,    0.4273,    0.1715,    0.1512,    0.1073,    0.0372,    0.0303
  419,    0.5000,  225.1985,    0.0929,  136.9053,  134.5768,   -0.9136,   -0.7619,  158.4330,  205.8097,  206.7892,  207.8879,  209.1961,  210.7052,  212.5961,  214.9045,  217.2526,  219.7978,  222.6941,  226.0026,  230.0458,  234.5008,  238.5916,  240.8399,  241.4964,  241.1214,  240.1937,  238.5989,  236.3992,  233.5833,  231.4795,  229.1688,  228.3796,    0.0553,    0.2096,    0.4430,    0.7324,    1.0580,    1.4027,    1.7521,    1.9867,    2.1885,    2.4789,    2.3771,    2.9256,    2.6774,    2.7189,    2.8636,    3.3311,    3.5458,    3.7575,    3.9061,    3.6699,    3.8514,    3.9338,    3.7322,    3.7072,    1.2838,    1.2718,    1.2403,    1.2644,    1.2396,    1.2691,    1.3474,    1.3575,    1.3703,    1.3475,    1.3824,    1.3492,    0.9896,    0.9369,    0.8683,    0.8695,    0.8346,    0.7424,    0.8241,    0.8249,    0.8359,    0.8567,    0.8930,    0.9105,    0.9732,    0.9514,    0.9055,    0.9018,    0.8973,    0.8857,    0.8566,    0.8204,    0.8003,    0.7672,    0.7462,    0.7325,    1.9615,    1.8922,    1.8004,    1.7940,    1.7144,    1.6948,    1.5916,    1.5211,    1.3439,    1.2837,    1.2662,    1.2017,    1.9104,    1.8270,    1.6851,    1.5728,    1.3903,    1.2625,    1.1304,    1.0305,    1.0101,    0.9199,    0.8264,    0.7497,    1.8387,    1.4302,    1.0515,    0.7596,    0.5540,    0.3978,    0.2822,    0.2012,    0.1415,    0.0988,    0.0686,    0.0477,    0.0918,    0.0461,    0.0858,    0.1042,    0.1171,    0.1086,    0.1194,    0.1337,    0.1178,    0.1622,    0.1434,    0.1568,    0.1729,    0.1407,    0.2044,    0.2262,    0.1851,    0.1977,    0.2037,    0.2220,    0.2482,    0.1824,    0.2929,    0.3088,    0.3799,    0.4061,    0.4204,    0.4469,    0.4560,    0.4757,    0.4745,    0.5166,    0.5439,    0.5355,    0.5861,    0.5968,    1.0157,    1.1093,    1.1632,    1.1980,    1.2150,    1.3226,    1.2464,    1.3154,    1.2667,    1.3497,    1.2794,    1.3697,    2.9530,    2.9071,    2.9809,    2.9921,    3.0205,    2.9030,    3.0049,    3.0815,    3.1442,    2.9233,    2.8815,    2.9924,    7.5645,    7.0075,    6.9292,    6.7203,    6.2086,    5.8239,    5.1137,    4.7057,    4.5244,    3.9670,    3.0487,    2.8329,    2.1856,    1.8889,    1.4415,    1.3773,    0.9297,    0.6756,    0.5467,    0.2198,    0.1941,    0.1382,    0.0480,    0.0392,    0.0144,    0.0546,    0.1155,    0.1909,    0.2758,    0.3657,    0.4567,    0.6533,    0.8619,    1.4780,    1.3951,    1.1466,    1.0310,    1.1483,    1.1331,    1.5262,    1.6391,    1.9876,    2.2231,    1.8322,    2.0140,    1.9121,    1.4055,    1.6668,    0.6020,    0.6545,    0.6575,    0.7670,    0.8008,    0.9155,    1.2021,    1.2178,    1.2931,    1.3535,    1.4011,    1.4108,    1.0462,    1.0154,    0.9819,    0.9736,    0.9576,    0.9227,    0.9380,    0.9315,    0.9297,    0.9328,    0.9485,    0.9631,    1.0260,    0.9811,    0.9594,    0.8948,    0.8918,    0.8981,    0.8438,    0.7532,    0.7257,    0.6566,    0.6199,    0.6025,    1.5537,    1.4338,    1.3355,    1.3517,    1.2858,    1.3345,    1.2171,    1.1682,    0.9293,    0.8969,    0.8978,    0.8480,    1.4490,    1.5095,    1.4078,    1.3629,    1.0989,    0.9784,    0.8593,    0.7855,    0.8691,    0.7952,    0.6948,    0.6324,    1.5278,    1.3453,    0.9922,    0.7000,    0.5172,    0.3752,    0.2677,    0.1977,    0.1404,    0.0995,    0.0691,    0.0476,    0.0047,    0.0000,    0.0142,    0.0303,    0.0344,    0.0314,    0.0353,    0.0422,    0.0376,    0.0518,    0.0458,    0.0523,    0.0573,    0.0466,    0.0671,    0.0732,    0.0613,    0.0367,    0.0037,    0.0091,    0.0495,    0.0626,    0.1007,    0.1056,    0.1309,    0.1400,    0.1450,    0.1540,    0.1774,    0.1811,    0.1660,    0.1509,    0.1324,    0.1596,    0.2236,    0.2275,    0.4365,    0.4768,    0.4994,    0.5055,    0.4953,    0.5503,    0.5292,    0.6053,    0.5563,    0.6309,    0.5965,    0.6344,    1.3749,    1.3401,    1.3935,    1.4607,    1.4700,    1.4174,    1.4673,    1.5047,    1.5353,    1.4268,    1.4070,    1.4611,    3.6931,    3.6005,    3.5599,    3.4521,    3.1888,    2.9906,    2.6253,    2.4152,    2.3214,    2.0346,    1.5629,    1.4516,    1.1191,    1.3411,    1.0227,    0.9762,    0.6583,    0.4778,    0.3861,    0.1550,    0.1366,    0.0970,    0.0336,    0.0274
   94,    0.7500,  226.2504,    0.0740,  139.1321,  137.3845,   -0.0658,   -0.9862,  158.4330,  213.1577,  214.1572,  215.2904,  216.6179,  218.1597,  220.0729,  222.2719,  224.5160,  226.8374,  229.3418,  232.1148,  235.3459,  238.7380,  241.5265,  242.6298,  242.3342,  241.3327,  239.9805,  238.3443,  236.4815,  234.0312,  232.2093,  230.1225,  229.4678,    0.0504,    0.1910,    0.4039,    0.6682,    0.9656,    1.2809,    1.6006,    1.7830,    1.9350,    2.2989,    2.0267,    2.5923,    2.3773,    2.3956,    2.5392,    3.1928,    3.4637,    3.7578,    3.9587,    3.6339,    3.8888,    3.9980,    3.7132,    3.7129,    1.2905,    1.2787,    1.2333,    1.2611,    1.2092,    1.2453,    1.3423,    1.3488,    1.3725,    1.3816,    1.4145,    1.4202,    1.0626,    1.0226,    0.9666,    0.9691,    0.9363,    0.8488,    0.9247,    0.9236,    0.9285,    0.9398,    0.9604,    0.9626,    1.0085,    0.9777,    0.9529,    0.9277,    0.9220,    0.9127,    0.8871,    0.8497,    0.8331,    0.8031,    0.7835,    0.7702,    2.0667,    1.9960,    1.9047,    1.9124,    1.8310,    1.8194,    1.7082,    1.6345,    1.4259,    1.3635,    1.3533,    1.2867,    2.0697,    1.9899,    1.8373,    1.7159,    1.5204,    1.3871,    1.2433,    1.1360,    1.1166,    1.0185,    0.9174,    0.8341,    2.0558,    1.5967,    1.1803,    0.8598,    0.6294,    0.4540,    0.3237,    0.2308,    0.1629,    0.1141,    0.0797,    0.0558,    0.0914,    0.0456,    0.0862,    0.1055,    0.1186,    0.1100,    0.1210,    0.1357,    0.1196,    0.1646,    0.1456,    0.1592,    0.1756,    0.1429,    0.2075,    0.2296,    0.1879,    0.1985,    0.2028,    0.2211,    0.2497,    0.1853,    0.2977,    0.3139,    0.3863,    0.4129,    0.4274,    0.4544,    0.4650,    0.4847,    0.4823,    0.5228,    0.5486,    0.5421,    0.5972,    0.6082,    1.0378,    1.1334,    1.1885,    1.2233,    1.2393,    1.3500,    1.2731,    1.3454,    1.2933,    1.3811,    1.3091,    1.4012,    3.0214,    2.9736,    3.0504,    3.0608,    3.0895,    2.9697,    3.0739,    3.1524,    3.2165,    2.9905,    2.9478,    3.0612,    7.7387,    7.1484,    7.0687,    6.8559,    6.3341,    5.9420,    5.2178,    4.8018,    4.6172,    4.0488,    3.1119,    2.8921,    2.2316,    1.9240,    1.4687,    1.4037,    0.9479,    0.6892,    0.5580,    0.2245,    0.1984,    0.1413,    0.0491,    0.0401,    0.0197,    0.0747,    0.1579,    0.2613,    0.3776,    0.5008,    0.6259,    0.8795,    1.1430,    1.9326,    1.7840,    1.5239,    1.3731,    1.5175,    1.5070,    2.0701,    2.2308,    2.6683,    2.9516,    2.4820,    2.7133,    2.5978,    1.9417,    2.2236,    0.8036,    0.8546,    0.8338,    0.9236,    0.9038,    1.0044,    1.2433,    1.2557,    1.3235,    1.3750,    1.4163,    1.4217,    1.0573,    1.0286,    0.9970,    0.9887,    0.9730,    0.9394,    0.9533,    0.9465,    0.9440,    0.9458,    0.9588,    0.9706,    1.0346,    1.0034,    0.9785,    0.9446,    0.9389,    0.9425,    0.9026,    0.8444,    0.8276,    0.7797,    0.7524,    0.7370,    1.9318,    1.8053,    1.7083,    1.7174,    1.6412,    1.6726,    1.5451,    1.4810,    1.2185,    1.1705,    1.1605,    1.1011,    1.8382,    1.8618,    1.7258,    1.6404,    1.3758,    1.2456,    1.1058,    1.0115,    1.0611,    0.9695,    0.8569,    0.7800,    1.9093,    1.5818,    1.1687,    0.8382,    0.6152,    0.4451,    0.3179,    0.2299,    0.1626,    0.1142,    0.0794,    0.0556,    0.0023,    0.0000,    0.0070,    0.0162,    0.0184,    0.0168,    0.0189,    0.0234,    0.0208,    0.0287,    0.0254,    0.0296,    0.0324,    0.0263,    0.0379,    0.0414,    0.0354,    0.0211,    0.0022,    0.0052,    0.0285,    0.0362,    0.0579,    0.0607,    0.0752,    0.0805,    0.0833,    0.0885,    0.1082,    0.1104,    0.1011,    0.0920,    0.0807,    0.0973,    0.1363,    0.1387,    0.2780,    0.3037,    0.3180,    0.3219,    0.3154,    0.3504,    0.3370,    0.3999,    0.3676,    0.4169,    0.3941,    0.4192,    0.9085,    0.8855,    0.9208,    0.9810,    0.9872,    0.9519,    0.9854,    1.0106,    1.0311,    0.9583,    0.9449,    0.9812,    2.4803,    2.4517,    2.4241,    2.3507,    2.1714,    2.0365,    1.7878,    1.6447,    1.5809,    1.3856,    1.0644,    0.9886,    0.7622,    1.0423,    0.7949,    0.7588,    0.5117,    0.3715,    0.3002,    0.1205,    0.1063,    0.0755,    0.0262,    0.0213
   77,    1.0000,  226.3958,    0.0649,  139.6294,  138.7253,    0.9881,   -0.6522,  158.4330,  218.2527,  219.2613,  220.4036,  221.7010,  223.2065,  225.0268,  227.1308,  229.2182,  231.3191,  233.4792,  235.8067,  238.4581,  241.1134,  243.0241,  243.2888,  242.2523,  240.6891,  238.9506,  237.2191,  235.5174,  233.4528,  231.8348,  229.9923,  229.3223,    0.0461,    0.1748,    0.3695,    0.6113,    0.8835,    1.1720,    1.4646,    1.6075,    1.7234,    2.1798,    1.7550,    2.3100,    2.1211,    2.1238,    2.2616,    3.0876,    3.4013,    3.7607,    3.9981,    3.6075,    3.9143,    4.0369,    3.6782,    3.7002,    1.2903,    1.2793,    1.2217,    1.2508,    1.1706,    1.2105,    1.3165,    1.3192,    1.3516,    1.3871,    1.4174,    1.4545,    1.1036,    1.0741,    1.0295,    1.0318,    1.0020,    0.9219,    0.9892,    0.9863,    0.9864,    0.9903,    0.9986,    0.9904,    1.0238,    0.9876,    0.9796,    0.9401,    0.9331,    0.9261,    0.9037,    0.8667,    0.8530,    0.8259,    0.8076,    0.7948,    2.1358,    2.0641,    1.9739,    1.9881,    1.9056,    1.8963,    1.7816,    1.7059,    1.4811,    1.4168,    1.4100,    1.3422,    2.1687,    2.0869,    1.9278,    1.7999,    1.6000,    1.4635,    1.3137,    1.2018,    1.1787,    1.0762,    0.9716,    0.8843,    2.1863,    1.6921,    1.2539,    0.9177,    0.6728,    0.4863,    0.3477,    0.2480,    0.1754,    0.1232,    0.0863,    0.0606,    0.0910,    0.0453,    0.0862,    0.1059,    0.1191,    0.1104,    0.1215,    0.1363,    0.1202,    0.1654,    0.1463,    0.1601,    0.1765,    0.1437,    0.2086,    0.2307,    0.1889,    0.1984,    0.2021,    0.2203,    0.2500,    0.1864,    0.2994,    0.3157,    0.3885,    0.4153,    0.4299,    0.4570,    0.4685,    0.4883,    0.4853,    0.5250,    0.5501,    0.5445,    0.6015,    0.6127,    1.0473,    1.1438,    1.1993,    1.2341,    1.2496,    1.3617,    1.2845,    1.3591,    1.3054,    1.3956,    1.3227,    1.4156,    3.0528,    3.0040,    3.0823,    3.0933,    3.1221,    3.0012,    3.1066,    3.1859,    3.2507,    3.0223,    2.9792,    3.0938,    7.8212,    7.2167,    7.1364,    6.9217,    6.3952,    5.9995,    5.2685,    4.8488,    4.6627,    4.0890,    3.1431,    2.9213,    2.2545,    1.9462,    1.4860,    1.4207,    0.9596,    0.6979,    0.5653,    0.2275,    0.2012,    0.1433,    0.0499,    0.0408,    0.0240,    0.0911,    0.1926,    0.3187,    0.4606,    0.6110,    0.7635,    1.0572,    1.3573,    2.2684,    2.0595,    1.8105,    1.6334,    1.7937,    1.7895,    2.4920,    2.6869,    3.1663,    3.4622,    2.9703,    3.2231,    3.1070,    2.3726,    2.6557,    0.9578,    1.0041,    0.9658,    1.0370,    0.9743,    1.0613,    1.2561,    1.2662,    1.3267,    1.3714,    1.4066,    1.4090,    1.0504,    1.0238,    0.9946,    0.9862,    0.9710,    0.9393,    0.9513,    0.9442,    0.9409,    0.9413,    0.9515,    0.9606,    1.0236,    1.0020,    0.9754,    0.9616,    0.9538,    0.9540,    0.9244,    0.8882,    0.8770,    0.8442,    0.8235,    0.8097,    2.1427,    2.0202,    1.9260,    1.9200,    1.8384,    1.8437,    1.7204,    1.6475,    1.3987,    1.3400,    1.3187,    1.2538,    2.0449,    2.0167,    1.8633,    1.7481,    1.5126,    1.3796,    1.2348,    1.1294,    1.1332,    1.0342,    0.9239,    0.8405,    2.0727,    1.6351,    1.2051,    0.8727,    0.6360,    0.4581,    0.3268,    0.2328,    0.1640,    0.1146,    0.0797,    0.0560,    0.0012,    0.0000,    0.0035,    0.0087,    0.0099,    0.0090,    0.0101,    0.0130,    0.0116,    0.0160,    0.0141,    0.0168,    0.0184,    0.0149,    0.0215,    0.0235,    0.0205,    0.0123,    0.0013,    0.0030,    0.0165,    0.0209,    0.0334,    0.0350,    0.0434,    0.0464,    0.0480,    0.0510,    0.0661,    0.0674,    0.0618,    0.0562,    0.0494,    0.0595,    0.0833,    0.0847,    0.1774,    0.1937,    0.2029,    0.2054,    0.2012,    0.2236,    0.2150,    0.2647,    0.2433,    0.2760,    0.2609,    0.2775,    0.6014,    0.5861,    0.6096,    0.6603,    0.6645,    0.6407,    0.6633,    0.6802,    0.6940,    0.6450,    0.6360,    0.6604,    1.6694,    1.6756,    1.6567,    1.6066,    1.4841,    1.3919,    1.2219,    1.1242,    1.0806,    0.9471,    0.7276,    0.6758,    0.5211,    0.8121,    0.6194,    0.5914,    0.3988,    0.2896,    0.2340,    0.0940,    0.0829,    0.0589,    0.0204,    0.0166
   78,    1.2500,  226.4386,    0.0605,  140.4832,  139.3745,    0.9637,   -0.4712,  158.4330,  222.2197,  223.2248,  224.3498,  225.5862,  227.0136,  228.8245,  230.7870,  232.6970,  234.6132,  236.5043,  238.4915,  240.7200,  242.8249,  244.1325,  243.7736,  242.1840,  240.1490,  238.0781,  236.1863,  234.5725,  232.7718,  231.4086,  229.7362,  229.1382,    0.0425,    0.1611,    0.3406,    0.5634,    0.8143,    1.0803,    1.3501,    1.4637,    1.5538,    2.1102,    1.5480,    2.0837,    1.9153,    1.9080,    2.0392,    3.0282,    3.3769,    3.7882,    4.0520,    3.6142,    3.9594,    4.0904,    3.6699,    3.7119,    1.2983,    1.2880,    1.2203,    1.2495,    1.1418,    1.1841,    1.2927,    1.2918,    1.3312,    1.3881,    1.4160,    1.4782,    1.1333,    1.1124,    1.0771,    1.0790,    1.0518,    0.9792,    1.0380,    1.0336,    1.0300,    1.0284,    1.0271,    1.0119,    1.0370,    0.9976,    1.0022,    0.9535,    0.9457,    0.9407,    0.9206,    0.8844,    0.8729,    0.8480,    0.8306,    0.8181,    2.2011,    2.1289,    2.0392,    2.0563,    1.9727,    1.9634,    1.8466,    1.7691,    1.5351,    1.4691,    1.4637,    1.3945,    2.2562,    2.1701,    2.0059,    1.8725,    1.6699,    1.5302,    1.3757,    1.2598,    1.2322,    1.1259,    1.0186,    0.9279,    2.2997,    1.7763,    1.3192,    0.9688,    0.7116,    0.5154,    0.3694,    0.2639,    0.1870,    0.1317,    0.0925,    0.0650,    0.0906,    0.0450,    0.0862,    0.1061,    0.1192,    0.1105,    0.1216,    0.1365,    0.1204,    0.1657,    0.1465,    0.1604,    0.1768,    0.1439,    0.2089,    0.2311,    0.1892,    0.1982,    0.2015,    0.2196,    0.2499,    0.1867,    0.3001,    0.3163,    0.3893,    0.4162,    0.4308,    0.4580,    0.4699,    0.4897,    0.4864,    0.5258,    0.5505,    0.5453,    0.6032,    0.6144,    1.0514,    1.1483,    1.2040,    1.2388,    1.2540,    1.3666,    1.2894,    1.3654,    1.3108,    1.4022,    1.3290,    1.4223,    3.0673,    3.0180,    3.0970,    3.1087,    3.1376,    3.0162,    3.1221,    3.2018,    3.2669,    3.0374,    2.9941,    3.1093,    7.8603,    7.2500,    7.1695,    6.9539,    6.4251,    6.0277,    5.2935,    4.8719,    4.6852,    4.1089,    3.1586,    2.9360,    2.2660,    1.9604,    1.4971,    1.4315,    0.9672,    0.7036,    0.5701,    0.2295,    0.2030,    0.1447,    0.0504,    0.0412,    0.0277,    0.1050,    0.2219,    0.3672,    0.5307,    0.7039,    0.8798,    1.2032,    1.5295,    2.5300,    2.2704,    2.0412,    1.8434,    2.0140,    2.0167,    2.8337,    3.0520,    3.5425,    3.8307,    3.3516,    3.6073,    3.4976,    2.7338,    3.0083,    1.0819,    1.1228,    1.0729,    1.1287,    1.0337,    1.1089,    1.2656,    1.2737,    1.3278,    1.3661,    1.3958,    1.3949,    1.0418,    1.0172,    0.9905,    0.9820,    0.9675,    0.9382,    0.9477,    0.9402,    0.9360,    0.9350,    0.9426,    0.9496,    1.0116,    0.9971,    0.9691,    0.9686,    0.9594,    0.9563,    0.9335,    0.9117,    0.9029,    0.8799,    0.8635,    0.8507,    2.2650,    2.1498,    2.0578,    2.0350,    1.9503,    1.9300,    1.8153,    1.7373,    1.5165,    1.4507,    1.4187,    1.3503,    2.1566,    2.0796,    1.9178,    1.7824,    1.5803,    1.4463,    1.3032,    1.1916,    1.1540,    1.0522,    0.9482,    0.8621,    2.1362,    1.6245,    1.1937,    0.8694,    0.6299,    0.4520,    0.3219,    0.2269,    0.1593,    0.1110,    0.0772,    0.0543,    0.0006,    0.0000,    0.0017,    0.0047,    0.0053,    0.0049,    0.0055,    0.0073,    0.0065,    0.0089,    0.0079,    0.0096,    0.0105,    0.0085,    0.0123,    0.0134,    0.0119,    0.0071,    0.0007,    0.0018,    0.0096,    0.0122,    0.0193,    0.0202,    0.0251,    0.0268,    0.0278,    0.0295,    0.0405,    0.0413,    0.0378,    0.0344,    0.0302,    0.0364,    0.0510,    0.0519,    0.1134,    0.1239,    0.1297,    0.1313,    0.1287,    0.1429,    0.1375,    0.1756,    0.1614,    0.1831,    0.1730,    0.1841,    0.3989,    0.3888,    0.4043,    0.4454,    0.4483,    0.4322,    0.4475,    0.4589,    0.4682,    0.4351,    0.4291,    0.4456,    1.1263,    1.1494,    1.1365,    1.1021,    1.0181,    0.9549,    0.8383,    0.7712,    0.7413,    0.6498,    0.4992,    0.4637,    0.3575,    0.6344,    0.4839,    0.4620,    0.3116,    0.2263,    0.1829,    0.0735,    0.0648,    0.0460,    0.0160,    0.0130
   77,    1.5000,  226.4574,    0.0583,  141.0071,  139.6942,    0.9044,   -0.4596,  158.4330,  225.2802,  226.2890,  227.4134,  228.5090,  229.9657,  231.6484,  233.5158,  235.2678,  237.0077,  238.6823,  240.4214,  242.3187,  244.0093,  244.8082,  243.9196,  241.8493,  239.4726,  237.1428,  235.1539,  233.6121,  232.0150,  230.8509,  229.3740,  228.9099,    0.0394,    0.1493,    0.3157,    0.5223,    0.7548,    1.0013,    1.2514,    1.3426,    1.4137,    2.0685,    1.3838,    1.8963,    1.7444,    1.7305,    1.8550,    2.9932,    3.3693,    3.8192,    4.1005,    3.6312,    4.0031,    4.1394,    3.6707,    3.7289,    1.3074,    1.2977,    1.2216,    1.2501,    1.1168,    1.1601,    1.2662,    1.2619,    1.3069,    1.3817,    1.4068,    1.4898,    1.1518,    1.1384,    1.1118,    1.1130,    1.0883,    1.0231,    1.0738,    1.0679,    1.0613,    1.0549,    1.0455,    1.0254,    1.0445,    1.0034,    1.0182,    0.9633,    0.9546,    0.9513,    0.9331,    0.8979,    0.8879,    0.8647,    0.8482,    0.8359,    2.2510,    2.1788,    2.0895,    2.1077,    2.0233,    2.0130,    1.8951,    1.8163,    1.5780,    1.5105,    1.5054,    1.4352,    2.3216,    2.2310,    2.0632,    1.9258,    1.7219,    1.5798,    1.4221,    1.3032,    1.2715,    1.1625,    1.0532,    0.9600,    2.3837,    1.8392,    1.3681,    1.0070,    0.7407,    0.5374,    0.3857,    0.2760,    0.1960,    0.1382,    0.0973,    0.0685,    0.0903,    0.0448,    0.0861,    0.1061,    0.1193,    0.1105,    0.1217,    0.1366,    0.1204,    0.1658,    0.1466,    0.1605,    0.1769,    0.1440,    0.2091,    0.2313,    0.1893,    0.1980,    0.2010,    0.2190,    0.2497,    0.1869,    0.3003,    0.3166,    0.3896,    0.4165,    0.4311,    0.4583,    0.4705,    0.4902,    0.4868,    0.5259,    0.5504,    0.5455,    0.6038,    0.6151,    1.0531,    1.1502,    1.2060,    1.2408,    1.2558,    1.3687,    1.2915,    1.3683,    1.3132,    1.4053,    1.3319,    1.4253,    3.0739,    3.0244,    3.1038,    3.1160,    3.1449,    3.0233,    3.1295,    3.2094,    3.2747,    3.0446,    3.0012,    3.1167,    7.8790,    7.2663,    7.1857,    6.9698,    6.4398,    6.0417,    5.3059,    4.8835,    4.6964,    4.1189,    3.1664,    2.9434,    2.2720,    1.9696,    1.5043,    1.4386,    0.9722,    0.7074,    0.5733,    0.2309,    0.2043,    0.1457,    0.0508,    0.0415,    0.0308,    0.1167,    0.2468,    0.4084,    0.5902,    0.7830,    0.9785,    1.3244,    1.6698,    2.7341,    2.4349,    2.2289,    2.0145,    2.1918,    2.2012,    3.1077,    3.3395,    3.8184,    4.0859,    3.6420,    3.8869,    3.7868,    3.0296,    3.2878,    1.1786,    1.2136,    1.1570,    1.1998,    1.0816,    1.1464,    1.2704,    1.2770,    1.3254,    1.3587,    1.3837,    1.3806,    1.0329,    1.0101,    0.9855,    0.9769,    0.9629,    0.9355,    0.9432,    0.9353,    0.9304,    0.9283,    0.9336,    0.9385,    0.9988,    0.9890,    0.9605,    0.9675,    0.9573,    0.9512,    0.9330,    0.9200,    0.9118,    0.8949,    0.8812,    0.8689,    2.3230,    2.2158,    2.1255,    2.0869,    2.0007,    1.9587,    1.8534,    1.7729,    1.5844,    1.5140,    1.4727,    1.4023,    2.1995,    2.0834,    1.9188,    1.7714,    1.5986,    1.4653,    1.3269,    1.2128,    1.1430,    1.0414,    0.9442,    0.8579,    2.1315,    1.5790,    1.1566,    0.8443,    0.6087,    0.4352,    0.3092,    0.2165,    0.1515,    0.1053,    0.0732,    0.0514,    0.0003,    0.0000,    0.0009,    0.0025,    0.0029,    0.0026,    0.0030,    0.0041,    0.0036,    0.0050,    0.0044,    0.0055,    0.0060,    0.0049,    0.0070,    0.0076,    0.0069,    0.0042,    0.0004,    0.0010,    0.0056,    0.0071,    0.0112,    0.0117,    0.0145,    0.0155,    0.0161,    0.0171,    0.0248,    0.0253,    0.0232,    0.0211,    0.0186,    0.0224,    0.0313,    0.0318,    0.0727,    0.0794,    0.0831,    0.0841,    0.0824,    0.0916,    0.0881,    0.1167,    0.1073,    0.1217,    0.1150,    0.1223,    0.2651,    0.2584,    0.2687,    0.3012,    0.3032,    0.2923,    0.3026,    0.3103,    0.3166,    0.2943,    0.2902,    0.3013,    0.7617,    0.7913,    0.7824,    0.7587,    0.7009,    0.6574,    0.5771,    0.5310,    0.5104,    0.4474,    0.3437,    0.3193,    0.2462,    0.4968,    0.3789,    0.3618,    0.2441,    0.1772,    0.1433,    0.0575,    0.0508,    0.0361,    0.0125,    0.0102
   72,    1.7500,  226.4664,    0.0572,  141.2454,  139.8548,    0.9487,   -0.8055,  158.4330,  227.6995,  228.7208,  229.8082,  230.8818,  232.2757,  233.8611,  235.6233,  237.2494,  238.8221,  240.3162,  241.8332,  243.4426,  244.7864,  245.1373,  243.7989,  241.2974,  238.6351,  236.1491,  234.1215,  232.6530,  231.3030,  230.3142,  229.0003,  228.6722,    0.0367,    0.1391,    0.2942,    0.4867,    0.7034,    0.9331,    1.1662,    1.2401,    1.2968,    2.0441,    1.2512,    1.7400,    1.6016,    1.5834,    1.7015,    2.9740,    3.3709,    3.8480,    4.1404,    3.6513,    4.0410,    4.1809,    3.6768,    3.7472,    1.3163,    1.3068,    1.2242,    1.2514,    1.0949,    1.1382,    1.2382,    1.2308,    1.2802,    1.3703,    1.3923,    1.4931,    1.1629,    1.1560,    1.1370,    1.1373,    1.1151,    1.0571,    1.0997,    1.0927,    1.0836,    1.0733,    1.0573,    1.0337,    1.0481,    1.0061,    1.0293,    0.9701,    0.9606,    0.9588,    0.9420,    0.9077,    0.8989,    0.8770,    0.8610,    0.8489,    2.2877,    2.2157,    2.1268,    2.1453,    2.0602,    2.0489,    1.9304,    1.8506,    1.6105,    1.5420,    1.5366,    1.4656,    2.3693,    2.2754,    2.1050,    1.9649,    1.7599,    1.6159,    1.4560,    1.3349,    1.3004,    1.1894,    1.0787,    0.9837,    2.4452,    1.8866,    1.4052,    1.0357,    0.7628,    0.5541,    0.3983,    0.2853,    0.2029,    0.1433,    0.1010,    0.0712,    0.0901,    0.0446,    0.0861,    0.1061,    0.1193,    0.1106,    0.1217,    0.1366,    0.1204,    0.1658,    0.1466,    0.1605,    0.1770,    0.1441,    0.2091,    0.2313,    0.1893,    0.1977,    0.2006,    0.2186,    0.2494,    0.1869,    0.3004,    0.3167,    0.3897,    0.4166,    0.4312,    0.4584,    0.4707,    0.4904,    0.4869,    0.5259,    0.5502,    0.5454,    0.6041,    0.6154,    1.0539,    1.1510,    1.2069,    1.2416,    1.2565,    1.3696,    1.2923,    1.3696,    1.3142,    1.4067,    1.3332,    1.4267,    3.0770,    3.0274,    3.1069,    3.1195,    3.1484,    3.0267,    3.1330,    3.2130,    3.2784,    3.0480,    3.0046,    3.1202,    7.8879,    7.2744,    7.1937,    6.9776,    6.4472,    6.0487,    5.3121,    4.8893,    4.7022,    4.1241,    3.1705,    2.9474,    2.2751,    1.9755,    1.5090,    1.4433,    0.9755,    0.7099,    0.5754,    0.2318,    0.2051,    0.1463,    0.0510,    0.0417,    0.0335,    0.1269,    0.2684,    0.4440,    0.6417,    0.8512,    1.0638,    1.4270,    1.7869,    2.8945,    2.5679,    2.3856,    2.1576,    2.3393,    2.3552,    3.3275,    3.5643,    4.0162,    4.2560,    3.8599,    4.0846,    3.9950,    3.2697,    3.5063,    1.2525,    1.2816,    1.2221,    1.2540,    1.1202,    1.1758,    1.2715,    1.2766,    1.3201,    1.3493,    1.3703,    1.3656,    1.0232,    1.0021,    0.9795,    0.9706,    0.9572,    0.9322,    0.9374,    0.9293,    0.9237,    0.9204,    0.9238,    0.9269,    0.9853,    0.9785,    0.9500,    0.9607,    0.9499,    0.9415,    0.9261,    0.9182,    0.9099,    0.8965,    0.8844,    0.8726,    2.3389,    2.2389,    2.1500,    2.0979,    2.0112,    1.9524,    1.8557,    1.7741,    1.6163,    1.5432,    1.4941,    1.4228,    2.1981,    2.0538,    1.8896,    1.7363,    1.5861,    1.4545,    1.3219,    1.2074,    1.1154,    1.0154,    0.9243,    0.8392,    2.0875,    1.5189,    1.1089,    0.8094,    0.5811,    0.4141,    0.2935,    0.2045,    0.1427,    0.0990,    0.0687,    0.0481,    0.0001,    0.0000,    0.0004,    0.0014,    0.0016,    0.0014,    0.0016,    0.0023,    0.0020,    0.0028,    0.0025,    0.0031,    0.0034,    0.0028,    0.0040,    0.0044,    0.0041,    0.0025,    0.0003,    0.0006,    0.0033,    0.0042,    0.0065,    0.0068,    0.0085,    0.0090,    0.0094,    0.0099,    0.0153,    0.0156,    0.0143,    0.0130,    0.0114,    0.0138,    0.0193,    0.0196,    0.0466,    0.0510,    0.0534,    0.0540,    0.0529,    0.0588,    0.0565,    0.0777,    0.0715,    0.0810,    0.0766,    0.0815,    0.1766,    0.1721,    0.1790,    0.2042,    0.2055,    0.1982,    0.2051,    0.2104,    0.2147,    0.1995,    0.1967,    0.2043,    0.5164,    0.5466,    0.5404,    0.5241,    0.4841,    0.4541,    0.3987,    0.3668,    0.3526,    0.3091,    0.2375,    0.2206,    0.1701,    0.3898,    0.2974,    0.2840,    0.1916,    0.1391,    0.1125,    0.0452,    0.0399,    0.0283,    0.0098,    0.0080
   73,    2.0000,  226.4624,    0.0567,  141.6601,  139.9375,    0.7268,   -0.9660,  158.4330,  229.7499,  230.7522,  231.7765,  232.8748,  234.2030,  235.7257,  237.3539,  238.8813,  240.3317,  241.6831,  243.0104,  244.4133,  245.4304,  245.4245,  243.6838,  240.8716,  237.9808,  235.3883,  233.3366,  231.9230,  230.7343,  229.8381,  228.7670,  228.4526,    0.0344,    0.1303,    0.2754,    0.4557,    0.6586,    0.8737,    1.0919,    1.1522,    1.1979,    2.0323,    1.1419,    1.6075,    1.4805,    1.4594,    1.5715,    2.9683,    3.3821,    3.8798,    4.1801,    3.6777,    4.0807,    4.2238,    3.6920,    3.7725,    1.3271,    1.3179,    1.2299,    1.2558,    1.0785,    1.1214,    1.2136,    1.2033,    1.2564,    1.3594,    1.3787,    1.4944,    1.1710,    1.1699,    1.1576,    1.1569,    1.1370,    1.0859,    1.1209,    1.1128,    1.1017,    1.0882,    1.0666,    1.0408,    1.0521,    1.0099,    1.0396,    0.9775,    0.9675,    0.9668,    0.9512,    0.9176,    0.9098,    0.8888,    0.8732,    0.8613,    2.3222,    2.2505,    2.1617,    2.1804,    2.0947,    2.0826,    1.9634,    1.8828,    1.6412,    1.5716,    1.5660,    1.4942,    2.4141,    2.3174,    2.1446,    2.0022,    1.7958,    1.6499,    1.4880,    1.3648,    1.3281,    1.2152,    1.1029,    1.0063,    2.5040,    1.9327,    1.4413,    1.0638,    0.7844,    0.5705,    0.4106,    0.2946,    0.2097,    0.1484,    0.1048,    0.0738,    0.0899,    0.0445,    0.0860,    0.1061,    0.1193,    0.1106,    0.1217,    0.1366,    0.1204,    0.1658,    0.1466,    0.1605,    0.1770,    0.1441,    0.2091,    0.2313,    0.1893,    0.1975,    0.2003,    0.2182,    0.2492,    0.1869,    0.3004,    0.3167,    0.3897,    0.4166,    0.4313,    0.4584,    0.4708,    0.4905,    0.4869,    0.5258,    0.5500,    0.5453,    0.6041,    0.6155,    1.0542,    1.1513,    1.2072,    1.2420,    1.2568,    1.3700,    1.2927,    1.3702,    1.3146,    1.4074,    1.3338,    1.4274,    3.0784,    3.0287,    3.1084,    3.1212,    3.1501,    3.0283,    3.1347,    3.2147,    3.2801,    3.0497,    3.0062,    3.1219,    7.8923,    7.2784,    7.1977,    6.9816,    6.4509,    6.0522,    5.3153,    4.8924,    4.7052,    4.1269,    3.1727,    2.9495,    2.2769,    1.9794,    1.5121,    1.4464,    0.9777,    0.7116,    0.5769,    0.2324,    0.2058,    0.1468,    0.0512,    0.0419,    0.0358,    0.1358,    0.2871,    0.4750,    0.6866,    0.9108,    1.1382,    1.5151,    1.8860,    3.0232,    2.6776,    2.5184,    2.2790,    2.4636,    2.4855,    3.5079,    3.7444,    4.1624,    4.3731,    4.0283,    4.2294,    4.1505,    3.4707,    3.6836,    1.3115,    1.3350,    1.2751,    1.2982,    1.1548,    1.2023,    1.2740,    1.2779,    1.3171,    1.3426,    1.3601,    1.3540,    1.0159,    0.9961,    0.9751,    0.9661,    0.9532,    0.9299,    0.9334,    0.9250,    0.9188,    0.9147,    0.9164,    0.9180,    0.9746,    0.9696,    0.9413,    0.9536,    0.9424,    0.9321,    0.9186,    0.9135,    0.9046,    0.8934,    0.8821,    0.8706,    2.3374,    2.2434,    2.1553,    2.0927,    2.0059,    1.9350,    1.8449,    1.7630,    1.6310,    1.5562,    1.5009,    1.4293,    2.1815,    2.0181,    1.8554,    1.6995,    1.5652,    1.4352,    1.3077,    1.1938,    1.0874,    0.9891,    0.9026,    0.8190,    2.0380,    1.4661,    1.0675,    0.7783,    0.5569,    0.3958,    0.2799,    0.1944,    0.1354,    0.0938,    0.0650,    0.0453,    0.0001,    0.0000,    0.0002,    0.0008,    0.0009,    0.0008,    0.0009,    0.0013,    0.0011,    0.0016,    0.0014,    0.0018,    0.0020,    0.0016,    0.0023,    0.0025,    0.0024,    0.0014,    0.0002,    0.0004,    0.0019,    0.0024,    0.0038,    0.0040,    0.0049,    0.0053,    0.0055,    0.0058,    0.0094,    0.0096,    0.0088,    0.0080,    0.0071,    0.0085,    0.0119,    0.0121,    0.0300,    0.0328,    0.0343,    0.0348,    0.0341,    0.0378,    0.0364,    0.0519,    0.0477,    0.0541,    0.0511,    0.0544,    0.1179,    0.1149,    0.1195,    0.1388,    0.1397,    0.1347,    0.1394,    0.1430,    0.1459,    0.1356,    0.1337,    0.1388,    0.3509,    0.3787,    0.3744,    0.3631,    0.3355,    0.3146,    0.2762,    0.2542,    0.2443,    0.2142,    0.1645,    0.1529,    0.1179,    0.3066,    0.2339,    0.2233,    0.1507,    0.1094,    0.0885,    0.0355,    0.0314,    0.0223,    0.0077,    0.0063
