Particle       ,data/QEXT_96IR_84_VIS_RNC10_1_9umrod
Ncase          ,  14
dt (sols)      ,  0.020833
Qext 0.67um    ,  0.000000
Alb sfc        ,  0.220000
Conrath nu     ,  0.002000
Sun Flux (W/m2),148.393084
BWN IR (cm-1)  ,     10.0000,     34.1670,     58.3330,     82.5000,    106.6670,    130.8330,    155.0000,    179.1670,    203.3330,    227.5000,    251.6670,    275.8330,    300.0000,    320.7880,    341.5750,    362.3630,    383.1500,    403.9380,    424.7250,    445.5130,    466.3010,    487.0880,    507.8760,    528.6630,    549.4510,    556.7420,    564.0330,    571.3240,    578.6150,    585.9060,    593.1970,    600.4880,    607.7790,    615.0700,    622.3610,    629.6520,    636.9430,    642.5500,    648.1570,    653.7640,    659.3700,    664.9770,    670.5840,    676.1910,    681.7980,    687.4050,    693.0110,    698.6180,    704.2250,    710.1390,    716.0530,    721.9670,    727.8810,    733.7950,    739.7090,    745.6240,    751.5380,    757.4520,    763.3660,    769.2800,    775.1940,    791.5010,    807.8070,    824.1140,    840.4210,    856.7270,    873.0340,    889.3410,    905.6470,    921.9540,    938.2610,    954.5670,    970.8740,    996.8050,   1022.7370,   1048.6680,   1074.6000,   1100.5310,   1126.4630,   1152.3940,   1178.3250,   1204.2570,   1230.1880,   1256.1200,   1282.0510,   1360.3990,   1438.7460,   1517.0940,   1595.4410,   1673.7890,   1752.1370,   1830.4840,   1908.8320,   1987.1790,   2065.5270,   2143.8740,   2222.2220
BWN VIS (cm-1) ,   2222.2200,   2294.3160,   2366.4120,   2438.5080,   2510.6030,   2582.6990,   2654.7950,   2726.8910,   2798.9870,   2871.0820,   2943.1780,   3015.2740,   3087.3700,   3165.9750,   3244.5800,   3323.1850,   3401.7900,   3480.3950,   3559.0000,   3637.6050,   3716.2100,   3794.8150,   3873.4200,   3952.0250,   4030.6300,   4142.2920,   4253.9530,   4365.6150,   4477.2770,   4588.9380,   4700.6000,   4812.2620,   4923.9230,   5035.5850,   5147.2470,   5258.9080,   5370.5700,   5560.6150,   5750.6600,   5940.7050,   6130.7500,   6320.7950,   6510.8400,   6700.8850,   6890.9300,   7080.9750,   7271.0200,   7461.0650,   7651.1100,   8055.1840,   8459.2580,   8863.3330,   9267.4070,   9671.4810,  10075.5550,  10479.6290,  10883.7030,  11287.7780,  11691.8520,  12095.9260,  12500.0000,  13541.6670,  14583.3330,  15625.0000,  16666.6670,  17708.3330,  18750.0000,  19791.6670,  20833.3330,  21875.0000,  22916.6670,  23958.3330,  25000.0000,  26388.8890,  27777.7780,  29166.6670,  30555.5570,  31944.4460,  33333.3350,  34722.2240,  36111.1130,  37500.0030,  38888.8920,  40277.7810,  41666.6700
SUN VIS (W/m2) ,      0.1008,      0.0862,      0.0968,      0.1089,      0.1224,      0.1136,      0.1248,      0.1400,      0.1233,      0.1698,      0.1502,      0.1645,      0.1814,      0.1477,      0.2144,      0.2377,      0.1946,      0.2106,      0.2276,      0.2472,      0.2683,      0.1918,      0.3072,      0.3239,      0.3986,      0.4261,      0.4410,      0.4688,      0.4810,      0.5017,      0.5013,      0.5485,      0.5772,      0.5665,      0.6183,      0.6303,      1.0809,      1.1806,      1.2379,      1.2751,      1.2949,      1.4092,      1.3262,      1.4132,      1.3634,      1.4505,      1.3747,      1.4716,      3.1730,      3.1258,      3.2038,      3.2543,      3.2846,      3.1576,      3.2685,      3.3520,      3.4202,      3.1800,      3.1347,      3.2554,      8.2299,      7.8425,      7.7561,      7.5237,      6.9524,      6.5235,      5.7299,      5.2748,      5.0739,      4.4511,      3.4228,      3.1828,      2.4579,      2.2644,      1.7312,      1.6575,      1.1215,      0.8173,      0.6634,      0.2677,      0.2374,      0.1697,      0.0593,      0.0486
================
wavelenght [um],    0.244068,    0.252632,    0.261818,    0.271698,    0.282353,    0.293878,    0.306383,    0.320000,    0.334884,    0.351220,    0.369231,    0.389189,    0.408511,    0.426667,    0.446512,    0.468293,    0.492308,    0.518919,    0.548571,    0.581818,    0.619355,    0.662069,    0.711111,    0.768000,    0.813143,    0.840768,    0.870336,    0.902060,    0.936184,    0.972991,    1.012810,    1.056028,    1.103099,    1.154562,    1.211061,    1.273375,    1.323436,    1.357581,    1.393534,    1.431444,    1.471474,    1.513807,    1.558648,    1.606226,    1.656801,    1.710664,    1.768147,    1.829628,    1.881560,    1.921939,    1.964090,    2.008131,    2.054193,    2.102417,    2.152960,    2.205992,    2.261704,    2.320302,    2.382017,    2.447105,    2.505432,    2.555765,    2.608162,    2.662752,    2.719677,    2.779088,    2.841153,    2.906054,    2.973989,    3.045176,    3.119855,    3.198288,    3.277268,    3.356577,    3.439819,    3.527294,    3.619334,    3.716307,    3.818620,    3.926726,    4.041130,    4.162400,    4.291175,    4.428172,    4.580751,    4.751270,    4.934974,    5.133456,    5.348572,    5.582505,    5.837838,    6.117648,    6.425631,    6.766266,    7.145039,    7.568734,    7.879690,    8.044056,    8.215425,    8.394255,    8.581043,    8.776330,    8.980716,    9.194848,    9.419442,    9.655282,    9.903235,   10.164260,   10.387231,   10.566200,   10.751445,   10.943308,   11.142136,   11.348323,   11.562291,   11.784476,   12.015368,   12.255495,   12.505409,   12.765727,   12.949392,   13.049328,   13.150818,   13.253898,   13.358608,   13.464994,   13.573088,   13.682923,   13.794549,   13.908012,   14.023357,   14.140631,   14.256763,   14.371646,   14.488386,   14.607038,   14.727660,   14.850291,   14.974981,   15.101782,   15.230738,   15.361915,   15.495384,   15.631191,   15.790367,   15.974275,   16.162517,   16.355249,   16.552633,   16.754839,   16.962047,   17.174443,   17.392227,   17.615605,   17.844795,   18.080028,   18.550914,   19.294981,   20.101230,   20.977796,   21.934298,   22.982219,   24.135264,   25.410119,   26.827165,   28.411593,   30.194923,   32.217118,   34.732292,   37.914692,   41.739101,   46.421699,   52.287582,   59.850314,   69.970927,   84.210526,  105.726686,  142.012170,  216.216216,  452.826771
Qext           ,      0.0000,      0.0000,      0.0000,      0.0000,      0.0000,      0.0000,      0.0000,      0.0000,      0.0000,      0.0000,      0.0000,      0.0000,      0.0000,      0.0000,      0.0000,      0.0000,      0.0000,      0.0000,      0.0000,      0.0000,      0.0000,      0.0000,      0.0000,      0.0000,      0.0000,      0.0000,      0.0000,      0.0000,      0.0000,      0.0000,      0.0000,      0.0000,      0.0000,      0.0000,      0.0000,      0.0000,      0.0000,      0.0000,      0.0000,      0.0000,      0.0000,      0.0000,      0.0000,      0.0000,      0.0000,      0.0000,      0.0000,      0.0000,      0.0000,      0.0000,      0.0000,      0.0000,      0.0000,      0.0000,      0.0000,      0.0000,      0.0000,      0.0000,      0.0000,      0.0000,      0.0000,      0.0000,      0.0000,      0.0000,      0.0000,      0.0000,      0.0000,      0.0000,      0.0000,      0.0000,      0.0000,      0.0000,      0.0000,      0.0000,      0.0000,      0.0000,      0.0000,      0.0000,      0.0000,      0.0000,      0.0000,      0.0000,      0.0000,      0.0000,      0.0000,      0.0000,      0.0000,      0.0000,      0.0000,      0.0000,      0.0000,      0.0000,      0.0000,      0.0000,      0.0000,      0.0000,      0.0000,      0.0000,      0.0000,      0.0000,      0.0000,      0.0000,      0.0000,      0.0000,      0.0000,      0.0000,      0.0000,      0.0000,      0.0000,      0.0000,      0.0000,      0.0000,      0.0000,      0.0000,      0.0000,      0.0000,      0.0000,      0.0000,      0.0000,      0.0000,      0.0000,      0.0000,      0.0000,      0.0000,      0.0000,      0.0000,      0.0000,      0.0000,      0.0000,      0.0000,      0.0000,      0.0000,      0.0000,      0.0000,      0.0000,      0.0000,      0.0000,      0.0000,      0.0000,      0.0000,      0.0000,      0.0000,      0.0000,      0.0000,      0.0000,      0.0000,      0.0000,      0.0000,      0.0000,      0.0000,      0.0000,      0.0000,      0.0000,      0.0000,      0.0000,      0.0000,      0.0000,      0.0000,      0.0000,      0.0000,      0.0000,      0.0000,      0.0000,      0.0000,      0.0000,      0.0000,      0.0000,      0.0000,      0.0000,      0.0000,      0.0000,      0.0000,      0.0000,      0.0000,      0.0000,      0.0000,      0.0000,      0.0000,      0.0000,      0.0000
Qscat          ,      0.0000,      0.0000,      0.0000,      0.0000,      0.0000,      0.0000,      0.0000,      0.0000,      0.0000,      0.0000,      0.0000,      0.0000,      0.0000,      0.0000,      0.0000,      0.0000,      0.0000,      0.0000,      0.0000,      0.0000,      0.0000,      0.0000,      0.0000,      0.0000,      0.0000,      0.0000,      0.0000,      0.0000,      0.0000,      0.0000,      0.0000,      0.0000,      0.0000,      0.0000,      0.0000,      0.0000,      0.0000,      0.0000,      0.0000,      0.0000,      0.0000,      0.0000,      0.0000,      0.0000,      0.0000,      0.0000,      0.0000,      0.0000,      0.0000,      0.0000,      0.0000,      0.0000,      0.0000,      0.0000,      0.0000,      0.0000,      0.0000,      0.0000,      0.0000,      0.0000,      0.0000,      0.0000,      0.0000,      0.0000,      0.0000,      0.0000,      0.0000,      0.0000,      0.0000,      0.0000,      0.0000,      0.0000,      0.0000,      0.0000,      0.0000,      0.0000,      0.0000,      0.0000,      0.0000,      0.0000,      0.0000,      0.0000,      0.0000,      0.0000,      0.0000,      0.0000,      0.0000,      0.0000,      0.0000,      0.0000,      0.0000,      0.0000,      0.0000,      0.0000,      0.0000,      0.0000,      0.0000,      0.0000,      0.0000,      0.0000,      0.0000,      0.0000,      0.0000,      0.0000,      0.0000,      0.0000,      0.0000,      0.0000,      0.0000,      0.0000,      0.0000,      0.0000,      0.0000,      0.0000,      0.0000,      0.0000,      0.0000,      0.0000,      0.0000,      0.0000,      0.0000,      0.0000,      0.0000,      0.0000,      0.0000,      0.0000,      0.0000,      0.0000,      0.0000,      0.0000,      0.0000,      0.0000,      0.0000,      0.0000,      0.0000,      0.0000,      0.0000,      0.0000,      0.0000,      0.0000,      0.0000,      0.0000,      0.0000,      0.0000,      0.0000,      0.0000,      0.0000,      0.0000,      0.0000,      0.0000,      0.0000,      0.0000,      0.0000,      0.0000,      0.0000,      0.0000,      0.0000,      0.0000,      0.0000,      0.0000,      0.0000,      0.0000,      0.0000,      0.0000,      0.0000,      0.0000,      0.0000,      0.0000,      0.0000,      0.0000,      0.0000,      0.0000,      0.0000,      0.0000,      0.0000,      0.0000,      0.0000,      0.0000,      0.0000,      0.0000
G factor       ,      0.7300,      0.7300,      0.7300,      0.7300,      0.7300,      0.7300,      0.7300,      0.7300,      0.7300,      0.7300,      0.7300,      0.7300,      0.7300,      0.7300,      0.7300,      0.7300,      0.3850,      0.3850,      0.3850,      0.3850,      0.3850,      0.3850,      0.3850,      0.3850,      0.3850,      0.3850,      0.3850,      0.3850,      0.3850,      0.3850,      0.3850,      0.3690,      0.3690,      0.3690,      0.3690,      0.3690,      0.3690,      0.3690,      0.3690,      0.3690,      0.3690,      0.3690,      0.3690,      0.3790,      0.3790,      0.3790,      0.3790,      0.3790,      0.3790,      0.3790,      0.3790,      0.3790,      0.3790,      0.3790,      0.3640,      0.3640,      0.3640,      0.3640,      0.3640,      0.3640,      0.3640,      0.3640,      0.3640,      0.3640,      0.3600,      0.3600,      0.3600,      0.3600,      0.3600,      0.3600,      0.3600,      0.3600,      0.2570,      0.2570,      0.2570,      0.2570,      0.2570,      0.2570,      0.2510,      0.2510,      0.2510,      0.2510,      0.2510,      0.2700,      0.2700,      0.2700,      0.1550,      0.1550,      0.1550,      0.2220,      0.2220,      0.2270,      0.2270,      0.2180,      0.2550,      0.2550,      0.1630,      0.1630,      0.0800,      0.0800,      0.0800,      0.1360,      0.1360,      0.1360,      0.1660,      0.1660,      0.2250,      0.2250,      0.1660,      0.1660,      0.1660,      0.1020,      0.1020,      0.1020,      0.1130,      0.1130,      0.1120,      0.1120,      0.1120,      0.1050,      0.1050,      0.1050,      0.1010,      0.1010,      0.1010,      0.1010,      0.1010,      0.0840,      0.0840,      0.0840,      0.0840,      0.0840,      0.0410,      0.0410,      0.0410,      0.0410,      0.0730,      0.0730,      0.0730,      0.0730,      0.0730,      0.1470,      0.1470,      0.1470,      0.1470,      0.2000,      0.2000,      0.2000,      0.2340,      0.2340,      0.2520,      0.2520,      0.2520,      0.2580,      0.2580,      0.2370,      0.2170,      0.1610,      0.0970,      0.0350,     -0.0270,     -0.1290,     -0.1970,     -0.1350,     -0.0340,      0.0150,      0.0510,      0.0670,      0.0390,     -0.0360,     -0.0720,     -0.0770,     -0.0160,     -0.0000,     -0.0000,     -0.0000,     -0.0000,     -0.0000,     -0.0000,     -0.0000
================
P [mbar]       ,    0.1004,    0.1015,    0.1034,    0.1069,    0.1130,    0.1239,    0.1432,    0.1740,    0.2226,    0.3028,    0.4349,    0.6529,    1.0121,    1.6044,    2.4646,    3.4606,    4.3994,    5.2226,    5.8426,    6.2132,    6.3980,    6.4686,    6.5039,    6.5168
Temp initial[K],  155.0000,  155.0000,  155.0000,  155.0000,  155.0000,  155.0000,  155.0000,  155.0000,  155.0000,  155.0000,  155.0000,  155.0000,  158.8233,  165.4041,  173.2716,  181.4436,  190.2788,  198.8130,  204.5783,  207.8249,  209.4219,  210.0497,  210.3719,  210.4891
================
it   ,   tau    ,  Tsfc    ,   alb    ,   OLR    ,    ASR   ,  NET top ,  NET bot , T lev  01, T lev  02, T lev  03, T lev  04, T lev  05, T lev  06, T lev  07, T lev  08, T lev  09, T lev  10, T lev  11, T lev  12, T lev  13, T lev  14, T lev  15, T lev  16, T lev  17, T lev  18, T lev  19, T lev  20, T lev  21, T lev  22, T lev  23, T lev  24, T lev  25,  OLR IR01,  OLR IR02,  OLR IR03,  OLR IR04,  OLR IR05,  OLR IR06,  OLR IR07,  OLR IR08,  OLR IR09,  OLR IR10,  OLR IR11,  OLR IR12,  OLR IR13,  OLR IR14,  OLR IR15,  OLR IR16,  OLR IR17,  OLR IR18,  OLR IR19,  OLR IR20,  OLR IR21,  OLR IR22,  OLR IR23,  OLR IR24,  OLR IR25,  OLR IR26,  OLR IR27,  OLR IR28,  OLR IR29,  OLR IR30,  OLR IR31,  OLR IR32,  OLR IR33,  OLR IR34,  OLR IR35,  OLR IR36,  OLR IR37,  OLR IR38,  OLR IR39,  OLR IR40,  OLR IR41,  OLR IR42,  OLR IR43,  OLR IR44,  OLR IR45,  OLR IR46,  OLR IR47,  OLR IR48,  OLR IR49,  OLR IR50,  OLR IR51,  OLR IR52,  OLR IR53,  OLR IR54,  OLR IR55,  OLR IR56,  OLR IR57,  OLR IR58,  OLR IR59,  OLR IR60,  OLR IR61,  OLR IR62,  OLR IR63,  OLR IR64,  OLR IR65,  OLR IR66,  OLR IR67,  OLR IR68,  OLR IR69,  OLR IR70,  OLR IR71,  OLR IR72,  OLR IR73,  OLR IR74,  OLR IR75,  OLR IR76,  OLR IR77,  OLR IR78,  OLR IR79,  OLR IR80,  OLR IR81,  OLR IR82,  OLR IR83,  OLR IR84,  OLR IR85,  OLR IR86,  OLR IR87,  OLR IR88,  OLR IR89,  OLR IR90,  OLR IR91,  OLR IR92,  OLR IR93,  OLR IR94,  OLR IR95,  OLR IR96, ASR VIS01, ASR VIS02, ASR VIS03, ASR VIS04, ASR VIS05, ASR VIS06, ASR VIS07, ASR VIS08, ASR VIS09, ASR VIS10, ASR VIS11, ASR VIS12, ASR VIS13, ASR VIS14, ASR VIS15, ASR VIS16, ASR VIS17, ASR VIS18, ASR VIS19, ASR VIS20, ASR VIS21, ASR VIS22, ASR VIS23, ASR VIS24, ASR VIS25, ASR VIS26, ASR VIS27, ASR VIS28, ASR VIS29, ASR VIS30, ASR VIS31, ASR VIS32, ASR VIS33, ASR VIS34, ASR VIS35, ASR VIS36, ASR VIS37, ASR VIS38, ASR VIS39, ASR VIS40, ASR VIS41, ASR VIS42, ASR VIS43, ASR VIS44, ASR VIS45, ASR VIS46, ASR VIS47, ASR VIS48, ASR VIS49, ASR VIS50, ASR VIS51, ASR VIS52, ASR VIS53, ASR VIS54, ASR VIS55, ASR VIS56, ASR VIS57, ASR VIS58, ASR VIS59, ASR VIS60, ASR VIS61, ASR VIS62, ASR VIS63, ASR VIS64, ASR VIS65, ASR VIS66, ASR VIS67, ASR VIS68, ASR VIS69, ASR VIS70, ASR VIS71, ASR VIS72, ASR VIS73, ASR VIS74, ASR VIS75, ASR VIS76, ASR VIS77, ASR VIS78, ASR VIS79, ASR VIS80, ASR VIS81, ASR VIS82, ASR VIS83, ASR VIS84, SFC DIR01, SFC DIR02, SFC DIR03, SFC DIR04, SFC DIR05, SFC DIR06, SFC DIR07, SFC DIR08, SFC DIR09, SFC DIR10, SFC DIR11, SFC DIR12, SFC DIR13, SFC DIR14, SFC DIR15, SFC DIR16, SFC DIR17, SFC DIR18, SFC DIR19, SFC DIR20, SFC DIR21, SFC DIR22, SFC DIR23, SFC DIR24, SFC DIR25, SFC DIR26, SFC DIR27, SFC DIR28, SFC DIR29, SFC DIR30, SFC DIR31, SFC DIR32, SFC DIR33, SFC DIR34, SFC DIR35, SFC DIR36, SFC DIR37, SFC DIR38, SFC DIR39, SFC DIR40, SFC DIR41, SFC DIR42, SFC DIR43, SFC DIR44, SFC DIR45, SFC DIR46, SFC DIR47, SFC DIR48, SFC DIR49, SFC DIR50, SFC DIR51, SFC DIR52, SFC DIR53, SFC DIR54, SFC DIR55, SFC DIR56, SFC DIR57, SFC DIR58, SFC DIR59, SFC DIR60, SFC DIR61, SFC DIR62, SFC DIR63, SFC DIR64, SFC DIR65, SFC DIR66, SFC DIR67, SFC DIR68, SFC DIR69, SFC DIR70, SFC DIR71, SFC DIR72, SFC DIR73, SFC DIR74, SFC DIR75, SFC DIR76, SFC DIR77, SFC DIR78, SFC DIR79, SFC DIR80, SFC DIR81, SFC DIR82, SFC DIR83, SFC DIR84, SFC DIR85, SFC DIR86, SFC DIR87, SFC DIR88, SFC DIR89, SFC DIR90, SFC DIR91, SFC DIR92, SFC DIR93, SFC DIR94, SFC DIR95, SFC DIR96,SFC DVIS01,SFC DVIS02,SFC DVIS03,SFC DVIS04,SFC DVIS05,SFC DVIS06,SFC DVIS07,SFC DVIS08,SFC DVIS09,SFC DVIS10,SFC DVIS11,SFC DVIS12,SFC DVIS13,SFC DVIS14,SFC DVIS15,SFC DVIS16,SFC DVIS17,SFC DVIS18,SFC DVIS19,SFC DVIS20,SFC DVIS21,SFC DVIS22,SFC DVIS23,SFC DVIS24,SFC DVIS25,SFC DVIS26,SFC DVIS27,SFC DVIS28,SFC DVIS29,SFC DVIS30,SFC DVIS31,SFC DVIS32,SFC DVIS33,SFC DVIS34,SFC DVIS35,SFC DVIS36,SFC DVIS37,SFC DVIS38,SFC DVIS39,SFC DVIS40,SFC DVIS41,SFC DVIS42,SFC DVIS43,SFC DVIS44,SFC DVIS45,SFC DVIS46,SFC DVIS47,SFC DVIS48,SFC DVIS49,SFC DVIS50,SFC DVIS51,SFC DVIS52,SFC DVIS53,SFC DVIS54,SFC DVIS55,SFC DVIS56,SFC DVIS57,SFC DVIS58,SFC DVIS59,SFC DVIS60,SFC DVIS61,SFC DVIS62,SFC DVIS63,SFC DVIS64,SFC DVIS65,SFC DVIS66,SFC DVIS67,SFC DVIS68,SFC DVIS69,SFC DVIS70,SFC DVIS71,SFC DVIS72,SFC DVIS73,SFC DVIS74,SFC DVIS75,SFC DVIS76,SFC DVIS77,SFC DVIS78,SFC DVIS79,SFC DVIS80,SFC DVIS81,SFC DVIS82,SFC DVIS83,SFC DVIS84
 1007,    0.0000,  218.8983,    0.2194,  117.0969,  115.8380,   -0.8625,   -0.7595,  158.4330,  155.0000,  155.0000,  155.0000,  155.0000,  155.0000,  155.0000,  155.0000,  155.0000,  155.0000,  155.0000,  155.0000,  155.0000,  158.8202,  165.3996,  173.2672,  181.4393,  190.2764,  198.8104,  204.5754,  207.8212,  209.4182,  210.0462,  210.3680,  210.4855,    0.0676,    0.2556,    0.5389,    0.8888,    1.2804,    1.6928,    2.1082,    2.5121,    2.8933,    3.2429,    3.5544,    3.8241,    3.4712,    3.6087,    3.7179,    3.7987,    3.8530,    3.8815,    3.8866,    3.8696,    3.8324,    3.7775,    3.7019,    3.5964,    1.2424,    1.2267,    1.2047,    1.1662,    1.1137,    1.0481,    0.8756,    0.8393,    0.7711,    0.6138,    0.5638,    0.3590,    0.1995,    0.1649,    0.1438,    0.1375,    0.1329,    0.1277,    0.1258,    0.1235,    0.1245,    0.1364,    0.1735,    0.2440,    0.3730,    0.4452,    0.3502,    0.5089,    0.4971,    0.5051,    0.5244,    0.6000,    0.6202,    0.6335,    0.6351,    0.6285,    1.6842,    1.6087,    1.5504,    1.4822,    1.4116,    1.3421,    1.2748,    1.2087,    1.1452,    1.0819,    1.0194,    0.9639,    1.4270,    1.3066,    1.1824,    1.0659,    0.9702,    0.8860,    0.8005,    0.7221,    0.6504,    0.5836,    0.5141,    0.4584,    1.1328,    0.8012,    0.5722,    0.3992,    0.2764,    0.1901,    0.1299,    0.0861,    0.0569,    0.0365,    0.0240,    0.0175,    0.0899,    0.0485,    0.0757,    0.0853,    0.0957,    0.0892,    0.0975,    0.1095,    0.0962,    0.1325,    0.1172,    0.1283,    0.1417,    0.1155,    0.1679,    0.1865,    0.1530,    0.1811,    0.2062,    0.2231,    0.2234,    0.1500,    0.2398,    0.2531,    0.3109,    0.3324,    0.3440,    0.3658,    0.3756,    0.3936,    0.3989,    0.4549,    0.4935,    0.4704,    0.4844,    0.4940,    0.8433,    0.9209,    0.9662,    0.9986,    1.0221,    1.1068,    1.0376,    1.1056,    1.0799,    1.1314,    1.0731,    1.1504,    2.4777,    2.4439,    2.4989,    2.5383,    2.5642,    2.4625,    2.5489,    2.6139,    2.6670,    2.4800,    2.4441,    2.5380,    6.4157,    6.1123,    6.0433,    5.8603,    5.4132,    5.0767,    4.4565,    4.0997,    3.9404,    3.4535,    2.6528,    2.4637,    1.8993,    1.7458,    1.3311,    1.2705,    0.8565,    0.6215,    0.5021,    0.2015,    0.1776,    0.1261,    0.0437,    0.0355,    0.0000,    0.0000,    0.0000,    0.0000,    0.0000,    0.0000,    0.0000,    0.0000,    0.0000,    0.0000,    0.0000,    0.0000,    0.0000,    0.0000,    0.0000,    0.0000,    0.0000,    0.0000,    0.0000,    0.0001,    0.0002,    0.0007,    0.0108,    0.0490,    0.0110,    0.0180,    0.0344,    0.0771,    0.1397,    0.2137,    0.4309,    0.4495,    0.5119,    0.6671,    0.7005,    0.8672,    0.6959,    0.7036,    0.7106,    0.6982,    0.6956,    0.7186,    0.6761,    0.6645,    0.6491,    0.6306,    0.6025,    0.5551,    0.4721,    0.3712,    0.4491,    0.2585,    0.2602,    0.2432,    0.2110,    0.1067,    0.0696,    0.0377,    0.0207,    0.0150,    0.0329,    0.0299,    0.0085,    0.0020,    0.0004,    0.0004,    0.0002,    0.0011,    0.0019,    0.0049,    0.0091,    0.0081,    0.0085,    0.0012,    0.0075,    0.0141,    0.0089,    0.0000,    0.0000,    0.0000,    0.0000,    0.0008,    0.0066,    0.0072,    0.0065,    0.0059,    0.0000,    0.0000,    0.0000,    0.0000,    0.0000,    0.0009,    0.0011,    0.0014,    0.0012,    0.0002,    0.0266,    0.0000,    0.0608,    0.1075,    0.1214,    0.1110,    0.1245,    0.1386,    0.1233,    0.1698,    0.1501,    0.1645,    0.1808,    0.1468,    0.2123,    0.2321,    0.1900,    0.1318,    0.0189,    0.0386,    0.1649,    0.1902,    0.3067,    0.3223,    0.3984,    0.4260,    0.4410,    0.4686,    0.4799,    0.4920,    0.4648,    0.4226,    0.3741,    0.4433,    0.6104,    0.6178,    1.0805,    1.1804,    1.2359,    1.2564,    1.2364,    1.3694,    1.3136,    1.3975,    1.2854,    1.4503,    1.3718,    1.4606,    3.1621,    3.0885,    3.2030,    3.2531,    3.2748,    3.1568,    3.2678,    3.3511,    3.4192,    3.1776,    3.1334,    3.2539,    8.2247,    7.8363,    7.7478,    7.5132,    6.9399,    6.5086,    5.7135,    5.2561,    5.0518,    4.4276,    3.4010,    3.1586,    2.4350,    2.2382,    1.7066,    1.6288,    1.0981,    0.7968,    0.6438,    0.2584,    0.2277,    0.1616,    0.0560,    0.0455
  683,    0.0500,  225.0980,    0.2268,  115.7040,  114.7411,   -0.5573,   -0.8919,  158.4330,  155.9123,  156.5218,  157.3027,  157.6964,  157.8971,  158.0018,  158.0975,  158.2360,  158.6203,  159.6891,  161.9030,  165.6705,  171.0250,  177.6697,  184.3486,  190.7600,  196.8799,  204.6494,  210.5664,  213.8751,  215.5368,  216.1886,  216.5312,  216.6550,    0.0593,    0.2237,    0.4710,    0.7755,    1.1154,    1.4724,    1.8308,    2.3584,    2.9297,    3.3402,    3.6832,    3.9381,    3.4673,    3.3965,    3.3034,    3.2585,    3.4158,    3.5699,    3.5101,    3.4117,    3.3260,    3.2380,    3.1634,    3.2066,    1.1311,    1.1703,    1.1500,    1.1497,    1.0992,    1.0385,    0.8932,    0.8633,    0.8077,    0.6582,    0.6186,    0.4367,    0.2630,    0.2199,    0.1843,    0.1752,    0.1658,    0.1494,    0.1585,    0.1582,    0.1655,    0.1861,    0.2270,    0.2860,    0.3997,    0.4673,    0.3780,    0.5302,    0.5184,    0.5225,    0.5403,    0.6165,    0.6369,    0.6528,    0.6520,    0.6463,    1.7367,    1.7133,    1.6571,    1.5887,    1.5387,    1.4671,    1.3985,    1.3295,    1.2627,    1.1876,    1.1216,    1.0638,    1.5625,    1.4379,    1.2896,    1.1665,    1.0767,    0.9894,    0.8978,    0.8130,    0.7356,    0.6628,    0.5900,    0.5290,    1.3304,    0.9540,    0.6978,    0.4832,    0.3392,    0.2404,    0.1666,    0.1129,    0.0758,    0.0493,    0.0326,    0.0241,    0.0886,    0.0483,    0.0741,    0.0829,    0.0930,    0.0866,    0.0949,    0.1066,    0.0937,    0.1289,    0.1140,    0.1249,    0.1388,    0.1131,    0.1645,    0.1828,    0.1500,    0.1786,    0.2048,    0.2213,    0.2211,    0.1474,    0.2355,    0.2487,    0.3054,    0.3264,    0.3378,    0.3592,    0.3689,    0.3868,    0.3935,    0.4489,    0.4875,    0.4641,    0.4771,    0.4864,    0.8301,    0.9065,    0.9512,    0.9833,    1.0068,    1.0924,    1.0239,    1.0911,    1.0659,    1.1162,    1.0588,    1.1351,    2.4446,    2.4116,    2.4653,    2.5043,    2.5299,    2.4266,    2.5117,    2.5758,    2.6281,    2.4438,    2.4085,    2.5010,    6.3223,    6.0233,    5.9553,    5.7750,    5.3344,    5.0029,    4.3918,    4.0402,    3.9913,    3.4981,    2.6870,    2.4955,    1.9238,    1.7684,    1.3484,    1.2870,    0.8677,    0.6298,    0.5088,    0.2042,    0.1800,    0.1278,    0.0443,    0.0360,    0.0216,    0.0812,    0.1699,    0.2781,    0.3975,    0.5213,    0.6439,    0.4621,    0.2220,    0.1310,    0.1191,    0.1657,    0.2820,    0.5346,    0.7833,    0.9591,    0.8633,    0.7367,    0.7973,    0.8760,    0.9262,    0.9593,    0.9658,    0.8479,    0.2645,    0.2157,    0.2311,    0.2385,    0.3032,    0.3760,    0.5823,    0.5961,    0.6528,    0.8062,    0.8361,    0.9940,    0.7907,    0.7986,    0.8065,    0.7931,    0.7906,    0.8161,    0.7702,    0.7578,    0.7416,    0.7222,    0.6930,    0.6484,    0.5776,    0.4750,    0.5503,    0.3544,    0.3551,    0.3394,    0.3041,    0.1921,    0.1518,    0.1140,    0.0973,    0.0895,    0.2292,    0.1743,    0.1426,    0.1288,    0.1016,    0.0967,    0.0905,    0.0872,    0.0841,    0.0901,    0.0909,    0.0850,    0.1375,    0.1173,    0.1287,    0.1258,    0.1013,    0.0814,    0.0736,    0.0670,    0.0605,    0.0555,    0.0546,    0.0503,    0.1017,    0.0744,    0.0421,    0.0386,    0.0270,    0.0154,    0.0106,    0.0076,    0.0058,    0.0048,    0.0037,    0.0017,    0.0239,    0.0000,    0.0573,    0.1018,    0.1150,    0.1052,    0.1182,    0.1316,    0.1171,    0.1612,    0.1425,    0.1562,    0.1739,    0.1412,    0.2041,    0.2231,    0.1823,    0.1242,    0.0169,    0.0354,    0.1585,    0.1845,    0.2976,    0.3127,    0.3867,    0.4134,    0.4280,    0.4548,    0.4657,    0.4772,    0.4495,    0.4087,    0.3613,    0.4291,    0.5922,    0.5998,    1.0496,    1.1467,    1.2005,    1.2198,    1.1998,    1.3329,    1.2791,    1.3606,    1.2512,    1.4127,    1.3361,    1.4224,    3.0798,    3.0073,    3.1199,    3.1687,    3.1897,    3.0407,    3.1476,    3.2279,    3.2935,    3.0608,    3.0182,    3.1342,    7.9223,    7.5482,    7.4630,    7.2370,    6.6848,    6.2693,    5.5035,    5.0629,    4.7888,    4.1969,    3.2236,    2.9937,    2.3077,    2.1211,    1.6171,    1.5432,    1.0404,    0.7549,    0.6098,    0.2447,    0.2157,    0.1531,    0.0531,    0.0431
  239,    0.1000,  229.1033,    0.2336,  113.3850,  113.7290,    0.7730,    0.9773,  158.4330,  158.2079,  158.9634,  159.8363,  160.9858,  161.4853,  161.9880,  162.4873,  163.0535,  163.8726,  165.3328,  167.8793,  171.8508,  177.3654,  184.1330,  190.9405,  197.3714,  203.2105,  209.2237,  215.2720,  218.6241,  220.3147,  220.9978,  221.3568,  221.4825,    0.0550,    0.2075,    0.4359,    0.7164,    1.0285,    1.3549,    1.6812,    2.2384,    2.9297,    3.3809,    3.7438,    3.9762,    3.4073,    3.1877,    2.9873,    2.8962,    3.0938,    3.3062,    3.2060,    3.0639,    2.9560,    2.8547,    2.7824,    2.8906,    1.0325,    1.1023,    1.0840,    1.1110,    1.0652,    1.0118,    0.8958,    0.8719,    0.8283,    0.6892,    0.6577,    0.4928,    0.3076,    0.2614,    0.2207,    0.2111,    0.1991,    0.1761,    0.1916,    0.1917,    0.2004,    0.2231,    0.2648,    0.3184,    0.4215,    0.4820,    0.3982,    0.5392,    0.5279,    0.5290,    0.5440,    0.6149,    0.6333,    0.6493,    0.6455,    0.6402,    1.7231,    1.7438,    1.6895,    1.6223,    1.5929,    1.5213,    1.4537,    1.3841,    1.3166,    1.2327,    1.1661,    1.1081,    1.6149,    1.4903,    1.3254,    1.2017,    1.1207,    1.0336,    0.9405,    0.8535,    0.7743,    0.6995,    0.6278,    0.5647,    1.4388,    1.0405,    0.7744,    0.5308,    0.3758,    0.2726,    0.1905,    0.1314,    0.0891,    0.0585,    0.0387,    0.0289,    0.0873,    0.0481,    0.0727,    0.0807,    0.0905,    0.0843,    0.0926,    0.1041,    0.0914,    0.1258,    0.1113,    0.1219,    0.1361,    0.1109,    0.1614,    0.1794,    0.1473,    0.1761,    0.2034,    0.2194,    0.2188,    0.1449,    0.2315,    0.2445,    0.3002,    0.3208,    0.3321,    0.3531,    0.3626,    0.3803,    0.3882,    0.4431,    0.4817,    0.4580,    0.4702,    0.4793,    0.8177,    0.8930,    0.9370,    0.9689,    0.9924,    1.0787,    1.0109,    1.0773,    1.0526,    1.1019,    1.0452,    1.1207,    2.4133,    2.3810,    2.4337,    2.4721,    2.4976,    2.3936,    2.4775,    2.5407,    2.5923,    2.4106,    2.3757,    2.4670,    6.2363,    5.9414,    5.8744,    5.6966,    5.2621,    4.9352,    4.3324,    3.9857,    4.0387,    3.5397,    2.7191,    2.5254,    1.9470,    1.7899,    1.3649,    1.3029,    0.8786,    0.6377,    0.5153,    0.2069,    0.1824,    0.1296,    0.0449,    0.0366,    0.0364,    0.1372,    0.2878,    0.4723,    0.6770,    0.8903,    1.1027,    0.8592,    0.4469,    0.2690,    0.2457,    0.3388,    0.5593,    1.0075,    1.4138,    1.6910,    1.5610,    1.3722,    1.4635,    1.5787,    1.6512,    1.6965,    1.6976,    1.5002,    0.4786,    0.3944,    0.4086,    0.3892,    0.4537,    0.5235,    0.7157,    0.7251,    0.7758,    0.9235,    0.9508,    1.0986,    0.8682,    0.8754,    0.8826,    0.8688,    0.8659,    0.8903,    0.8451,    0.8324,    0.8161,    0.7969,    0.7677,    0.7260,    0.6669,    0.5657,    0.6366,    0.4416,    0.4413,    0.4271,    0.3899,    0.2747,    0.2328,    0.1908,    0.1745,    0.1650,    0.4292,    0.3266,    0.2857,    0.2650,    0.2129,    0.2029,    0.1907,    0.1830,    0.1757,    0.1846,    0.1814,    0.1705,    0.2794,    0.2461,    0.2610,    0.2479,    0.2045,    0.1733,    0.1572,    0.1434,    0.1297,    0.1184,    0.1099,    0.1003,    0.2148,    0.1569,    0.0946,    0.0859,    0.0606,    0.0353,    0.0246,    0.0165,    0.0122,    0.0094,    0.0072,    0.0039,    0.0217,    0.0000,    0.0542,    0.0966,    0.1092,    0.0998,    0.1124,    0.1251,    0.1113,    0.1533,    0.1355,    0.1486,    0.1674,    0.1360,    0.1965,    0.2147,    0.1751,    0.1176,    0.0154,    0.0329,    0.1526,    0.1790,    0.2889,    0.3035,    0.3754,    0.4015,    0.4156,    0.4416,    0.4521,    0.4632,    0.4353,    0.3958,    0.3496,    0.4159,    0.5750,    0.5827,    1.0201,    1.1144,    1.1667,    1.1850,    1.1651,    1.2981,    1.2460,    1.3253,    1.2186,    1.3765,    1.3019,    1.3858,    3.0008,    2.9297,    3.0401,    3.0877,    3.1080,    2.9306,    3.0337,    3.1111,    3.1743,    2.9500,    2.9090,    3.0208,    7.6356,    7.2750,    7.1930,    6.9752,    6.4431,    6.0427,    5.3046,    4.8800,    4.5415,    3.9802,    3.0572,    2.8391,    2.1885,    2.0115,    1.5335,    1.4635,    0.9866,    0.7158,    0.5783,    0.2320,    0.2045,    0.1451,    0.0503,    0.0409
 1010,    0.1500,  233.3006,    0.2400,  112.2792,  112.7838,    0.9502,    0.3229,  158.4330,  159.7733,  160.5439,  161.4361,  162.6137,  163.1997,  163.8019,  164.3994,  165.0019,  165.9001,  167.3992,  169.9024,  173.8648,  179.3190,  186.2011,  193.5002,  200.7015,  207.1113,  213.3212,  219.4877,  222.8999,  224.6239,  225.3225,  225.6909,  225.8189,    0.0527,    0.1982,    0.4157,    0.6820,    0.9772,    1.2848,    1.5911,    2.1513,    2.9313,    3.4223,    3.8052,    4.0165,    3.3600,    3.0302,    2.7691,    2.6601,    2.8738,    3.1159,    2.9920,    2.8263,    2.7081,    2.6014,    2.5313,    2.6716,    0.9626,    1.0519,    1.0351,    1.0822,    1.0394,    0.9903,    0.8933,    0.8725,    0.8369,    0.7014,    0.6725,    0.5125,    0.3227,    0.2759,    0.2346,    0.2250,    0.2126,    0.1881,    0.2048,    0.2048,    0.2133,    0.2357,    0.2772,    0.3293,    0.4298,    0.4877,    0.4055,    0.5430,    0.5321,    0.5319,    0.5459,    0.6149,    0.6324,    0.6489,    0.6425,    0.6376,    1.7184,    1.7795,    1.7271,    1.6611,    1.6515,    1.5799,    1.5132,    1.4429,    1.3746,    1.2818,    1.2144,    1.1561,    1.6731,    1.5484,    1.3668,    1.2420,    1.1696,    1.0823,    0.9874,    0.8980,    0.8167,    0.7397,    0.6686,    0.6033,    1.5575,    1.1358,    0.8597,    0.5841,    0.4171,    0.3092,    0.2179,    0.1528,    0.1045,    0.0692,    0.0460,    0.0346,    0.0861,    0.0480,    0.0713,    0.0787,    0.0883,    0.0823,    0.0905,    0.1017,    0.0893,    0.1229,    0.1087,    0.1191,    0.1337,    0.1089,    0.1585,    0.1762,    0.1447,    0.1737,    0.2019,    0.2175,    0.2166,    0.1426,    0.2277,    0.2405,    0.2953,    0.3156,    0.3267,    0.3474,    0.3567,    0.3743,    0.3832,    0.4376,    0.4761,    0.4522,    0.4636,    0.4726,    0.8061,    0.8803,    0.9237,    0.9554,    0.9787,    1.0657,    0.9986,    1.0643,    1.0400,    1.0884,    1.0324,    1.1070,    2.3838,    2.3521,    2.4038,    2.4418,    2.4669,    2.3631,    2.4460,    2.5084,    2.5593,    2.3799,    2.3455,    2.4356,    6.1569,    5.8659,    5.7998,    5.6244,    5.1954,    4.8727,    4.2777,    3.9355,    4.0817,    3.5776,    2.7483,    2.5527,    1.9682,    1.8095,    1.3800,    1.3175,    0.8885,    0.6450,    0.5214,    0.2094,    0.1846,    0.1312,    0.0455,    0.0370,    0.0467,    0.1760,    0.3700,    0.6083,    0.8736,    1.1512,    1.4290,    1.1898,    0.6607,    0.4068,    0.3737,    0.5125,    0.8248,    1.4248,    1.9327,    2.2674,    2.1296,    1.9122,    2.0221,    2.1569,    2.2406,    2.2906,    2.2871,    2.0477,    0.6623,    0.5556,    0.5684,    0.5283,    0.5912,    0.6565,    0.8342,    0.8388,    0.8844,    1.0288,    1.0536,    1.1966,    0.9425,    0.9497,    0.9572,    0.9428,    0.9398,    0.9652,    0.9186,    0.9056,    0.8890,    0.8694,    0.8397,    0.7989,    0.7472,    0.6469,    0.7161,    0.5210,    0.5195,    0.5067,    0.4692,    0.3528,    0.3107,    0.2659,    0.2505,    0.2396,    0.6276,    0.4836,    0.4347,    0.4077,    0.3321,    0.3171,    0.2987,    0.2866,    0.2751,    0.2862,    0.2788,    0.2628,    0.4313,    0.3853,    0.4021,    0.3784,    0.3165,    0.2743,    0.2494,    0.2281,    0.2070,    0.1888,    0.1721,    0.1568,    0.3459,    0.2538,    0.1584,    0.1427,    0.1015,    0.0605,    0.0425,    0.0281,    0.0204,    0.0154,    0.0116,    0.0068,    0.0200,    0.0000,    0.0514,    0.0918,    0.1038,    0.0949,    0.1070,    0.1191,    0.1060,    0.1460,    0.1290,    0.1414,    0.1614,    0.1310,    0.1893,    0.2068,    0.1685,    0.1119,    0.0143,    0.0309,    0.1473,    0.1739,    0.2807,    0.2948,    0.3648,    0.3901,    0.4038,    0.4290,    0.4392,    0.4499,    0.4223,    0.3840,    0.3389,    0.4036,    0.5587,    0.5664,    0.9919,    1.0836,    1.1345,    1.1520,    1.1322,    1.2649,    1.2144,    1.2915,    1.1875,    1.3418,    1.2690,    1.3507,    2.9250,    2.8554,    2.9635,    3.0098,    3.0296,    2.8261,    2.9255,    3.0001,    3.0611,    2.8448,    2.8053,    2.9131,    7.3634,    7.0157,    6.9366,    6.7267,    6.2135,    5.8275,    5.1157,    4.7063,    4.3076,    3.7752,    2.8998,    2.6929,    2.0759,    1.9080,    1.4546,    1.3882,    0.9358,    0.6790,    0.5485,    0.2201,    0.1940,    0.1377,    0.0477,    0.0388
 1243,    0.2000,  236.8007,    0.2459,  111.4562,  111.9015,    0.9091,    0.2898,  158.4330,  161.3580,  162.1370,  163.0396,  164.2100,  164.8025,  165.4983,  166.1033,  166.8698,  167.8265,  169.4547,  172.0997,  176.1321,  181.8011,  189.0264,  196.9106,  204.8001,  211.5412,  217.3430,  223.6238,  227.0905,  228.8368,  229.5551,  229.9273,  230.0639,    0.0514,    0.1932,    0.4048,    0.6632,    0.9490,    1.2460,    1.5408,    2.0899,    2.9275,    3.4479,    3.8462,    4.0356,    3.3060,    2.8996,    2.6106,    2.5030,    2.7207,    2.9747,    2.8352,    2.6559,    2.5334,    2.4253,    2.3571,    2.5088,    0.9085,    1.0080,    0.9927,    1.0536,    1.0144,    0.9703,    0.8923,    0.8750,    0.8472,    0.7168,    0.6921,    0.5385,    0.3419,    0.2935,    0.2500,    0.2402,    0.2269,    0.2005,    0.2189,    0.2191,    0.2279,    0.2510,    0.2935,    0.3447,    0.4419,    0.4959,    0.4156,    0.5472,    0.5369,    0.5353,    0.5474,    0.6123,    0.6281,    0.6441,    0.6354,    0.6306,    1.7014,    1.7951,    1.7442,    1.6794,    1.6877,    1.6165,    1.5511,    1.4809,    1.4125,    1.3124,    1.2449,    1.1869,    1.7067,    1.5828,    1.3880,    1.2637,    1.1995,    1.1128,    1.0173,    0.9266,    0.8445,    0.7664,    0.6971,    0.6305,    1.6456,    1.2079,    0.9273,    0.6246,    0.4490,    0.3390,    0.2406,    0.1711,    0.1179,    0.0787,    0.0523,    0.0395,    0.0850,    0.0478,    0.0701,    0.0769,    0.0863,    0.0804,    0.0886,    0.0996,    0.0875,    0.1204,    0.1065,    0.1167,    0.1314,    0.1071,    0.1558,    0.1732,    0.1424,    0.1715,    0.2006,    0.2158,    0.2146,    0.1404,    0.2242,    0.2368,    0.2907,    0.3107,    0.3216,    0.3420,    0.3512,    0.3686,    0.3784,    0.4324,    0.4708,    0.4468,    0.4575,    0.4663,    0.7952,    0.8684,    0.9112,    0.9426,    0.9659,    1.0534,    0.9870,    1.0519,    1.0281,    1.0756,    1.0203,    1.0941,    2.3558,    2.3247,    2.3755,    2.4130,    2.4380,    2.3350,    2.4169,    2.4785,    2.5289,    2.3516,    2.3176,    2.4067,    6.0837,    5.7962,    5.7309,    5.5576,    5.1338,    4.8150,    4.2271,    3.8891,    4.1208,    3.6121,    2.7749,    2.5775,    1.9875,    1.8274,    1.3938,    1.3308,    0.8976,    0.6517,    0.5269,    0.2116,    0.1867,    0.1326,    0.0460,    0.0375,    0.0541,    0.2045,    0.4306,    0.7093,    1.0207,    1.3480,    1.6770,    1.4761,    0.8703,    0.5467,    0.5048,    0.6880,    1.0808,    1.8003,    2.3768,    2.7479,    2.6169,    2.3912,    2.5112,    2.6549,    2.7439,    2.7953,    2.7886,    2.5279,    0.8260,    0.7047,    0.7166,    0.6617,    0.7240,    0.7861,    0.9532,    0.9538,    0.9954,    1.1352,    1.1584,    1.2951,    1.0166,    1.0231,    1.0300,    1.0155,    1.0120,    1.0355,    0.9906,    0.9774,    0.9610,    0.9416,    0.9120,    0.8727,    0.8294,    0.7304,    0.7969,    0.6027,    0.6001,    0.5887,    0.5503,    0.4324,    0.3899,    0.3418,    0.3264,    0.3141,    0.8258,    0.6438,    0.5868,    0.5535,    0.4556,    0.4356,    0.4113,    0.3948,    0.3791,    0.3924,    0.3809,    0.3598,    0.5896,    0.5304,    0.5484,    0.5142,    0.4346,    0.3807,    0.3470,    0.3179,    0.2891,    0.2638,    0.2391,    0.2178,    0.4889,    0.3605,    0.2299,    0.2057,    0.1473,    0.0893,    0.0631,    0.0418,    0.0303,    0.0225,    0.0170,    0.0104,    0.0184,    0.0000,    0.0488,    0.0873,    0.0988,    0.0903,    0.1020,    0.1135,    0.1010,    0.1391,    0.1230,    0.1348,    0.1556,    0.1264,    0.1826,    0.1994,    0.1622,    0.1065,    0.0132,    0.0290,    0.1421,    0.1689,    0.2729,    0.2865,    0.3546,    0.3792,    0.3925,    0.4171,    0.4270,    0.4372,    0.4097,    0.3725,    0.3285,    0.3918,    0.5431,    0.5508,    0.9648,    1.0540,    1.1036,    1.1203,    1.1007,    1.2330,    1.1839,    1.2590,    1.1575,    1.3084,    1.2374,    1.3170,    2.8521,    2.7839,    2.8897,    2.9349,    2.9542,    2.7267,    2.8227,    2.8947,    2.9534,    2.7448,    2.7066,    2.8107,    7.1046,    6.7691,    6.6928,    6.4903,    5.9953,    5.6228,    4.9361,    4.5412,    4.0863,    3.5813,    2.7508,    2.5547,    1.9693,    1.8101,    1.3800,    1.3170,    0.8879,    0.6442,    0.5204,    0.2088,    0.1840,    0.1306,    0.0453,    0.0368
 1419,    0.3000,  242.4340,    0.2567,  109.8034,  110.3024,    0.9896,    0.5111,  158.4330,  163.5256,  164.3094,  165.2222,  166.4008,  167.0002,  167.6992,  168.4399,  169.2984,  170.4024,  172.2016,  175.0982,  179.4023,  185.5309,  193.5998,  202.7127,  211.5365,  218.8632,  224.8006,  230.3466,  233.9013,  235.6913,  236.4202,  236.8087,  236.9490,    0.0501,    0.1882,    0.3936,    0.6438,    0.9196,    1.2051,    1.4872,    2.0078,    2.9077,    3.4677,    3.8876,    4.0342,    3.1935,    2.6985,    2.4002,    2.3119,    2.5238,    2.7784,    2.6218,    2.4305,    2.3069,    2.2001,    2.1346,    2.2844,    0.8305,    0.9366,    0.9237,    1.0002,    0.9680,    0.9326,    0.8855,    0.8736,    0.8589,    0.7380,    0.7204,    0.5779,    0.3707,    0.3194,    0.2723,    0.2621,    0.2476,    0.2181,    0.2393,    0.2397,    0.2490,    0.2736,    0.3178,    0.3678,    0.4605,    0.5072,    0.4301,    0.5500,    0.5410,    0.5375,    0.5459,    0.6020,    0.6141,    0.6282,    0.6153,    0.6106,    1.6490,    1.7901,    1.7414,    1.6791,    1.7168,    1.6475,    1.5855,    1.5164,    1.4489,    1.3378,    1.2715,    1.2147,    1.7277,    1.6068,    1.3936,    1.2723,    1.2230,    1.1383,    1.0436,    0.9527,    0.8708,    0.7926,    0.7283,    0.6611,    1.7563,    1.3020,    1.0227,    0.6772,    0.4916,    0.3828,    0.2745,    0.1999,    0.1393,    0.0940,    0.0626,    0.0477,    0.0831,    0.0475,    0.0680,    0.0739,    0.0829,    0.0773,    0.0854,    0.0960,    0.0843,    0.1160,    0.1026,    0.1124,    0.1274,    0.1038,    0.1511,    0.1680,    0.1382,    0.1675,    0.1981,    0.2127,    0.2108,    0.1364,    0.2178,    0.2300,    0.2823,    0.3018,    0.3123,    0.3321,    0.3411,    0.3582,    0.3698,    0.4228,    0.4610,    0.4367,    0.4463,    0.4548,    0.7753,    0.8466,    0.8884,    0.9193,    0.9424,    1.0308,    0.9656,    1.0292,    1.0061,    1.0520,    0.9980,    1.0703,    2.3043,    2.2743,    2.3234,    2.3601,    2.3847,    2.2850,    2.3651,    2.4254,    2.4747,    2.3012,    2.2679,    2.3551,    5.9535,    5.6722,    5.6084,    5.4389,    5.0243,    4.7125,    4.1372,    3.8065,    4.1887,    3.6718,    2.8211,    2.6206,    2.0209,    1.8585,    1.4178,    1.3540,    0.9135,    0.6635,    0.5365,    0.2156,    0.1902,    0.1352,    0.0470,    0.0383,    0.0637,    0.2411,    0.5095,    0.8421,    1.2162,    1.6121,    2.0131,    1.9312,    1.2620,    0.8233,    0.7671,    1.0328,    1.5545,    2.4394,    3.0892,    3.4922,    3.3934,    3.1834,    3.3121,    3.4595,    3.5512,    3.6017,    3.5915,    3.3203,    1.1009,    0.9647,    0.9753,    0.9008,    0.9608,    1.0163,    1.1638,    1.1581,    1.1926,    1.3215,    1.3416,    1.4649,    1.1437,    1.1486,    1.1543,    1.1398,    1.1354,    1.1547,    1.1138,    1.1005,    1.0844,    1.0656,    1.0370,    1.0010,    0.9735,    0.8791,    0.9390,    0.7512,    0.7468,    0.7380,    0.6986,    0.5809,    0.5386,    0.4855,    0.4699,    0.4554,    1.2025,    0.9573,    0.8858,    0.8413,    0.7042,    0.6748,    0.6393,    0.6144,    0.5908,    0.6075,    0.5879,    0.5567,    0.9077,    0.8237,    0.8410,    0.7867,    0.6748,    0.5983,    0.5472,    0.5027,    0.4587,    0.4195,    0.3788,    0.3455,    0.7931,    0.5901,    0.3874,    0.3422,    0.2476,    0.1544,    0.1103,    0.0738,    0.0534,    0.0395,    0.0299,    0.0191,    0.0157,    0.0000,    0.0442,    0.0793,    0.0898,    0.0821,    0.0930,    0.1034,    0.0921,    0.1268,    0.1121,    0.1229,    0.1450,    0.1178,    0.1701,    0.1857,    0.1507,    0.0968,    0.0115,    0.0258,    0.1324,    0.1597,    0.2582,    0.2710,    0.3355,    0.3588,    0.3715,    0.3947,    0.4040,    0.4135,    0.3864,    0.3513,    0.3094,    0.3698,    0.5139,    0.5215,    0.9141,    0.9986,    1.0456,    1.0609,    1.0418,    1.1727,    1.1264,    1.1977,    1.1009,    1.2453,    1.1776,    1.2533,    2.7144,    2.6488,    2.7504,    2.7934,    2.8116,    2.5420,    2.6315,    2.6986,    2.7534,    2.5589,    2.5233,    2.6203,    6.6234,    6.3107,    6.2397,    6.0510,    5.5895,    5.2424,    4.6023,    4.2341,    3.6787,    3.2241,    2.4766,    2.3000,    1.7731,    1.6298,    1.2426,    1.1859,    0.7995,    0.5802,    0.4687,    0.1881,    0.1658,    0.1177,    0.0408,    0.0332
 1532,    0.4000,  246.9296,    0.2661,  108.4149,  108.8956,    0.9899,    0.5839,  158.4330,  164.9274,  165.7251,  166.6519,  167.7999,  168.4361,  169.1998,  169.9994,  170.8999,  172.1980,  174.1048,  177.2081,  181.9022,  188.6014,  197.4317,  207.5995,  217.1079,  224.8031,  230.8915,  235.7668,  239.4023,  241.2143,  241.9452,  242.3545,  242.4944,    0.0496,    0.1859,    0.3885,    0.6348,    0.9058,    1.1857,    1.4616,    1.9597,    2.8852,    3.4678,    3.9016,    4.0094,    3.0928,    2.5613,    2.2779,    2.2105,    2.4132,    2.6590,    2.4948,    2.3001,    2.1786,    2.0743,    2.0104,    2.1484,    0.7812,    0.8853,    0.8741,    0.9569,    0.9303,    0.9016,    0.8774,    0.8691,    0.8646,    0.7520,    0.7402,    0.6077,    0.3929,    0.3392,    0.2890,    0.2784,    0.2628,    0.2305,    0.2544,    0.2550,    0.2649,    0.2908,    0.3361,    0.3850,    0.4740,    0.5145,    0.4403,    0.5499,    0.5419,    0.5373,    0.5424,    0.5906,    0.5995,    0.6112,    0.5952,    0.5904,    1.5951,    1.7655,    1.7183,    1.6583,    1.7180,    1.6508,    1.5921,    1.5247,    1.4587,    1.3401,    1.2755,    1.2204,    1.7203,    1.6027,    1.3781,    1.2608,    1.2234,    1.1409,    1.0481,    0.9582,    0.8776,    0.8005,    0.7415,    0.6747,    1.8177,    1.3573,    1.0857,    0.7080,    0.5177,    0.4133,    0.2986,    0.2217,    0.1559,    0.1062,    0.0708,    0.0541,    0.0815,    0.0473,    0.0663,    0.0715,    0.0801,    0.0747,    0.0827,    0.0931,    0.0817,    0.1124,    0.0994,    0.1089,    0.1239,    0.1010,    0.1470,    0.1635,    0.1346,    0.1640,    0.1958,    0.2098,    0.2074,    0.1329,    0.2121,    0.2240,    0.2749,    0.2938,    0.3041,    0.3234,    0.3322,    0.3490,    0.3620,    0.4141,    0.4521,    0.4277,    0.4363,    0.4446,    0.7576,    0.8273,    0.8681,    0.8986,    0.9215,    1.0104,    0.9463,    1.0088,    0.9864,    1.0308,    0.9779,    1.0489,    2.2581,    2.2290,    2.2767,    2.3127,    2.3368,    2.2421,    2.3207,    2.3799,    2.4282,    2.2580,    2.2254,    2.3109,    5.8418,    5.5658,    5.5034,    5.3371,    4.9304,    4.6245,    4.0602,    3.7357,    4.2447,    3.7211,    2.8592,    2.6562,    2.0486,    1.8842,    1.4377,    1.3733,    0.9267,    0.6733,    0.5446,    0.2189,    0.1932,    0.1374,    0.0477,    0.0389,    0.0692,    0.2627,    0.5564,    0.9223,    1.3358,    1.7759,    2.2246,    2.2698,    1.6153,    1.0917,    1.0255,    1.3654,    1.9803,    2.9640,    3.6381,    4.0435,    3.9846,    3.8099,    3.9420,    4.0867,    4.1776,    4.2264,    4.2155,    3.9554,    1.3249,    1.1853,    1.1946,    1.1089,    1.1657,    1.2148,    1.3448,    1.3345,    1.3630,    1.4806,    1.4978,    1.6085,    1.2512,    1.2547,    1.2590,    1.2448,    1.2396,    1.2552,    1.2179,    1.2047,    1.1892,    1.1711,    1.1435,    1.1103,    1.0966,    1.0078,    1.0612,    0.8826,    0.8767,    0.8699,    0.8304,    0.7157,    0.6746,    0.6183,    0.6024,    0.5862,    1.5522,    1.2574,    1.1736,    1.1193,    0.9492,    0.9112,    0.8656,    0.8329,    0.8017,    0.8207,    0.7935,    0.7529,    1.2213,    1.1144,    1.1280,    1.0548,    0.9146,    0.8169,    0.7491,    0.6895,    0.6309,    0.5782,    0.5220,    0.4770,    1.1115,    0.8330,    0.5583,    0.4878,    0.3559,    0.2270,    0.1635,    0.1105,    0.0802,    0.0593,    0.0449,    0.0295,    0.0136,    0.0000,    0.0402,    0.0724,    0.0819,    0.0749,    0.0850,    0.0946,    0.0842,    0.1160,    0.1025,    0.1124,    0.1355,    0.1100,    0.1588,    0.1733,    0.1404,    0.0886,    0.0101,    0.0232,    0.1239,    0.1513,    0.2447,    0.2569,    0.3181,    0.3402,    0.3521,    0.3741,    0.3829,    0.3917,    0.3653,    0.3320,    0.2921,    0.3498,    0.4871,    0.4946,    0.8674,    0.9475,    0.9921,    1.0063,    0.9877,    1.1169,    1.0731,    1.1409,    1.0485,    1.1867,    1.1221,    1.1941,    2.5865,    2.5235,    2.6209,    2.6619,    2.6792,    2.3739,    2.4575,    2.5202,    2.5713,    2.3897,    2.3565,    2.4471,    6.1855,    5.8936,    5.8273,    5.6511,    5.2202,    4.8961,    4.2984,    3.9546,    3.3136,    2.9042,    2.2308,    2.0718,    1.5972,    1.4682,    1.1195,    1.0685,    0.7204,    0.5228,    0.4224,    0.1695,    0.1494,    0.1061,    0.0368,    0.0299
 1668,    0.5000,  250.7016,    0.2745,  107.2916,  107.6529,    0.8859,    0.4831,  158.4330,  166.0156,  166.8170,  167.7494,  168.9057,  169.5000,  170.3029,  171.1049,  172.1075,  173.5008,  175.6697,  179.0031,  184.1005,  191.3010,  200.9816,  211.8996,  221.9037,  229.8045,  235.9078,  240.3995,  243.9423,  245.7720,  246.5094,  246.9149,  247.0684,    0.0493,    0.1847,    0.3858,    0.6300,    0.8984,    1.1752,    1.4478,    1.9306,    2.8650,    3.4594,    3.9017,    3.9759,    3.0089,    2.4682,    2.2049,    2.1535,    2.3484,    2.5849,    2.4174,    2.2223,    2.1031,    2.0010,    1.9380,    2.0644,    0.7498,    0.8493,    0.8392,    0.9235,    0.9013,    0.8776,    0.8702,    0.8644,    0.8678,    0.7624,    0.7553,    0.6319,    0.4115,    0.3560,    0.3029,    0.2920,    0.2754,    0.2406,    0.2669,    0.2679,    0.2782,    0.3053,    0.3513,    0.3989,    0.4847,    0.5201,    0.4485,    0.5491,    0.5419,    0.5367,    0.5393,    0.5807,    0.5869,    0.5963,    0.5779,    0.5730,    1.5478,    1.7353,    1.6888,    1.6307,    1.7063,    1.6412,    1.5855,    1.5200,    1.4556,    1.3321,    1.2694,    1.2157,    1.7016,    1.5870,    1.3556,    1.2423,    1.2139,    1.1333,    1.0426,    0.9540,    0.8750,    0.7994,    0.7453,    0.6794,    1.8510,    1.3899,    1.1284,    0.7260,    0.5338,    0.4351,    0.3162,    0.2387,    0.1691,    0.1160,    0.0773,    0.0593,    0.0801,    0.0470,    0.0648,    0.0694,    0.0778,    0.0726,    0.0806,    0.0906,    0.0795,    0.1094,    0.0968,    0.1060,    0.1209,    0.0986,    0.1435,    0.1596,    0.1314,    0.1609,    0.1937,    0.2072,    0.2043,    0.1297,    0.2070,    0.2187,    0.2683,    0.2868,    0.2968,    0.3156,    0.3242,    0.3408,    0.3550,    0.4064,    0.4441,    0.4195,    0.4274,    0.4355,    0.7418,    0.8101,    0.8500,    0.8801,    0.9028,    0.9921,    0.9290,    0.9904,    0.9686,    1.0118,    0.9599,    1.0296,    2.2165,    2.1882,    2.2346,    2.2699,    2.2937,    2.2051,    2.2824,    2.3407,    2.3882,    2.2208,    2.1887,    2.2729,    5.7457,    5.4743,    5.4129,    5.2495,    4.8496,    4.5488,    3.9938,    3.6748,    4.2910,    3.7619,    2.8907,    2.6857,    2.0716,    1.9056,    1.4541,    1.3893,    0.9377,    0.6814,    0.5513,    0.2217,    0.1957,    0.1393,    0.0484,    0.0395,    0.0727,    0.2766,    0.5870,    0.9752,    1.4157,    1.8866,    2.3692,    2.5269,    1.9319,    1.3497,    1.2776,    1.6837,    2.3638,    3.4029,    4.0747,    4.4694,    4.4501,    4.3168,    4.4513,    4.5924,    4.6820,    4.7297,    4.7203,    4.4806,    1.5127,    1.3756,    1.3838,    1.2921,    1.3452,    1.3884,    1.5025,    1.4889,    1.5123,    1.6190,    1.6332,    1.7323,    1.3441,    1.3466,    1.3501,    1.3362,    1.3304,    1.3429,    1.3088,    1.2957,    1.2805,    1.2629,    1.2362,    1.2052,    1.2035,    1.1207,    1.1682,    0.9999,    0.9927,    0.9874,    0.9484,    0.8384,    0.7990,    0.7408,    0.7245,    0.7071,    1.8768,    1.5426,    1.4485,    1.3856,    1.1878,    1.1419,    1.0872,    1.0472,    1.0089,    1.0294,    0.9948,    0.9455,    1.5269,    1.3988,    1.4068,    1.3159,    1.1507,    1.0333,    0.9496,    0.8756,    0.8029,    0.7372,    0.6662,    0.6097,    1.4367,    1.0834,    0.7378,    0.6391,    0.4693,    0.3049,    0.2211,    0.1509,    0.1099,    0.0813,    0.0616,    0.0412,    0.0118,    0.0000,    0.0367,    0.0662,    0.0750,    0.0685,    0.0780,    0.0868,    0.0772,    0.1064,    0.0940,    0.1031,    0.1269,    0.1030,    0.1487,    0.1622,    0.1311,    0.0815,    0.0090,    0.0209,    0.1161,    0.1436,    0.2324,    0.2438,    0.3020,    0.3230,    0.3343,    0.3552,    0.3636,    0.3718,    0.3459,    0.3143,    0.2762,    0.3314,    0.4624,    0.4698,    0.8241,    0.9003,    0.9426,    0.9558,    0.9377,    1.0649,    1.0234,    1.0879,    0.9997,    1.1320,    1.0704,    1.1390,    2.4673,    2.4068,    2.5002,    2.5393,    2.5558,    2.2203,    2.2985,    2.3571,    2.4050,    2.2351,    2.2041,    2.2888,    5.7854,    5.5124,    5.4505,    5.2857,    4.8828,    4.5797,    4.0206,    3.6992,    2.9863,    2.6174,    2.0106,    1.8673,    1.4396,    1.3234,    1.0091,    0.9632,    0.6494,    0.4713,    0.3808,    0.1529,    0.1347,    0.0957,    0.0332,    0.0270
 1838,    0.7500,  257.7535,    0.2916,  104.6850,  105.1215,    0.9882,    0.8469,  158.4330,  167.8281,  168.6569,  169.5960,  170.6951,  171.3970,  172.1455,  173.1011,  174.2996,  176.0036,  178.5998,  182.6994,  188.7021,  197.2627,  208.5009,  220.7506,  231.4755,  239.5024,  245.4975,  249.6061,  252.3539,  254.2029,  254.9538,  255.3602,  255.5036,    0.0489,    0.1833,    0.3827,    0.6245,    0.8899,    1.1632,    1.4318,    1.8933,    2.8226,    3.4166,    3.8637,    3.8741,    2.8538,    2.3387,    2.1166,    2.0869,    2.2696,    2.4895,    2.3200,    2.1270,    2.0119,    1.9132,    1.8512,    1.9576,    0.7083,    0.7960,    0.7876,    0.8670,    0.8522,    0.8363,    0.8545,    0.8519,    0.8686,    0.7779,    0.7795,    0.6762,    0.4478,    0.3897,    0.3309,    0.3193,    0.3005,    0.2597,    0.2920,    0.2938,    0.3049,    0.3338,    0.3801,    0.4236,    0.5025,    0.5282,    0.4625,    0.5452,    0.5393,    0.5338,    0.5317,    0.5605,    0.5620,    0.5664,    0.5444,    0.5390,    1.4544,    1.6502,    1.6040,    1.5493,    1.6444,    1.5838,    1.5341,    1.4730,    1.4128,    1.2858,    1.2277,    1.1771,    1.6285,    1.5200,    1.2858,    1.1815,    1.1662,    1.0887,    1.0033,    0.9190,    0.8444,    0.7732,    0.7284,    0.6657,    1.8466,    1.3984,    1.1648,    0.7292,    0.5406,    0.4575,    0.3356,    0.2615,    0.1875,    0.1303,    0.0867,    0.0667,    0.0772,    0.0465,    0.0620,    0.0657,    0.0736,    0.0687,    0.0765,    0.0861,    0.0756,    0.1040,    0.0920,    0.1007,    0.1150,    0.0938,    0.1365,    0.1519,    0.1253,    0.1544,    0.1889,    0.2015,    0.1976,    0.1233,    0.1965,    0.2077,    0.2548,    0.2723,    0.2818,    0.2997,    0.3079,    0.3238,    0.3405,    0.3899,    0.4268,    0.4023,    0.4089,    0.4166,    0.7092,    0.7745,    0.8127,    0.8418,    0.8641,    0.9535,    0.8927,    0.9518,    0.9311,    0.9719,    0.9221,    0.9893,    2.1293,    2.1027,    2.1465,    2.1804,    2.2034,    2.1331,    2.2079,    2.2643,    2.3103,    2.1483,    2.1173,    2.1987,    5.5583,    5.2959,    5.2367,    5.0788,    4.6920,    4.4013,    3.8645,    3.5561,    4.3746,    3.8356,    2.9477,    2.7390,    2.1131,    1.9443,    1.4842,    1.4184,    0.9578,    0.6963,    0.5637,    0.2268,    0.2004,    0.1427,    0.0496,    0.0405,    0.0776,    0.2962,    0.6311,    1.0526,    1.5342,    2.0531,    2.5894,    2.9439,    2.5769,    1.9393,    1.8670,    2.4058,    3.1585,    4.2207,    4.8352,    5.1893,    5.2525,    5.2174,    5.3579,    5.4921,    5.5798,    5.6279,    5.6261,    5.4470,    1.8634,    1.7456,    1.7510,    1.6577,    1.7006,    1.7312,    1.8122,    1.7943,    1.8077,    1.8898,    1.8979,    1.9724,    1.5240,    1.5245,    1.5260,    1.5130,    1.5063,    1.5122,    1.4850,    1.4722,    1.4578,    1.4412,    1.4168,    1.3902,    1.4121,    1.3438,    1.3782,    1.2376,    1.2279,    1.2244,    1.1881,    1.0927,    1.0583,    1.0002,    0.9837,    0.9647,    2.5721,    2.1747,    2.0615,    1.9816,    1.7335,    1.6708,    1.5974,    1.5414,    1.4875,    1.5089,    1.4582,    1.3901,    2.2253,    2.0529,    2.0416,    1.9116,    1.6969,    1.5378,    1.4190,    1.3125,    1.2085,    1.1134,    1.0092,    0.9266,    2.2239,    1.6962,    1.1876,    1.0122,    0.7521,    0.5050,    0.3706,    0.2579,    0.1893,    0.1405,    0.1067,    0.0734,    0.0085,    0.0000,    0.0295,    0.0537,    0.0608,    0.0556,    0.0635,    0.0706,    0.0629,    0.0866,    0.0765,    0.0839,    0.1084,    0.0880,    0.1269,    0.1384,    0.1115,    0.0671,    0.0069,    0.0166,    0.0999,    0.1267,    0.2053,    0.2153,    0.2668,    0.2854,    0.2954,    0.3139,    0.3212,    0.3282,    0.3038,    0.2759,    0.2420,    0.2914,    0.4081,    0.4152,    0.7289,    0.7962,    0.8338,    0.8447,    0.8281,    0.9495,    0.9130,    0.9702,    0.8914,    1.0104,    0.9553,    1.0163,    2.2020,    2.1472,    2.2316,    2.2665,    2.2811,    1.8890,    1.9555,    2.0054,    2.0461,    1.9016,    1.8752,    1.9473,    4.9223,    4.6900,    4.6374,    4.4973,    4.1546,    3.8968,    3.4213,    3.1479,    2.3080,    2.0229,    1.5540,    1.4434,    1.1129,    1.0231,    0.7802,    0.7448,    0.5023,    0.3646,    0.2946,    0.1183,    0.1043,    0.0741,    0.0257,    0.0209
 2034,    1.0000,  262.8558,    0.3044,  102.7952,  103.2130,    0.9894,    0.9043,  158.4330,  169.0283,  169.8772,  170.8218,  171.9007,  172.5976,  173.3956,  174.4698,  175.8481,  177.8432,  180.9600,  185.7044,  192.6988,  202.4056,  214.8018,  227.7974,  238.6953,  246.5581,  252.3003,  256.1056,  258.4028,  260.0078,  260.7324,  261.1602,  261.3126,    0.0488,    0.1828,    0.3815,    0.6225,    0.8868,    1.1588,    1.4259,    1.8775,    2.7955,    3.3744,    3.8153,    3.7856,    2.7625,    2.2828,    2.0822,    2.0611,    2.2381,    2.4494,    2.2802,    2.0890,    1.9759,    1.8788,    1.8171,    1.9139,    0.6908,    0.7712,    0.7635,    0.8368,    0.8257,    0.8135,    0.8444,    0.8427,    0.8670,    0.7872,    0.7942,    0.7074,    0.4753,    0.4162,    0.3534,    0.3415,    0.3207,    0.2745,    0.3124,    0.3148,    0.3262,    0.3559,    0.4013,    0.4407,    0.5140,    0.5331,    0.4723,    0.5424,    0.5373,    0.5319,    0.5273,    0.5482,    0.5471,    0.5482,    0.5245,    0.5188,    1.3981,    1.5834,    1.5365,    1.4838,    1.5824,    1.5250,    1.4791,    1.4214,    1.3646,    1.2401,    1.1853,    1.1368,    1.5640,    1.4592,    1.2301,    1.1319,    1.1216,    1.0455,    0.9639,    0.8831,    0.8119,    0.7441,    0.7047,    0.6449,    1.8045,    1.3726,    1.1608,    0.7130,    0.5308,    0.4602,    0.3394,    0.2704,    0.1953,    0.1370,    0.0909,    0.0700,    0.0750,    0.0461,    0.0601,    0.0633,    0.0709,    0.0661,    0.0739,    0.0831,    0.0730,    0.1004,    0.0888,    0.0973,    0.1108,    0.0903,    0.1316,    0.1464,    0.1208,    0.1495,    0.1848,    0.1967,    0.1921,    0.1183,    0.1885,    0.1992,    0.2443,    0.2611,    0.2703,    0.2874,    0.2953,    0.3108,    0.3292,    0.3769,    0.4130,    0.3887,    0.3947,    0.4021,    0.6841,    0.7471,    0.7840,    0.8123,    0.8341,    0.9232,    0.8642,    0.9216,    0.9015,    0.9406,    0.8925,    0.9576,    2.0610,    2.0356,    2.0775,    2.1104,    2.1327,    2.0822,    2.1553,    2.2103,    2.2552,    2.0971,    2.0668,    2.1463,    5.4259,    5.1698,    5.1121,    4.9581,    4.5807,    4.2970,    3.7732,    3.4722,    4.4266,    3.8815,    2.9832,    2.7724,    2.1392,    1.9686,    1.5031,    1.4369,    0.9706,    0.7059,    0.5717,    0.2301,    0.2034,    0.1449,    0.0504,    0.0412,    0.0804,    0.3074,    0.6563,    1.0971,    1.6031,    2.1509,    2.7200,    3.1840,    3.0518,    2.4499,    2.3943,    3.0282,    3.7706,    4.7742,    5.3165,    5.6403,    5.7602,    5.7988,    5.9476,    6.0810,    6.1708,    6.2232,    6.2310,    6.1039,    2.1051,    2.0109,    2.0137,    1.9282,    1.9609,    1.9817,    2.0374,    2.0184,    2.0247,    2.0881,    2.0910,    2.1478,    1.6559,    1.6548,    1.6550,    1.6427,    1.6355,    1.6379,    1.6145,    1.6020,    1.5882,    1.5725,    1.5501,    1.5263,    1.5645,    1.5080,    1.5329,    1.4167,    1.4052,    1.4014,    1.3688,    1.2883,    1.2585,    1.2048,    1.1889,    1.1696,    3.1308,    2.7074,    2.5829,    2.4905,    2.2119,    2.1358,    2.0483,    1.9789,    1.9116,    1.9306,    1.8659,    1.7835,    2.8361,    2.6296,    2.5941,    2.4312,    2.1807,    1.9901,    1.8419,    1.7076,    1.5770,    1.4566,    1.3242,    1.2189,    2.9615,    2.2772,    1.6249,    1.3701,    1.0266,    0.7052,    0.5218,    0.3682,    0.2718,    0.2026,    0.1540,    0.1077,    0.0064,    0.0000,    0.0241,    0.0440,    0.0499,    0.0455,    0.0522,    0.0581,    0.0517,    0.0712,    0.0630,    0.0690,    0.0934,    0.0758,    0.1093,    0.1191,    0.0956,    0.0561,    0.0055,    0.0136,    0.0871,    0.1126,    0.1826,    0.1914,    0.2373,    0.2539,    0.2628,    0.2792,    0.2857,    0.2917,    0.2688,    0.2440,    0.2137,    0.2580,    0.3625,    0.3691,    0.6486,    0.7084,    0.7418,    0.7512,    0.7358,    0.8510,    0.8186,    0.8697,    0.7988,    0.9063,    0.8568,    0.9115,    1.9750,    1.9252,    2.0017,    2.0330,    2.0460,    1.6172,    1.6742,    1.7169,    1.7518,    1.6280,    1.6054,    1.6672,    4.2142,    4.0154,    3.9704,    3.8506,    3.5572,    3.3366,    2.9295,    2.6955,    1.7895,    1.5685,    1.2050,    1.1193,    0.8630,    0.7935,    0.6052,    0.5778,    0.3897,    0.2829,    0.2287,    0.0918,    0.0810,    0.0575,    0.0200,    0.0162
 2213,    1.2500,  266.7075,    0.3143,  101.3591,  101.7528,    0.9800,    0.8397,  158.4330,  169.8547,  170.7008,  171.6687,  172.7048,  173.4042,  174.2970,  175.4961,  177.0911,  179.4012,  182.9975,  188.4033,  196.2095,  206.9040,  220.0986,  233.4131,  244.3023,  251.9198,  257.3312,  260.9119,  263.0000,  264.3116,  265.0184,  265.4399,  265.5890,    0.0488,    0.1826,    0.3811,    0.6217,    0.8855,    1.1570,    1.4235,    1.8690,    2.7770,    3.3387,    3.7694,    3.7153,    2.7078,    2.2546,    2.0648,    2.0481,    2.2218,    2.4280,    2.2593,    2.0694,    1.9574,    1.8612,    1.7996,    1.8910,    0.6816,    0.7578,    0.7503,    0.8191,    0.8097,    0.7994,    0.8368,    0.8352,    0.8640,    0.7925,    0.8029,    0.7297,    0.4965,    0.4377,    0.3724,    0.3604,    0.3379,    0.2868,    0.3298,    0.3329,    0.3439,    0.3736,    0.4172,    0.4526,    0.5213,    0.5359,    0.4793,    0.5400,    0.5353,    0.5303,    0.5243,    0.5400,    0.5375,    0.5365,    0.5120,    0.5061,    1.3626,    1.5341,    1.4864,    1.4349,    1.5301,    1.4749,    1.4315,    1.3762,    1.3218,    1.2020,    1.1497,    1.1024,    1.5136,    1.4111,    1.1889,    1.0948,    1.0857,    1.0102,    0.9313,    0.8530,    0.7842,    0.7190,    0.6826,    0.6249,    1.7542,    1.3373,    1.1406,    0.6918,    0.5160,    0.4541,    0.3360,    0.2717,    0.1973,    0.1393,    0.0923,    0.0709,    0.0732,    0.0457,    0.0586,    0.0616,    0.0690,    0.0644,    0.0722,    0.0812,    0.0712,    0.0980,    0.0867,    0.0950,    0.1077,    0.0878,    0.1279,    0.1423,    0.1175,    0.1455,    0.1812,    0.1926,    0.1876,    0.1144,    0.1822,    0.1926,    0.2362,    0.2524,    0.2613,    0.2778,    0.2855,    0.3006,    0.3202,    0.3664,    0.4016,    0.3778,    0.3836,    0.3907,    0.6646,    0.7258,    0.7616,    0.7893,    0.8106,    0.8992,    0.8416,    0.8976,    0.8779,    0.9159,    0.8690,    0.9326,    2.0069,    1.9824,    2.0229,    2.0549,    2.0767,    2.0457,    2.1174,    2.1715,    2.2156,    2.0603,    2.0306,    2.1087,    5.3308,    5.0793,    5.0227,    4.8715,    4.5008,    4.2222,    3.7076,    3.4120,    4.4591,    3.9103,    3.0056,    2.7934,    2.1556,    1.9840,    1.5151,    1.4487,    0.9788,    0.7120,    0.5768,    0.2322,    0.2054,    0.1464,    0.0510,    0.0417,    0.0822,    0.3149,    0.6733,    1.1274,    1.6501,    2.2178,    2.8096,    3.3367,    3.3997,    2.8859,    2.8593,    3.5596,    4.2435,    5.1596,    5.6426,    5.9507,    6.1090,    6.1985,    6.3563,    6.4927,    6.5872,    6.6456,    6.6627,    6.5740,    2.2787,    2.2055,    2.2065,    2.1325,    2.1565,    2.1700,    2.2073,    2.1885,    2.1898,    2.2388,    2.2378,    2.2812,    1.7562,    1.7542,    1.7534,    1.7415,    1.7341,    1.7348,    1.7135,    1.7012,    1.6878,    1.6728,    1.6520,    1.6304,    1.6807,    1.6333,    1.6512,    1.5548,    1.5421,    1.5373,    1.5083,    1.4407,    1.4145,    1.3667,    1.3514,    1.3324,    3.5780,    3.1538,    3.0229,    2.9213,    2.6263,    2.5396,    2.4413,    2.3608,    2.2821,    2.2959,    2.2194,    2.1259,    3.3622,    3.1296,    3.0674,    2.8772,    2.6014,    2.3870,    2.2146,    2.0569,    1.9039,    1.7621,    1.6062,    1.4816,    3.6338,    2.8117,    2.0348,    1.7024,    1.2838,    0.8968,    0.6678,    0.4760,    0.3531,    0.2638,    0.2008,    0.1422,    0.0048,    0.0000,    0.0198,    0.0363,    0.0412,    0.0376,    0.0432,    0.0481,    0.0428,    0.0590,    0.0521,    0.0571,    0.0809,    0.0657,    0.0947,    0.1032,    0.0826,    0.0474,    0.0045,    0.0112,    0.0767,    0.1006,    0.1632,    0.1711,    0.2122,    0.2270,    0.2350,    0.2497,    0.2554,    0.2606,    0.2392,    0.2169,    0.1898,    0.2296,    0.3236,    0.3297,    0.5797,    0.6331,    0.6631,    0.6711,    0.6569,    0.7658,    0.7369,    0.7827,    0.7188,    0.8161,    0.7715,    0.8207,    1.7784,    1.7332,    1.8026,    1.8308,    1.8424,    1.3909,    1.4400,    1.4767,    1.5067,    1.4003,    1.3809,    1.4340,    3.6247,    3.4538,    3.4151,    3.3121,    3.0597,    2.8700,    2.5199,    2.3187,    1.3917,    1.2199,    0.9372,    0.8705,    0.6713,    0.6172,    0.4708,    0.4495,    0.3032,    0.2202,    0.1780,    0.0715,    0.0630,    0.0448,    0.0155,    0.0126
 2432,    1.5000,  269.8031,    0.3219,  100.2439,  100.6229,    0.9788,    0.7794,  158.4330,  170.5519,  171.4059,  172.3670,  173.3973,  174.1041,  175.0016,  176.2960,  178.1034,  180.7032,  184.8064,  190.9018,  199.4991,  210.9037,  224.6053,  238.1767,  248.8048,  256.2086,  261.3159,  264.6971,  266.6138,  267.7098,  268.3297,  268.7634,  268.9087,    0.0487,    0.1825,    0.3808,    0.6211,    0.8847,    1.1558,    1.4219,    1.8634,    2.7632,    3.3101,    3.7297,    3.6613,    2.6734,    2.2377,    2.0538,    2.0396,    2.2111,    2.4141,    2.2457,    2.0568,    1.9455,    1.8498,    1.7882,    1.8763,    0.6757,    0.7493,    0.7419,    0.8076,    0.7991,    0.7898,    0.8307,    0.8288,    0.8603,    0.7956,    0.8080,    0.7460,    0.5131,    0.4551,    0.3883,    0.3764,    0.3524,    0.2970,    0.3446,    0.3481,    0.3585,    0.3879,    0.4294,    0.4612,    0.5260,    0.5372,    0.4843,    0.5378,    0.5333,    0.5287,    0.5219,    0.5342,    0.5307,    0.5284,    0.5036,    0.4975,    1.3386,    1.4981,    1.4497,    1.3989,    1.4885,    1.4349,    1.3930,    1.3394,    1.2867,    1.1721,    1.1214,    1.0750,    1.4754,    1.3743,    1.1587,    1.0673,    1.0580,    0.9828,    0.9058,    0.8293,    0.7623,    0.6989,    0.6640,    0.6079,    1.7070,    1.3025,    1.1155,    0.6713,    0.5010,    0.4448,    0.3296,    0.2694,    0.1963,    0.1393,    0.0922,    0.0706,    0.0718,    0.0454,    0.0576,    0.0605,    0.0678,    0.0632,    0.0710,    0.0798,    0.0700,    0.0964,    0.0853,    0.0934,    0.1054,    0.0860,    0.1252,    0.1393,    0.1150,    0.1424,    0.1780,    0.1891,    0.1838,    0.1113,    0.1773,    0.1874,    0.2298,    0.2455,    0.2541,    0.2703,    0.2777,    0.2925,    0.3130,    0.3579,    0.3922,    0.3689,    0.3748,    0.3817,    0.6492,    0.7090,    0.7440,    0.7711,    0.7919,    0.8798,    0.8235,    0.8783,    0.8589,    0.8961,    0.8503,    0.9125,    1.9636,    1.9398,    1.9792,    2.0105,    2.0319,    2.0191,    2.0899,    2.1433,    2.1868,    2.0335,    2.0042,    2.0813,    5.2616,    5.0134,    4.9576,    4.8085,    4.4426,    4.1677,    3.6599,    3.3683,    4.4795,    3.9284,    3.0196,    2.8066,    2.1660,    1.9939,    1.5228,    1.4563,    0.9841,    0.7160,    0.5803,    0.2337,    0.2068,    0.1474,    0.0514,    0.0420,    0.0836,    0.3205,    0.6861,    1.1501,    1.6852,    2.2679,    2.8767,    3.4434,    3.6562,    3.2558,    3.2666,    4.0117,    4.6113,    5.4374,    5.8787,    6.1812,    6.3665,    6.4914,    6.6579,    6.7990,    6.8994,    6.9644,    6.9900,    6.9288,    2.4096,    2.3529,    2.3527,    2.2906,    2.3080,    2.3164,    2.3412,    2.3230,    2.3210,    2.3594,    2.3555,    2.3893,    1.8379,    1.8352,    1.8337,    1.8221,    1.8147,    1.8139,    1.7943,    1.7823,    1.7693,    1.7548,    1.7353,    1.7152,    1.7744,    1.7337,    1.7465,    1.6652,    1.6517,    1.6456,    1.6198,    1.5623,    1.5390,    1.4966,    1.4817,    1.4631,    3.9385,    3.5291,    3.3946,    3.2861,    2.9849,    2.8896,    2.7830,    2.6931,    2.6050,    2.6115,    2.5250,    2.4228,    3.8141,    3.5609,    3.4716,    3.2588,    2.9655,    2.7329,    2.5404,    2.3631,    2.1915,    2.0315,    1.8565,    1.7154,    4.2405,    3.2974,    2.4135,    2.0068,    1.5211,    1.0768,    0.8058,    0.5791,    0.4312,    0.3229,    0.2460,    0.1758,    0.0037,    0.0000,    0.0164,    0.0301,    0.0342,    0.0312,    0.0359,    0.0400,    0.0356,    0.0491,    0.0434,    0.0475,    0.0704,    0.0572,    0.0824,    0.0897,    0.0716,    0.0404,    0.0037,    0.0094,    0.0680,    0.0902,    0.1465,    0.1536,    0.1905,    0.2038,    0.2110,    0.2242,    0.2293,    0.2338,    0.2137,    0.1936,    0.1693,    0.2052,    0.2900,    0.2956,    0.5200,    0.5679,    0.5948,    0.6017,    0.5886,    0.6913,    0.6655,    0.7067,    0.6488,    0.7373,    0.6969,    0.7412,    1.6065,    1.5652,    1.6284,    1.6538,    1.6643,    1.2004,    1.2428,    1.2745,    1.3004,    1.2085,    1.1918,    1.2376,    3.1283,    2.9808,    2.9475,    2.8586,    2.6408,    2.4771,    2.1750,    2.0013,    1.0853,    0.9513,    0.7309,    0.6789,    0.5236,    0.4814,    0.3672,    0.3507,    0.2366,    0.1718,    0.1389,    0.0558,    0.0492,    0.0350,    0.0121,    0.0099
 2608,    1.7500,  272.2393,    0.3278,   99.3811,   99.7409,    0.9703,    0.9548,  158.4330,  171.0598,  171.9038,  172.8804,  173.8944,  174.6093,  175.5996,  177.0000,  179.0047,  181.9769,  186.4966,  193.1035,  202.4092,  214.4684,  228.5958,  242.0993,  252.5334,  259.6039,  264.5001,  267.6872,  269.4124,  270.4233,  270.9681,  271.3789,  271.5271,    0.0487,    0.1825,    0.3807,    0.6210,    0.8844,    1.1554,    1.4213,    1.8599,    2.7530,    3.2872,    3.6958,    3.6195,    2.6509,    2.2267,    2.0467,    2.0344,    2.2045,    2.4051,    2.2370,    2.0487,    1.9379,    1.8426,    1.7811,    1.8667,    0.6719,    0.7436,    0.7363,    0.7998,    0.7918,    0.7830,    0.8260,    0.8236,    0.8569,    0.7975,    0.8111,    0.7585,    0.5266,    0.4698,    0.4023,    0.3906,    0.3654,    0.3064,    0.3580,    0.3617,    0.3712,    0.3998,    0.4391,    0.4678,    0.5294,    0.5380,    0.4882,    0.5361,    0.5317,    0.5274,    0.5201,    0.5300,    0.5259,    0.5227,    0.4977,    0.4915,    1.3219,    1.4714,    1.4225,    1.3722,    1.4554,    1.4028,    1.3619,    1.3096,    1.2581,    1.1485,    1.0990,    1.0531,    1.4462,    1.3461,    1.1361,    1.0467,    1.0365,    0.9615,    0.8858,    0.8107,    0.7449,    0.6829,    0.6487,    0.5938,    1.6646,    1.2702,    1.0889,    0.6526,    0.4869,    0.4341,    0.3219,    0.2649,    0.1934,    0.1378,    0.0911,    0.0696,    0.0705,    0.0451,    0.0568,    0.0598,    0.0670,    0.0624,    0.0701,    0.0789,    0.0692,    0.0953,    0.0843,    0.0923,    0.1037,    0.0845,    0.1231,    0.1370,    0.1131,    0.1398,    0.1751,    0.1860,    0.1806,    0.1088,    0.1733,    0.1832,    0.2246,    0.2401,    0.2485,    0.2642,    0.2715,    0.2860,    0.3072,    0.3508,    0.3843,    0.3615,    0.3677,    0.3745,    0.6370,    0.6957,    0.7299,    0.7566,    0.7770,    0.8641,    0.8089,    0.8628,    0.8435,    0.8802,    0.8351,    0.8963,    1.9287,    1.9054,    1.9440,    1.9747,    1.9957,    1.9995,    2.0697,    2.1225,    2.1657,    2.0138,    1.9848,    2.0612,    5.2107,    4.9650,    4.9098,    4.7621,    4.3999,    4.1277,    3.6249,    3.3361,    4.4924,    3.9398,    3.0286,    2.8151,    2.1727,    2.0002,    1.5278,    1.4613,    0.9876,    0.7187,    0.5825,    0.2347,    0.2077,    0.1481,    0.0516,    0.0422,    0.0846,    0.3247,    0.6958,    1.1673,    1.7121,    2.3061,    2.9280,    3.5217,    3.8469,    3.5681,    3.6212,    4.3945,    4.8972,    5.6412,    6.0547,    6.3565,    6.5616,    6.7119,    6.8858,    7.0317,    7.1376,    7.2087,    7.2415,    7.2003,    2.5097,    2.4654,    2.4645,    2.4131,    2.4254,    2.4301,    2.4462,    2.4290,    2.4246,    2.4544,    2.4486,    2.4746,    1.9021,    1.8986,    1.8962,    1.8850,    1.8774,    1.8756,    1.8573,    1.8456,    1.8330,    1.8191,    1.8009,    1.7823,    1.8489,    1.8134,    1.8218,    1.7527,    1.7388,    1.7315,    1.7081,    1.6589,    1.6376,    1.6001,    1.5855,    1.5673,    4.2270,    3.8407,    3.7046,    3.5910,    3.2909,    3.1886,    3.0755,    2.9780,    2.8821,    2.8797,    2.7849,    2.6760,    4.1954,    3.9264,    3.8105,    3.5793,    3.2745,    3.0282,    2.8192,    2.6257,    2.4386,    2.2635,    2.0735,    1.9185,    4.7743,    3.7272,    2.7534,    2.2772,    1.7332,    1.2403,    0.9318,    0.6740,    0.5033,    0.3777,    0.2878,    0.2071,    0.0029,    0.0000,    0.0136,    0.0250,    0.0284,    0.0260,    0.0300,    0.0334,    0.0297,    0.0409,    0.0362,    0.0397,    0.0615,    0.0499,    0.0719,    0.0783,    0.0624,    0.0346,    0.0031,    0.0079,    0.0606,    0.0812,    0.1319,    0.1382,    0.1715,    0.1835,    0.1900,    0.2018,    0.2064,    0.2104,    0.1916,    0.1734,    0.1515,    0.1840,    0.2606,    0.2658,    0.4677,    0.5108,    0.5350,    0.5410,    0.5290,    0.6258,    0.6025,    0.6397,    0.5872,    0.6677,    0.6311,    0.6712,    1.4548,    1.4172,    1.4747,    1.4977,    1.5071,    1.0387,    1.0753,    1.1027,    1.1251,    1.0457,    1.0311,    1.0708,    2.7067,    2.5791,    2.5503,    2.4734,    2.2850,    2.1434,    1.8819,    1.7317,    0.8484,    0.7437,    0.5714,    0.5308,    0.4093,    0.3764,    0.2872,    0.2742,    0.1850,    0.1344,    0.1086,    0.0436,    0.0385,    0.0274,    0.0095,    0.0077
 2791,    2.0000,  274.2439,    0.3325,   98.6966,   99.0475,    0.9707,    0.9698,  158.4330,  171.4793,  172.3413,  173.3064,  174.3028,  175.0285,  176.0992,  177.6084,  179.8152,  183.0966,  188.0220,  195.2367,  205.1422,  217.6986,  232.0043,  245.5001,  255.6384,  262.4147,  267.1051,  270.1037,  271.7061,  272.6285,  273.0801,  273.4920,  273.5555,    0.0487,    0.1824,    0.3806,    0.6208,    0.8842,    1.1551,    1.4209,    1.8572,    2.7447,    3.2690,    3.6681,    3.5876,    2.6351,    2.2186,    2.0413,    2.0306,    2.1996,    2.3984,    2.2305,    2.0426,    1.9323,    1.8373,    1.7758,    1.8595,    0.6689,    0.7394,    0.7320,    0.7939,    0.7861,    0.7776,    0.8218,    0.8189,    0.8533,    0.7984,    0.8127,    0.7679,    0.5375,    0.4822,    0.4146,    0.4031,    0.3769,    0.3146,    0.3697,    0.3737,    0.3822,    0.4097,    0.4469,    0.4727,    0.5316,    0.5383,    0.4912,    0.5345,    0.5301,    0.5261,    0.5185,    0.5265,    0.5220,    0.5183,    0.4931,    0.4869,    1.3091,    1.4511,    1.4018,    1.3518,    1.4297,    1.3778,    1.3375,    1.2860,    1.2355,    1.1299,    1.0813,    1.0358,    1.4234,    1.3240,    1.1187,    1.0306,    1.0195,    0.9447,    0.8700,    0.7959,    0.7311,    0.6701,    0.6363,    0.5824,    1.6290,    1.2426,    1.0649,    0.6367,    0.4748,    0.4241,    0.3144,    0.2599,    0.1900,    0.1357,    0.0897,    0.0683,    0.0695,    0.0448,    0.0562,    0.0592,    0.0664,    0.0619,    0.0696,    0.0782,    0.0687,    0.0945,    0.0836,    0.0916,    0.1024,    0.0835,    0.1215,    0.1352,    0.1117,    0.1376,    0.1726,    0.1832,    0.1779,    0.1068,    0.1701,    0.1799,    0.2205,    0.2357,    0.2439,    0.2594,    0.2665,    0.2808,    0.3025,    0.3449,    0.3776,    0.3554,    0.3621,    0.3687,    0.6271,    0.6849,    0.7186,    0.7449,    0.7648,    0.8513,    0.7970,    0.8501,    0.8308,    0.8672,    0.8228,    0.8831,    1.9003,    1.8774,    1.9154,    1.9457,    1.9663,    1.9850,    2.0547,    2.1071,    2.1500,    1.9992,    1.9704,    2.0463,    5.1730,    4.9291,    4.8743,    4.7278,    4.3683,    4.0981,    3.5989,    3.3123,    4.5006,    3.9471,    3.0343,    2.8205,    2.1770,    2.0043,    1.5311,    1.4646,    0.9900,    0.7205,    0.5841,    0.2353,    0.2083,    0.1486,    0.0518,    0.0424,    0.0855,    0.3281,    0.7035,    1.1811,    1.7335,    2.3366,    2.9689,    3.5822,    3.9902,    3.8310,    3.9294,    4.7189,    5.1216,    5.7965,    6.1927,    6.4963,    6.7165,    6.8855,    7.0662,    7.2170,    7.3282,    7.4048,    7.4439,    7.4175,    2.5894,    2.5543,    2.5529,    2.5106,    2.5192,    2.5213,    2.5316,    2.5153,    2.5094,    2.5329,    2.5257,    2.5460,    1.9563,    1.9524,    1.9495,    1.9386,    1.9310,    1.9282,    1.9111,    1.8996,    1.8873,    1.8737,    1.8563,    1.8386,    1.9108,    1.8791,    1.8845,    1.8244,    1.8103,    1.8020,    1.7806,    1.7376,    1.7178,    1.6843,    1.6698,    1.6519,    4.4617,    4.1025,    3.9659,    3.8483,    3.5544,    3.4465,    3.3284,    3.2244,    3.1219,    3.1096,    3.0079,    2.8937,    4.5203,    4.2388,    4.0977,    3.8514,    3.5392,    3.2822,    3.0598,    2.8526,    2.6527,    2.4649,    2.2631,    2.0964,    5.2482,    4.1109,    3.0610,    2.5199,    1.9245,    1.3899,    1.0476,    0.7620,    0.5705,    0.4287,    0.3267,    0.2366,    0.0023,    0.0000,    0.0113,    0.0209,    0.0237,    0.0216,    0.0251,    0.0279,    0.0248,    0.0342,    0.0302,    0.0331,    0.0538,    0.0437,    0.0628,    0.0684,    0.0544,    0.0298,    0.0026,    0.0068,    0.0543,    0.0733,    0.1191,    0.1247,    0.1548,    0.1657,    0.1715,    0.1822,    0.1863,    0.1899,    0.1722,    0.1557,    0.1360,    0.1653,    0.2347,    0.2395,    0.4216,    0.4604,    0.4822,    0.4875,    0.4765,    0.5676,    0.5466,    0.5803,    0.5326,    0.6059,    0.5727,    0.6090,    1.3200,    1.2857,    1.3382,    1.3591,    1.3676,    0.9003,    0.9321,    0.9559,    0.9753,    0.9064,    0.8938,    0.9282,    2.3463,    2.2357,    2.2107,    2.1441,    1.9808,    1.8580,    1.6314,    1.5012,    0.6647,    0.5827,    0.4477,    0.4159,    0.3207,    0.2950,    0.2250,    0.2149,    0.1450,    0.1053,    0.0852,    0.0342,    0.0302,    0.0215,    0.0074,    0.0061
