Particle       ,data/QEXT_96IR_84_VIS_RNC10_6_9umrod
Ncase          ,  14
dt (sols)      ,  0.020833
Qext 0.67um    ,  1.955726
Alb sfc        ,  0.220000
Conrath nu     ,  0.002000
Sun Flux (W/m2),148.393084
BWN IR (cm-1)  ,     10.0000,     34.1670,     58.3330,     82.5000,    106.6670,    130.8330,    155.0000,    179.1670,    203.3330,    227.5000,    251.6670,    275.8330,    300.0000,    320.7880,    341.5750,    362.3630,    383.1500,    403.9380,    424.7250,    445.5130,    466.3010,    487.0880,    507.8760,    528.6630,    549.4510,    556.7420,    564.0330,    571.3240,    578.6150,    585.9060,    593.1970,    600.4880,    607.7790,    615.0700,    622.3610,    629.6520,    636.9430,    642.5500,    648.1570,    653.7640,    659.3700,    664.9770,    670.5840,    676.1910,    681.7980,    687.4050,    693.0110,    698.6180,    704.2250,    710.1390,    716.0530,    721.9670,    727.8810,    733.7950,    739.7090,    745.6240,    751.5380,    757.4520,    763.3660,    769.2800,    775.1940,    791.5010,    807.8070,    824.1140,    840.4210,    856.7270,    873.0340,    889.3410,    905.6470,    921.9540,    938.2610,    954.5670,    970.8740,    996.8050,   1022.7370,   1048.6680,   1074.6000,   1100.5310,   1126.4630,   1152.3940,   1178.3250,   1204.2570,   1230.1880,   1256.1200,   1282.0510,   1360.3990,   1438.7460,   1517.0940,   1595.4410,   1673.7890,   1752.1370,   1830.4840,   1908.8320,   1987.1790,   2065.5270,   2143.8740,   2222.2220
BWN VIS (cm-1) ,   2222.2200,   2294.3160,   2366.4120,   2438.5080,   2510.6030,   2582.6990,   2654.7950,   2726.8910,   2798.9870,   2871.0820,   2943.1780,   3015.2740,   3087.3700,   3165.9750,   3244.5800,   3323.1850,   3401.7900,   3480.3950,   3559.0000,   3637.6050,   3716.2100,   3794.8150,   3873.4200,   3952.0250,   4030.6300,   4142.2920,   4253.9530,   4365.6150,   4477.2770,   4588.9380,   4700.6000,   4812.2620,   4923.9230,   5035.5850,   5147.2470,   5258.9080,   5370.5700,   5560.6150,   5750.6600,   5940.7050,   6130.7500,   6320.7950,   6510.8400,   6700.8850,   6890.9300,   7080.9750,   7271.0200,   7461.0650,   7651.1100,   8055.1840,   8459.2580,   8863.3330,   9267.4070,   9671.4810,  10075.5550,  10479.6290,  10883.7030,  11287.7780,  11691.8520,  12095.9260,  12500.0000,  13541.6670,  14583.3330,  15625.0000,  16666.6670,  17708.3330,  18750.0000,  19791.6670,  20833.3330,  21875.0000,  22916.6670,  23958.3330,  25000.0000,  26388.8890,  27777.7780,  29166.6670,  30555.5570,  31944.4460,  33333.3350,  34722.2240,  36111.1130,  37500.0030,  38888.8920,  40277.7810,  41666.6700
SUN VIS (W/m2) ,      0.1008,      0.0862,      0.0968,      0.1089,      0.1224,      0.1136,      0.1248,      0.1400,      0.1233,      0.1698,      0.1502,      0.1645,      0.1814,      0.1477,      0.2144,      0.2377,      0.1946,      0.2106,      0.2276,      0.2472,      0.2683,      0.1918,      0.3072,      0.3239,      0.3986,      0.4261,      0.4410,      0.4688,      0.4810,      0.5017,      0.5013,      0.5485,      0.5772,      0.5665,      0.6183,      0.6303,      1.0809,      1.1806,      1.2379,      1.2751,      1.2949,      1.4092,      1.3262,      1.4132,      1.3634,      1.4505,      1.3747,      1.4716,      3.1730,      3.1258,      3.2038,      3.2543,      3.2846,      3.1576,      3.2685,      3.3520,      3.4202,      3.1800,      3.1347,      3.2554,      8.2299,      7.8425,      7.7561,      7.5237,      6.9524,      6.5235,      5.7299,      5.2748,      5.0739,      4.4511,      3.4228,      3.1828,      2.4579,      2.2644,      1.7312,      1.6575,      1.1215,      0.8173,      0.6634,      0.2677,      0.2374,      0.1697,      0.0593,      0.0486
================
wavelenght [um],    0.244068,    0.252632,    0.261818,    0.271698,    0.282353,    0.293878,    0.306383,    0.320000,    0.334884,    0.351220,    0.369231,    0.389189,    0.408511,    0.426667,    0.446512,    0.468293,    0.492308,    0.518919,    0.548571,    0.581818,    0.619355,    0.662069,    0.711111,    0.768000,    0.813143,    0.840768,    0.870336,    0.902060,    0.936184,    0.972991,    1.012810,    1.056028,    1.103099,    1.154562,    1.211061,    1.273375,    1.323436,    1.357581,    1.393534,    1.431444,    1.471474,    1.513807,    1.558648,    1.606226,    1.656801,    1.710664,    1.768147,    1.829628,    1.881560,    1.921939,    1.964090,    2.008131,    2.054193,    2.102417,    2.152960,    2.205992,    2.261704,    2.320302,    2.382017,    2.447105,    2.505432,    2.555765,    2.608162,    2.662752,    2.719677,    2.779088,    2.841153,    2.906054,    2.973989,    3.045176,    3.119855,    3.198288,    3.277268,    3.356577,    3.439819,    3.527294,    3.619334,    3.716307,    3.818620,    3.926726,    4.041130,    4.162400,    4.291175,    4.428172,    4.580751,    4.751270,    4.934974,    5.133456,    5.348572,    5.582505,    5.837838,    6.117648,    6.425631,    6.766266,    7.145039,    7.568734,    7.879690,    8.044056,    8.215425,    8.394255,    8.581043,    8.776330,    8.980716,    9.194848,    9.419442,    9.655282,    9.903235,   10.164260,   10.387231,   10.566200,   10.751445,   10.943308,   11.142136,   11.348323,   11.562291,   11.784476,   12.015368,   12.255495,   12.505409,   12.765727,   12.949392,   13.049328,   13.150818,   13.253898,   13.358608,   13.464994,   13.573088,   13.682923,   13.794549,   13.908012,   14.023357,   14.140631,   14.256763,   14.371646,   14.488386,   14.607038,   14.727660,   14.850291,   14.974981,   15.101782,   15.230738,   15.361915,   15.495384,   15.631191,   15.790367,   15.974275,   16.162517,   16.355249,   16.552633,   16.754839,   16.962047,   17.174443,   17.392227,   17.615605,   17.844795,   18.080028,   18.550914,   19.294981,   20.101230,   20.977796,   21.934298,   22.982219,   24.135264,   25.410119,   26.827165,   28.411593,   30.194923,   32.217118,   34.732292,   37.914692,   41.739101,   46.421699,   52.287582,   59.850314,   69.970927,   84.210526,  105.726686,  142.012170,  216.216216,  452.826771
Qext           ,      2.1996,      2.1996,      2.1996,      2.1996,      2.1996,      2.1996,      2.1996,      2.1996,      2.1996,      2.1996,      2.1996,      2.1996,      2.1996,      2.1996,      2.1996,      2.1996,      1.9557,      1.9557,      1.9557,      1.9557,      1.9557,      1.9557,      1.9557,      1.9557,      1.9557,      1.9557,      1.9557,      1.9557,      1.9557,      1.9557,      1.9557,      1.7681,      1.7681,      1.7681,      1.7681,      1.7681,      1.7681,      1.7681,      1.7681,      1.7681,      1.7681,      1.7681,      1.7681,      1.9100,      1.9100,      1.9100,      1.9100,      1.9100,      1.9100,      1.9100,      1.9100,      1.9100,      1.9100,      1.9100,      2.0494,      2.0494,      2.0494,      2.0494,      2.0494,      2.0494,      2.0494,      2.0494,      2.0494,      2.0494,      2.4340,      2.4340,      2.4340,      2.4340,      2.4340,      2.4340,      2.4340,      2.4340,      2.4263,      2.4263,      2.4263,      2.4263,      2.4263,      2.4263,      3.1073,      3.1073,      3.1073,      3.1073,      3.1073,      2.8200,      2.8200,      2.8200,      3.0979,      3.0979,      3.0979,      3.3752,      3.3752,      4.4206,      4.4206,      5.4087,      4.2375,      4.2375,      3.3627,      3.3627,      4.1170,      4.1170,      4.1170,      4.4074,      4.4074,      4.4074,      5.3843,      5.3843,      5.9128,      5.9128,      5.5766,      5.5766,      5.5766,      5.3430,      5.3430,      5.3430,      6.0201,      6.0201,      6.9564,      6.9564,      6.9564,      8.2160,      8.2160,      8.2160,      8.2099,      8.2099,      8.2099,      8.2099,      8.2099,      7.5446,      7.5446,      7.5446,      7.5446,      7.5446,      6.8849,      6.8849,      6.8849,      6.8849,      5.6009,      5.6009,      5.6009,      5.6009,      5.6009,      4.5147,      4.5147,      4.5147,      4.5147,      4.5454,      4.5454,      4.5454,      4.9172,      4.9172,      4.4369,      4.4369,      4.4369,      4.7078,      4.7078,      5.1691,      5.4908,      6.3900,      7.3232,      7.8475,      7.8297,      8.8506,     11.4423,     15.0859,     15.5634,     17.3276,     19.7690,     22.0966,     18.9440,     20.2752,     11.3801,      3.4794,      1.9568,      2.0182,      2.0182,      2.0182,      2.0182,      2.0182,      2.0182,      2.0182
Qscat          ,      1.4454,      1.4454,      1.4454,      1.4454,      1.4454,      1.4454,      1.4454,      1.4454,      1.4454,      1.4454,      1.4454,      1.4454,      1.4454,      1.4454,      1.4454,      1.4454,      1.7273,      1.7273,      1.7273,      1.7273,      1.7273,      1.7273,      1.7273,      1.7273,      1.7273,      1.7273,      1.7273,      1.7273,      1.7273,      1.7273,      1.7273,      1.6318,      1.6318,      1.6318,      1.6318,      1.6318,      1.6318,      1.6318,      1.6318,      1.6318,      1.6318,      1.6318,      1.6318,      1.7754,      1.7754,      1.7754,      1.7754,      1.7754,      1.7754,      1.7754,      1.7754,      1.7754,      1.7754,      1.7754,      1.9038,      1.9038,      1.9038,      1.9038,      1.9038,      1.9038,      1.9038,      1.9038,      1.9038,      1.9038,      2.2434,      2.2434,      2.2434,      2.2434,      2.2434,      2.2434,      2.2434,      2.2434,      2.2819,      2.2819,      2.2819,      2.2819,      2.2819,      2.2819,      2.8435,      2.8435,      2.8435,      2.8435,      2.8435,      2.6238,      2.6238,      2.6238,      2.8768,      2.8768,      2.8768,      3.0987,      3.0987,      4.0128,      4.0128,      4.7965,      3.7217,      3.7217,      3.0062,      3.0062,      3.6950,      3.6950,      3.6950,      3.9868,      3.9868,      3.9868,      4.7646,      4.7646,      5.1988,      5.1988,      4.9836,      4.9836,      4.9836,      4.7723,      4.7723,      4.7723,      5.3135,      5.3135,      6.0246,      6.0246,      6.0246,      7.0190,      7.0190,      7.0190,      6.8279,      6.8279,      6.8279,      6.8279,      6.8279,      6.2239,      6.2239,      6.2239,      6.2239,      6.2239,      5.5392,      5.5392,      5.5392,      5.5392,      4.4967,      4.4967,      4.4967,      4.4967,      4.4967,      3.5392,      3.5392,      3.5392,      3.5392,      3.4027,      3.4027,      3.4027,      3.6007,      3.6007,      3.4646,      3.4646,      3.4646,      3.7825,      3.7825,      4.2050,      4.4123,      5.1511,      5.6809,      5.6915,      5.5805,      6.5983,      8.8715,     11.7127,     11.4122,     11.7792,     11.0667,     10.4262,     11.2856,     10.8438,      7.2651,      2.2518,      1.0281,      0.9803,      0.9803,      0.9803,      0.9803,      0.9803,      0.9803,      0.9803
G factor       ,      0.6780,      0.6780,      0.6780,      0.6780,      0.6780,      0.6780,      0.6780,      0.6780,      0.6780,      0.6780,      0.6780,      0.6780,      0.6780,      0.6780,      0.6780,      0.6780,      0.3560,      0.3560,      0.3560,      0.3560,      0.3560,      0.3560,      0.3560,      0.3560,      0.3560,      0.3560,      0.3560,      0.3560,      0.3560,      0.3560,      0.3560,      0.3410,      0.3410,      0.3410,      0.3410,      0.3410,      0.3410,      0.3410,      0.3410,      0.3410,      0.3410,      0.3410,      0.3410,      0.3130,      0.3130,      0.3130,      0.3130,      0.3130,      0.3130,      0.3130,      0.3130,      0.3130,      0.3130,      0.3130,      0.2390,      0.2390,      0.2390,      0.2390,      0.2390,      0.2390,      0.2390,      0.2390,      0.2390,      0.2390,      0.2920,      0.2920,      0.2920,      0.2920,      0.2920,      0.2920,      0.2920,      0.2920,      0.2440,      0.2440,      0.2440,      0.2440,      0.2440,      0.2440,      0.2250,      0.2250,      0.2250,      0.2250,      0.2250,      0.3350,      0.3350,      0.3350,      0.2510,      0.2510,      0.2510,      0.3030,      0.3030,      0.2740,      0.2740,      0.1880,      0.1920,      0.1920,      0.2100,      0.2100,      0.1860,      0.1860,      0.1860,      0.1880,      0.1880,      0.1880,      0.2260,      0.2260,      0.1900,      0.1900,      0.2030,      0.2030,      0.2030,      0.2680,      0.2680,      0.2680,      0.3290,      0.3290,      0.3010,      0.3010,      0.3010,      0.2320,      0.2320,      0.2320,      0.0830,      0.0830,      0.0830,      0.0830,      0.0830,     -0.0430,     -0.0430,     -0.0430,     -0.0430,     -0.0430,     -0.0920,     -0.0920,     -0.0920,     -0.0920,     -0.1450,     -0.1450,     -0.1450,     -0.1450,     -0.1450,     -0.1630,     -0.1630,     -0.1630,     -0.1630,     -0.1030,     -0.1030,     -0.1030,     -0.0760,     -0.0760,     -0.0390,     -0.0390,     -0.0390,      0.0130,      0.0130,      0.0440,      0.0560,      0.0900,      0.1100,      0.1260,      0.1820,      0.2540,      0.2640,      0.2360,      0.1990,      0.1560,      0.0580,      0.0330,     -0.0060,      0.0940,      0.0570,      0.0260,     -0.0390,     -0.0710,     -0.0710,     -0.0710,     -0.0710,     -0.0710,     -0.0710,     -0.0710
================
P [mbar]       ,    0.1004,    0.1015,    0.1034,    0.1069,    0.1130,    0.1239,    0.1432,    0.1740,    0.2226,    0.3028,    0.4349,    0.6529,    1.0121,    1.6044,    2.4646,    3.4606,    4.3994,    5.2226,    5.8426,    6.2132,    6.3980,    6.4686,    6.5039,    6.5168
Temp initial[K],  155.0000,  155.0000,  155.0000,  155.0000,  155.0000,  155.0000,  155.0000,  155.0000,  155.0000,  155.0000,  155.0000,  155.0000,  158.8233,  165.4041,  173.2716,  181.4436,  190.2788,  198.8130,  204.5783,  207.8249,  209.4219,  210.0497,  210.3719,  210.4891
================
it   ,   tau    ,  Tsfc    ,   alb    ,   OLR    ,    ASR   ,  NET top ,  NET bot , T lev  01, T lev  02, T lev  03, T lev  04, T lev  05, T lev  06, T lev  07, T lev  08, T lev  09, T lev  10, T lev  11, T lev  12, T lev  13, T lev  14, T lev  15, T lev  16, T lev  17, T lev  18, T lev  19, T lev  20, T lev  21, T lev  22, T lev  23, T lev  24, T lev  25,  OLR IR01,  OLR IR02,  OLR IR03,  OLR IR04,  OLR IR05,  OLR IR06,  OLR IR07,  OLR IR08,  OLR IR09,  OLR IR10,  OLR IR11,  OLR IR12,  OLR IR13,  OLR IR14,  OLR IR15,  OLR IR16,  OLR IR17,  OLR IR18,  OLR IR19,  OLR IR20,  OLR IR21,  OLR IR22,  OLR IR23,  OLR IR24,  OLR IR25,  OLR IR26,  OLR IR27,  OLR IR28,  OLR IR29,  OLR IR30,  OLR IR31,  OLR IR32,  OLR IR33,  OLR IR34,  OLR IR35,  OLR IR36,  OLR IR37,  OLR IR38,  OLR IR39,  OLR IR40,  OLR IR41,  OLR IR42,  OLR IR43,  OLR IR44,  OLR IR45,  OLR IR46,  OLR IR47,  OLR IR48,  OLR IR49,  OLR IR50,  OLR IR51,  OLR IR52,  OLR IR53,  OLR IR54,  OLR IR55,  OLR IR56,  OLR IR57,  OLR IR58,  OLR IR59,  OLR IR60,  OLR IR61,  OLR IR62,  OLR IR63,  OLR IR64,  OLR IR65,  OLR IR66,  OLR IR67,  OLR IR68,  OLR IR69,  OLR IR70,  OLR IR71,  OLR IR72,  OLR IR73,  OLR IR74,  OLR IR75,  OLR IR76,  OLR IR77,  OLR IR78,  OLR IR79,  OLR IR80,  OLR IR81,  OLR IR82,  OLR IR83,  OLR IR84,  OLR IR85,  OLR IR86,  OLR IR87,  OLR IR88,  OLR IR89,  OLR IR90,  OLR IR91,  OLR IR92,  OLR IR93,  OLR IR94,  OLR IR95,  OLR IR96, ASR VIS01, ASR VIS02, ASR VIS03, ASR VIS04, ASR VIS05, ASR VIS06, ASR VIS07, ASR VIS08, ASR VIS09, ASR VIS10, ASR VIS11, ASR VIS12, ASR VIS13, ASR VIS14, ASR VIS15, ASR VIS16, ASR VIS17, ASR VIS18, ASR VIS19, ASR VIS20, ASR VIS21, ASR VIS22, ASR VIS23, ASR VIS24, ASR VIS25, ASR VIS26, ASR VIS27, ASR VIS28, ASR VIS29, ASR VIS30, ASR VIS31, ASR VIS32, ASR VIS33, ASR VIS34, ASR VIS35, ASR VIS36, ASR VIS37, ASR VIS38, ASR VIS39, ASR VIS40, ASR VIS41, ASR VIS42, ASR VIS43, ASR VIS44, ASR VIS45, ASR VIS46, ASR VIS47, ASR VIS48, ASR VIS49, ASR VIS50, ASR VIS51, ASR VIS52, ASR VIS53, ASR VIS54, ASR VIS55, ASR VIS56, ASR VIS57, ASR VIS58, ASR VIS59, ASR VIS60, ASR VIS61, ASR VIS62, ASR VIS63, ASR VIS64, ASR VIS65, ASR VIS66, ASR VIS67, ASR VIS68, ASR VIS69, ASR VIS70, ASR VIS71, ASR VIS72, ASR VIS73, ASR VIS74, ASR VIS75, ASR VIS76, ASR VIS77, ASR VIS78, ASR VIS79, ASR VIS80, ASR VIS81, ASR VIS82, ASR VIS83, ASR VIS84, SFC DIR01, SFC DIR02, SFC DIR03, SFC DIR04, SFC DIR05, SFC DIR06, SFC DIR07, SFC DIR08, SFC DIR09, SFC DIR10, SFC DIR11, SFC DIR12, SFC DIR13, SFC DIR14, SFC DIR15, SFC DIR16, SFC DIR17, SFC DIR18, SFC DIR19, SFC DIR20, SFC DIR21, SFC DIR22, SFC DIR23, SFC DIR24, SFC DIR25, SFC DIR26, SFC DIR27, SFC DIR28, SFC DIR29, SFC DIR30, SFC DIR31, SFC DIR32, SFC DIR33, SFC DIR34, SFC DIR35, SFC DIR36, SFC DIR37, SFC DIR38, SFC DIR39, SFC DIR40, SFC DIR41, SFC DIR42, SFC DIR43, SFC DIR44, SFC DIR45, SFC DIR46, SFC DIR47, SFC DIR48, SFC DIR49, SFC DIR50, SFC DIR51, SFC DIR52, SFC DIR53, SFC DIR54, SFC DIR55, SFC DIR56, SFC DIR57, SFC DIR58, SFC DIR59, SFC DIR60, SFC DIR61, SFC DIR62, SFC DIR63, SFC DIR64, SFC DIR65, SFC DIR66, SFC DIR67, SFC DIR68, SFC DIR69, SFC DIR70, SFC DIR71, SFC DIR72, SFC DIR73, SFC DIR74, SFC DIR75, SFC DIR76, SFC DIR77, SFC DIR78, SFC DIR79, SFC DIR80, SFC DIR81, SFC DIR82, SFC DIR83, SFC DIR84, SFC DIR85, SFC DIR86, SFC DIR87, SFC DIR88, SFC DIR89, SFC DIR90, SFC DIR91, SFC DIR92, SFC DIR93, SFC DIR94, SFC DIR95, SFC DIR96,SFC DVIS01,SFC DVIS02,SFC DVIS03,SFC DVIS04,SFC DVIS05,SFC DVIS06,SFC DVIS07,SFC DVIS08,SFC DVIS09,SFC DVIS10,SFC DVIS11,SFC DVIS12,SFC DVIS13,SFC DVIS14,SFC DVIS15,SFC DVIS16,SFC DVIS17,SFC DVIS18,SFC DVIS19,SFC DVIS20,SFC DVIS21,SFC DVIS22,SFC DVIS23,SFC DVIS24,SFC DVIS25,SFC DVIS26,SFC DVIS27,SFC DVIS28,SFC DVIS29,SFC DVIS30,SFC DVIS31,SFC DVIS32,SFC DVIS33,SFC DVIS34,SFC DVIS35,SFC DVIS36,SFC DVIS37,SFC DVIS38,SFC DVIS39,SFC DVIS40,SFC DVIS41,SFC DVIS42,SFC DVIS43,SFC DVIS44,SFC DVIS45,SFC DVIS46,SFC DVIS47,SFC DVIS48,SFC DVIS49,SFC DVIS50,SFC DVIS51,SFC DVIS52,SFC DVIS53,SFC DVIS54,SFC DVIS55,SFC DVIS56,SFC DVIS57,SFC DVIS58,SFC DVIS59,SFC DVIS60,SFC DVIS61,SFC DVIS62,SFC DVIS63,SFC DVIS64,SFC DVIS65,SFC DVIS66,SFC DVIS67,SFC DVIS68,SFC DVIS69,SFC DVIS70,SFC DVIS71,SFC DVIS72,SFC DVIS73,SFC DVIS74,SFC DVIS75,SFC DVIS76,SFC DVIS77,SFC DVIS78,SFC DVIS79,SFC DVIS80,SFC DVIS81,SFC DVIS82,SFC DVIS83,SFC DVIS84
 1007,    0.0000,  218.8983,    0.2194,  117.0969,  115.8380,   -0.8625,   -0.7595,  158.4330,  155.0000,  155.0000,  155.0000,  155.0000,  155.0000,  155.0000,  155.0000,  155.0000,  155.0000,  155.0000,  155.0000,  155.0000,  158.8202,  165.3996,  173.2672,  181.4393,  190.2764,  198.8104,  204.5754,  207.8212,  209.4182,  210.0462,  210.3680,  210.4855,    0.0676,    0.2556,    0.5389,    0.8888,    1.2804,    1.6928,    2.1082,    2.5121,    2.8933,    3.2429,    3.5544,    3.8241,    3.4712,    3.6087,    3.7179,    3.7987,    3.8530,    3.8815,    3.8866,    3.8696,    3.8324,    3.7775,    3.7019,    3.5964,    1.2424,    1.2267,    1.2047,    1.1662,    1.1137,    1.0481,    0.8756,    0.8393,    0.7711,    0.6138,    0.5638,    0.3590,    0.1995,    0.1649,    0.1438,    0.1375,    0.1329,    0.1277,    0.1258,    0.1235,    0.1245,    0.1364,    0.1735,    0.2440,    0.3730,    0.4452,    0.3502,    0.5089,    0.4971,    0.5051,    0.5244,    0.6000,    0.6202,    0.6335,    0.6351,    0.6285,    1.6842,    1.6087,    1.5504,    1.4822,    1.4116,    1.3421,    1.2748,    1.2087,    1.1452,    1.0819,    1.0194,    0.9639,    1.4270,    1.3066,    1.1824,    1.0659,    0.9702,    0.8860,    0.8005,    0.7221,    0.6504,    0.5836,    0.5141,    0.4584,    1.1328,    0.8012,    0.5722,    0.3992,    0.2764,    0.1901,    0.1299,    0.0861,    0.0569,    0.0365,    0.0240,    0.0175,    0.0899,    0.0485,    0.0757,    0.0853,    0.0957,    0.0892,    0.0975,    0.1095,    0.0962,    0.1325,    0.1172,    0.1283,    0.1417,    0.1155,    0.1679,    0.1865,    0.1530,    0.1811,    0.2062,    0.2231,    0.2234,    0.1500,    0.2398,    0.2531,    0.3109,    0.3324,    0.3440,    0.3658,    0.3756,    0.3936,    0.3989,    0.4549,    0.4935,    0.4704,    0.4844,    0.4940,    0.8433,    0.9209,    0.9662,    0.9986,    1.0221,    1.1068,    1.0376,    1.1056,    1.0799,    1.1314,    1.0731,    1.1504,    2.4777,    2.4439,    2.4989,    2.5383,    2.5642,    2.4625,    2.5489,    2.6139,    2.6670,    2.4800,    2.4441,    2.5380,    6.4157,    6.1123,    6.0433,    5.8603,    5.4132,    5.0767,    4.4565,    4.0997,    3.9404,    3.4535,    2.6528,    2.4637,    1.8993,    1.7458,    1.3311,    1.2705,    0.8565,    0.6215,    0.5021,    0.2015,    0.1776,    0.1261,    0.0437,    0.0355,    0.0000,    0.0000,    0.0000,    0.0000,    0.0000,    0.0000,    0.0000,    0.0000,    0.0000,    0.0000,    0.0000,    0.0000,    0.0000,    0.0000,    0.0000,    0.0000,    0.0000,    0.0000,    0.0000,    0.0001,    0.0002,    0.0007,    0.0108,    0.0490,    0.0110,    0.0180,    0.0344,    0.0771,    0.1397,    0.2137,    0.4309,    0.4495,    0.5119,    0.6671,    0.7005,    0.8672,    0.6959,    0.7036,    0.7106,    0.6982,    0.6956,    0.7186,    0.6761,    0.6645,    0.6491,    0.6306,    0.6025,    0.5551,    0.4721,    0.3712,    0.4491,    0.2585,    0.2602,    0.2432,    0.2110,    0.1067,    0.0696,    0.0377,    0.0207,    0.0150,    0.0329,    0.0299,    0.0085,    0.0020,    0.0004,    0.0004,    0.0002,    0.0011,    0.0019,    0.0049,    0.0091,    0.0081,    0.0085,    0.0012,    0.0075,    0.0141,    0.0089,    0.0000,    0.0000,    0.0000,    0.0000,    0.0008,    0.0066,    0.0072,    0.0065,    0.0059,    0.0000,    0.0000,    0.0000,    0.0000,    0.0000,    0.0009,    0.0011,    0.0014,    0.0012,    0.0002,    0.0266,    0.0000,    0.0608,    0.1075,    0.1214,    0.1110,    0.1245,    0.1386,    0.1233,    0.1698,    0.1501,    0.1645,    0.1808,    0.1468,    0.2123,    0.2321,    0.1900,    0.1318,    0.0189,    0.0386,    0.1649,    0.1902,    0.3067,    0.3223,    0.3984,    0.4260,    0.4410,    0.4686,    0.4799,    0.4920,    0.4648,    0.4226,    0.3741,    0.4433,    0.6104,    0.6178,    1.0805,    1.1804,    1.2359,    1.2564,    1.2364,    1.3694,    1.3136,    1.3975,    1.2854,    1.4503,    1.3718,    1.4606,    3.1621,    3.0885,    3.2030,    3.2531,    3.2748,    3.1568,    3.2678,    3.3511,    3.4192,    3.1776,    3.1334,    3.2539,    8.2247,    7.8363,    7.7478,    7.5132,    6.9399,    6.5086,    5.7135,    5.2561,    5.0518,    4.4276,    3.4010,    3.1586,    2.4350,    2.2382,    1.7066,    1.6288,    1.0981,    0.7968,    0.6438,    0.2584,    0.2277,    0.1616,    0.0560,    0.0455
  557,    0.0500,  226.8982,    0.2301,  115.0496,  114.2549,   -0.3916,   -0.8522,  158.4330,  155.6681,  156.2610,  156.9926,  157.2044,  157.3942,  157.4815,  157.4927,  157.5078,  157.7977,  158.7252,  160.7488,  164.1900,  169.1545,  175.3941,  181.9678,  188.6158,  195.4372,  204.1897,  210.0821,  213.3977,  215.0561,  215.7196,  216.0632,  216.1906,    0.0678,    0.2570,    0.5431,    0.8979,    1.2969,    1.7193,    2.1473,    2.5690,    2.8770,    2.8244,    2.7852,    2.9611,    2.6251,    2.7893,    3.0036,    3.1742,    3.2724,    3.5135,    3.6712,    3.6938,    3.6423,    3.6335,    3.6336,    3.5964,    1.2532,    1.2474,    1.2255,    1.1873,    1.1330,    1.0675,    0.8826,    0.8512,    0.7906,    0.6404,    0.5980,    0.4132,    0.2480,    0.2084,    0.1765,    0.1678,    0.1593,    0.1450,    0.1521,    0.1514,    0.1572,    0.1750,    0.2117,    0.2675,    0.3744,    0.4393,    0.3550,    0.5000,    0.4887,    0.4947,    0.5125,    0.5862,    0.6062,    0.6217,    0.6408,    0.6354,    1.7082,    1.6953,    1.6412,    1.5746,    1.5390,    1.4684,    1.4083,    1.3397,    1.2735,    1.1925,    1.1270,    1.0698,    1.5759,    1.4521,    1.3410,    1.2145,    1.1321,    1.0421,    0.9470,    0.8639,    0.7828,    0.7062,    0.6372,    0.5720,    1.3983,    1.0065,    0.7136,    0.5232,    0.3688,    0.2644,    0.1840,    0.1243,    0.0837,    0.0547,    0.0368,    0.0275,    0.0888,    0.0483,    0.0736,    0.0821,    0.0921,    0.0858,    0.0943,    0.1060,    0.0931,    0.1282,    0.1134,    0.1242,    0.1377,    0.1122,    0.1632,    0.1814,    0.1488,    0.1774,    0.2043,    0.2206,    0.2197,    0.1461,    0.2334,    0.2465,    0.3027,    0.3235,    0.3349,    0.3561,    0.3656,    0.3834,    0.3908,    0.4462,    0.4849,    0.4613,    0.4737,    0.4831,    0.8243,    0.9002,    0.9446,    0.9766,    1.0001,    1.0858,    1.0176,    1.0844,    1.0596,    1.1094,    1.0523,    1.1282,    2.4296,    2.3969,    2.4502,    2.4889,    2.5144,    2.4187,    2.5035,    2.5674,    2.6195,    2.4358,    2.4006,    2.4929,    6.3016,    6.0036,    5.9359,    5.7562,    5.3170,    4.9866,    4.3775,    4.0271,    3.9769,    3.4855,    2.6773,    2.4865,    1.9169,    1.7621,    1.3435,    1.2824,    0.8647,    0.6275,    0.5070,    0.2035,    0.1794,    0.1274,    0.0442,    0.0359,    0.0048,    0.0180,    0.0376,    0.0615,    0.0878,    0.1151,    0.1421,    0.1590,    0.2909,    0.8983,    1.5316,    1.5818,    1.6074,    1.4961,    1.2918,    1.1605,    1.0976,    0.8678,    0.7135,    0.6786,    0.6941,    0.6444,    0.5778,    0.5487,    0.1759,    0.1731,    0.1894,    0.2313,    0.2947,    0.3666,    0.5906,    0.6023,    0.6578,    0.8073,    0.8326,    0.9878,    0.7874,    0.7975,    0.8084,    0.7937,    0.7928,    0.8278,    0.7722,    0.7591,    0.7416,    0.7208,    0.6897,    0.6444,    0.5785,    0.4852,    0.5570,    0.3774,    0.3765,    0.3605,    0.3303,    0.2318,    0.1964,    0.1634,    0.1310,    0.1234,    0.3215,    0.2538,    0.2211,    0.2044,    0.1644,    0.1565,    0.1433,    0.1373,    0.1315,    0.1422,    0.1398,    0.1316,    0.2026,    0.1780,    0.1518,    0.1465,    0.1145,    0.0943,    0.0855,    0.0727,    0.0658,    0.0604,    0.0506,    0.0468,    0.1265,    0.0923,    0.0771,    0.0418,    0.0294,    0.0155,    0.0108,    0.0084,    0.0064,    0.0052,    0.0035,    0.0016,    0.0245,    0.0000,    0.0570,    0.1011,    0.1143,    0.1045,    0.1191,    0.1325,    0.1179,    0.1624,    0.1435,    0.1574,    0.1729,    0.1404,    0.2030,    0.2218,    0.1813,    0.1239,    0.0170,    0.0355,    0.1574,    0.1829,    0.2950,    0.3100,    0.3833,    0.4099,    0.4243,    0.4508,    0.4616,    0.4731,    0.4478,    0.4071,    0.3600,    0.4274,    0.5897,    0.5971,    1.0449,    1.1415,    1.1951,    1.2144,    1.1945,    1.3273,    1.2736,    1.3548,    1.2460,    1.4065,    1.3304,    1.4163,    3.0665,    2.9945,    3.1064,    3.1550,    3.1759,    3.0443,    3.1514,    3.2318,    3.2974,    3.0645,    3.0219,    3.1380,    7.9318,    7.5572,    7.4719,    7.2457,    6.6929,    6.2769,    5.5101,    5.0690,    4.8044,    4.2106,    3.2342,    3.0035,    2.3154,    2.1281,    1.6225,    1.5485,    1.0439,    0.7575,    0.6119,    0.2456,    0.2164,    0.1536,    0.0532,    0.0433
 1080,    0.1000,  232.3007,    0.2399,  112.2703,  112.7955,    0.9369,    0.0816,  158.4330,  156.4235,  157.1004,  157.9170,  158.6045,  158.9015,  159.1984,  159.3996,  159.6238,  160.1846,  161.3010,  163.4062,  167.0010,  172.1012,  178.8001,  186.2373,  193.9020,  201.0487,  209.5532,  215.5951,  218.9866,  220.6960,  221.3790,  221.7357,  221.8672,    0.0674,    0.2556,    0.5408,    0.8952,    1.2948,    1.7191,    2.1504,    2.5789,    2.8180,    2.5462,    2.4312,    2.5522,    2.2593,    2.3927,    2.5945,    2.7713,    2.8720,    3.1949,    3.4311,    3.4750,    3.4121,    3.4294,    3.4787,    3.4910,    1.2238,    1.2260,    1.2050,    1.1694,    1.1170,    1.0553,    0.8700,    0.8437,    0.7910,    0.6487,    0.6124,    0.4380,    0.2673,    0.2257,    0.1913,    0.1822,    0.1727,    0.1558,    0.1654,    0.1648,    0.1710,    0.1896,    0.2265,    0.2780,    0.3715,    0.4281,    0.3514,    0.4818,    0.4715,    0.4760,    0.4910,    0.5578,    0.5755,    0.5907,    0.6209,    0.6162,    1.6598,    1.6971,    1.6467,    1.5832,    1.5801,    1.5108,    1.4599,    1.3917,    1.3255,    1.2313,    1.1661,    1.1095,    1.6255,    1.5036,    1.4111,    1.2818,    1.2181,    1.1268,    1.0278,    0.9456,    0.8599,    0.7786,    0.7167,    0.6460,    1.5594,    1.1351,    0.7964,    0.6073,    0.4330,    0.3209,    0.2259,    0.1547,    0.1055,    0.0696,    0.0479,    0.0361,    0.0877,    0.0481,    0.0717,    0.0792,    0.0889,    0.0828,    0.0915,    0.1029,    0.0903,    0.1243,    0.1100,    0.1205,    0.1340,    0.1092,    0.1589,    0.1766,    0.1450,    0.1740,    0.2025,    0.2182,    0.2163,    0.1425,    0.2276,    0.2403,    0.2951,    0.3154,    0.3265,    0.3471,    0.3565,    0.3740,    0.3832,    0.4381,    0.4768,    0.4528,    0.4638,    0.4730,    0.8068,    0.8810,    0.9244,    0.9560,    0.9795,    1.0660,    0.9989,    1.0645,    1.0406,    1.0888,    1.0328,    1.1073,    2.3846,    2.3528,    2.4046,    2.4426,    2.4678,    2.3782,    2.4616,    2.5244,    2.5757,    2.3951,    2.3604,    2.4512,    6.1962,    5.9033,    5.8367,    5.6601,    5.2283,    4.9035,    4.3046,    3.9602,    4.0112,    3.5157,    2.7007,    2.5083,    1.9338,    1.7778,    1.3556,    1.2941,    0.8726,    0.6334,    0.5119,    0.2055,    0.1812,    0.1287,    0.0446,    0.0363,    0.0094,    0.0354,    0.0741,    0.1216,    0.1742,    0.2289,    0.2834,    0.3185,    0.5678,    1.5610,    2.4084,    2.5146,    2.4746,    2.3836,    2.1519,    1.9880,    1.9062,    1.5766,    1.3384,    1.2840,    1.3091,    1.2243,    1.1039,    1.0262,    0.3354,    0.3254,    0.3417,    0.3834,    0.4477,    0.5171,    0.7456,    0.7509,    0.8012,    0.9444,    0.9651,    1.1111,    0.8801,    0.8902,    0.9018,    0.8860,    0.8853,    0.9226,    0.8640,    0.8503,    0.8322,    0.8110,    0.7792,    0.7360,    0.6838,    0.5957,    0.6623,    0.4908,    0.4878,    0.4728,    0.4438,    0.3492,    0.3151,    0.2809,    0.2377,    0.2285,    0.6018,    0.4834,    0.4401,    0.4140,    0.3403,    0.3247,    0.2992,    0.2864,    0.2741,    0.2909,    0.2818,    0.2664,    0.4132,    0.3710,    0.3141,    0.2963,    0.2377,    0.2052,    0.1868,    0.1603,    0.1455,    0.1329,    0.1058,    0.0969,    0.2761,    0.2023,    0.1737,    0.0976,    0.0694,    0.0378,    0.0265,    0.0196,    0.0144,    0.0109,    0.0070,    0.0038,    0.0227,    0.0000,    0.0536,    0.0954,    0.1078,    0.0986,    0.1141,    0.1270,    0.1130,    0.1556,    0.1375,    0.1508,    0.1656,    0.1345,    0.1944,    0.2124,    0.1733,    0.1168,    0.0155,    0.0329,    0.1503,    0.1761,    0.2841,    0.2985,    0.3692,    0.3947,    0.4086,    0.4342,    0.4446,    0.4555,    0.4320,    0.3928,    0.3470,    0.4126,    0.5702,    0.5777,    1.0112,    1.1047,    1.1566,    1.1749,    1.1553,    1.2875,    1.2357,    1.3144,    1.2086,    1.3650,    1.2910,    1.3743,    2.9758,    2.9055,    3.0147,    3.0618,    3.0820,    2.9379,    3.0413,    3.1188,    3.1822,    2.9574,    2.9162,    3.0283,    7.6547,    7.2932,    7.2110,    6.9927,    6.4592,    6.0578,    5.3179,    4.8923,    4.5712,    4.0062,    3.0772,    2.8577,    2.2030,    2.0248,    1.5437,    1.4733,    0.9932,    0.7207,    0.5822,    0.2336,    0.2059,    0.1461,    0.0507,    0.0412
 1355,    0.1500,  237.2007,    0.2490,  110.8764,  111.4410,    0.9802,    0.1616,  158.4330,  156.7856,  157.5021,  158.3581,  159.2999,  159.7013,  160.0403,  160.3984,  160.7983,  161.4377,  162.7327,  165.1017,  168.9300,  174.5001,  181.9062,  190.5776,  199.3913,  207.1015,  215.1000,  221.3010,  224.7675,  226.5266,  227.2229,  227.5945,  227.7281,    0.0669,    0.2541,    0.5380,    0.8916,    1.2910,    1.7160,    2.1491,    2.5822,    2.7640,    2.3774,    2.2639,    2.3539,    2.0945,    2.1993,    2.3696,    2.5312,    2.6221,    2.9720,    3.2488,    3.3050,    3.2341,    3.2648,    3.3453,    3.3932,    1.1949,    1.2033,    1.1833,    1.1507,    1.1009,    1.0437,    0.8620,    0.8405,    0.7947,    0.6592,    0.6290,    0.4616,    0.2838,    0.2391,    0.2015,    0.1918,    0.1814,    0.1622,    0.1740,    0.1738,    0.1806,    0.2007,    0.2395,    0.2893,    0.3738,    0.4231,    0.3514,    0.4698,    0.4605,    0.4636,    0.4758,    0.5354,    0.5506,    0.5649,    0.6023,    0.5981,    1.6135,    1.6897,    1.6422,    1.5813,    1.6061,    1.5383,    1.4960,    1.4286,    1.3628,    1.2574,    1.1928,    1.1373,    1.6582,    1.5387,    1.4637,    1.3330,    1.2879,    1.1964,    1.0947,    1.0143,    0.9253,    0.8404,    0.7875,    0.7123,    1.6992,    1.2486,    0.8675,    0.6846,    0.4928,    0.3762,    0.2674,    0.1853,    0.1277,    0.0851,    0.0596,    0.0453,    0.0867,    0.0480,    0.0701,    0.0767,    0.0861,    0.0802,    0.0889,    0.1000,    0.0878,    0.1208,    0.1068,    0.1170,    0.1307,    0.1065,    0.1550,    0.1723,    0.1416,    0.1710,    0.2008,    0.2160,    0.2132,    0.1391,    0.2222,    0.2347,    0.2881,    0.3079,    0.3187,    0.3389,    0.3480,    0.3653,    0.3761,    0.4305,    0.4693,    0.4449,    0.4546,    0.4635,    0.7904,    0.8631,    0.9057,    0.9369,    0.9603,    1.0476,    0.9814,    1.0459,    1.0228,    1.0695,    1.0145,    1.0879,    2.3425,    2.3115,    2.3620,    2.3993,    2.4242,    2.3408,    2.4229,    2.4847,    2.5351,    2.3574,    2.3233,    2.4126,    6.0987,    5.8104,    5.7450,    5.5712,    5.1463,    4.8266,    4.2372,    3.8982,    4.0428,    3.5435,    2.7221,    2.5284,    1.9494,    1.7923,    1.3668,    1.3049,    0.8801,    0.6389,    0.5164,    0.2074,    0.1829,    0.1299,    0.0451,    0.0367,    0.0139,    0.0522,    0.1097,    0.1803,    0.2589,    0.3411,    0.4233,    0.4776,    0.8317,    2.0808,    2.9862,    3.1501,    3.0343,    2.9952,    2.7945,    2.6364,    2.5551,    2.1850,    1.9019,    1.8379,    1.8694,    1.7584,    1.5986,    1.4863,    0.4906,    0.4753,    0.4925,    0.5358,    0.6025,    0.6706,    0.9052,    0.9049,    0.9519,    1.0893,    1.1074,    1.2451,    0.9806,    0.9898,    1.0005,    0.9844,    0.9830,    1.0188,    0.9614,    0.9474,    0.9294,    0.9085,    0.8769,    0.8363,    0.7963,    0.7115,    0.7734,    0.6066,    0.6019,    0.5879,    0.5588,    0.4650,    0.4312,    0.3946,    0.3428,    0.3318,    0.8776,    0.7180,    0.6638,    0.6286,    0.5249,    0.5018,    0.4644,    0.4450,    0.4264,    0.4481,    0.4326,    0.4099,    0.6364,    0.5765,    0.4911,    0.4608,    0.3759,    0.3297,    0.3010,    0.2602,    0.2370,    0.2168,    0.1715,    0.1568,    0.4524,    0.3338,    0.2876,    0.1666,    0.1196,    0.0669,    0.0474,    0.0348,    0.0253,    0.0189,    0.0121,    0.0071,    0.0211,    0.0000,    0.0505,    0.0901,    0.1019,    0.0932,    0.1095,    0.1218,    0.1084,    0.1493,    0.1319,    0.1446,    0.1588,    0.1290,    0.1864,    0.2036,    0.1658,    0.1100,    0.0140,    0.0304,    0.1435,    0.1696,    0.2739,    0.2877,    0.3559,    0.3806,    0.3940,    0.4186,    0.4286,    0.4389,    0.4170,    0.3791,    0.3346,    0.3985,    0.5517,    0.5593,    0.9794,    1.0699,    1.1202,    1.1376,    1.1181,    1.2496,    1.1997,    1.2759,    1.1731,    1.3255,    1.2536,    1.3343,    2.8895,    2.8208,    2.9274,    2.9732,    2.9928,    2.8370,    2.9368,    3.0118,    3.0729,    2.8558,    2.8161,    2.9244,    7.3919,    7.0429,    6.9635,    6.7528,    6.2377,    5.8501,    5.1357,    4.7247,    4.3499,    3.8123,    2.9283,    2.7195,    2.0964,    1.9269,    1.4691,    1.4021,    0.9452,    0.6859,    0.5541,    0.2224,    0.1960,    0.1391,    0.0482,    0.0392
 1612,    0.2000,  241.4002,    0.2575,  109.7210,  110.1804,    0.8809,    0.0881,  158.4330,  157.2127,  157.9704,  158.8337,  159.8020,  160.2034,  160.5982,  161.0022,  161.5030,  162.2992,  163.7992,  166.4008,  170.5024,  176.5998,  184.8099,  194.5008,  204.2031,  212.4040,  220.0274,  226.3746,  229.9047,  231.7005,  232.4150,  232.7977,  232.9328,    0.0664,    0.2522,    0.5345,    0.8864,    1.2845,    1.7088,    2.1421,    2.5771,    2.7112,    2.2670,    2.1719,    2.2435,    2.0066,    2.0910,    2.2330,    2.3757,    2.4539,    2.8055,    3.1009,    3.1637,    3.0867,    3.1227,    3.2217,    3.2946,    1.1640,    1.1772,    1.1582,    1.1288,    1.0820,    1.0294,    0.8536,    0.8361,    0.7964,    0.6671,    0.6423,    0.4813,    0.2975,    0.2500,    0.2093,    0.1989,    0.1878,    0.1668,    0.1804,    0.1804,    0.1879,    0.2096,    0.2500,    0.2986,    0.3761,    0.4192,    0.3516,    0.4593,    0.4509,    0.4529,    0.4626,    0.5154,    0.5280,    0.5411,    0.5830,    0.5791,    1.5638,    1.6694,    1.6243,    1.5657,    1.6136,    1.5476,    1.5133,    1.4469,    1.3821,    1.2677,    1.2042,    1.1501,    1.6695,    1.5530,    1.4945,    1.3639,    1.3366,    1.2459,    1.1429,    1.0654,    0.9743,    0.8870,    0.8444,    0.7660,    1.8069,    1.3378,    0.9208,    0.7487,    0.5433,    0.4255,    0.3049,    0.2134,    0.1484,    0.0997,    0.0710,    0.0543,    0.0858,    0.0478,    0.0686,    0.0745,    0.0835,    0.0779,    0.0865,    0.0973,    0.0854,    0.1175,    0.1040,    0.1139,    0.1277,    0.1041,    0.1514,    0.1684,    0.1384,    0.1681,    0.1992,    0.2139,    0.2104,    0.1360,    0.2172,    0.2294,    0.2816,    0.3010,    0.3115,    0.3313,    0.3402,    0.3572,    0.3695,    0.4234,    0.4621,    0.4374,    0.4461,    0.4547,    0.7751,    0.8464,    0.8882,    0.9190,    0.9424,    1.0302,    0.9650,    1.0285,    1.0061,    1.0513,    0.9974,    1.0696,    2.3029,    2.2729,    2.3220,    2.3587,    2.3832,    2.3061,    2.3869,    2.4478,    2.4976,    2.3225,    2.2889,    2.3769,    6.0084,    5.7244,    5.6600,    5.4888,    5.0703,    4.7554,    4.1748,    3.8409,    4.0716,    3.5689,    2.7418,    2.5468,    1.9637,    1.8056,    1.3771,    1.3149,    0.8869,    0.6440,    0.5206,    0.2091,    0.1844,    0.1311,    0.0455,    0.0370,    0.0181,    0.0684,    0.1439,    0.2370,    0.3409,    0.4500,    0.5596,    0.6337,    1.0801,    2.4957,    3.3917,    3.6085,    3.4263,    3.4417,    3.2928,    3.1590,    3.0891,    2.7111,    2.4076,    2.3406,    2.3767,    2.2466,    2.0579,    1.9203,    0.6380,    0.6190,    0.6370,    0.6817,    0.7499,    0.8161,    1.0533,    1.0482,    1.0922,    1.2233,    1.2391,    1.3687,    1.0735,    1.0818,    1.0918,    1.0755,    1.0736,    1.1069,    1.0517,    1.0377,    1.0199,    0.9993,    0.9680,    0.9293,    0.9003,    0.8186,    0.8764,    0.7143,    0.7083,    0.6952,    0.6661,    0.5733,    0.5398,    0.5011,    0.4431,    0.4306,    1.1416,    0.9488,    0.8847,    0.8413,    0.7112,    0.6811,    0.6325,    0.6068,    0.5822,    0.6073,    0.5857,    0.5560,    0.8630,    0.7859,    0.6744,    0.6318,    0.5220,    0.4618,    0.4228,    0.3678,    0.3359,    0.3077,    0.2442,    0.2233,    0.6462,    0.4801,    0.4130,    0.2454,    0.1775,    0.1016,    0.0726,    0.0533,    0.0387,    0.0288,    0.0185,    0.0113,    0.0196,    0.0000,    0.0477,    0.0854,    0.0965,    0.0883,    0.1051,    0.1170,    0.1041,    0.1434,    0.1267,    0.1389,    0.1525,    0.1238,    0.1789,    0.1953,    0.1589,    0.1039,    0.0128,    0.0282,    0.1371,    0.1636,    0.2643,    0.2775,    0.3434,    0.3672,    0.3802,    0.4039,    0.4135,    0.4234,    0.4030,    0.3663,    0.3229,    0.3852,    0.5343,    0.5419,    0.9492,    1.0370,    1.0857,    1.1022,    1.0829,    1.2136,    1.1654,    1.2393,    1.1393,    1.2879,    1.2179,    1.2963,    2.8074,    2.7402,    2.8443,    2.8888,    2.9078,    2.7412,    2.8377,    2.9101,    2.9692,    2.7595,    2.7211,    2.8257,    7.1425,    6.8053,    6.7286,    6.5251,    6.0274,    5.6530,    4.9626,    4.5656,    4.1401,    3.6284,    2.7871,    2.5884,    1.9954,    1.8341,    1.3984,    1.3346,    0.8998,    0.6529,    0.5275,    0.2117,    0.1865,    0.1324,    0.0459,    0.0373
 1677,    0.3000,  248.1010,    0.2728,  107.3638,  107.9086,    0.9723,    0.2265,  158.4330,  157.6447,  158.4011,  159.2864,  160.3046,  160.7203,  161.1988,  161.7007,  162.3014,  163.3986,  165.2014,  168.3030,  173.2008,  180.3500,  190.1015,  201.4029,  212.2159,  221.0696,  228.0392,  234.6194,  238.2395,  240.0783,  240.8404,  241.2359,  241.3835,    0.0653,    0.2481,    0.5263,    0.8735,    1.2670,    1.6872,    2.1172,    2.5509,    2.6131,    2.1368,    2.0768,    2.1292,    1.9171,    1.9784,    2.0823,    2.1940,    2.2495,    2.5784,    2.8787,    2.9450,    2.8598,    2.8927,    3.0049,    3.1063,    1.1018,    1.1213,    1.1046,    1.0816,    1.0413,    0.9974,    0.8367,    0.8248,    0.7948,    0.6770,    0.6610,    0.5115,    0.3194,    0.2677,    0.2216,    0.2100,    0.1975,    0.1732,    0.1901,    0.1907,    0.1995,    0.2237,    0.2661,    0.3123,    0.3794,    0.4125,    0.3512,    0.4412,    0.4344,    0.4352,    0.4406,    0.4813,    0.4895,    0.4994,    0.5452,    0.5414,    1.4632,    1.6062,    1.5640,    1.5093,    1.5908,    1.5285,    1.5072,    1.4439,    1.3817,    1.2551,    1.1947,    1.1437,    1.6477,    1.5373,    1.5070,    1.3797,    1.3838,    1.2959,    1.1932,    1.1230,    1.0308,    0.9419,    0.9206,    0.8388,    1.9377,    1.4509,    0.9808,    0.8382,    0.6154,    0.5034,    0.3651,    0.2598,    0.1830,    0.1246,    0.0910,    0.0703,    0.0842,    0.0476,    0.0660,    0.0707,    0.0793,    0.0740,    0.0823,    0.0926,    0.0813,    0.1118,    0.0989,    0.1084,    0.1223,    0.0997,    0.1452,    0.1615,    0.1329,    0.1630,    0.1961,    0.2101,    0.2051,    0.1305,    0.2083,    0.2201,    0.2700,    0.2886,    0.2987,    0.3176,    0.3263,    0.3428,    0.3575,    0.4104,    0.4491,    0.4238,    0.4305,    0.4388,    0.7474,    0.8162,    0.8565,    0.8868,    0.9100,    0.9986,    0.9350,    0.9967,    0.9756,    1.0184,    0.9661,    1.0363,    2.2309,    2.2024,    2.2491,    2.2847,    2.3087,    2.2440,    2.3227,    2.3819,    2.4303,    2.2600,    2.2273,    2.3129,    5.8468,    5.5705,    5.5079,    5.3414,    4.9343,    4.6280,    4.0631,    3.7383,    4.1223,    3.6136,    2.7764,    2.5791,    1.9889,    1.8290,    1.3953,    1.3325,    0.8990,    0.6529,    0.5280,    0.2121,    0.1872,    0.1331,    0.0462,    0.0376,    0.0260,    0.0984,    0.2076,    0.3429,    0.4947,    0.6552,    0.8175,    0.9316,    1.5288,    3.1065,    3.9256,    4.2259,    3.9529,    4.0549,    4.0126,    3.9461,    3.9142,    3.5701,    3.2680,    3.2067,    3.2496,    3.0972,    2.8728,    2.7033,    0.9062,    0.8825,    0.9018,    0.9479,    1.0169,    1.0781,    1.3125,    1.3002,    1.3383,    1.4560,    1.4680,    1.5825,    1.2340,    1.2404,    1.2486,    1.2325,    1.2293,    1.2570,    1.2074,    1.1934,    1.1763,    1.1568,    1.1267,    1.0917,    1.0811,    1.0059,    1.0558,    0.9045,    0.8963,    0.8849,    0.8558,    0.7663,    0.7339,    0.6920,    0.6264,    0.6114,    1.6261,    1.3851,    1.3043,    1.2465,    1.0741,    1.0312,    0.9623,    0.9252,    0.8895,    0.9180,    0.8851,    0.8422,    1.3058,    1.1972,    1.0409,    0.9750,    0.8206,    0.7335,    0.6741,    0.5925,    0.5432,    0.4990,    0.4008,    0.3673,    1.0605,    0.7965,    0.6807,    0.4209,    0.3082,    0.1831,    0.1324,    0.0976,    0.0712,    0.0528,    0.0344,    0.0220,    0.0171,    0.0000,    0.0428,    0.0769,    0.0870,    0.0795,    0.0973,    0.1083,    0.0964,    0.1328,    0.1173,    0.1286,    0.1410,    0.1145,    0.1653,    0.1805,    0.1464,    0.0933,    0.0109,    0.0247,    0.1257,    0.1526,    0.2467,    0.2589,    0.3206,    0.3428,    0.3549,    0.3771,    0.3860,    0.3950,    0.3773,    0.3428,    0.3017,    0.3610,    0.5021,    0.5097,    0.8935,    0.9760,    1.0219,    1.0369,    1.0180,    1.1466,    1.1015,    1.1711,    1.0764,    1.2177,    1.1516,    1.2255,    2.6543,    2.5901,    2.6895,    2.7316,    2.7494,    2.5635,    2.6538,    2.7215,    2.7768,    2.5806,    2.5448,    2.6426,    6.6797,    6.3644,    6.2927,    6.1024,    5.6371,    5.2870,    4.6415,    4.2703,    3.7519,    3.2883,    2.5259,    2.3459,    1.8085,    1.6624,    1.2675,    1.2098,    0.8157,    0.5919,    0.4782,    0.1919,    0.1692,    0.1201,    0.0416,    0.0339
 1848,    0.4000,  253.5005,    0.2862,  105.4641,  105.9240,    0.8923,    0.2509,  158.4330,  157.9240,  158.7091,  159.5982,  160.6149,  161.0997,  161.5036,  162.0996,  162.9029,  164.2035,  166.4049,  170.1007,  175.7766,  183.9009,  194.9012,  207.4027,  218.9021,  228.0016,  235.1054,  241.0855,  244.8012,  246.6720,  247.4412,  247.8534,  248.0023,    0.0643,    0.2445,    0.5187,    0.8614,    1.2500,    1.6654,    2.0910,    2.5206,    2.5360,    2.0708,    2.0327,    2.0767,    1.8759,    1.9264,    2.0103,    2.1031,    2.1437,    2.4466,    2.7369,    2.8018,    2.7118,    2.7344,    2.8437,    2.9564,    1.0502,    1.0733,    1.0585,    1.0411,    1.0067,    0.9698,    0.8240,    0.8158,    0.7929,    0.6845,    0.6753,    0.5358,    0.3382,    0.2834,    0.2326,    0.2198,    0.2060,    0.1784,    0.1986,    0.1999,    0.2098,    0.2360,    0.2793,    0.3230,    0.3825,    0.4085,    0.3520,    0.4289,    0.4230,    0.4232,    0.4253,    0.4570,    0.4619,    0.4689,    0.5149,    0.5109,    1.3811,    1.5427,    1.5021,    1.4502,    1.5524,    1.4933,    1.4812,    1.4208,    1.3614,    1.2275,    1.1702,    1.1219,    1.6068,    1.5019,    1.4927,    1.3699,    1.3987,    1.3139,    1.2129,    1.1500,    1.0584,    0.9697,    0.9685,    0.8853,    2.0081,    1.5159,    1.0085,    0.8972,    0.6644,    0.5635,    0.4124,    0.2973,    0.2116,    0.1456,    0.1086,    0.0845,    0.0827,    0.0473,    0.0639,    0.0677,    0.0759,    0.0708,    0.0788,    0.0887,    0.0778,    0.1070,    0.0947,    0.1037,    0.1178,    0.0961,    0.1399,    0.1556,    0.1282,    0.1586,    0.1934,    0.2066,    0.2005,    0.1258,    0.2006,    0.2120,    0.2600,    0.2779,    0.2877,    0.3059,    0.3142,    0.3304,    0.3469,    0.3989,    0.4374,    0.4118,    0.4169,    0.4248,    0.7232,    0.7898,    0.8288,    0.8584,    0.8815,    0.9706,    0.9085,    0.9685,    0.9485,    0.9892,    0.9385,    1.0068,    2.1672,    2.1399,    2.1847,    2.2192,    2.2426,    2.1904,    2.2672,    2.3250,    2.3723,    2.2060,    2.1740,    2.2576,    5.7071,    5.4375,    5.3765,    5.2141,    4.8167,    4.5179,    3.9665,    3.6496,    4.1649,    3.6512,    2.8054,    2.6063,    2.0101,    1.8488,    1.4106,    1.3474,    0.9093,    0.6605,    0.5343,    0.2148,    0.1896,    0.1348,    0.0468,    0.0382,    0.0331,    0.1255,    0.2654,    0.4393,    0.6355,    0.8438,    1.0556,    1.2094,    1.9213,    3.5326,    4.2790,    4.6391,    4.3146,    4.4755,    4.5183,    4.5190,    4.5311,    4.2486,    3.9769,    3.9302,    3.9793,    3.8202,    3.5796,    3.3945,    1.1451,    1.1191,    1.1392,    1.1855,    1.2532,    1.3086,    1.5329,    1.5160,    1.5484,    1.6524,    1.6608,    1.7606,    1.3678,    1.3728,    1.3796,    1.3639,    1.3600,    1.3833,    1.3382,    1.3242,    1.3078,    1.2890,    1.2602,    1.2281,    1.2332,    1.1648,    1.2074,    1.0683,    1.0586,    1.0484,    1.0197,    0.9351,    0.9044,    0.8607,    0.7912,    0.7746,    2.0646,    1.7912,    1.6967,    1.6272,    1.4219,    1.3677,    1.2809,    1.2335,    1.1878,    1.2163,    1.1732,    1.1186,    1.7328,    1.5960,    1.4023,    1.3145,    1.1211,    1.0085,    0.9296,    0.8236,    0.7575,    0.6975,    0.5675,    0.5210,    1.4978,    1.1347,    0.9634,    0.6139,    0.4536,    0.2775,    0.2026,    0.1500,    0.1100,    0.0818,    0.0540,    0.0355,    0.0151,    0.0000,    0.0386,    0.0697,    0.0789,    0.0721,    0.0905,    0.1006,    0.0896,    0.1234,    0.1091,    0.1196,    0.1309,    0.1063,    0.1533,    0.1673,    0.1354,    0.0844,    0.0094,    0.0218,    0.1157,    0.1427,    0.2309,    0.2424,    0.3001,    0.3210,    0.3323,    0.3530,    0.3613,    0.3696,    0.3543,    0.3218,    0.2829,    0.3392,    0.4731,    0.4806,    0.8430,    0.9208,    0.9642,    0.9778,    0.9595,    1.0855,    1.0431,    1.1089,    1.0190,    1.1537,    1.0909,    1.1608,    2.5146,    2.4531,    2.5480,    2.5879,    2.6046,    2.4022,    2.4867,    2.5502,    2.6020,    2.4182,    2.3846,    2.4763,    6.2593,    5.9639,    5.8968,    5.7185,    5.2826,    4.9546,    4.3498,    4.0020,    3.4023,    2.9820,    2.2906,    2.1274,    1.6401,    1.5077,    1.1496,    1.0973,    0.7399,    0.5370,    0.4339,    0.1742,    0.1535,    0.1090,    0.0378,    0.0307
 1895,    0.5000,  257.9009,    0.2979,  103.6626,  104.1812,    0.9541,    0.3451,  158.4330,  158.0915,  158.8889,  159.7797,  160.7972,  161.2027,  161.7088,  162.4011,  163.4013,  164.9159,  167.5152,  171.7441,  178.1031,  187.2014,  199.1998,  212.5038,  224.4125,  233.7030,  240.8419,  246.3040,  250.1049,  252.0038,  252.7732,  253.1983,  253.3455,    0.0634,    0.2412,    0.5119,    0.8502,    1.2340,    1.6445,    2.0652,    2.4893,    2.4745,    2.0312,    2.0059,    2.0452,    1.8506,    1.8950,    1.9676,    2.0491,    2.0802,    2.3623,    2.6400,    2.7019,    2.6089,    2.6204,    2.7207,    2.8358,    1.0076,    1.0325,    1.0193,    1.0066,    0.9771,    0.9459,    0.8134,    0.8074,    0.7898,    0.6893,    0.6852,    0.5546,    0.3538,    0.2970,    0.2423,    0.2285,    0.2135,    0.1828,    0.2063,    0.2081,    0.2188,    0.2464,    0.2898,    0.3311,    0.3844,    0.4051,    0.3526,    0.4192,    0.4140,    0.4140,    0.4138,    0.4387,    0.4411,    0.4456,    0.4904,    0.4862,    1.3136,    1.4828,    1.4427,    1.3930,    1.5068,    1.4504,    1.4443,    1.3867,    1.3299,    1.1922,    1.1379,    1.0919,    1.5566,    1.4562,    1.4626,    1.3447,    1.3919,    1.3099,    1.2116,    1.1553,    1.0653,    0.9781,    0.9943,    0.9111,    2.0337,    1.5443,    1.0127,    0.9313,    0.6941,    0.6069,    0.4473,    0.3260,    0.2339,    0.1621,    0.1232,    0.0963,    0.0814,    0.0471,    0.0621,    0.0653,    0.0731,    0.0682,    0.0758,    0.0853,    0.0748,    0.1029,    0.0910,    0.0997,    0.1140,    0.0929,    0.1353,    0.1506,    0.1242,    0.1547,    0.1908,    0.2035,    0.1964,    0.1216,    0.1939,    0.2049,    0.2514,    0.2686,    0.2780,    0.2957,    0.3038,    0.3196,    0.3376,    0.3887,    0.4269,    0.4011,    0.4048,    0.4125,    0.7018,    0.7665,    0.8043,    0.8334,    0.8564,    0.9457,    0.8849,    0.9435,    0.9244,    0.9632,    0.9139,    0.9806,    2.1105,    2.0844,    2.1274,    2.1610,    2.1840,    2.1438,    2.2190,    2.2756,    2.3218,    2.1591,    2.1278,    2.2097,    5.5859,    5.3220,    5.2624,    5.1035,    4.7147,    4.4223,    3.8827,    3.5726,    4.2006,    3.6827,    2.8298,    2.6291,    2.0279,    1.8654,    1.4235,    1.3599,    0.9179,    0.6670,    0.5397,    0.2170,    0.1916,    0.1363,    0.0474,    0.0386,    0.0394,    0.1497,    0.3172,    0.5262,    0.7626,    1.0147,    1.2722,    1.4645,    2.2616,    3.8396,    4.5368,    4.9402,    4.5861,    4.7876,    4.8918,    4.9491,    5.0026,    4.7880,    4.5594,    4.5308,    4.5864,    4.4323,    4.1893,    3.9988,    1.3556,    1.3287,    1.3489,    1.3940,    1.4587,    1.5081,    1.7188,    1.6989,    1.7262,    1.8179,    1.8231,    1.9106,    1.4809,    1.4848,    1.4907,    1.4755,    1.4709,    1.4906,    1.4494,    1.4356,    1.4196,    1.4014,    1.3736,    1.3438,    1.3615,    1.2993,    1.3360,    1.2085,    1.1976,    1.1880,    1.1602,    1.0812,    1.0522,    1.0081,    0.9375,    0.9198,    2.4562,    2.1618,    2.0566,    1.9773,    1.7470,    1.6830,    1.5804,    1.5238,    1.4692,    1.4954,    1.4431,    1.3782,    2.1336,    1.9719,    1.7471,    1.6392,    1.4121,    1.2762,    1.1792,    1.0514,    0.9693,    0.8944,    0.7361,    0.6771,    1.9372,    1.4778,    1.2478,    0.8137,    0.6056,    0.3793,    0.2790,    0.2075,    0.1529,    0.1140,    0.0761,    0.0512,    0.0134,    0.0000,    0.0350,    0.0634,    0.0718,    0.0656,    0.0844,    0.0939,    0.0836,    0.1151,    0.1017,    0.1115,    0.1218,    0.0989,    0.1427,    0.1556,    0.1256,    0.0769,    0.0083,    0.0194,    0.1069,    0.1339,    0.2168,    0.2274,    0.2817,    0.3013,    0.3119,    0.3314,    0.3392,    0.3467,    0.3336,    0.3029,    0.2659,    0.3196,    0.4468,    0.4542,    0.7970,    0.8706,    0.9116,    0.9241,    0.9063,    1.0296,    0.9897,    1.0519,    0.9665,    1.0949,    1.0352,    1.1015,    2.3863,    2.3274,    2.4182,    2.4560,    2.4718,    2.2549,    2.3343,    2.3938,    2.4425,    2.2699,    2.2384,    2.3245,    5.8756,    5.5983,    5.5354,    5.3682,    4.9590,    4.6512,    4.0834,    3.7570,    3.0871,    2.7057,    2.0785,    1.9304,    1.4883,    1.3682,    1.0433,    0.9959,    0.6715,    0.4874,    0.3939,    0.1581,    0.1394,    0.0990,    0.0343,    0.0279
 2064,    0.7500,  266.3342,    0.3217,  100.1176,  100.6594,    0.9842,    0.7327,  158.4330,  158.2810,  159.0906,  159.9899,  161.0109,  161.5048,  162.0980,  162.9989,  164.4024,  166.6032,  170.1004,  175.6019,  183.5983,  194.4690,  208.3021,  222.8058,  235.3011,  244.6306,  251.7319,  256.7032,  260.0939,  262.0073,  262.8043,  263.2252,  263.3834,    0.0619,    0.2353,    0.4993,    0.8293,    1.2037,    1.6040,    2.0143,    2.4245,    2.3761,    1.9811,    1.9707,    2.0043,    1.8171,    1.8541,    1.9135,    1.9814,    2.0014,    2.2538,    2.5077,    2.5626,    2.4665,    2.4575,    2.5336,    2.6410,    0.9363,    0.9623,    0.9520,    0.9473,    0.9262,    0.9040,    0.7960,    0.7925,    0.7832,    0.6969,    0.7008,    0.5877,    0.3838,    0.3251,    0.2640,    0.2481,    0.2304,    0.1926,    0.2236,    0.2265,    0.2381,    0.2672,    0.3089,    0.3441,    0.3867,    0.3994,    0.3540,    0.4042,    0.3999,    0.3998,    0.3964,    0.4110,    0.4101,    0.4106,    0.4508,    0.4462,    1.2031,    1.3704,    1.3300,    1.2833,    1.4043,    1.3526,    1.3523,    1.2999,    1.2482,    1.1091,    1.0604,    1.0183,    1.4424,    1.3494,    1.3768,    1.2697,    1.3423,    1.2650,    1.1733,    1.1298,    1.0448,    0.9623,    1.0106,    0.9297,    2.0119,    1.5416,    0.9825,    0.9593,    0.7225,    0.6699,    0.4996,    0.3718,    0.2706,    0.1904,    0.1501,    0.1180,    0.0785,    0.0466,    0.0589,    0.0608,    0.0681,    0.0636,    0.0698,    0.0786,    0.0689,    0.0948,    0.0839,    0.0919,    0.1066,    0.0869,    0.1266,    0.1410,    0.1164,    0.1469,    0.1851,    0.1967,    0.1878,    0.1134,    0.1806,    0.1909,    0.2341,    0.2502,    0.2589,    0.2754,    0.2829,    0.2980,    0.3183,    0.3674,    0.4049,    0.3788,    0.3803,    0.3874,    0.6584,    0.7190,    0.7546,    0.7825,    0.8050,    0.8942,    0.8363,    0.8919,    0.8746,    0.9098,    0.8633,    0.9266,    1.9938,    1.9699,    2.0093,    2.0411,    2.0631,    2.0517,    2.1236,    2.1778,    2.2220,    2.0663,    2.0364,    2.1147,    5.3460,    5.0936,    5.0366,    4.8848,    4.5128,    4.2331,    3.7168,    3.4202,    4.2669,    3.7411,    2.8751,    2.6716,    2.0610,    1.8964,    1.4475,    1.3834,    0.9342,    0.6791,    0.5498,    0.2212,    0.1954,    0.1391,    0.0484,    0.0395,    0.0524,    0.1996,    0.4246,    0.7069,    1.0285,    1.3740,    1.7298,    2.0119,    2.9338,    4.3361,    4.9869,    5.4629,    5.0717,    5.3381,    5.5353,    5.6885,    5.8214,    5.7542,    5.6399,    5.6596,    5.7330,    5.6177,    5.4031,    5.2244,    1.7870,    1.7605,    1.7791,    1.8182,    1.8725,    1.9091,    2.0820,    2.0593,    2.0770,    2.1449,    2.1440,    2.2091,    1.7064,    1.7082,    1.7120,    1.6981,    1.6925,    1.7043,    1.6717,    1.6585,    1.6437,    1.6269,    1.6016,    1.5756,    1.6163,    1.5664,    1.5920,    1.4895,    1.4764,    1.4673,    1.4421,    1.3762,    1.3513,    1.3094,    1.2420,    1.2230,    3.2801,    2.9628,    2.8397,    2.7420,    2.4719,    2.3883,    2.2535,    2.1780,    2.1044,    2.1195,    2.0481,    1.9622,    3.0359,    2.8238,    2.5387,    2.3866,    2.0905,    1.9056,    1.7684,    1.5955,    1.4773,    1.3686,    1.1524,    1.0638,    3.0155,    2.3303,    1.9492,    1.3227,    0.9975,    0.6518,    0.4859,    0.3648,    0.2715,    0.2039,    0.1394,    0.0967,    0.0104,    0.0000,    0.0279,    0.0508,    0.0577,    0.0527,    0.0717,    0.0798,    0.0710,    0.0979,    0.0865,    0.0948,    0.1029,    0.0835,    0.1204,    0.1312,    0.1054,    0.0620,    0.0062,    0.0150,    0.0893,    0.1152,    0.1868,    0.1959,    0.2428,    0.2597,    0.2689,    0.2857,    0.2923,    0.2985,    0.2897,    0.2627,    0.2301,    0.2777,    0.3903,    0.3973,    0.6980,    0.7624,    0.7984,    0.8086,    0.7921,    0.9080,    0.8734,    0.9279,    0.8523,    0.9668,    0.9141,    0.9724,    2.1069,    2.0540,    2.1353,    2.1687,    2.1826,    1.9373,    2.0055,    2.0567,    2.0985,    1.9502,    1.9232,    1.9971,    5.0482,    4.8101,    4.7561,    4.6125,    4.2610,    3.9967,    3.5090,    3.2286,    2.4270,    2.1273,    1.6342,    1.5179,    1.1703,    1.0760,    0.8206,    0.7834,    0.5283,    0.3835,    0.3100,    0.1245,    0.1097,    0.0779,    0.0270,    0.0220
 2255,    1.0000,  272.4375,    0.3394,   97.4854,   98.0255,    0.9884,    0.8648,  158.4330,  158.3776,  159.1994,  160.1019,  161.1022,  161.6019,  162.3934,  163.5052,  165.3065,  168.0987,  172.5017,  179.1047,  188.4074,  200.6192,  215.5051,  230.6984,  243.3203,  252.6564,  259.5042,  264.2089,  267.1011,  269.0027,  269.7973,  270.2593,  270.4088,    0.0609,    0.2317,    0.4914,    0.8158,    1.1837,    1.5768,    1.9796,    2.3786,    2.3219,    1.9557,    1.9522,    1.9829,    1.7994,    1.8326,    1.8855,    1.9473,    1.9624,    2.2006,    2.4410,    2.4914,    2.3944,    2.3749,    2.4350,    2.5326,    0.8955,    0.9209,    0.9122,    0.9117,    0.8952,    0.8777,    0.7849,    0.7821,    0.7771,    0.7005,    0.7087,    0.6084,    0.4050,    0.3465,    0.2821,    0.2647,    0.2449,    0.2012,    0.2385,    0.2421,    0.2536,    0.2825,    0.3214,    0.3516,    0.3869,    0.3951,    0.3547,    0.3951,    0.3912,    0.3911,    0.3864,    0.3958,    0.3934,    0.3918,    0.4286,    0.4237,    1.1406,    1.2982,    1.2571,    1.2117,    1.3278,    1.2787,    1.2778,    1.2288,    1.1804,    1.0446,    0.9995,    0.9595,    1.3563,    1.2673,    1.3018,    1.2026,    1.2829,    1.2079,    1.1216,    1.0860,    1.0056,    0.9278,    0.9949,    0.9172,    1.9436,    1.4957,    0.9345,    0.9470,    0.7172,    0.6931,    0.5208,    0.3935,    0.2891,    0.2054,    0.1664,    0.1313,    0.0763,    0.0461,    0.0566,    0.0580,    0.0649,    0.0606,    0.0656,    0.0739,    0.0647,    0.0891,    0.0788,    0.0863,    0.1013,    0.0826,    0.1204,    0.1341,    0.1109,    0.1410,    0.1803,    0.1911,    0.1810,    0.1073,    0.1708,    0.1807,    0.2214,    0.2366,    0.2449,    0.2604,    0.2676,    0.2822,    0.3036,    0.3509,    0.3875,    0.3615,    0.3616,    0.3684,    0.6255,    0.6832,    0.7169,    0.7439,    0.7660,    0.8546,    0.7990,    0.8522,    0.8362,    0.8688,    0.8245,    0.8851,    1.9042,    1.8820,    1.9188,    1.9492,    1.9703,    1.9850,    2.0545,    2.1070,    2.1498,    1.9991,    1.9702,    2.0460,    5.1723,    4.9282,    4.8732,    4.7264,    4.3666,    4.0962,    3.5968,    3.3099,    4.3098,    3.7790,    2.9045,    2.6992,    2.0826,    1.9166,    1.4633,    1.3989,    0.9449,    0.6871,    0.5565,    0.2240,    0.1980,    0.1411,    0.0491,    0.0401,    0.0621,    0.2372,    0.5058,    0.8443,    1.2319,    1.6504,    2.0841,    2.4449,    3.4120,    4.6381,    5.2870,    5.8105,    5.4005,    5.7081,    5.9583,    6.1679,    6.3522,    6.3854,    6.3642,    6.4259,    6.5173,    6.4522,    6.2874,    6.1384,    2.1133,    2.0892,    2.1052,    2.1368,    2.1803,    2.2067,    2.3446,    2.3221,    2.3333,    2.3849,    2.3799,    2.4297,    1.8736,    1.8741,    1.8768,    1.8640,    1.8580,    1.8653,    1.8378,    1.8251,    1.8111,    1.7953,    1.7720,    1.7486,    1.8055,    1.7641,    1.7825,    1.6984,    1.6842,    1.6747,    1.6521,    1.5972,    1.5754,    1.5378,    1.4772,    1.4581,    3.9239,    3.6097,    3.4772,    3.3675,    3.0806,    2.9828,    2.8255,    2.7352,    2.6467,    2.6474,    2.5608,    2.4596,    3.8037,    3.5542,    3.2270,    3.0385,    2.6911,    2.4684,    2.2976,    2.0900,    1.9412,    1.8032,    1.5435,    1.4287,    4.0237,    3.1382,    2.6108,    1.8178,    1.3835,    0.9302,    0.6998,    0.5286,    0.3963,    0.2993,    0.2083,    0.1473,    0.0083,    0.0000,    0.0225,    0.0413,    0.0469,    0.0428,    0.0617,    0.0687,    0.0611,    0.0843,    0.0745,    0.0816,    0.0878,    0.0713,    0.1027,    0.1119,    0.0895,    0.0510,    0.0048,    0.0120,    0.0760,    0.1002,    0.1626,    0.1705,    0.2114,    0.2262,    0.2341,    0.2488,    0.2545,    0.2596,    0.2541,    0.2301,    0.2012,    0.2437,    0.3441,    0.3507,    0.6166,    0.6734,    0.7052,    0.7137,    0.6985,    0.8068,    0.7765,    0.8247,    0.7572,    0.8600,    0.8130,    0.8648,    1.8740,    1.8263,    1.8995,    1.9292,    1.9414,    1.6763,    1.7354,    1.7797,    1.8158,    1.6875,    1.6641,    1.7281,    4.3682,    4.1622,    4.1156,    3.9914,    3.6873,    3.4587,    3.0367,    2.7942,    1.9144,    1.6781,    1.2892,    1.1975,    0.9234,    0.8490,    0.6475,    0.6183,    0.4170,    0.3028,    0.2447,    0.0983,    0.0867,    0.0616,    0.0214,    0.0174
 2473,    1.2500,  277.0813,    0.3529,   95.4840,   96.0185,    0.9887,    0.9432,  158.4330,  158.4807,  159.3033,  160.2035,  161.1984,  161.7053,  162.5990,  164.0019,  166.2069,  169.6044,  174.8053,  182.3697,  192.7004,  205.9016,  221.5022,  236.9982,  249.6980,  258.7980,  265.4092,  269.8700,  272.4158,  274.1185,  274.8964,  275.3377,  275.5044,    0.0603,    0.2293,    0.4862,    0.8070,    1.1704,    1.5585,    1.9558,    2.3465,    2.2897,    1.9402,    1.9404,    1.9693,    1.7880,    1.8190,    1.8682,    1.9265,    1.9389,    2.1689,    2.4012,    2.4486,    2.3514,    2.3264,    2.3771,    2.4673,    0.8706,    0.8951,    0.8872,    0.8890,    0.8750,    0.8602,    0.7771,    0.7743,    0.7719,    0.7024,    0.7128,    0.6223,    0.4206,    0.3635,    0.2974,    0.2788,    0.2574,    0.2088,    0.2514,    0.2555,    0.2662,    0.2941,    0.3302,    0.3561,    0.3863,    0.3917,    0.3551,    0.3890,    0.3853,    0.3852,    0.3799,    0.3864,    0.3832,    0.3806,    0.4151,    0.4100,    1.1025,    1.2512,    1.2094,    1.1648,    1.2733,    1.2258,    1.2221,    1.1751,    1.1289,    0.9974,    0.9546,    0.9159,    1.2948,    1.2082,    1.2434,    1.1497,    1.2288,    1.1547,    1.0726,    1.0415,    0.9649,    0.8910,    0.9676,    0.8930,    1.8679,    1.4398,    0.8882,    0.9189,    0.6978,    0.6939,    0.5237,    0.4002,    0.2958,    0.2118,    0.1753,    0.1384,    0.0744,    0.0456,    0.0550,    0.0561,    0.0628,    0.0586,    0.0625,    0.0704,    0.0617,    0.0848,    0.0750,    0.0822,    0.0976,    0.0796,    0.1159,    0.1291,    0.1069,    0.1364,    0.1761,    0.1863,    0.1756,    0.1027,    0.1635,    0.1729,    0.2119,    0.2264,    0.2344,    0.2492,    0.2562,    0.2702,    0.2922,    0.3379,    0.3735,    0.3479,    0.3473,    0.3537,    0.6002,    0.6555,    0.6879,    0.7141,    0.7357,    0.8236,    0.7698,    0.8212,    0.8060,    0.8368,    0.7941,    0.8527,    1.8342,    1.8133,    1.8481,    1.8774,    1.8978,    1.9358,    2.0037,    2.0548,    2.0966,    1.9497,    1.9215,    1.9954,    5.0444,    4.8064,    4.7528,    4.6098,    4.2590,    3.9953,    3.5083,    3.2287,    4.3376,    3.8037,    2.9236,    2.7172,    2.0968,    1.9299,    1.4737,    1.4091,    0.9520,    0.6925,    0.5610,    0.2259,    0.1998,    0.1424,    0.0496,    0.0405,    0.0694,    0.2654,    0.5671,    0.9486,    1.3870,    1.8624,    2.3572,    2.7855,    3.7558,    4.8461,    5.5038,    6.0618,    5.6398,    5.9767,    6.2626,    6.5096,    6.7285,    6.8277,    6.8742,    6.9691,    7.0768,    7.0567,    6.9433,    6.8286,    2.3625,    2.3418,    2.3549,    2.3798,    2.4138,    2.4327,    2.5412,    2.5202,    2.5269,    2.5664,    2.5590,    2.5973,    2.0005,    1.9999,    2.0014,    1.9893,    1.9831,    1.9879,    1.9636,    1.9514,    1.9381,    1.9233,    1.9020,    1.8808,    1.9501,    1.9150,    1.9277,    1.8579,    1.8432,    1.8331,    1.8127,    1.7665,    1.7469,    1.7135,    1.6604,    1.6416,    4.4292,    4.1308,    3.9940,    3.8764,    3.5876,    3.4793,    3.3075,    3.2058,    3.1056,    3.0908,    2.9921,    2.8796,    4.4503,    4.1731,    3.8172,    3.5985,    3.2142,    2.9625,    2.7640,    2.5294,    2.3547,    2.1918,    1.8995,    1.7619,    4.9379,    3.8779,    3.2147,    2.2800,    1.7471,    1.1988,    0.9079,    0.6887,    0.5192,    0.3938,    0.2777,    0.1990,    0.0067,    0.0000,    0.0184,    0.0339,    0.0385,    0.0351,    0.0536,    0.0596,    0.0531,    0.0732,    0.0647,    0.0709,    0.0756,    0.0614,    0.0883,    0.0962,    0.0767,    0.0425,    0.0038,    0.0097,    0.0655,    0.0878,    0.1426,    0.1495,    0.1855,    0.1984,    0.2054,    0.2182,    0.2232,    0.2275,    0.2247,    0.2030,    0.1773,    0.2154,    0.3054,    0.3115,    0.5481,    0.5986,    0.6269,    0.6341,    0.6200,    0.7211,    0.6943,    0.7372,    0.6766,    0.7693,    0.7272,    0.7734,    1.6762,    1.6330,    1.6991,    1.7257,    1.7365,    1.4580,    1.5094,    1.5480,    1.5794,    1.4678,    1.4475,    1.5031,    3.7996,    3.6204,    3.5799,    3.4719,    3.2075,    3.0086,    2.6416,    2.4307,    1.5147,    1.3277,    1.0201,    0.9475,    0.7307,    0.6719,    0.5125,    0.4894,    0.3301,    0.2397,    0.1938,    0.0778,    0.0687,    0.0488,    0.0169,    0.0138
 2676,    1.5000,  280.7053,    0.3634,   93.9392,   94.4674,    0.9883,    0.7945,  158.4330,  158.5773,  159.4038,  160.3014,  161.2958,  161.8982,  162.8984,  164.5081,  167.1089,  171.0050,  176.9048,  185.3966,  196.5997,  210.5076,  226.5074,  242.2013,  254.8091,  263.7143,  270.0755,  274.2443,  276.7045,  278.1591,  278.9136,  279.3568,  279.5083,    0.0599,    0.2277,    0.4827,    0.8008,    1.1611,    1.5456,    1.9389,    2.3236,    2.2681,    1.9294,    1.9327,    1.9604,    1.7807,    1.8101,    1.8565,    1.9121,    1.9225,    2.1469,    2.3735,    2.4188,    2.3214,    2.2930,    2.3381,    2.4232,    0.8539,    0.8776,    0.8700,    0.8730,    0.8606,    0.8473,    0.7708,    0.7678,    0.7671,    0.7030,    0.7146,    0.6318,    0.4324,    0.3771,    0.3107,    0.2911,    0.2685,    0.2160,    0.2630,    0.2673,    0.2767,    0.3033,    0.3365,    0.3590,    0.3852,    0.3887,    0.3551,    0.3843,    0.3806,    0.3806,    0.3750,    0.3795,    0.3759,    0.3727,    0.4057,    0.4005,    1.0763,    1.2184,    1.1762,    1.1321,    1.2342,    1.1877,    1.1811,    1.1355,    1.0907,    0.9631,    0.9219,    0.8840,    1.2505,    1.1654,    1.1994,    1.1094,    1.1844,    1.1109,    1.0317,    1.0033,    0.9295,    0.8586,    0.9395,    0.8676,    1.8003,    1.3881,    0.8494,    0.8885,    0.6755,    0.6850,    0.5185,    0.3996,    0.2967,    0.2137,    0.1798,    0.1419,    0.0727,    0.0452,    0.0538,    0.0548,    0.0613,    0.0573,    0.0602,    0.0678,    0.0593,    0.0817,    0.0722,    0.0791,    0.0948,    0.0773,    0.1126,    0.1255,    0.1039,    0.1328,    0.1724,    0.1823,    0.1712,    0.0992,    0.1579,    0.1670,    0.2046,    0.2186,    0.2263,    0.2407,    0.2474,    0.2611,    0.2831,    0.3273,    0.3620,    0.3368,    0.3360,    0.3421,    0.5804,    0.6339,    0.6652,    0.6907,    0.7119,    0.7990,    0.7466,    0.7966,    0.7819,    0.8115,    0.7701,    0.8270,    1.7788,    1.7588,    1.7922,    1.8206,    1.8405,    1.8991,    1.9657,    2.0159,    2.0569,    1.9127,    1.8851,    1.9576,    4.9489,    4.7155,    4.6630,    4.5227,    4.1786,    3.9200,    3.4423,    3.1680,    4.3557,    3.8198,    2.9361,    2.7290,    2.1061,    1.9387,    1.4807,    1.4160,    0.9568,    0.6962,    0.5641,    0.2272,    0.2010,    0.1433,    0.0499,    0.0408,    0.0748,    0.2867,    0.6136,    1.0281,    1.5058,    2.0256,    2.5684,    3.0537,    4.0077,    5.0029,    5.6718,    6.2567,    5.8260,    6.1855,    6.4980,    6.7722,    7.0166,    7.1607,    7.2554,    7.3762,    7.4982,    7.5144,    7.4457,    7.3638,    2.5574,    2.5402,    2.5510,    2.5705,    2.5970,    2.6105,    2.6964,    2.6772,    2.6810,    2.7120,    2.7031,    2.7333,    2.1038,    2.1026,    2.1037,    2.0922,    2.0860,    2.0892,    2.0671,    2.0552,    2.0424,    2.0282,    2.0082,    1.9886,    2.0675,    2.0368,    2.0456,    1.9860,    1.9712,    1.9604,    1.9418,    1.9019,    1.8837,    1.8539,    1.8073,    1.7888,    4.8360,    4.5576,    4.4190,    4.2960,    4.0141,    3.8980,    3.7181,    3.6073,    3.4978,    3.4680,    3.3596,    3.2386,    5.0008,    4.7026,    4.3275,    4.0837,    3.6740,    3.3997,    3.1779,    2.9219,    2.7251,    2.5408,    2.2238,    2.0662,    5.7671,    4.5544,    3.7658,    2.7104,    2.0883,    1.4557,    1.1082,    0.8433,    0.6385,    0.4860,    0.3462,    0.2507,    0.0056,    0.0000,    0.0151,    0.0279,    0.0318,    0.0290,    0.0468,    0.0521,    0.0464,    0.0639,    0.0565,    0.0619,    0.0654,    0.0531,    0.0764,    0.0831,    0.0661,    0.0357,    0.0031,    0.0080,    0.0569,    0.0774,    0.1258,    0.1318,    0.1636,    0.1750,    0.1812,    0.1925,    0.1968,    0.2005,    0.1997,    0.1802,    0.1572,    0.1914,    0.2724,    0.2781,    0.4896,    0.5347,    0.5600,    0.5661,    0.5530,    0.6472,    0.6234,    0.6618,    0.6072,    0.6911,    0.6532,    0.6946,    1.5057,    1.4665,    1.5264,    1.5502,    1.5599,    1.2731,    1.3180,    1.3516,    1.3791,    1.2817,    1.2639,    1.3125,    3.3177,    3.1613,    3.1259,    3.0316,    2.8008,    2.6272,    2.3067,    2.1226,    1.2016,    1.0533,    0.8093,    0.7518,    0.5797,    0.5331,    0.4067,    0.3884,    0.2620,    0.1903,    0.1538,    0.0618,    0.0545,    0.0387,    0.0134,    0.0109
 2878,    1.7500,  283.6104,    0.3716,   92.7371,   93.2557,    0.9845,    0.8652,  158.4330,  158.6274,  159.4825,  160.3953,  161.3047,  161.9946,  163.1095,  165.0938,  168.0070,  172.4027,  178.9984,  188.1943,  200.1013,  214.5994,  230.9024,  246.6926,  259.1079,  267.7552,  273.8346,  277.8068,  280.1112,  281.3997,  282.0339,  282.4720,  282.6368,    0.0597,    0.2266,    0.4802,    0.7965,    1.1544,    1.5362,    1.9265,    2.3068,    2.2531,    1.9222,    1.9277,    1.9546,    1.7760,    1.8043,    1.8488,    1.9025,    1.9115,    2.1318,    2.3543,    2.3980,    2.3007,    2.2699,    2.3110,    2.3924,    0.8422,    0.8653,    0.8579,    0.8617,    0.8501,    0.8378,    0.7663,    0.7630,    0.7634,    0.7037,    0.7158,    0.6390,    0.4420,    0.3885,    0.3225,    0.3020,    0.2785,    0.2227,    0.2733,    0.2777,    0.2857,    0.3109,    0.3415,    0.3611,    0.3843,    0.3865,    0.3553,    0.3809,    0.3772,    0.3773,    0.3715,    0.3747,    0.3708,    0.3672,    0.3991,    0.3939,    1.0579,    1.1950,    1.1526,    1.1088,    1.2055,    1.1597,    1.1506,    1.1059,    1.0620,    0.9378,    0.8976,    0.8602,    1.2180,    1.1339,    1.1660,    1.0786,    1.1483,    1.0749,    0.9979,    0.9709,    0.8993,    0.8307,    0.9123,    0.8426,    1.7420,    1.3424,    0.8176,    0.8586,    0.6528,    0.6699,    0.5079,    0.3937,    0.2931,    0.2120,    0.1808,    0.1425,    0.0714,    0.0449,    0.0529,    0.0539,    0.0604,    0.0563,    0.0584,    0.0658,    0.0576,    0.0792,    0.0701,    0.0768,    0.0927,    0.0756,    0.1102,    0.1227,    0.1016,    0.1298,    0.1690,    0.1787,    0.1676,    0.0965,    0.1536,    0.1624,    0.1990,    0.2126,    0.2201,    0.2340,    0.2406,    0.2539,    0.2758,    0.3187,    0.3525,    0.3278,    0.3270,    0.3329,    0.5647,    0.6168,    0.6472,    0.6722,    0.6929,    0.7792,    0.7281,    0.7769,    0.7625,    0.7912,    0.7509,    0.8065,    1.7345,    1.7152,    1.7475,    1.7751,    1.7945,    1.8714,    1.9371,    1.9865,    2.0269,    1.8848,    1.8576,    1.9291,    4.8768,    4.6468,    4.5952,    4.4570,    4.1179,    3.8632,    3.3925,    3.1223,    4.3676,    3.8303,    2.9444,    2.7368,    2.1122,    1.9445,    1.4853,    1.4206,    0.9601,    0.6987,    0.5663,    0.2281,    0.2019,    0.1440,    0.0502,    0.0410,    0.0790,    0.3029,    0.6490,    1.0889,    1.5971,    2.1514,    2.7320,    3.2651,    4.1948,    5.1243,    5.8037,    6.4096,    5.9726,    6.3498,    6.6827,    6.9777,    7.2415,    7.4180,    7.5480,    7.6892,    7.8231,    7.8670,    7.8345,    7.7812,    2.7102,    2.6963,    2.7053,    2.7207,    2.7416,    2.7512,    2.8196,    2.8022,    2.8040,    2.8285,    2.8191,    2.8429,    2.1869,    2.1851,    2.1854,    2.1744,    2.1682,    2.1698,    2.1497,    2.1383,    2.1260,    2.1124,    2.0939,    2.0757,    2.1624,    2.1351,    2.1405,    2.0889,    2.0741,    2.0629,    2.0455,    2.0103,    1.9931,    1.9660,    1.9249,    1.9068,    5.1627,    4.9047,    4.7656,    4.6390,    4.3685,    4.2466,    4.0630,    3.9451,    3.8282,    3.7842,    3.6680,    3.5406,    5.4623,    5.1481,    4.7609,    4.4966,    4.0707,    3.7789,    3.5378,    3.2650,    3.0496,    2.8472,    2.5123,    2.3374,    6.5004,    5.1566,    4.2542,    3.0990,    2.3981,    1.6925,    1.2938,    0.9867,    0.7497,    0.5721,    0.4110,    0.2999,    0.0046,    0.0000,    0.0124,    0.0231,    0.0263,    0.0240,    0.0411,    0.0457,    0.0407,    0.0561,    0.0496,    0.0544,    0.0568,    0.0461,    0.0663,    0.0721,    0.0572,    0.0303,    0.0026,    0.0067,    0.0498,    0.0684,    0.1113,    0.1166,    0.1448,    0.1550,    0.1604,    0.1704,    0.1743,    0.1774,    0.1782,    0.1605,    0.1399,    0.1708,    0.2439,    0.2492,    0.4389,    0.4793,    0.5021,    0.5072,    0.4952,    0.5829,    0.5617,    0.5961,    0.5468,    0.6229,    0.5887,    0.6260,    1.3570,    1.3213,    1.3757,    1.3972,    1.4059,    1.1147,    1.1541,    1.1835,    1.2076,    1.1223,    1.1067,    1.1493,    2.9051,    2.7681,    2.7372,    2.6547,    2.4525,    2.3005,    2.0200,    1.8588,    0.9555,    0.8376,    0.6436,    0.5978,    0.4611,    0.4240,    0.3234,    0.3089,    0.2084,    0.1514,    0.1224,    0.0492,    0.0434,    0.0308,    0.0107,    0.0087
 3100,    2.0000,  286.0063,    0.3780,   91.7900,   92.3012,    0.9830,    0.7547,  158.4330,  158.7145,  159.5631,  160.4705,  161.4048,  162.1048,  163.4107,  165.6071,  168.9074,  173.8022,  181.0029,  190.8067,  203.3167,  218.2029,  234.8006,  250.5612,  262.8013,  271.1917,  277.0079,  280.7386,  282.8760,  284.0114,  284.6312,  285.0761,  285.2336,    0.0595,    0.2258,    0.4783,    0.7932,    1.1494,    1.5291,    1.9171,    2.2942,    2.2418,    1.9160,    1.9229,    1.9492,    1.7714,    1.7988,    1.8419,    1.8942,    1.9023,    2.1196,    2.3391,    2.3818,    2.2844,    2.2521,    2.2906,    2.3694,    0.8336,    0.8562,    0.8490,    0.8531,    0.8422,    0.8306,    0.7625,    0.7591,    0.7602,    0.7040,    0.7163,    0.6442,    0.4494,    0.3978,    0.3324,    0.3113,    0.2870,    0.2286,    0.2822,    0.2866,    0.2930,    0.3168,    0.3451,    0.3625,    0.3833,    0.3845,    0.3553,    0.3781,    0.3745,    0.3746,    0.3687,    0.3710,    0.3669,    0.3631,    0.3942,    0.3889,    1.0443,    1.1777,    1.1352,    1.0916,    1.1845,    1.1391,    1.1280,    1.0839,    1.0407,    0.9192,    0.8797,    0.8426,    1.1941,    1.1108,    1.1410,    1.0555,    1.1202,    1.0470,    0.9715,    0.9453,    0.8753,    0.8085,    0.8892,    0.8212,    1.6954,    1.3055,    0.7931,    0.8330,    0.6330,    0.6539,    0.4961,    0.3861,    0.2881,    0.2091,    0.1801,    0.1417,    0.0701,    0.0445,    0.0522,    0.0533,    0.0597,    0.0557,    0.0570,    0.0642,    0.0562,    0.0774,    0.0684,    0.0750,    0.0911,    0.0743,    0.1083,    0.1206,    0.0999,    0.1274,    0.1661,    0.1755,    0.1645,    0.0944,    0.1502,    0.1588,    0.1946,    0.2079,    0.2152,    0.2289,    0.2352,    0.2483,    0.2698,    0.3115,    0.3445,    0.3203,    0.3198,    0.3256,    0.5521,    0.6030,    0.6328,    0.6573,    0.6775,    0.7631,    0.7131,    0.7610,    0.7467,    0.7749,    0.7354,    0.7898,    1.6987,    1.6799,    1.7114,    1.7385,    1.7575,    1.8504,    1.9152,    1.9641,    2.0041,    1.8636,    1.8367,    1.9074,    4.8220,    4.5946,    4.5436,    4.4070,    4.0718,    3.8200,    3.3547,    3.0875,    4.3754,    3.8373,    2.9498,    2.7420,    2.1164,    1.9485,    1.4884,    1.4237,    0.9623,    0.7004,    0.5678,    0.2287,    0.2025,    0.1444,    0.0503,    0.0412,    0.0821,    0.3152,    0.6762,    1.1357,    1.6678,    2.2493,    2.8597,    3.4325,    4.3366,    5.2210,    5.9098,    6.5328,    6.0910,    6.4823,    6.8313,    7.1427,    7.4220,    7.6230,    7.7795,    7.9368,    8.0809,    8.1465,    8.1430,    8.1137,    2.8324,    2.8214,    2.8290,    2.8412,    2.8577,    2.8646,    2.9194,    2.9038,    2.9042,    2.9237,    2.9140,    2.9329,    2.2552,    2.2529,    2.2524,    2.2419,    2.2357,    2.2364,    2.2176,    2.2066,    2.1948,    2.1818,    2.1644,    2.1475,    2.2405,    2.2158,    2.2185,    2.1733,    2.1586,    2.1470,    2.1304,    2.0989,    2.0824,    2.0576,    2.0209,    2.0032,    5.4299,    5.1909,    5.0521,    4.9231,    4.6661,    4.5398,    4.3558,    4.2322,    4.1095,    4.0522,    3.9298,    3.7976,    5.8532,    5.5268,    5.1326,    4.8511,    4.4163,    4.1111,    3.8539,    3.5678,    3.3366,    3.1185,    2.7709,    2.5811,    7.1526,    5.6954,    4.6890,    3.4522,    2.6811,    1.9123,    1.4668,    1.1205,    0.8538,    0.6529,    0.4723,    0.3468,    0.0039,    0.0000,    0.0103,    0.0192,    0.0219,    0.0199,    0.0362,    0.0402,    0.0358,    0.0494,    0.0437,    0.0479,    0.0494,    0.0401,    0.0577,    0.0627,    0.0496,    0.0258,    0.0021,    0.0056,    0.0438,    0.0607,    0.0989,    0.1036,    0.1286,    0.1377,    0.1425,    0.1514,    0.1548,    0.1575,    0.1596,    0.1435,    0.1249,    0.1529,    0.2190,    0.2239,    0.3946,    0.4309,    0.4513,    0.4558,    0.4446,    0.5264,    0.5074,    0.5384,    0.4937,    0.5628,    0.5319,    0.5655,    1.2260,    1.1936,    1.2431,    1.2625,    1.2703,    0.9781,    1.0127,    1.0385,    1.0596,    0.9847,    0.9711,    1.0084,    2.5491,    2.4290,    2.4018,    2.3294,    2.1521,    2.0187,    1.7726,    1.6311,    0.7614,    0.6675,    0.5128,    0.4764,    0.3674,    0.3379,    0.2578,    0.2462,    0.1661,    0.1206,    0.0976,    0.0392,    0.0346,    0.0246,    0.0085,    0.0069
