Particle       ,data/QEXT_96IR_84_VIS_NC25v2_2umrod
Ncase          ,  14
dt (sols)      ,  0.020833
Qext 0.67um    ,  1.383025
Alb sfc        ,  0.220000
Conrath nu     ,  0.002000
Sun Flux (W/m2),148.393084
BWN IR (cm-1)  ,     10.0000,     34.1670,     58.3330,     82.5000,    106.6670,    130.8330,    155.0000,    179.1670,    203.3330,    227.5000,    251.6670,    275.8330,    300.0000,    320.7880,    341.5750,    362.3630,    383.1500,    403.9380,    424.7250,    445.5130,    466.3010,    487.0880,    507.8760,    528.6630,    549.4510,    556.7420,    564.0330,    571.3240,    578.6150,    585.9060,    593.1970,    600.4880,    607.7790,    615.0700,    622.3610,    629.6520,    636.9430,    642.5500,    648.1570,    653.7640,    659.3700,    664.9770,    670.5840,    676.1910,    681.7980,    687.4050,    693.0110,    698.6180,    704.2250,    710.1390,    716.0530,    721.9670,    727.8810,    733.7950,    739.7090,    745.6240,    751.5380,    757.4520,    763.3660,    769.2800,    775.1940,    791.5010,    807.8070,    824.1140,    840.4210,    856.7270,    873.0340,    889.3410,    905.6470,    921.9540,    938.2610,    954.5670,    970.8740,    996.8050,   1022.7370,   1048.6680,   1074.6000,   1100.5310,   1126.4630,   1152.3940,   1178.3250,   1204.2570,   1230.1880,   1256.1200,   1282.0510,   1360.3990,   1438.7460,   1517.0940,   1595.4410,   1673.7890,   1752.1370,   1830.4840,   1908.8320,   1987.1790,   2065.5270,   2143.8740,   2222.2220
BWN VIS (cm-1) ,   2222.2200,   2294.3160,   2366.4120,   2438.5080,   2510.6030,   2582.6990,   2654.7950,   2726.8910,   2798.9870,   2871.0820,   2943.1780,   3015.2740,   3087.3700,   3165.9750,   3244.5800,   3323.1850,   3401.7900,   3480.3950,   3559.0000,   3637.6050,   3716.2100,   3794.8150,   3873.4200,   3952.0250,   4030.6300,   4142.2920,   4253.9530,   4365.6150,   4477.2770,   4588.9380,   4700.6000,   4812.2620,   4923.9230,   5035.5850,   5147.2470,   5258.9080,   5370.5700,   5560.6150,   5750.6600,   5940.7050,   6130.7500,   6320.7950,   6510.8400,   6700.8850,   6890.9300,   7080.9750,   7271.0200,   7461.0650,   7651.1100,   8055.1840,   8459.2580,   8863.3330,   9267.4070,   9671.4810,  10075.5550,  10479.6290,  10883.7030,  11287.7780,  11691.8520,  12095.9260,  12500.0000,  13541.6670,  14583.3330,  15625.0000,  16666.6670,  17708.3330,  18750.0000,  19791.6670,  20833.3330,  21875.0000,  22916.6670,  23958.3330,  25000.0000,  26388.8890,  27777.7780,  29166.6670,  30555.5570,  31944.4460,  33333.3350,  34722.2240,  36111.1130,  37500.0030,  38888.8920,  40277.7810,  41666.6700
SUN VIS (W/m2) ,      0.1008,      0.0862,      0.0968,      0.1089,      0.1224,      0.1136,      0.1248,      0.1400,      0.1233,      0.1698,      0.1502,      0.1645,      0.1814,      0.1477,      0.2144,      0.2377,      0.1946,      0.2106,      0.2276,      0.2472,      0.2683,      0.1918,      0.3072,      0.3239,      0.3986,      0.4261,      0.4410,      0.4688,      0.4810,      0.5017,      0.5013,      0.5485,      0.5772,      0.5665,      0.6183,      0.6303,      1.0809,      1.1806,      1.2379,      1.2751,      1.2949,      1.4092,      1.3262,      1.4132,      1.3634,      1.4505,      1.3747,      1.4716,      3.1730,      3.1258,      3.2038,      3.2543,      3.2846,      3.1576,      3.2685,      3.3520,      3.4202,      3.1800,      3.1347,      3.2554,      8.2299,      7.8425,      7.7561,      7.5237,      6.9524,      6.5235,      5.7299,      5.2748,      5.0739,      4.4511,      3.4228,      3.1828,      2.4579,      2.2644,      1.7312,      1.6575,      1.1215,      0.8173,      0.6634,      0.2677,      0.2374,      0.1697,      0.0593,      0.0486
================
wavelenght [um],    0.244068,    0.252632,    0.261818,    0.271698,    0.282353,    0.293878,    0.306383,    0.320000,    0.334884,    0.351220,    0.369231,    0.389189,    0.408511,    0.426667,    0.446512,    0.468293,    0.492308,    0.518919,    0.548571,    0.581818,    0.619355,    0.662069,    0.711111,    0.768000,    0.813143,    0.840768,    0.870336,    0.902060,    0.936184,    0.972991,    1.012810,    1.056028,    1.103099,    1.154562,    1.211061,    1.273375,    1.323436,    1.357581,    1.393534,    1.431444,    1.471474,    1.513807,    1.558648,    1.606226,    1.656801,    1.710664,    1.768147,    1.829628,    1.881560,    1.921939,    1.964090,    2.008131,    2.054193,    2.102417,    2.152960,    2.205992,    2.261704,    2.320302,    2.382017,    2.447105,    2.505432,    2.555765,    2.608162,    2.662752,    2.719677,    2.779088,    2.841153,    2.906054,    2.973989,    3.045176,    3.119855,    3.198288,    3.277268,    3.356577,    3.439819,    3.527294,    3.619334,    3.716307,    3.818620,    3.926726,    4.041130,    4.162400,    4.291175,    4.428172,    4.580751,    4.751270,    4.934974,    5.133456,    5.348572,    5.582505,    5.837838,    6.117648,    6.425631,    6.766266,    7.145039,    7.568734,    7.879690,    8.044056,    8.215425,    8.394255,    8.581043,    8.776330,    8.980716,    9.194848,    9.419442,    9.655282,    9.903235,   10.164260,   10.387231,   10.566200,   10.751445,   10.943308,   11.142136,   11.348323,   11.562291,   11.784476,   12.015368,   12.255495,   12.505409,   12.765727,   12.949392,   13.049328,   13.150818,   13.253898,   13.358608,   13.464994,   13.573088,   13.682923,   13.794549,   13.908012,   14.023357,   14.140631,   14.256763,   14.371646,   14.488386,   14.607038,   14.727660,   14.850291,   14.974981,   15.101782,   15.230738,   15.361915,   15.495384,   15.631191,   15.790367,   15.974275,   16.162517,   16.355249,   16.552633,   16.754839,   16.962047,   17.174443,   17.392227,   17.615605,   17.844795,   18.080028,   18.550914,   19.294981,   20.101230,   20.977796,   21.934298,   22.982219,   24.135264,   25.410119,   26.827165,   28.411593,   30.194923,   32.217118,   34.732292,   37.914692,   41.739101,   46.421699,   52.287582,   59.850314,   69.970927,   84.210526,  105.726686,  142.012170,  216.216216,  452.826771
Qext           ,      1.1000,      1.1000,      1.1000,      1.1000,      1.1000,      1.1000,      1.1000,      1.1000,      1.1000,      1.1000,      1.1000,      1.3830,      1.3830,      1.3830,      1.3830,      1.3830,      1.3830,      1.3830,      1.3830,      1.3830,      1.3830,      1.3830,      1.3830,      1.1840,      1.1840,      1.1840,      1.1840,      1.1840,      1.1840,      1.1840,      1.1840,      1.1840,      1.1840,      1.2279,      1.2279,      1.2279,      1.2279,      1.2279,      1.2279,      1.2279,      1.2279,      1.4043,      1.4043,      1.4043,      1.4043,      1.4043,      1.4043,      1.4043,      1.4603,      1.4603,      1.4603,      1.4603,      1.4603,      1.4603,      1.4603,      1.4603,      1.5338,      1.5338,      1.5338,      1.5338,      1.5338,      1.5338,      1.6709,      1.6709,      1.6709,      1.6709,      1.6709,      1.6709,      1.5247,      1.5247,      1.5247,      1.5247,      1.5247,      1.7258,      1.7258,      1.7258,      1.7258,      2.0284,      2.0284,      2.0284,      2.0284,      2.2658,      2.2658,      2.2658,      2.4192,      2.4192,      3.0650,      3.0650,      3.2930,      3.2243,      3.2243,      2.4883,      2.2803,      2.4751,      2.9475,      3.7316,      4.9089,      4.9089,      6.3436,      6.3436,      5.6458,      5.6458,      3.5325,      3.5325,      2.4520,      1.8291,      1.8291,      1.3984,      1.1028,      1.1028,      0.9186,      0.9186,      0.7709,      0.7709,      0.7410,      0.7357,      0.7357,      0.8217,      0.8217,      1.0875,      1.3745,      1.3745,      1.3745,      1.3745,      1.9022,      1.9022,      1.9022,      2.8401,      2.8401,      2.8401,      3.5932,      3.5932,      3.5932,      3.5452,      3.5452,      3.5452,      2.9677,      2.9677,      2.9677,      2.6336,      2.6336,      2.6336,      2.9034,      2.9034,      2.9034,      3.4914,      3.4914,      3.9074,      3.9074,      3.8902,      3.4829,      3.4829,      2.8784,      2.8784,      2.2686,      1.7822,      1.6316,      1.3728,      1.4255,      1.0745,      0.6842,      1.2238,      2.3079,      2.5142,      1.4728,      0.4783,      0.2279,      0.2159,      0.1075,      0.0564,      0.0514,      0.0187,      0.0124,      0.0142,      0.0142,      0.0142,      0.0142,      0.0142,      0.0142,      0.0142
Qscat          ,      0.4925,      0.4925,      0.4925,      0.4925,      0.4925,      0.4925,      0.4925,      0.4925,      0.4925,      0.4925,      0.4925,      0.3541,      0.3541,      0.3541,      0.3541,      0.3541,      0.3541,      0.3541,      0.3541,      0.3541,      0.3541,      0.3541,      0.3541,      0.1819,      0.1819,      0.1819,      0.1819,      0.1819,      0.1819,      0.1819,      0.1819,      0.1819,      0.1819,      0.1535,      0.1535,      0.1535,      0.1535,      0.1535,      0.1535,      0.1535,      0.1535,      0.1355,      0.1355,      0.1355,      0.1355,      0.1355,      0.1355,      0.1355,      0.1621,      0.1621,      0.1621,      0.1621,      0.1621,      0.1621,      0.1621,      0.1621,      0.1733,      0.1733,      0.1733,      0.1733,      0.1733,      0.1733,      0.1481,      0.1481,      0.1481,      0.1481,      0.1481,      0.1481,      0.1326,      0.1326,      0.1326,      0.1326,      0.1326,      0.1356,      0.1356,      0.1356,      0.1356,      0.1777,      0.1777,      0.1777,      0.1777,      0.1658,      0.1658,      0.1658,      0.1836,      0.1836,      0.1909,      0.1909,      0.2649,      0.3824,      0.3824,      0.3904,      0.3303,      0.3718,      0.4620,      0.5397,      0.6664,      0.6664,      0.9330,      0.9330,      1.0451,      1.0451,      0.7561,      0.7561,      0.4769,      0.4081,      0.4081,      0.3339,      0.3120,      0.3120,      0.2880,      0.2880,      0.3341,      0.3341,      0.2878,      0.4351,      0.4351,      0.4593,      0.4593,      0.6106,      0.9360,      0.9360,      0.9360,      0.9360,      1.0781,      1.0781,      1.0781,      1.2722,      1.2722,      1.2722,      1.6593,      1.6593,      1.6593,      1.7683,      1.7683,      1.7683,      1.4201,      1.4201,      1.4201,      1.0930,      1.0930,      1.0930,      1.1622,      1.1622,      1.1622,      1.4256,      1.4256,      1.4928,      1.4928,      1.2799,      0.9980,      0.9980,      0.8371,      0.8371,      0.7901,      0.7402,      0.6835,      0.4795,      0.6736,      0.8393,      0.6841,      1.2237,      2.3077,      2.5140,      0.5949,      0.0160,      0.2279,      0.0864,     -0.0920,      0.0564,      0.0514,     -0.0406,      0.0124,      0.0142,      0.0142,      0.0142,      0.0142,      0.0142,      0.0142,      0.0142
G factor       ,      0.4470,      0.4470,      0.4470,      0.4470,      0.4470,      0.4470,      0.4470,      0.4470,      0.4470,      0.4470,      0.4470,      0.5190,      0.5190,      0.5190,      0.5190,      0.5190,      0.5190,      0.5190,      0.5190,      0.5190,      0.5190,      0.5190,      0.5190,      0.3450,      0.3450,      0.3450,      0.3450,      0.3450,      0.3450,      0.3450,      0.3450,      0.3450,      0.3450,      0.3020,      0.3020,      0.3020,      0.3020,      0.3020,      0.3020,      0.3020,      0.3020,      0.2840,      0.2840,      0.2840,      0.2840,      0.2840,      0.2840,      0.2840,      0.2550,      0.2550,      0.2550,      0.2550,      0.2550,      0.2550,      0.2550,      0.2550,      0.2800,      0.2800,      0.2800,      0.2800,      0.2800,      0.2800,      0.2450,      0.2450,      0.2450,      0.2450,      0.2450,      0.2450,      0.1690,      0.1690,      0.1690,      0.1690,      0.1690,      0.2320,      0.2320,      0.2320,      0.2320,      0.2360,      0.2360,      0.2360,      0.2360,      0.1940,      0.1940,      0.1940,      0.1640,      0.1640,      0.1910,      0.1910,      0.2030,      0.2260,      0.2260,      0.0900,      0.0450,      0.1060,      0.1570,      0.0900,      0.0620,      0.0620,      0.1020,      0.1020,      0.1580,      0.1580,      0.1550,      0.1550,      0.0910,      0.0640,      0.0640,      0.0240,      0.0010,      0.0010,     -0.0420,     -0.0420,     -0.0530,     -0.0530,     -0.0680,     -0.0450,     -0.0450,     -0.0040,     -0.0040,      0.0390,      0.0670,      0.0670,      0.0670,      0.0670,      0.0590,      0.0590,      0.0590,      0.0360,      0.0360,      0.0360,      0.0160,      0.0160,      0.0160,     -0.0100,     -0.0100,     -0.0100,     -0.0500,     -0.0500,     -0.0500,     -0.0800,     -0.0800,     -0.0800,     -0.0680,     -0.0680,     -0.0680,     -0.0380,     -0.0380,     -0.0130,     -0.0130,      0.0030,      0.0130,      0.0130,      0.0170,      0.0170,      0.0150,      0.0060,     -0.0000,     -0.0170,     -0.0210,     -0.0550,     -0.0910,      0.0040,      0.0400,      0.0360,      0.0210,      0.0090,      0.0250,      0.0080,     -0.0350,     -0.0210,      0.0020,      0.0140,      0.0350,      0.0230,      0.0230,      0.0230,      0.0230,      0.0230,      0.0230,      0.0230
================
P [mbar]       ,    0.1004,    0.1015,    0.1034,    0.1069,    0.1130,    0.1239,    0.1432,    0.1740,    0.2226,    0.3028,    0.4349,    0.6529,    1.0121,    1.6044,    2.4646,    3.4606,    4.3994,    5.2226,    5.8426,    6.2132,    6.3980,    6.4686,    6.5039,    6.5168
Temp initial[K],  155.0000,  155.0000,  155.0000,  155.0000,  155.0000,  155.0000,  155.0000,  155.0000,  155.0000,  155.0000,  155.0000,  155.0000,  158.8233,  165.4041,  173.2716,  181.4436,  190.2788,  198.8130,  204.5783,  207.8249,  209.4219,  210.0497,  210.3719,  210.4891
================
it   ,   tau    ,  Tsfc    ,   alb    ,   OLR    ,    ASR   ,  NET top ,  NET bot , T lev  01, T lev  02, T lev  03, T lev  04, T lev  05, T lev  06, T lev  07, T lev  08, T lev  09, T lev  10, T lev  11, T lev  12, T lev  13, T lev  14, T lev  15, T lev  16, T lev  17, T lev  18, T lev  19, T lev  20, T lev  21, T lev  22, T lev  23, T lev  24, T lev  25,  OLR IR01,  OLR IR02,  OLR IR03,  OLR IR04,  OLR IR05,  OLR IR06,  OLR IR07,  OLR IR08,  OLR IR09,  OLR IR10,  OLR IR11,  OLR IR12,  OLR IR13,  OLR IR14,  OLR IR15,  OLR IR16,  OLR IR17,  OLR IR18,  OLR IR19,  OLR IR20,  OLR IR21,  OLR IR22,  OLR IR23,  OLR IR24,  OLR IR25,  OLR IR26,  OLR IR27,  OLR IR28,  OLR IR29,  OLR IR30,  OLR IR31,  OLR IR32,  OLR IR33,  OLR IR34,  OLR IR35,  OLR IR36,  OLR IR37,  OLR IR38,  OLR IR39,  OLR IR40,  OLR IR41,  OLR IR42,  OLR IR43,  OLR IR44,  OLR IR45,  OLR IR46,  OLR IR47,  OLR IR48,  OLR IR49,  OLR IR50,  OLR IR51,  OLR IR52,  OLR IR53,  OLR IR54,  OLR IR55,  OLR IR56,  OLR IR57,  OLR IR58,  OLR IR59,  OLR IR60,  OLR IR61,  OLR IR62,  OLR IR63,  OLR IR64,  OLR IR65,  OLR IR66,  OLR IR67,  OLR IR68,  OLR IR69,  OLR IR70,  OLR IR71,  OLR IR72,  OLR IR73,  OLR IR74,  OLR IR75,  OLR IR76,  OLR IR77,  OLR IR78,  OLR IR79,  OLR IR80,  OLR IR81,  OLR IR82,  OLR IR83,  OLR IR84,  OLR IR85,  OLR IR86,  OLR IR87,  OLR IR88,  OLR IR89,  OLR IR90,  OLR IR91,  OLR IR92,  OLR IR93,  OLR IR94,  OLR IR95,  OLR IR96, ASR VIS01, ASR VIS02, ASR VIS03, ASR VIS04, ASR VIS05, ASR VIS06, ASR VIS07, ASR VIS08, ASR VIS09, ASR VIS10, ASR VIS11, ASR VIS12, ASR VIS13, ASR VIS14, ASR VIS15, ASR VIS16, ASR VIS17, ASR VIS18, ASR VIS19, ASR VIS20, ASR VIS21, ASR VIS22, ASR VIS23, ASR VIS24, ASR VIS25, ASR VIS26, ASR VIS27, ASR VIS28, ASR VIS29, ASR VIS30, ASR VIS31, ASR VIS32, ASR VIS33, ASR VIS34, ASR VIS35, ASR VIS36, ASR VIS37, ASR VIS38, ASR VIS39, ASR VIS40, ASR VIS41, ASR VIS42, ASR VIS43, ASR VIS44, ASR VIS45, ASR VIS46, ASR VIS47, ASR VIS48, ASR VIS49, ASR VIS50, ASR VIS51, ASR VIS52, ASR VIS53, ASR VIS54, ASR VIS55, ASR VIS56, ASR VIS57, ASR VIS58, ASR VIS59, ASR VIS60, ASR VIS61, ASR VIS62, ASR VIS63, ASR VIS64, ASR VIS65, ASR VIS66, ASR VIS67, ASR VIS68, ASR VIS69, ASR VIS70, ASR VIS71, ASR VIS72, ASR VIS73, ASR VIS74, ASR VIS75, ASR VIS76, ASR VIS77, ASR VIS78, ASR VIS79, ASR VIS80, ASR VIS81, ASR VIS82, ASR VIS83, ASR VIS84, SFC DIR01, SFC DIR02, SFC DIR03, SFC DIR04, SFC DIR05, SFC DIR06, SFC DIR07, SFC DIR08, SFC DIR09, SFC DIR10, SFC DIR11, SFC DIR12, SFC DIR13, SFC DIR14, SFC DIR15, SFC DIR16, SFC DIR17, SFC DIR18, SFC DIR19, SFC DIR20, SFC DIR21, SFC DIR22, SFC DIR23, SFC DIR24, SFC DIR25, SFC DIR26, SFC DIR27, SFC DIR28, SFC DIR29, SFC DIR30, SFC DIR31, SFC DIR32, SFC DIR33, SFC DIR34, SFC DIR35, SFC DIR36, SFC DIR37, SFC DIR38, SFC DIR39, SFC DIR40, SFC DIR41, SFC DIR42, SFC DIR43, SFC DIR44, SFC DIR45, SFC DIR46, SFC DIR47, SFC DIR48, SFC DIR49, SFC DIR50, SFC DIR51, SFC DIR52, SFC DIR53, SFC DIR54, SFC DIR55, SFC DIR56, SFC DIR57, SFC DIR58, SFC DIR59, SFC DIR60, SFC DIR61, SFC DIR62, SFC DIR63, SFC DIR64, SFC DIR65, SFC DIR66, SFC DIR67, SFC DIR68, SFC DIR69, SFC DIR70, SFC DIR71, SFC DIR72, SFC DIR73, SFC DIR74, SFC DIR75, SFC DIR76, SFC DIR77, SFC DIR78, SFC DIR79, SFC DIR80, SFC DIR81, SFC DIR82, SFC DIR83, SFC DIR84, SFC DIR85, SFC DIR86, SFC DIR87, SFC DIR88, SFC DIR89, SFC DIR90, SFC DIR91, SFC DIR92, SFC DIR93, SFC DIR94, SFC DIR95, SFC DIR96,SFC DVIS01,SFC DVIS02,SFC DVIS03,SFC DVIS04,SFC DVIS05,SFC DVIS06,SFC DVIS07,SFC DVIS08,SFC DVIS09,SFC DVIS10,SFC DVIS11,SFC DVIS12,SFC DVIS13,SFC DVIS14,SFC DVIS15,SFC DVIS16,SFC DVIS17,SFC DVIS18,SFC DVIS19,SFC DVIS20,SFC DVIS21,SFC DVIS22,SFC DVIS23,SFC DVIS24,SFC DVIS25,SFC DVIS26,SFC DVIS27,SFC DVIS28,SFC DVIS29,SFC DVIS30,SFC DVIS31,SFC DVIS32,SFC DVIS33,SFC DVIS34,SFC DVIS35,SFC DVIS36,SFC DVIS37,SFC DVIS38,SFC DVIS39,SFC DVIS40,SFC DVIS41,SFC DVIS42,SFC DVIS43,SFC DVIS44,SFC DVIS45,SFC DVIS46,SFC DVIS47,SFC DVIS48,SFC DVIS49,SFC DVIS50,SFC DVIS51,SFC DVIS52,SFC DVIS53,SFC DVIS54,SFC DVIS55,SFC DVIS56,SFC DVIS57,SFC DVIS58,SFC DVIS59,SFC DVIS60,SFC DVIS61,SFC DVIS62,SFC DVIS63,SFC DVIS64,SFC DVIS65,SFC DVIS66,SFC DVIS67,SFC DVIS68,SFC DVIS69,SFC DVIS70,SFC DVIS71,SFC DVIS72,SFC DVIS73,SFC DVIS74,SFC DVIS75,SFC DVIS76,SFC DVIS77,SFC DVIS78,SFC DVIS79,SFC DVIS80,SFC DVIS81,SFC DVIS82,SFC DVIS83,SFC DVIS84
 1007,    0.0000,  218.8983,    0.2194,  117.0969,  115.8380,   -0.8625,   -0.7595,  158.4330,  155.0000,  155.0000,  155.0000,  155.0000,  155.0000,  155.0000,  155.0000,  155.0000,  155.0000,  155.0000,  155.0000,  155.0000,  158.8202,  165.3996,  173.2672,  181.4393,  190.2764,  198.8104,  204.5754,  207.8212,  209.4182,  210.0462,  210.3680,  210.4855,    0.0676,    0.2556,    0.5389,    0.8888,    1.2804,    1.6928,    2.1082,    2.5121,    2.8933,    3.2429,    3.5544,    3.8241,    3.4712,    3.6087,    3.7179,    3.7987,    3.8530,    3.8815,    3.8866,    3.8696,    3.8324,    3.7775,    3.7019,    3.5964,    1.2424,    1.2267,    1.2047,    1.1662,    1.1137,    1.0481,    0.8756,    0.8393,    0.7711,    0.6138,    0.5638,    0.3590,    0.1995,    0.1649,    0.1438,    0.1375,    0.1329,    0.1277,    0.1258,    0.1235,    0.1245,    0.1364,    0.1735,    0.2440,    0.3730,    0.4452,    0.3502,    0.5089,    0.4971,    0.5051,    0.5244,    0.6000,    0.6202,    0.6335,    0.6351,    0.6285,    1.6842,    1.6087,    1.5504,    1.4822,    1.4116,    1.3421,    1.2748,    1.2087,    1.1452,    1.0819,    1.0194,    0.9639,    1.4270,    1.3066,    1.1824,    1.0659,    0.9702,    0.8860,    0.8005,    0.7221,    0.6504,    0.5836,    0.5141,    0.4584,    1.1328,    0.8012,    0.5722,    0.3992,    0.2764,    0.1901,    0.1299,    0.0861,    0.0569,    0.0365,    0.0240,    0.0175,    0.0899,    0.0485,    0.0757,    0.0853,    0.0957,    0.0892,    0.0975,    0.1095,    0.0962,    0.1325,    0.1172,    0.1283,    0.1417,    0.1155,    0.1679,    0.1865,    0.1530,    0.1811,    0.2062,    0.2231,    0.2234,    0.1500,    0.2398,    0.2531,    0.3109,    0.3324,    0.3440,    0.3658,    0.3756,    0.3936,    0.3989,    0.4549,    0.4935,    0.4704,    0.4844,    0.4940,    0.8433,    0.9209,    0.9662,    0.9986,    1.0221,    1.1068,    1.0376,    1.1056,    1.0799,    1.1314,    1.0731,    1.1504,    2.4777,    2.4439,    2.4989,    2.5383,    2.5642,    2.4625,    2.5489,    2.6139,    2.6670,    2.4800,    2.4441,    2.5380,    6.4157,    6.1123,    6.0433,    5.8603,    5.4132,    5.0767,    4.4565,    4.0997,    3.9404,    3.4535,    2.6528,    2.4637,    1.8993,    1.7458,    1.3311,    1.2705,    0.8565,    0.6215,    0.5021,    0.2015,    0.1776,    0.1261,    0.0437,    0.0355,    0.0000,    0.0000,    0.0000,    0.0000,    0.0000,    0.0000,    0.0000,    0.0000,    0.0000,    0.0000,    0.0000,    0.0000,    0.0000,    0.0000,    0.0000,    0.0000,    0.0000,    0.0000,    0.0000,    0.0001,    0.0002,    0.0007,    0.0108,    0.0490,    0.0110,    0.0180,    0.0344,    0.0771,    0.1397,    0.2137,    0.4309,    0.4495,    0.5119,    0.6671,    0.7005,    0.8672,    0.6959,    0.7036,    0.7106,    0.6982,    0.6956,    0.7186,    0.6761,    0.6645,    0.6491,    0.6306,    0.6025,    0.5551,    0.4721,    0.3712,    0.4491,    0.2585,    0.2602,    0.2432,    0.2110,    0.1067,    0.0696,    0.0377,    0.0207,    0.0150,    0.0329,    0.0299,    0.0085,    0.0020,    0.0004,    0.0004,    0.0002,    0.0011,    0.0019,    0.0049,    0.0091,    0.0081,    0.0085,    0.0012,    0.0075,    0.0141,    0.0089,    0.0000,    0.0000,    0.0000,    0.0000,    0.0008,    0.0066,    0.0072,    0.0065,    0.0059,    0.0000,    0.0000,    0.0000,    0.0000,    0.0000,    0.0009,    0.0011,    0.0014,    0.0012,    0.0002,    0.0266,    0.0000,    0.0608,    0.1075,    0.1214,    0.1110,    0.1245,    0.1386,    0.1233,    0.1698,    0.1501,    0.1645,    0.1808,    0.1468,    0.2123,    0.2321,    0.1900,    0.1318,    0.0189,    0.0386,    0.1649,    0.1902,    0.3067,    0.3223,    0.3984,    0.4260,    0.4410,    0.4686,    0.4799,    0.4920,    0.4648,    0.4226,    0.3741,    0.4433,    0.6104,    0.6178,    1.0805,    1.1804,    1.2359,    1.2564,    1.2364,    1.3694,    1.3136,    1.3975,    1.2854,    1.4503,    1.3718,    1.4606,    3.1621,    3.0885,    3.2030,    3.2531,    3.2748,    3.1568,    3.2678,    3.3511,    3.4192,    3.1776,    3.1334,    3.2539,    8.2247,    7.8363,    7.7478,    7.5132,    6.9399,    6.5086,    5.7135,    5.2561,    5.0518,    4.4276,    3.4010,    3.1586,    2.4350,    2.2382,    1.7066,    1.6288,    1.0981,    0.7968,    0.6438,    0.2584,    0.2277,    0.1616,    0.0560,    0.0455
  824,    0.0500,  220.3976,    0.1940,  121.1079,  119.5998,   -0.9742,   -0.8488,  158.4330,  167.2539,  168.0447,  168.9696,  170.1955,  170.9968,  172.0004,  173.1921,  174.4865,  176.0968,  178.4980,  181.9994,  186.9991,  193.6974,  201.3999,  208.2439,  213.1850,  216.3926,  218.4682,  219.5999,  220.1126,  220.2999,  220.3851,  220.3626,  220.3736,    0.0681,    0.2575,    0.5433,    0.8965,    1.2924,    1.7099,    2.1310,    2.5413,    2.9336,    3.2810,    3.5982,    3.8890,    3.5121,    3.6399,    3.7644,    3.7585,    3.6063,    3.6615,    3.7978,    3.8482,    3.7863,    3.7398,    3.6879,    3.5678,    1.2277,    1.2053,    1.1784,    1.1524,    1.1112,    1.0778,    0.9823,    0.9700,    0.9328,    0.8294,    0.8267,    0.6979,    0.4565,    0.3946,    0.3338,    0.3230,    0.3033,    0.2603,    0.2948,    0.2968,    0.3122,    0.3458,    0.4014,    0.4579,    0.5478,    0.5790,    0.5058,    0.6045,    0.5964,    0.5979,    0.5958,    0.6299,    0.6384,    0.6409,    0.6374,    0.6294,    1.7037,    1.6393,    1.5740,    1.5054,    1.4347,    1.3685,    1.2990,    1.2325,    1.1663,    1.1033,    1.0384,    0.9827,    1.4457,    1.3110,    1.1891,    1.0620,    0.9434,    0.8595,    0.7432,    0.6702,    0.5944,    0.5336,    0.4897,    0.4383,    1.1020,    0.7972,    0.5725,    0.4020,    0.2774,    0.1877,    0.1284,    0.0858,    0.0579,    0.0379,    0.0255,    0.0180,    0.0913,    0.0480,    0.0788,    0.0903,    0.1013,    0.0943,    0.1032,    0.1152,    0.1013,    0.1394,    0.1233,    0.1342,    0.1482,    0.1207,    0.1755,    0.1949,    0.1607,    0.1868,    0.2064,    0.2239,    0.2305,    0.1575,    0.2504,    0.2644,    0.3247,    0.3471,    0.3592,    0.3820,    0.3915,    0.4101,    0.4153,    0.4684,    0.5050,    0.4844,    0.5050,    0.5145,    0.8788,    0.9597,    1.0068,    1.0402,    1.0629,    1.1520,    1.0810,    1.1447,    1.1148,    1.1715,    1.1111,    1.1908,    2.5651,    2.5297,    2.5873,    2.6210,    2.6475,    2.5428,    2.6319,    2.6991,    2.7539,    2.5607,    2.5238,    2.6208,    6.6249,    6.3068,    6.2357,    6.0469,    5.5856,    5.2386,    4.5988,    4.2307,    4.0664,    3.5642,    2.7379,    2.5430,    1.9606,    1.7711,    1.3505,    1.2892,    0.8693,    0.6309,    0.5098,    0.2047,    0.1804,    0.1281,    0.0444,    0.0361,    0.0000,    0.0001,    0.0003,    0.0005,    0.0007,    0.0009,    0.0011,    0.0011,    0.0071,    0.0062,    0.0076,    0.0369,    0.0403,    0.0297,    0.1118,    0.2850,    0.3210,    0.2979,    0.1700,    0.1058,    0.1787,    0.2669,    0.2883,    0.3900,    0.1354,    0.1813,    0.2460,    0.3191,    0.4356,    0.5259,    0.7902,    0.8058,    0.8690,    0.9792,    1.0165,    1.1132,    0.8539,    0.8459,    0.8370,    0.8275,    0.8181,    0.8083,    0.7989,    0.7892,    0.7793,    0.7691,    0.7575,    0.7390,    0.7169,    0.6217,    0.6595,    0.4768,    0.4793,    0.4541,    0.3975,    0.2527,    0.1838,    0.1196,    0.0850,    0.0730,    0.1579,    0.1259,    0.0795,    0.0596,    0.0500,    0.0516,    0.0490,    0.0496,    0.0604,    0.0639,    0.0787,    0.0713,    0.1200,    0.1200,    0.1241,    0.1589,    0.1784,    0.1410,    0.1937,    0.1740,    0.1757,    0.1593,    0.1251,    0.1133,    0.2035,    0.1196,    0.0638,    0.0411,    0.0303,    0.0262,    0.0177,    0.0146,    0.0104,    0.0087,    0.0059,    0.0024,    0.0200,    0.0000,    0.0511,    0.0932,    0.1055,    0.0964,    0.1082,    0.1228,    0.1093,    0.1506,    0.1331,    0.1480,    0.1625,    0.1319,    0.1906,    0.2081,    0.1675,    0.1091,    0.0132,    0.0294,    0.1418,    0.1691,    0.2763,    0.2901,    0.3591,    0.3840,    0.3975,    0.4224,    0.4344,    0.4446,    0.4145,    0.3769,    0.3321,    0.3966,    0.5504,    0.5583,    0.9813,    1.0720,    1.1224,    1.1390,    1.1188,    1.2407,    1.1916,    1.2849,    1.1812,    1.3357,    1.2631,    1.3442,    2.9115,    2.8413,    2.9501,    3.0109,    3.0306,    2.9217,    3.0245,    3.1017,    3.1647,    2.9411,    2.9002,    3.0117,    7.6125,    7.2260,    7.1443,    6.9279,    6.3992,    6.0014,    5.2682,    4.8463,    4.6579,    4.0822,    3.1357,    2.9121,    2.2449,    2.1218,    1.6178,    1.5440,    1.0410,    0.7554,    0.6103,    0.2449,    0.2158,    0.1532,    0.0531,    0.0432
  821,    0.1000,  221.1986,    0.1723,  124.3522,  122.8140,   -0.8534,   -0.7283,  158.4330,  177.0403,  177.8945,  178.8587,  180.0918,  181.1060,  182.4171,  184.0023,  185.7022,  187.7962,  190.5005,  194.2543,  199.2976,  205.8982,  213.0987,  218.9159,  222.7994,  224.9960,  225.9988,  225.8972,  225.1857,  223.9980,  223.2874,  222.4538,  222.2060,    0.0683,    0.2585,    0.5455,    0.9005,    1.2985,    1.7186,    2.1426,    2.5563,    2.9584,    3.2984,    3.6180,    3.9361,    3.5329,    3.6428,    3.8047,    3.7438,    3.3676,    3.4413,    3.6818,    3.7910,    3.7246,    3.7230,    3.7021,    3.5755,    1.2292,    1.2126,    1.1940,    1.1782,    1.1494,    1.1303,    1.0684,    1.0593,    1.0336,    0.9500,    0.9601,    0.8577,    0.5839,    0.5204,    0.4530,    0.4442,    0.4190,    0.3604,    0.4097,    0.4119,    0.4282,    0.4615,    0.5156,    0.5652,    0.6477,    0.6631,    0.5985,    0.6705,    0.6642,    0.6643,    0.6513,    0.6614,    0.6598,    0.6511,    0.6419,    0.6320,    1.7226,    1.6616,    1.5887,    1.5177,    1.4459,    1.3887,    1.3164,    1.2502,    1.1886,    1.1262,    1.0639,    1.0068,    1.4845,    1.3473,    1.2262,    1.1044,    0.9836,    0.8932,    0.7825,    0.7065,    0.6316,    0.5683,    0.5216,    0.4680,    1.1671,    0.8443,    0.6038,    0.4246,    0.2943,    0.2019,    0.1386,    0.0942,    0.0641,    0.0428,    0.0289,    0.0199,    0.0918,    0.0476,    0.0810,    0.0941,    0.1056,    0.0982,    0.1076,    0.1197,    0.1053,    0.1449,    0.1281,    0.1390,    0.1534,    0.1250,    0.1817,    0.2017,    0.1667,    0.1900,    0.2060,    0.2238,    0.2353,    0.1635,    0.2591,    0.2735,    0.3360,    0.3592,    0.3718,    0.3953,    0.4046,    0.4235,    0.4278,    0.4786,    0.5133,    0.4951,    0.5217,    0.5314,    0.9084,    0.9921,    1.0407,    1.0745,    1.0962,    1.1892,    1.1169,    1.1778,    1.1443,    1.2058,    1.1435,    1.2254,    2.6399,    2.6027,    2.6631,    2.6926,    2.7195,    2.6122,    2.7038,    2.7728,    2.8291,    2.6306,    2.5927,    2.6924,    6.8060,    6.4742,    6.4013,    6.2077,    5.7342,    5.3781,    4.7214,    4.3437,    4.1752,    3.6597,    2.8115,    2.6115,    2.0136,    1.7943,    1.3683,    1.3063,    0.8810,    0.6395,    0.5169,    0.2075,    0.1830,    0.1300,    0.0451,    0.0367,    0.0001,    0.0003,    0.0006,    0.0009,    0.0013,    0.0017,    0.0022,    0.0023,    0.0161,    0.0124,    0.0153,    0.0835,    0.0866,    0.0595,    0.2460,    0.5983,    0.5995,    0.5600,    0.3296,    0.2084,    0.3652,    0.5675,    0.6037,    0.7458,    0.2679,    0.3494,    0.4529,    0.5286,    0.6658,    0.7459,    0.9856,    0.9947,    1.0458,    1.1139,    1.1473,    1.1985,    0.9043,    0.8876,    0.8701,    0.8607,    0.8492,    0.8317,    0.8299,    0.8213,    0.8143,    0.8092,    0.8081,    0.8037,    0.8142,    0.7371,    0.7476,    0.5963,    0.5975,    0.5643,    0.4998,    0.3511,    0.2641,    0.1844,    0.1423,    0.1272,    0.2825,    0.2208,    0.1600,    0.1277,    0.1113,    0.1198,    0.1136,    0.1125,    0.1375,    0.1392,    0.1655,    0.1517,    0.2681,    0.2869,    0.2811,    0.3461,    0.3976,    0.3366,    0.4428,    0.4003,    0.4001,    0.3627,    0.2829,    0.2556,    0.4924,    0.2935,    0.1713,    0.1127,    0.0840,    0.0733,    0.0505,    0.0388,    0.0265,    0.0201,    0.0127,    0.0067,    0.0162,    0.0000,    0.0434,    0.0810,    0.0917,    0.0838,    0.0940,    0.1089,    0.0970,    0.1336,    0.1180,    0.1332,    0.1462,    0.1187,    0.1713,    0.1870,    0.1486,    0.0942,    0.0108,    0.0247,    0.1241,    0.1505,    0.2490,    0.2613,    0.3236,    0.3461,    0.3583,    0.3807,    0.3933,    0.4023,    0.3731,    0.3391,    0.2984,    0.3574,    0.4976,    0.5052,    0.8912,    0.9736,    1.0194,    1.0337,    1.0146,    1.1258,    1.0817,    1.1825,    1.0869,    1.2302,    1.1633,    1.2378,    2.6813,    2.6157,    2.7171,    2.7868,    2.8048,    2.7042,    2.7994,    2.8708,    2.9291,    2.7222,    2.6843,    2.7875,    7.0458,    6.6636,    6.5883,    6.3887,    5.9012,    5.5343,    4.8581,    4.4691,    4.2953,    3.7644,    2.8915,    2.6854,    2.0701,    2.0119,    1.5340,    1.4640,    0.9870,    0.7163,    0.5786,    0.2322,    0.2047,    0.1453,    0.0504,    0.0409
  791,    0.1500,  221.8984,    0.1537,  127.2179,  125.5675,   -0.8438,   -0.7225,  158.4330,  183.4364,  184.3014,  185.2977,  186.5632,  187.6973,  189.1922,  190.9009,  192.8043,  195.0411,  197.8965,  201.6008,  206.5999,  212.7978,  219.3975,  224.5659,  227.8315,  229.5289,  230.0992,  229.5974,  228.2887,  226.4858,  225.2763,  224.0080,  223.5704,    0.0685,    0.2593,    0.5473,    0.9038,    1.3038,    1.7261,    2.1527,    2.5694,    2.9813,    3.3128,    3.6344,    3.9819,    3.5519,    3.6417,    3.8477,    3.7463,    3.1587,    3.2458,    3.5703,    3.7318,    3.6704,    3.7249,    3.7339,    3.6020,    1.2388,    1.2302,    1.2210,    1.2106,    1.1896,    1.1768,    1.1290,    1.1188,    1.0984,    1.0257,    1.0405,    0.9551,    0.6645,    0.6029,    0.5345,    0.5277,    0.4998,    0.4329,    0.4899,    0.4919,    0.5072,    0.5380,    0.5880,    0.6313,    0.7087,    0.7161,    0.6586,    0.7152,    0.7096,    0.7086,    0.6896,    0.6860,    0.6770,    0.6603,    0.6471,    0.6360,    1.7442,    1.6841,    1.6058,    1.5318,    1.4589,    1.4125,    1.3374,    1.2712,    1.2162,    1.1539,    1.0950,    1.0365,    1.5360,    1.4008,    1.2785,    1.1641,    1.0456,    0.9489,    0.8454,    0.7649,    0.6884,    0.6208,    0.5685,    0.5112,    1.2664,    0.9138,    0.6517,    0.4591,    0.3204,    0.2241,    0.1547,    0.1065,    0.0729,    0.0493,    0.0332,    0.0226,    0.0921,    0.0473,    0.0825,    0.0970,    0.1089,    0.1012,    0.1110,    0.1232,    0.1085,    0.1493,    0.1320,    0.1430,    0.1578,    0.1285,    0.1868,    0.2072,    0.1714,    0.1923,    0.2057,    0.2237,    0.2389,    0.1682,    0.2663,    0.2810,    0.3454,    0.3692,    0.3821,    0.4063,    0.4156,    0.4347,    0.4379,    0.4868,    0.5200,    0.5039,    0.5355,    0.5453,    0.9332,    1.0192,    1.0690,    1.1031,    1.1238,    1.2201,    1.1469,    1.2060,    1.1695,    1.2353,    1.1713,    1.2549,    2.7040,    2.6651,    2.7281,    2.7545,    2.7817,    2.6723,    2.7660,    2.8366,    2.8942,    2.6911,    2.6524,    2.7544,    6.9627,    6.6181,    6.5436,    6.3458,    5.8620,    5.4980,    4.8268,    4.4409,    4.2688,    3.7419,    2.8749,    2.6705,    2.0593,    1.8153,    1.3846,    1.3220,    0.8917,    0.6474,    0.5233,    0.2102,    0.1854,    0.1317,    0.0457,    0.0372,    0.0001,    0.0004,    0.0008,    0.0014,    0.0020,    0.0026,    0.0033,    0.0034,    0.0257,    0.0187,    0.0231,    0.1329,    0.1348,    0.0892,    0.3849,    0.9046,    0.8435,    0.7923,    0.4795,    0.3076,    0.5486,    0.8655,    0.9163,    1.0865,    0.3947,    0.5051,    0.6364,    0.7067,    0.8501,    0.9165,    1.1209,    1.1244,    1.1632,    1.2011,    1.2295,    1.2524,    0.9381,    0.9166,    0.8938,    0.8846,    0.8718,    0.8494,    0.8524,    0.8445,    0.8393,    0.8371,    0.8418,    0.8444,    0.8732,    0.8112,    0.8047,    0.6806,    0.6804,    0.6400,    0.5731,    0.4285,    0.3282,    0.2402,    0.1943,    0.1775,    0.4025,    0.3130,    0.2425,    0.1980,    0.1762,    0.1934,    0.1834,    0.1799,    0.2197,    0.2189,    0.2560,    0.2366,    0.4246,    0.4637,    0.4454,    0.5350,    0.6113,    0.5320,    0.6690,    0.6068,    0.5982,    0.5428,    0.4318,    0.3905,    0.7863,    0.4792,    0.2915,    0.1946,    0.1457,    0.1265,    0.0880,    0.0661,    0.0448,    0.0329,    0.0203,    0.0119,    0.0134,    0.0000,    0.0370,    0.0703,    0.0797,    0.0728,    0.0817,    0.0966,    0.0860,    0.1185,    0.1047,    0.1198,    0.1315,    0.1068,    0.1540,    0.1681,    0.1321,    0.0825,    0.0092,    0.0212,    0.1094,    0.1340,    0.2245,    0.2355,    0.2917,    0.3120,    0.3230,    0.3432,    0.3562,    0.3641,    0.3367,    0.3060,    0.2691,    0.3228,    0.4502,    0.4573,    0.8095,    0.8842,    0.9259,    0.9385,    0.9207,    1.0219,    0.9821,    1.0886,    1.0005,    1.1331,    1.0713,    1.1398,    2.4694,    2.4085,    2.5025,    2.5794,    2.5960,    2.5029,    2.5911,    2.6571,    2.7111,    2.5196,    2.4845,    2.5800,    6.5214,    6.1452,    6.0758,    5.8918,    5.4421,    5.1038,    4.4802,    4.1214,    3.9612,    3.4716,    2.6666,    2.4765,    1.9091,    1.9079,    1.4547,    1.3884,    0.9360,    0.6792,    0.5487,    0.2202,    0.1941,    0.1378,    0.0478,    0.0388
  742,    0.2000,  222.4986,    0.1378,  129.7626,  127.9280,   -0.9250,   -0.7530,  158.4330,  188.1315,  189.0194,  190.0432,  191.3011,  192.5871,  194.1039,  195.9957,  197.9533,  200.2192,  203.0982,  206.8007,  211.5967,  217.4983,  223.5084,  228.2520,  231.1520,  232.5003,  232.7987,  232.0175,  230.4963,  228.2907,  226.7837,  225.1642,  224.7151,    0.0687,    0.2600,    0.5489,    0.9066,    1.3082,    1.7324,    2.1611,    2.5804,    3.0020,    3.3243,    3.6473,    4.0252,    3.5683,    3.6367,    3.8897,    3.7575,    2.9736,    3.0704,    3.4628,    3.6704,    3.6207,    3.7363,    3.7730,    3.6370,    1.2521,    1.2519,    1.2512,    1.2436,    1.2276,    1.2174,    1.1758,    1.1633,    1.1456,    1.0803,    1.0966,    1.0240,    0.7231,    0.6641,    0.5966,    0.5915,    0.5620,    0.4899,    0.5516,    0.5532,    0.5670,    0.5949,    0.6406,    0.6783,    0.7514,    0.7540,    0.7028,    0.7489,    0.7436,    0.7413,    0.7187,    0.7063,    0.6910,    0.6683,    0.6523,    0.6403,    1.7659,    1.7052,    1.6229,    1.5457,    1.4718,    1.4371,    1.3590,    1.2927,    1.2453,    1.1829,    1.1278,    1.0678,    1.5918,    1.4604,    1.3359,    1.2282,    1.1120,    1.0100,    0.9091,    0.8239,    0.7437,    0.6718,    0.6158,    0.5548,    1.3723,    0.9896,    0.7053,    0.4980,    0.3499,    0.2486,    0.1726,    0.1198,    0.0824,    0.0562,    0.0378,    0.0258,    0.0922,    0.0470,    0.0837,    0.0993,    0.1115,    0.1035,    0.1137,    0.1261,    0.1110,    0.1528,    0.1352,    0.1462,    0.1613,    0.1314,    0.1910,    0.2117,    0.1751,    0.1941,    0.2054,    0.2236,    0.2417,    0.1721,    0.2722,    0.2872,    0.3531,    0.3774,    0.3906,    0.4153,    0.4247,    0.4439,    0.4462,    0.4936,    0.5255,    0.5111,    0.5469,    0.5569,    0.9539,    1.0418,    1.0927,    1.1270,    1.1468,    1.2459,    1.1719,    1.2302,    1.1910,    1.2605,    1.1952,    1.2803,    2.7590,    2.7186,    2.7839,    2.8080,    2.8356,    2.7243,    2.8199,    2.8918,    2.9506,    2.7435,    2.7041,    2.8080,    7.0983,    6.7417,    6.6660,    6.4646,    5.9718,    5.6012,    4.9175,    4.5245,    4.3494,    3.8127,    2.9294,    2.7213,    2.0987,    1.8345,    1.3993,    1.3362,    0.9014,    0.6545,    0.5292,    0.2126,    0.1875,    0.1333,    0.0463,    0.0377,    0.0001,    0.0005,    0.0011,    0.0018,    0.0027,    0.0035,    0.0044,    0.0046,    0.0356,    0.0250,    0.0308,    0.1836,    0.1837,    0.1187,    0.5246,    1.1969,    1.0587,    0.9993,    0.6201,    0.4034,    0.7265,    1.1532,    1.2176,    1.4079,    0.5137,    0.6470,    0.7969,    0.8591,    1.0008,    1.0538,    1.2229,    1.2221,    1.2500,    1.2656,    1.2890,    1.2922,    0.9642,    0.9398,    0.9137,    0.9047,    0.8909,    0.8647,    0.8715,    0.8640,    0.8599,    0.8595,    0.8677,    0.8743,    0.9151,    0.8653,    0.8473,    0.7464,    0.7448,    0.6984,    0.6317,    0.4939,    0.3830,    0.2903,    0.2424,    0.2245,    0.5181,    0.4029,    0.3251,    0.2687,    0.2422,    0.2691,    0.2553,    0.2491,    0.3035,    0.2996,    0.3468,    0.3223,    0.5813,    0.6388,    0.6074,    0.7149,    0.8063,    0.7127,    0.8585,    0.7805,    0.7592,    0.6897,    0.5612,    0.5080,    1.0597,    0.6602,    0.4130,    0.2788,    0.2091,    0.1796,    0.1257,    0.0934,    0.0633,    0.0457,    0.0282,    0.0174,    0.0112,    0.0000,    0.0315,    0.0611,    0.0692,    0.0633,    0.0711,    0.0857,    0.0763,    0.1051,    0.0928,    0.1078,    0.1183,    0.0960,    0.1385,    0.1511,    0.1175,    0.0726,    0.0079,    0.0185,    0.0967,    0.1194,    0.2023,    0.2122,    0.2629,    0.2812,    0.2911,    0.3093,    0.3225,    0.3297,    0.3041,    0.2764,    0.2430,    0.2918,    0.4075,    0.4140,    0.7352,    0.8031,    0.8409,    0.8521,    0.8357,    0.9278,    0.8918,    1.0024,    0.9212,    1.0436,    0.9867,    1.0497,    2.2744,    2.2179,    2.3049,    2.3874,    2.4028,    2.3166,    2.3982,    2.4594,    2.5093,    2.3321,    2.2996,    2.3880,    6.0361,    5.6675,    5.6035,    5.4337,    5.0191,    4.7070,    4.1320,    3.8011,    3.6533,    3.2018,    2.4593,    2.2840,    1.7607,    1.8094,    1.3796,    1.3167,    0.8877,    0.6442,    0.5205,    0.2089,    0.1841,    0.1307,    0.0453,    0.0368
  676,    0.3000,  223.2980,    0.1124,  133.7228,  131.6901,   -0.9512,   -0.8137,  158.4330,  194.9514,  195.8867,  196.9251,  198.2044,  199.4915,  201.1065,  203.0897,  205.1005,  207.4048,  210.2230,  213.7006,  218.1975,  223.4992,  228.9576,  233.0976,  235.4368,  236.3359,  236.1985,  235.0984,  233.2342,  230.7094,  228.8769,  226.8180,  226.1700,    0.0689,    0.2608,    0.5508,    0.9101,    1.3136,    1.7402,    2.1717,    2.5943,    3.0339,    3.3354,    3.6593,    4.0978,    3.5883,    3.6114,    3.9615,    3.7878,    2.6549,    2.7632,    3.2532,    3.5371,    3.5256,    3.7674,    3.8515,    3.7102,    1.2807,    1.2957,    1.3082,    1.3024,    1.2908,    1.2821,    1.2429,    1.2259,    1.2103,    1.1545,    1.1705,    1.1163,    0.8032,    0.7495,    0.6856,    0.6825,    0.6520,    0.5752,    0.6405,    0.6412,    0.6518,    0.6744,    0.7124,    0.7415,    0.8077,    0.8049,    0.7641,    0.7968,    0.7914,    0.7861,    0.7600,    0.7372,    0.7110,    0.6801,    0.6603,    0.6471,    1.8020,    1.7376,    1.6497,    1.5657,    1.4906,    1.4799,    1.3965,    1.3300,    1.2988,    1.2359,    1.1887,    1.1262,    1.6985,    1.5761,    1.4462,    1.3482,    1.2321,    1.1221,    1.0127,    0.9201,    0.8298,    0.7513,    0.6945,    0.6274,    1.5617,    1.1314,    0.8087,    0.5740,    0.4076,    0.2947,    0.2062,    0.1446,    0.1003,    0.0689,    0.0466,    0.0320,    0.0924,    0.0467,    0.0851,    0.1023,    0.1149,    0.1066,    0.1172,    0.1302,    0.1147,    0.1579,    0.1396,    0.1511,    0.1667,    0.1357,    0.1971,    0.2184,    0.1806,    0.1965,    0.2050,    0.2233,    0.2456,    0.1777,    0.2811,    0.2965,    0.3646,    0.3897,    0.4034,    0.4288,    0.4385,    0.4579,    0.4587,    0.5037,    0.5336,    0.5218,    0.5642,    0.5745,    0.9856,    1.0764,    1.1289,    1.1634,    1.1820,    1.2854,    1.2102,    1.2687,    1.2253,    1.3007,    1.2331,    1.3206,    2.8464,    2.8036,    2.8727,    2.8945,    2.9225,    2.8083,    2.9068,    2.9809,    3.0415,    2.8280,    2.7874,    2.8946,    7.3172,    6.9394,    6.8616,    6.6545,    6.1474,    5.7661,    5.0626,    4.6582,    4.4782,    3.9260,    3.0167,    2.8027,    2.1618,    1.8677,    1.4249,    1.3609,    0.9183,    0.6670,    0.5395,    0.2168,    0.1913,    0.1360,    0.0472,    0.0385,    0.0002,    0.0008,    0.0017,    0.0028,    0.0040,    0.0053,    0.0066,    0.0069,    0.0560,    0.0377,    0.0464,    0.2865,    0.2820,    0.1769,    0.7986,    1.7297,    1.4178,    1.3490,    0.8738,    0.5829,    1.0610,    1.6844,    1.7719,    1.9849,    0.7255,    0.8882,    1.0541,    1.0988,    1.2236,    1.2542,    1.3613,    1.3549,    1.3653,    1.3510,    1.3661,    1.3436,    0.9990,    0.9712,    0.9411,    0.9326,    0.9175,    0.8861,    0.8981,    0.8911,    0.8884,    0.8900,    0.9020,    0.9128,    0.9679,    0.9364,    0.9042,    0.8410,    0.8370,    0.7828,    0.7198,    0.5987,    0.4728,    0.3773,    0.3285,    0.3095,    0.7338,    0.5734,    0.4858,    0.4072,    0.3732,    0.4197,    0.3984,    0.3865,    0.4679,    0.4573,    0.5212,    0.4879,    0.8785,    0.9631,    0.9057,    1.0294,    1.1244,    1.0110,    1.1290,    1.0293,    0.9784,    0.8903,    0.7544,    0.6843,    1.5084,    0.9779,    0.6362,    0.4368,    0.3274,    0.2741,    0.1935,    0.1418,    0.0969,    0.0688,    0.0430,    0.0281,    0.0080,    0.0000,    0.0229,    0.0462,    0.0523,    0.0478,    0.0537,    0.0674,    0.0600,    0.0827,    0.0730,    0.0873,    0.0957,    0.0777,    0.1121,    0.1223,    0.0931,    0.0567,    0.0060,    0.0143,    0.0759,    0.0947,    0.1644,    0.1724,    0.2137,    0.2285,    0.2366,    0.2514,    0.2646,    0.2703,    0.2487,    0.2260,    0.1985,    0.2388,    0.3339,    0.3395,    0.6065,    0.6625,    0.6938,    0.7027,    0.6890,    0.7651,    0.7356,    0.8500,    0.7811,    0.8853,    0.8370,    0.8904,    1.9294,    1.8812,    1.9554,    2.0455,    2.0585,    1.9848,    2.0547,    2.1071,    2.1499,    1.9980,    1.9703,    2.0460,    5.1715,    4.8216,    4.7671,    4.6227,    4.2700,    4.0045,    3.5153,    3.2338,    3.1081,    2.7240,    2.0923,    1.9432,    1.4980,    1.6278,    1.2412,    1.1847,    0.7987,    0.5796,    0.4683,    0.1880,    0.1657,    0.1176,    0.0408,    0.0331
  640,    0.4000,  223.6955,    0.0937,  136.6617,  134.4628,   -0.9785,   -0.8855,  158.4330,  199.7207,  200.6910,  201.7610,  203.0125,  204.3846,  205.9915,  207.9054,  210.0010,  212.2159,  214.9718,  218.2892,  222.4967,  227.4994,  232.5011,  236.2989,  238.2492,  238.7002,  238.1853,  236.7607,  234.7881,  232.0868,  230.0696,  227.8131,  227.0492,    0.0690,    0.2611,    0.5515,    0.9114,    1.3157,    1.7432,    2.1758,    2.6001,    3.0563,    3.3347,    3.6577,    4.1559,    3.5959,    3.5716,    4.0204,    3.8244,    2.3908,    2.5038,    3.0551,    3.3970,    3.4392,    3.8056,    3.9279,    3.7842,    1.3097,    1.3370,    1.3574,    1.3515,    1.3403,    1.3310,    1.2902,    1.2693,    1.2543,    1.2048,    1.2188,    1.1775,    0.8575,    0.8085,    0.7488,    0.7470,    0.7164,    0.6380,    0.7039,    0.7038,    0.7112,    0.7295,    0.7608,    0.7835,    0.8445,    0.8388,    0.8062,    0.8306,    0.8248,    0.8164,    0.7891,    0.7610,    0.7250,    0.6890,    0.6669,    0.6530,    1.8325,    1.7616,    1.6701,    1.5789,    1.5031,    1.5161,    1.4282,    1.3614,    1.3467,    1.2831,    1.2436,    1.1791,    1.7961,    1.6817,    1.5460,    1.4519,    1.3300,    1.2143,    1.0872,    0.9893,    0.8893,    0.8064,    0.7526,    0.6810,    1.7132,    1.2519,    0.9003,    0.6425,    0.4592,    0.3335,    0.2347,    0.1653,    0.1154,    0.0797,    0.0543,    0.0375,    0.0923,    0.0465,    0.0859,    0.1041,    0.1170,    0.1085,    0.1193,    0.1328,    0.1170,    0.1611,    0.1425,    0.1544,    0.1702,    0.1386,    0.2013,    0.2229,    0.1841,    0.1978,    0.2046,    0.2230,    0.2480,    0.1813,    0.2871,    0.3028,    0.3724,    0.3981,    0.4120,    0.4380,    0.4480,    0.4675,    0.4672,    0.5106,    0.5390,    0.5291,    0.5760,    0.5866,    1.0077,    1.1006,    1.1542,    1.1889,    1.2065,    1.3129,    1.2369,    1.2969,    1.2504,    1.3302,    1.2610,    1.3502,    2.9107,    2.8661,    2.9379,    2.9592,    2.9875,    2.8711,    2.9718,    3.0477,    3.1096,    2.8912,    2.8498,    2.9594,    7.4811,    7.0854,    7.0061,    6.7948,    6.2772,    5.8881,    5.1699,    4.7572,    4.5736,    4.0099,    3.0814,    2.8631,    2.2086,    1.8950,    1.4460,    1.3814,    0.9323,    0.6773,    0.5480,    0.2203,    0.1945,    0.1383,    0.0481,    0.0392,    0.0003,    0.0011,    0.0022,    0.0037,    0.0054,    0.0071,    0.0089,    0.0092,    0.0767,    0.0502,    0.0619,    0.3897,    0.3796,    0.2332,    1.0614,    2.1932,    1.7023,    1.6298,    1.0941,    0.7463,    1.3658,    2.1536,    2.2588,    2.4781,    0.9040,    1.0792,    1.2422,    1.2714,    1.3721,    1.3861,    1.4453,    1.4360,    1.4342,    1.4015,    1.4107,    1.3719,    1.0180,    0.9882,    0.9555,    0.9472,    0.9313,    0.8969,    0.9119,    0.9054,    0.9035,    0.9064,    0.9207,    0.9339,    0.9972,    0.9786,    0.9382,    0.9042,    0.8984,    0.8409,    0.7831,    0.6796,    0.5446,    0.4510,    0.4031,    0.3839,    0.9293,    0.7314,    0.6378,    0.5393,    0.4991,    0.5648,    0.5363,    0.5187,    0.6231,    0.6056,    0.6817,    0.6412,    1.1455,    1.2431,    1.1621,    1.2811,    1.3548,    1.2293,    1.2913,    1.1791,    1.1021,    1.0038,    0.8773,    0.7967,    1.8316,    1.2282,    0.8225,    0.5721,    0.4275,    0.3486,    0.2473,    0.1798,    0.1239,    0.0874,    0.0556,    0.0374,    0.0057,    0.0000,    0.0167,    0.0349,    0.0396,    0.0361,    0.0406,    0.0530,    0.0472,    0.0650,    0.0575,    0.0707,    0.0775,    0.0629,    0.0907,    0.0990,    0.0738,    0.0446,    0.0046,    0.0111,    0.0599,    0.0752,    0.1336,    0.1401,    0.1737,    0.1858,    0.1923,    0.2043,    0.2170,    0.2217,    0.2036,    0.1851,    0.1625,    0.1956,    0.2738,    0.2784,    0.5005,    0.5466,    0.5724,    0.5797,    0.5682,    0.6311,    0.6068,    0.7210,    0.6625,    0.7512,    0.7102,    0.7554,    1.6370,    1.5959,    1.6591,    1.7527,    1.7639,    1.7008,    1.7607,    1.8056,    1.8422,    1.7121,    1.6883,    1.7532,    4.4314,    4.1033,    4.0569,    3.9341,    3.6339,    3.4080,    2.9917,    2.7521,    2.6451,    2.3183,    1.7807,    1.6538,    1.2749,    1.4650,    1.1170,    1.0662,    0.7189,    0.5217,    0.4215,    0.1692,    0.1491,    0.1059,    0.0367,    0.0298
  683,    0.5000,  223.6975,    0.0799,  138.7728,  136.5100,   -0.9307,   -0.7551,  158.4330,  203.3143,  204.2871,  205.3920,  206.5987,  207.9929,  209.5919,  211.5058,  213.5019,  215.7004,  218.3077,  221.4976,  225.5985,  230.3990,  235.1000,  238.5987,  240.1973,  240.2085,  239.2917,  237.5737,  235.4800,  232.6993,  230.5952,  228.2142,  227.3778,    0.0689,    0.2608,    0.5509,    0.9104,    1.3143,    1.7414,    2.1736,    2.5978,    3.0691,    3.3224,    3.6426,    4.1992,    3.5912,    3.5177,    4.0659,    3.8613,    2.1658,    2.2794,    2.8663,    3.2510,    3.3590,    3.8447,    3.9972,    3.8532,    1.3368,    1.3732,    1.3979,    1.3911,    1.3786,    1.3685,    1.3253,    1.3015,    1.2866,    1.2416,    1.2536,    1.2216,    0.8969,    0.8517,    0.7957,    0.7946,    0.7642,    0.6859,    0.7508,    0.7500,    0.7548,    0.7696,    0.7957,    0.8139,    0.8709,    0.8634,    0.8372,    0.8560,    0.8498,    0.8384,    0.8110,    0.7799,    0.7350,    0.6956,    0.6720,    0.6577,    1.8568,    1.7776,    1.6836,    1.5851,    1.5089,    1.5448,    1.4530,    1.3862,    1.3876,    1.3233,    1.2913,    1.2252,    1.8817,    1.7733,    1.6323,    1.5381,    1.4069,    1.2870,    1.1409,    1.0393,    0.9319,    0.8459,    0.7952,    0.7204,    1.8305,    1.3499,    0.9772,    0.7008,    0.5028,    0.3648,    0.2578,    0.1819,    0.1278,    0.0885,    0.0609,    0.0423,    0.0922,    0.0462,    0.0863,    0.1052,    0.1182,    0.1096,    0.1206,    0.1345,    0.1185,    0.1632,    0.1443,    0.1566,    0.1726,    0.1406,    0.2041,    0.2259,    0.1863,    0.1987,    0.2042,    0.2227,    0.2495,    0.1836,    0.2911,    0.3070,    0.3777,    0.4037,    0.4179,    0.4443,    0.4546,    0.4742,    0.4731,    0.5153,    0.5427,    0.5341,    0.5842,    0.5950,    1.0232,    1.1175,    1.1718,    1.2066,    1.2235,    1.3320,    1.2555,    1.3176,    1.2689,    1.3519,    1.2815,    1.3719,    2.9579,    2.9120,    2.9859,    3.0077,    3.0362,    2.9181,    3.0205,    3.0976,    3.1606,    2.9386,    2.8966,    3.0080,    7.6039,    7.1934,    7.1129,    6.8985,    6.3732,    5.9783,    5.2493,    4.8304,    4.6443,    4.0720,    3.1294,    2.9079,    2.2433,    1.9176,    1.4634,    1.3983,    0.9439,    0.6859,    0.5551,    0.2232,    0.1971,    0.1403,    0.0488,    0.0398,    0.0004,    0.0013,    0.0028,    0.0046,    0.0067,    0.0089,    0.0111,    0.0115,    0.0977,    0.0626,    0.0770,    0.4922,    0.4755,    0.2871,    1.3101,    2.5900,    1.9275,    1.8545,    1.2831,    0.8926,    1.6401,    2.5604,    2.6782,    2.8920,    1.0515,    1.2272,    1.3760,    1.3926,    1.4681,    1.4703,    1.4942,    1.4834,    1.4732,    1.4296,    1.4343,    1.3855,    1.0272,    0.9964,    0.9623,    0.9543,    0.9378,    0.9009,    0.9184,    0.9122,    0.9109,    0.9145,    0.9298,    0.9440,    1.0118,    1.0020,    0.9575,    0.9455,    0.9382,    0.8809,    0.8288,    0.7418,    0.6023,    0.5130,    0.4673,    0.4482,    1.1035,    0.8756,    0.7785,    0.6625,    0.6173,    0.7008,    0.6655,    0.6424,    0.7654,    0.7413,    0.8250,    0.7786,    1.3767,    1.4748,    1.3736,    1.4729,    1.5116,    1.3790,    1.3796,    1.2608,    1.1641,    1.0609,    0.9484,    0.8620,    2.0464,    1.4118,    0.9675,    0.6802,    0.5061,    0.4023,    0.2863,    0.2068,    0.1435,    0.1009,    0.0654,    0.0449,    0.0041,    0.0000,    0.0121,    0.0264,    0.0299,    0.0273,    0.0307,    0.0417,    0.0371,    0.0512,    0.0452,    0.0572,    0.0628,    0.0510,    0.0735,    0.0801,    0.0586,    0.0352,    0.0036,    0.0087,    0.0474,    0.0597,    0.1086,    0.1139,    0.1412,    0.1510,    0.1563,    0.1661,    0.1781,    0.1819,    0.1669,    0.1517,    0.1332,    0.1604,    0.2246,    0.2284,    0.4130,    0.4511,    0.4724,    0.4784,    0.4688,    0.5207,    0.5007,    0.6117,    0.5621,    0.6375,    0.6026,    0.6410,    1.3891,    1.3541,    1.4079,    1.5022,    1.5117,    1.4576,    1.5090,    1.5475,    1.5789,    1.4674,    1.4470,    1.5026,    3.7980,    3.4933,    3.4539,    3.3493,    3.0938,    2.9015,    2.5470,    2.3431,    2.2520,    1.9738,    1.5161,    1.4081,    1.0855,    1.3189,    1.0057,    0.9600,    0.6473,    0.4698,    0.3796,    0.1524,    0.1343,    0.0954,    0.0331,    0.0269
  804,    0.7500,  222.8952,    0.0591,  142.1030,  139.5929,   -0.9647,   -0.8587,  158.4330,  209.5934,  210.5916,  211.6655,  212.8048,  214.0937,  215.6920,  217.4976,  219.3012,  221.3943,  223.8966,  226.8930,  230.7931,  235.2060,  239.5938,  242.3971,  243.0902,  242.0548,  240.0913,  237.5977,  235.2425,  232.5045,  230.4305,  227.9070,  227.0933,    0.0684,    0.2591,    0.5471,    0.9038,    1.3043,    1.7275,    2.1555,    2.5760,    3.0816,    3.2689,    3.5785,    4.2754,    3.5581,    3.3605,    4.1510,    3.9538,    1.7363,    1.8432,    2.4563,    2.9033,    3.2060,    3.9474,    4.1496,    4.0064,    1.3955,    1.4430,    1.4682,    1.4595,    1.4412,    1.4298,    1.3822,    1.3533,    1.3386,    1.3013,    1.3083,    1.2918,    0.9608,    0.9232,    0.8753,    0.8750,    0.8459,    0.7696,    0.8302,    0.8281,    0.8273,    0.8356,    0.8517,    0.8622,    0.9126,    0.9027,    0.8881,    0.8980,    0.8908,    0.8732,    0.8477,    0.8148,    0.7523,    0.7096,    0.6845,    0.6699,    1.9103,    1.8079,    1.7109,    1.5945,    1.5180,    1.6040,    1.5048,    1.4376,    1.4736,    1.4074,    1.3900,    1.3210,    2.0545,    1.9502,    1.7983,    1.6914,    1.5327,    1.4059,    1.2238,    1.1165,    0.9988,    0.9079,    0.8614,    0.7815,    2.0191,    1.5175,    1.1150,    0.8077,    0.5815,    0.4174,    0.2967,    0.2097,    0.1487,    0.1035,    0.0728,    0.0510,    0.0918,    0.0458,    0.0866,    0.1063,    0.1195,    0.1108,    0.1219,    0.1365,    0.1203,    0.1657,    0.1465,    0.1594,    0.1758,    0.1431,    0.2077,    0.2299,    0.1891,    0.1995,    0.2035,    0.2219,    0.2510,    0.1865,    0.2965,    0.3126,    0.3846,    0.4112,    0.4256,    0.4524,    0.4634,    0.4831,    0.4808,    0.5214,    0.5473,    0.5407,    0.5952,    0.6062,    1.0443,    1.1406,    1.1960,    1.2308,    1.2468,    1.3582,    1.2810,    1.3484,    1.2963,    1.3843,    1.3120,    1.4043,    3.0282,    2.9802,    3.0573,    3.0820,    3.1109,    2.9903,    3.0953,    3.1743,    3.2388,    3.0113,    2.9683,    3.0825,    7.7923,    7.3556,    7.2736,    7.0546,    6.5177,    6.1142,    5.3689,    4.9409,    4.7510,    4.1660,    3.2020,    2.9758,    2.2962,    1.9584,    1.4950,    1.4289,    0.9649,    0.7015,    0.5680,    0.2285,    0.2019,    0.1438,    0.0500,    0.0408,    0.0005,    0.0020,    0.0042,    0.0069,    0.0100,    0.0132,    0.0164,    0.0170,    0.1500,    0.0923,    0.1135,    0.7397,    0.7040,    0.4114,    1.8626,    3.3299,    2.3174,    2.2490,    1.6493,    1.1952,    2.2088,    3.3333,    3.4621,    3.6327,    1.3078,    1.4538,    1.5492,    1.5458,    1.5683,    1.5546,    1.5280,    1.5160,    1.4951,    1.4407,    1.4384,    1.3778,    1.0204,    0.9891,    0.9543,    0.9464,    0.9296,    0.8909,    0.9103,    0.9043,    0.9034,    0.9074,    0.9230,    0.9378,    1.0096,    1.0119,    0.9649,    0.9869,    0.9773,    0.9294,    0.8906,    0.8383,    0.7020,    0.6280,    0.5894,    0.5717,    1.4521,    1.1766,    1.0771,    0.9278,    0.8734,    0.9919,    0.9420,    0.9064,    1.0569,    1.0180,    1.1045,    1.0475,    1.7978,    1.8579,    1.7212,    1.7399,    1.6787,    1.5407,    1.4218,    1.2997,    1.1792,    1.0745,    0.9914,    0.9013,    2.2517,    1.6352,    1.1679,    0.8368,    0.6147,    0.4619,    0.3296,    0.2351,    0.1653,    0.1155,    0.0783,    0.0549,    0.0018,    0.0000,    0.0055,    0.0132,    0.0149,    0.0136,    0.0153,    0.0230,    0.0204,    0.0282,    0.0249,    0.0338,    0.0371,    0.0301,    0.0434,    0.0473,    0.0330,    0.0197,    0.0020,    0.0049,    0.0266,    0.0337,    0.0648,    0.0680,    0.0843,    0.0902,    0.0933,    0.0992,    0.1088,    0.1111,    0.1017,    0.0925,    0.0812,    0.0979,    0.1371,    0.1395,    0.2558,    0.2794,    0.2926,    0.2962,    0.2902,    0.3225,    0.3101,    0.4061,    0.3732,    0.4233,    0.4002,    0.4256,    0.9224,    0.8990,    0.9349,    1.0225,    1.0290,    0.9922,    1.0272,    1.0534,    1.0748,    0.9988,    0.9849,    1.0228,    2.5853,    2.3407,    2.3143,    2.2442,    2.0730,    1.9442,    1.7067,    1.5701,    1.5092,    1.3227,    1.0161,    0.9437,    0.7276,    1.0160,    0.7748,    0.7397,    0.4988,    0.3620,    0.2926,    0.1175,    0.1035,    0.0735,    0.0255,    0.0207
 1045,    1.0000,  221.1981,    0.0492,  143.7145,  141.0595,   -0.9540,   -0.8022,  158.4330,  213.6223,  214.6050,  215.6932,  216.7142,  217.9782,  219.4891,  221.1852,  222.9089,  224.9129,  227.3043,  230.3064,  234.0938,  238.3903,  242.3981,  244.5073,  244.1992,  242.1028,  239.2008,  236.1228,  233.4964,  230.8411,  228.8329,  226.3759,  225.5842,    0.0677,    0.2562,    0.5405,    0.8923,    1.2868,    1.7030,    2.1232,    2.5362,    3.0722,    3.1907,    3.4860,    4.3149,    3.5037,    3.1828,    4.2048,    4.0322,    1.4284,    1.5243,    2.1173,    2.5843,    3.1038,    4.0389,    4.2671,    4.1239,    1.4391,    1.4884,    1.5096,    1.4998,    1.4774,    1.4654,    1.4163,    1.3842,    1.3698,    1.3373,    1.3407,    1.3334,    0.9993,    0.9672,    0.9257,    0.9256,    0.8978,    0.8246,    0.8802,    0.8770,    0.8720,    0.8758,    0.8850,    0.8911,    0.9373,    0.9261,    0.9190,    0.9231,    0.9152,    0.8929,    0.8699,    0.8380,    0.7633,    0.7208,    0.6959,    0.6815,    1.9542,    1.8289,    1.7313,    1.5987,    1.5226,    1.6482,    1.5442,    1.4765,    1.5389,    1.4709,    1.4628,    1.3919,    2.1764,    2.0671,    1.9077,    1.7841,    1.6039,    1.4731,    1.2732,    1.1624,    1.0406,    0.9467,    0.9000,    0.8173,    2.1258,    1.6152,    1.1985,    0.8738,    0.6294,    0.4479,    0.3193,    0.2258,    0.1610,    0.1124,    0.0802,    0.0564,    0.0915,    0.0456,    0.0866,    0.1066,    0.1198,    0.1111,    0.1223,    0.1372,    0.1209,    0.1665,    0.1472,    0.1605,    0.1769,    0.1440,    0.2091,    0.2313,    0.1900,    0.1996,    0.2029,    0.2213,    0.2513,    0.1875,    0.2985,    0.3147,    0.3873,    0.4140,    0.4285,    0.4555,    0.4669,    0.4866,    0.4838,    0.5236,    0.5488,    0.5430,    0.5995,    0.6106,    1.0529,    1.1500,    1.2058,    1.2407,    1.2562,    1.3688,    1.2913,    1.3626,    1.3089,    1.3992,    1.3262,    1.4193,    3.0608,    3.0118,    3.0904,    3.1181,    3.1472,    3.0253,    3.1316,    3.2115,    3.2768,    3.0466,    3.0032,    3.1187,    7.8839,    7.4321,    7.3494,    7.1283,    6.5860,    6.1785,    5.4257,    4.9934,    4.8017,    4.2109,    3.2367,    3.0084,    2.3217,    1.9838,    1.5147,    1.4481,    0.9782,    0.7114,    0.5762,    0.2319,    0.2051,    0.1461,    0.0509,    0.0415,    0.0007,    0.0026,    0.0055,    0.0091,    0.0131,    0.0173,    0.0216,    0.0224,    0.2017,    0.1202,    0.1474,    0.9716,    0.9136,    0.5196,    2.3157,    3.7845,    2.5411,    2.4792,    1.8954,    1.4180,    2.6315,    3.8187,    3.9383,    4.0476,    1.4428,    1.5435,    1.5882,    1.5755,    1.5650,    1.5453,    1.4993,    1.4869,    1.4626,    1.4077,    1.4021,    1.3393,    0.9915,    0.9607,    0.9268,    0.9189,    0.9022,    0.8637,    0.8832,    0.8771,    0.8761,    0.8798,    0.8946,    0.9087,    0.9792,    0.9857,    0.9412,    0.9782,    0.9675,    0.9336,    0.9051,    0.8773,    0.7565,    0.6984,    0.6670,    0.6510,    1.6899,    1.3977,    1.3003,    1.1311,    1.0707,    1.2102,    1.1488,    1.1033,    1.2581,    1.2078,    1.2803,    1.2171,    2.0265,    2.0220,    1.8672,    1.8017,    1.6636,    1.5286,    1.3509,    1.2334,    1.1097,    1.0099,    0.9434,    0.8566,    2.1934,    1.6416,    1.2031,    0.8719,    0.6320,    0.4541,    0.3235,    0.2283,    0.1615,    0.1124,    0.0788,    0.0558,    0.0008,    0.0000,    0.0025,    0.0066,    0.0075,    0.0068,    0.0077,    0.0127,    0.0113,    0.0155,    0.0137,    0.0200,    0.0220,    0.0178,    0.0257,    0.0280,    0.0186,    0.0111,    0.0011,    0.0027,    0.0150,    0.0190,    0.0388,    0.0407,    0.0504,    0.0540,    0.0558,    0.0593,    0.0666,    0.0680,    0.0623,    0.0567,    0.0498,    0.0599,    0.0839,    0.0854,    0.1587,    0.1734,    0.1816,    0.1838,    0.1801,    0.2001,    0.1924,    0.2701,    0.2482,    0.2815,    0.2661,    0.2831,    0.6134,    0.5979,    0.6218,    0.6972,    0.7016,    0.6765,    0.7004,    0.7182,    0.7328,    0.6810,    0.6716,    0.6974,    1.7628,    1.5730,    1.5553,    1.5082,    1.3932,    1.3067,    1.1471,    1.0553,    1.0144,    0.8891,    0.6830,    0.6344,    0.4891,    0.7846,    0.5984,    0.5713,    0.3853,    0.2797,    0.2260,    0.0908,    0.0800,    0.0568,    0.0197,    0.0160
 1284,    1.2500,  219.0970,    0.0444,  144.5564,  141.7666,   -0.9703,   -0.8263,  158.4330,  216.5526,  217.5223,  218.5924,  219.5190,  220.7109,  222.0989,  223.6938,  225.3992,  227.3916,  229.7466,  232.7047,  236.5124,  240.6928,  244.2978,  245.6948,  244.3011,  241.2984,  237.5941,  233.9911,  231.0877,  228.4811,  226.5915,  224.1934,  223.4002,    0.0668,    0.2527,    0.5328,    0.8787,    1.2660,    1.6739,    2.0849,    2.4887,    3.0527,    3.1028,    3.3825,    4.3358,    3.4446,    3.0041,    4.2440,    4.0963,    1.1996,    1.2845,    1.8402,    2.3044,    3.0434,    4.1171,    4.3587,    4.2135,    1.4713,    1.5188,    1.5361,    1.5258,    1.5009,    1.4887,    1.4394,    1.4051,    1.3910,    1.3619,    1.3623,    1.3605,    1.0248,    0.9968,    0.9605,    0.9604,    0.9341,    0.8639,    0.9146,    0.9105,    0.9021,    0.9025,    0.9066,    0.9100,    0.9538,    0.9418,    0.9399,    0.9399,    0.9314,    0.9055,    0.8848,    0.8545,    0.7719,    0.7314,    0.7073,    0.6933,    1.9942,    1.8496,    1.7526,    1.6063,    1.5306,    1.6862,    1.5789,    1.5107,    1.5916,    1.5219,    1.5189,    1.4466,    2.2650,    2.1470,    1.9824,    1.8442,    1.6498,    1.5161,    1.3076,    1.1945,    1.0705,    0.9744,    0.9266,    0.8419,    2.1956,    1.6781,    1.2527,    0.9173,    0.6607,    0.4677,    0.3340,    0.2365,    0.1692,    0.1184,    0.0851,    0.0600,    0.0912,    0.0454,    0.0866,    0.1067,    0.1199,    0.1112,    0.1224,    0.1374,    0.1211,    0.1667,    0.1474,    0.1609,    0.1773,    0.1444,    0.2096,    0.2318,    0.1903,    0.1995,    0.2025,    0.2208,    0.2513,    0.1878,    0.2992,    0.3155,    0.3883,    0.4151,    0.4296,    0.4567,    0.4683,    0.4880,    0.4849,    0.5244,    0.5492,    0.5438,    0.6012,    0.6124,    1.0564,    1.1538,    1.2098,    1.2447,    1.2599,    1.3731,    1.2955,    1.3692,    1.3146,    1.4062,    1.3327,    1.4263,    3.0760,    3.0265,    3.1058,    3.1357,    3.1648,    3.0424,    3.1492,    3.2296,    3.2953,    3.0638,    3.0201,    3.1363,    7.9286,    7.4683,    7.3853,    7.1632,    6.6185,    6.2091,    5.4527,    5.0185,    4.8261,    4.2325,    3.2536,    3.0242,    2.3341,    1.9997,    1.5271,    1.4602,    0.9866,    0.7177,    0.5815,    0.2341,    0.2071,    0.1476,    0.0514,    0.0420,    0.0009,    0.0032,    0.0068,    0.0112,    0.0161,    0.0213,    0.0265,    0.0274,    0.2521,    0.1461,    0.1788,    1.1859,    1.1037,    0.6130,    2.6779,    4.0373,    2.6664,    2.6104,    2.0589,    1.5801,    2.9396,    4.0926,    4.1922,    4.2393,    1.4976,    1.5550,    1.5623,    1.5458,    1.5174,    1.4960,    1.4441,    1.4313,    1.4066,    1.3547,    1.3473,    1.2864,    0.9520,    0.9225,    0.8902,    0.8823,    0.8661,    0.8291,    0.8473,    0.8411,    0.8396,    0.8428,    0.8560,    0.8690,    0.9359,    0.9431,    0.9028,    0.9445,    0.9333,    0.9135,    0.8923,    0.8807,    0.7811,    0.7368,    0.7117,    0.6973,    1.8394,    1.5518,    1.4582,    1.2797,    1.2155,    1.3629,    1.2930,    1.2399,    1.3824,    1.3241,    1.3734,    1.3071,    2.1139,    2.0431,    1.8821,    1.7510,    1.5684,    1.4396,    1.2426,    1.1325,    1.0140,    0.9210,    0.8638,    0.7830,    2.0258,    1.5405,    1.1464,    0.8360,    0.5982,    0.4149,    0.2944,    0.2058,    0.1458,    0.1009,    0.0726,    0.0514,    0.0004,    0.0000,    0.0012,    0.0033,    0.0038,    0.0034,    0.0039,    0.0070,    0.0062,    0.0086,    0.0076,    0.0119,    0.0130,    0.0106,    0.0152,    0.0166,    0.0105,    0.0063,    0.0007,    0.0016,    0.0085,    0.0108,    0.0233,    0.0244,    0.0303,    0.0324,    0.0335,    0.0356,    0.0409,    0.0417,    0.0382,    0.0348,    0.0306,    0.0368,    0.0515,    0.0524,    0.0987,    0.1078,    0.1129,    0.1143,    0.1120,    0.1244,    0.1196,    0.1799,    0.1654,    0.1876,    0.1773,    0.1886,    0.4087,    0.3983,    0.4142,    0.4763,    0.4793,    0.4621,    0.4784,    0.4906,    0.5006,    0.4652,    0.4588,    0.4764,    1.2042,    1.0604,    1.0484,    1.0167,    0.9392,    0.8809,    0.7733,    0.7115,    0.6839,    0.5994,    0.4605,    0.4277,    0.3298,    0.6074,    0.4633,    0.4423,    0.2983,    0.2166,    0.1751,    0.0703,    0.0620,    0.0440,    0.0153,    0.0124
 1486,    1.5000,  216.8660,    0.0421,  145.0014,  142.1131,   -0.9748,   -0.9741,  158.4330,  218.7217,  219.7172,  220.6817,  221.6018,  222.7685,  224.1013,  225.6068,  227.2929,  229.1998,  231.5932,  234.6134,  238.4106,  242.4988,  245.7004,  246.2019,  243.8045,  239.9873,  235.5926,  231.4929,  228.3968,  225.8745,  224.0653,  221.8113,  221.2121,    0.0659,    0.2491,    0.5247,    0.8647,    1.2445,    1.6439,    2.0452,    2.4395,    3.0305,    3.0139,    3.2782,    4.3484,    3.3892,    2.8342,    4.2763,    4.1468,    1.0254,    1.1003,    1.6143,    2.0644,    3.0133,    4.1810,    4.4291,    4.2805,    1.4947,    1.5394,    1.5538,    1.5433,    1.5172,    1.5050,    1.4559,    1.4200,    1.4062,    1.3794,    1.3775,    1.3795,    1.0427,    1.0181,    0.9863,    0.9860,    0.9608,    0.8935,    0.9399,    0.9350,    0.9238,    0.9214,    0.9216,    0.9233,    0.9654,    0.9530,    0.9548,    0.9515,    0.9427,    0.9139,    0.8951,    0.8664,    0.7792,    0.7410,    0.7182,    0.7046,    2.0307,    1.8717,    1.7757,    1.6185,    1.5432,    1.7205,    1.6110,    1.5421,    1.6348,    1.5636,    1.5624,    1.4890,    2.3295,    2.2021,    2.0340,    1.8845,    1.6813,    1.5456,    1.3335,    1.2186,    1.0935,    0.9958,    0.9462,    0.8601,    2.2444,    1.7207,    1.2891,    0.9465,    0.6817,    0.4813,    0.3442,    0.2439,    0.1748,    0.1225,    0.0885,    0.0625,    0.0910,    0.0452,    0.0865,    0.1067,    0.1200,    0.1112,    0.1224,    0.1374,    0.1212,    0.1668,    0.1475,    0.1610,    0.1775,    0.1445,    0.2098,    0.2320,    0.1904,    0.1993,    0.2021,    0.2204,    0.2511,    0.1879,    0.2995,    0.3158,    0.3887,    0.4155,    0.4301,    0.4572,    0.4688,    0.4886,    0.4853,    0.5246,    0.5492,    0.5440,    0.6019,    0.6131,    1.0579,    1.1554,    1.2114,    1.2463,    1.2614,    1.3749,    1.2973,    1.3723,    1.3172,    1.4094,    1.3358,    1.4295,    3.0830,    3.0333,    3.1130,    3.1442,    3.1734,    3.0507,    3.1579,    3.2385,    3.3044,    3.0722,    3.0284,    3.1449,    7.9504,    7.4855,    7.4024,    7.1799,    6.6340,    6.2238,    5.4658,    5.0307,    4.8380,    4.2431,    3.2618,    3.0321,    2.3404,    2.0097,    1.5350,    1.4680,    0.9920,    0.7218,    0.5850,    0.2356,    0.2085,    0.1486,    0.0518,    0.0423,    0.0010,    0.0038,    0.0080,    0.0132,    0.0190,    0.0251,    0.0312,    0.0323,    0.3010,    0.1702,    0.2079,    1.3824,    1.2752,    0.6940,    2.9611,    4.1541,    2.7333,    2.6819,    2.1671,    1.6982,    3.1601,    4.2199,    4.2951,    4.2876,    1.5029,    1.5254,    1.5087,    1.4909,    1.4540,    1.4325,    1.3806,    1.3674,    1.3432,    1.2950,    1.2867,    1.2290,    0.9093,    0.8809,    0.8501,    0.8419,    0.8263,    0.7912,    0.8078,    0.8015,    0.7998,    0.8025,    0.8144,    0.8263,    0.8890,    0.8955,    0.8591,    0.9007,    0.8894,    0.8815,    0.8651,    0.8636,    0.7865,    0.7532,    0.7331,    0.7200,    1.9223,    1.6529,    1.5633,    1.3836,    1.3168,    1.4618,    1.3859,    1.3274,    1.4474,    1.3839,    1.4069,    1.3394,    2.1087,    1.9826,    1.8226,    1.6492,    1.4475,    1.3261,    1.1302,    1.0278,    0.9172,    0.8313,    0.7799,    0.7054,    1.8300,    1.4007,    1.0505,    0.7678,    0.5429,    0.3667,    0.2587,    0.1793,    0.1269,    0.0873,    0.0638,    0.0451,    0.0002,    0.0000,    0.0005,    0.0017,    0.0019,    0.0017,    0.0019,    0.0039,    0.0035,    0.0048,    0.0042,    0.0071,    0.0077,    0.0063,    0.0091,    0.0099,    0.0060,    0.0036,    0.0004,    0.0009,    0.0049,    0.0061,    0.0140,    0.0147,    0.0182,    0.0195,    0.0202,    0.0214,    0.0251,    0.0257,    0.0235,    0.0214,    0.0188,    0.0227,    0.0317,    0.0322,    0.0615,    0.0672,    0.0703,    0.0712,    0.0698,    0.0775,    0.0745,    0.1201,    0.1104,    0.1252,    0.1183,    0.1259,    0.2728,    0.2659,    0.2765,    0.3260,    0.3280,    0.3163,    0.3274,    0.3358,    0.3426,    0.3184,    0.3140,    0.3260,    0.8242,    0.7170,    0.7089,    0.6875,    0.6351,    0.5957,    0.5229,    0.4811,    0.4625,    0.4054,    0.3115,    0.2893,    0.2231,    0.4713,    0.3595,    0.3432,    0.2315,    0.1681,    0.1359,    0.0546,    0.0481,    0.0342,    0.0119,    0.0097
 1730,    1.7500,  214.4974,    0.0409,  145.2568,  142.2863,   -0.9811,   -0.8794,  158.4330,  220.4198,  221.4169,  222.3550,  223.2474,  224.3086,  225.5976,  227.1081,  228.7134,  230.6803,  233.0909,  236.2066,  239.9933,  243.9073,  246.6134,  246.2945,  242.9933,  238.3885,  233.4040,  228.9868,  225.6943,  223.1634,  221.4711,  219.3160,  218.7297,    0.0650,    0.2453,    0.5161,    0.8496,    1.2215,    1.6116,    2.0028,    2.3866,    3.0033,    2.9214,    3.1700,    4.3516,    3.3352,    2.6695,    4.3030,    4.1879,    0.8869,    0.9528,    1.4244,    1.8533,    3.0016,    4.2342,    4.4859,    4.3338,    1.5131,    1.5554,    1.5679,    1.5573,    1.5307,    1.5185,    1.4698,    1.4325,    1.4190,    1.3939,    1.3901,    1.3945,    1.0567,    1.0347,    1.0064,    1.0060,    0.9818,    0.9168,    0.9595,    0.9540,    0.9405,    0.9361,    0.9334,    0.9339,    0.9750,    0.9623,    0.9668,    0.9612,    0.9520,    0.9208,    0.9035,    0.8760,    0.7859,    0.7501,    0.7283,    0.7151,    2.0639,    1.8939,    1.7991,    1.6331,    1.5581,    1.7515,    1.6404,    1.5708,    1.6714,    1.5989,    1.5979,    1.5237,    2.3804,    2.2448,    2.0741,    1.9164,    1.7075,    1.5701,    1.3559,    1.2396,    1.1135,    1.0143,    0.9632,    0.8759,    2.2859,    1.7557,    1.3184,    0.9698,    0.6987,    0.4927,    0.3527,    0.2502,    0.1795,    0.1260,    0.0913,    0.0645,    0.0909,    0.0451,    0.0865,    0.1067,    0.1200,    0.1112,    0.1224,    0.1375,    0.1212,    0.1668,    0.1475,    0.1611,    0.1776,    0.1446,    0.2098,    0.2321,    0.1904,    0.1992,    0.2018,    0.2201,    0.2510,    0.1879,    0.2997,    0.3159,    0.3888,    0.4156,    0.4302,    0.4573,    0.4691,    0.4888,    0.4855,    0.5245,    0.5491,    0.5440,    0.6021,    0.6133,    1.0584,    1.1560,    1.2121,    1.2470,    1.2620,    1.3756,    1.2979,    1.3737,    1.3184,    1.4110,    1.3372,    1.4310,    3.0863,    3.0365,    3.1163,    3.1484,    3.1776,    3.0548,    3.1621,    3.2428,    3.3088,    3.0763,    3.0325,    3.1492,    7.9611,    7.4937,    7.4106,    7.1880,    6.6415,    6.2310,    5.4722,    5.0367,    4.8439,    4.2484,    3.2661,    3.0361,    2.3436,    2.0161,    1.5400,    1.4730,    0.9956,    0.7245,    0.5873,    0.2366,    0.2094,    0.1493,    0.0520,    0.0426,    0.0012,    0.0044,    0.0092,    0.0151,    0.0218,    0.0287,    0.0357,    0.0369,    0.3486,    0.1925,    0.2346,    1.5625,    1.4290,    0.7626,    3.1773,    4.1788,    2.7560,    2.7078,    2.2303,    1.7781,    3.3082,    4.2441,    4.2949,    4.2424,    1.4773,    1.4740,    1.4429,    1.4250,    1.3848,    1.3638,    1.3142,    1.3007,    1.2775,    1.2331,    1.2243,    1.1707,    0.8660,    0.8389,    0.8098,    0.8016,    0.7865,    0.7533,    0.7683,    0.7619,    0.7598,    0.7619,    0.7723,    0.7830,    0.8411,    0.8463,    0.8138,    0.8525,    0.8413,    0.8425,    0.8294,    0.8337,    0.7780,    0.7531,    0.7368,    0.7247,    1.9538,    1.7105,    1.6250,    1.4498,    1.3815,    1.5170,    1.4371,    1.3750,    1.4672,    1.4008,    1.3977,    1.3305,    2.0443,    1.8772,    1.7223,    1.5258,    1.3212,    1.2075,    1.0218,    0.9272,    0.8253,    0.7463,    0.6990,    0.6308,    1.6342,    1.2516,    0.9410,    0.6873,    0.4808,    0.3182,    0.2231,    0.1534,    0.1081,    0.0740,    0.0546,    0.0384,    0.0001,    0.0000,    0.0003,    0.0008,    0.0010,    0.0009,    0.0010,    0.0022,    0.0019,    0.0027,    0.0023,    0.0042,    0.0046,    0.0038,    0.0054,    0.0059,    0.0034,    0.0021,    0.0002,    0.0005,    0.0028,    0.0035,    0.0085,    0.0089,    0.0110,    0.0118,    0.0122,    0.0129,    0.0155,    0.0158,    0.0145,    0.0132,    0.0116,    0.0140,    0.0196,    0.0199,    0.0384,    0.0419,    0.0439,    0.0445,    0.0436,    0.0484,    0.0465,    0.0803,    0.0738,    0.0837,    0.0791,    0.0842,    0.1824,    0.1778,    0.1849,    0.2235,    0.2249,    0.2169,    0.2245,    0.2303,    0.2349,    0.2183,    0.2153,    0.2236,    0.5652,    0.4863,    0.4808,    0.4663,    0.4307,    0.4040,    0.3547,    0.3263,    0.3137,    0.2750,    0.2113,    0.1963,    0.1513,    0.3665,    0.2796,    0.2670,    0.1801,    0.1308,    0.1057,    0.0425,    0.0375,    0.0266,    0.0092,    0.0075
 1945,    2.0000,  212.1944,    0.0403,  145.4104,  142.3750,   -0.9815,   -0.8849,  158.4330,  221.8460,  222.7889,  223.7338,  224.5859,  225.5842,  226.8887,  228.3111,  229.9206,  231.9024,  234.3893,  237.5161,  241.2951,  245.0835,  247.3005,  246.0915,  241.8975,  236.6025,  231.1897,  226.4705,  223.0022,  220.4769,  218.8865,  216.8048,  216.3254,    0.0641,    0.2416,    0.5079,    0.8352,    1.1995,    1.5808,    1.9621,    2.3361,    2.9781,    2.8334,    3.0675,    4.3543,    3.2893,    2.5185,    4.3284,    4.2210,    0.7768,    0.8352,    1.2674,    1.6733,    3.0042,    4.2778,    4.5315,    4.3757,    1.5273,    1.5675,    1.5789,    1.5682,    1.5413,    1.5292,    1.4807,    1.4425,    1.4292,    1.4052,    1.4000,    1.4059,    1.0673,    1.0473,    1.0219,    1.0213,    0.9981,    0.9354,    0.9745,    0.9685,    0.9530,    0.9471,    0.9421,    0.9421,    0.9826,    0.9697,    0.9762,    0.9688,    0.9593,    0.9261,    0.9100,    0.8836,    0.7919,    0.7583,    0.7376,    0.7247,    2.0941,    1.9170,    1.8233,    1.6508,    1.5760,    1.7806,    1.6682,    1.5978,    1.7027,    1.6290,    1.6271,    1.5521,    2.4205,    2.2777,    2.1050,    1.9413,    1.7283,    1.5896,    1.3738,    1.2562,    1.1293,    1.0291,    0.9768,    0.8885,    2.3190,    1.7834,    1.3413,    0.9881,    0.7121,    0.5019,    0.3595,    0.2553,    0.1833,    0.1288,    0.0936,    0.0661,    0.0907,    0.0450,    0.0865,    0.1067,    0.1200,    0.1112,    0.1224,    0.1375,    0.1212,    0.1668,    0.1475,    0.1611,    0.1776,    0.1446,    0.2099,    0.2321,    0.1904,    0.1990,    0.2016,    0.2198,    0.2508,    0.1880,    0.2997,    0.3160,    0.3889,    0.4157,    0.4303,    0.4574,    0.4692,    0.4889,    0.4855,    0.5245,    0.5489,    0.5440,    0.6022,    0.6134,    1.0587,    1.1563,    1.2124,    1.2472,    1.2622,    1.3758,    1.2982,    1.3744,    1.3189,    1.4117,    1.3379,    1.4317,    3.0878,    3.0379,    3.1179,    3.1505,    3.1796,    3.0568,    3.1641,    3.2449,    3.3109,    3.0783,    3.0345,    3.1512,    7.9664,    7.4977,    7.4146,    7.1919,    6.6452,    6.2345,    5.4754,    5.0397,    4.8469,    4.2511,    3.2683,    3.0383,    2.3454,    2.0203,    1.5433,    1.4763,    0.9979,    0.7263,    0.5888,    0.2372,    0.2100,    0.1498,    0.0522,    0.0427,    0.0013,    0.0049,    0.0103,    0.0170,    0.0244,    0.0322,    0.0399,    0.0412,    0.3946,    0.2134,    0.2594,    1.7267,    1.5671,    0.8223,    3.3385,    4.1475,    2.7564,    2.7105,    2.2675,    1.8343,    3.4044,    4.2048,    4.2330,    4.1459,    1.4358,    1.4150,    1.3763,    1.3587,    1.3179,    1.2975,    1.2508,    1.2370,    1.2148,    1.1737,    1.1646,    1.1146,    0.8243,    0.7982,    0.7705,    0.7621,    0.7476,    0.7163,    0.7297,    0.7232,    0.7209,    0.7226,    0.7320,    0.7416,    0.7957,    0.7995,    0.7702,    0.8054,    0.7944,    0.8021,    0.7911,    0.7983,    0.7615,    0.7427,    0.7292,    0.7181,    1.9504,    1.7369,    1.6548,    1.4880,    1.4189,    1.5399,    1.4577,    1.3933,    1.4564,    1.3886,    1.3623,    1.2961,    1.9493,    1.7557,    1.6077,    1.4026,    1.2041,    1.0978,    0.9253,    0.8376,    0.7439,    0.6712,    0.6273,    0.5648,    1.4583,    1.1135,    0.8361,    0.6091,    0.4220,    0.2751,    0.1916,    0.1308,    0.0917,    0.0624,    0.0462,    0.0323,    0.0000,    0.0000,    0.0001,    0.0004,    0.0005,    0.0004,    0.0005,    0.0012,    0.0011,    0.0015,    0.0013,    0.0025,    0.0028,    0.0022,    0.0032,    0.0035,    0.0020,    0.0012,    0.0001,    0.0003,    0.0016,    0.0020,    0.0051,    0.0054,    0.0066,    0.0071,    0.0074,    0.0078,    0.0096,    0.0098,    0.0090,    0.0082,    0.0072,    0.0087,    0.0121,    0.0123,    0.0240,    0.0262,    0.0275,    0.0278,    0.0273,    0.0303,    0.0291,    0.0538,    0.0495,    0.0561,    0.0530,    0.0564,    0.1222,    0.1191,    0.1239,    0.1536,    0.1546,    0.1490,    0.1543,    0.1582,    0.1614,    0.1500,    0.1479,    0.1536,    0.3883,    0.3307,    0.3270,    0.3171,    0.2930,    0.2748,    0.2413,    0.2220,    0.2134,    0.1871,    0.1437,    0.1335,    0.1030,    0.2856,    0.2178,    0.2080,    0.1403,    0.1019,    0.0824,    0.0331,    0.0292,    0.0207,    0.0072,    0.0059
