Particle       ,data/QEXT_96IR_84_VIS_NC5v1_2umrod
Ncase          ,  14
dt (sols)      ,  0.020833
Qext 0.67um    ,  1.655881
Alb sfc        ,  0.220000
Conrath nu     ,  0.002000
Sun Flux (W/m2),148.393084
BWN IR (cm-1)  ,     10.0000,     34.1670,     58.3330,     82.5000,    106.6670,    130.8330,    155.0000,    179.1670,    203.3330,    227.5000,    251.6670,    275.8330,    300.0000,    320.7880,    341.5750,    362.3630,    383.1500,    403.9380,    424.7250,    445.5130,    466.3010,    487.0880,    507.8760,    528.6630,    549.4510,    556.7420,    564.0330,    571.3240,    578.6150,    585.9060,    593.1970,    600.4880,    607.7790,    615.0700,    622.3610,    629.6520,    636.9430,    642.5500,    648.1570,    653.7640,    659.3700,    664.9770,    670.5840,    676.1910,    681.7980,    687.4050,    693.0110,    698.6180,    704.2250,    710.1390,    716.0530,    721.9670,    727.8810,    733.7950,    739.7090,    745.6240,    751.5380,    757.4520,    763.3660,    769.2800,    775.1940,    791.5010,    807.8070,    824.1140,    840.4210,    856.7270,    873.0340,    889.3410,    905.6470,    921.9540,    938.2610,    954.5670,    970.8740,    996.8050,   1022.7370,   1048.6680,   1074.6000,   1100.5310,   1126.4630,   1152.3940,   1178.3250,   1204.2570,   1230.1880,   1256.1200,   1282.0510,   1360.3990,   1438.7460,   1517.0940,   1595.4410,   1673.7890,   1752.1370,   1830.4840,   1908.8320,   1987.1790,   2065.5270,   2143.8740,   2222.2220
BWN VIS (cm-1) ,   2222.2200,   2294.3160,   2366.4120,   2438.5080,   2510.6030,   2582.6990,   2654.7950,   2726.8910,   2798.9870,   2871.0820,   2943.1780,   3015.2740,   3087.3700,   3165.9750,   3244.5800,   3323.1850,   3401.7900,   3480.3950,   3559.0000,   3637.6050,   3716.2100,   3794.8150,   3873.4200,   3952.0250,   4030.6300,   4142.2920,   4253.9530,   4365.6150,   4477.2770,   4588.9380,   4700.6000,   4812.2620,   4923.9230,   5035.5850,   5147.2470,   5258.9080,   5370.5700,   5560.6150,   5750.6600,   5940.7050,   6130.7500,   6320.7950,   6510.8400,   6700.8850,   6890.9300,   7080.9750,   7271.0200,   7461.0650,   7651.1100,   8055.1840,   8459.2580,   8863.3330,   9267.4070,   9671.4810,  10075.5550,  10479.6290,  10883.7030,  11287.7780,  11691.8520,  12095.9260,  12500.0000,  13541.6670,  14583.3330,  15625.0000,  16666.6670,  17708.3330,  18750.0000,  19791.6670,  20833.3330,  21875.0000,  22916.6670,  23958.3330,  25000.0000,  26388.8890,  27777.7780,  29166.6670,  30555.5570,  31944.4460,  33333.3350,  34722.2240,  36111.1130,  37500.0030,  38888.8920,  40277.7810,  41666.6700
SUN VIS (W/m2) ,      0.1008,      0.0862,      0.0968,      0.1089,      0.1224,      0.1136,      0.1248,      0.1400,      0.1233,      0.1698,      0.1502,      0.1645,      0.1814,      0.1477,      0.2144,      0.2377,      0.1946,      0.2106,      0.2276,      0.2472,      0.2683,      0.1918,      0.3072,      0.3239,      0.3986,      0.4261,      0.4410,      0.4688,      0.4810,      0.5017,      0.5013,      0.5485,      0.5772,      0.5665,      0.6183,      0.6303,      1.0809,      1.1806,      1.2379,      1.2751,      1.2949,      1.4092,      1.3262,      1.4132,      1.3634,      1.4505,      1.3747,      1.4716,      3.1730,      3.1258,      3.2038,      3.2543,      3.2846,      3.1576,      3.2685,      3.3520,      3.4202,      3.1800,      3.1347,      3.2554,      8.2299,      7.8425,      7.7561,      7.5237,      6.9524,      6.5235,      5.7299,      5.2748,      5.0739,      4.4511,      3.4228,      3.1828,      2.4579,      2.2644,      1.7312,      1.6575,      1.1215,      0.8173,      0.6634,      0.2677,      0.2374,      0.1697,      0.0593,      0.0486
================
wavelenght [um],    0.244068,    0.252632,    0.261818,    0.271698,    0.282353,    0.293878,    0.306383,    0.320000,    0.334884,    0.351220,    0.369231,    0.389189,    0.408511,    0.426667,    0.446512,    0.468293,    0.492308,    0.518919,    0.548571,    0.581818,    0.619355,    0.662069,    0.711111,    0.768000,    0.813143,    0.840768,    0.870336,    0.902060,    0.936184,    0.972991,    1.012810,    1.056028,    1.103099,    1.154562,    1.211061,    1.273375,    1.323436,    1.357581,    1.393534,    1.431444,    1.471474,    1.513807,    1.558648,    1.606226,    1.656801,    1.710664,    1.768147,    1.829628,    1.881560,    1.921939,    1.964090,    2.008131,    2.054193,    2.102417,    2.152960,    2.205992,    2.261704,    2.320302,    2.382017,    2.447105,    2.505432,    2.555765,    2.608162,    2.662752,    2.719677,    2.779088,    2.841153,    2.906054,    2.973989,    3.045176,    3.119855,    3.198288,    3.277268,    3.356577,    3.439819,    3.527294,    3.619334,    3.716307,    3.818620,    3.926726,    4.041130,    4.162400,    4.291175,    4.428172,    4.580751,    4.751270,    4.934974,    5.133456,    5.348572,    5.582505,    5.837838,    6.117648,    6.425631,    6.766266,    7.145039,    7.568734,    7.879690,    8.044056,    8.215425,    8.394255,    8.581043,    8.776330,    8.980716,    9.194848,    9.419442,    9.655282,    9.903235,   10.164260,   10.387231,   10.566200,   10.751445,   10.943308,   11.142136,   11.348323,   11.562291,   11.784476,   12.015368,   12.255495,   12.505409,   12.765727,   12.949392,   13.049328,   13.150818,   13.253898,   13.358608,   13.464994,   13.573088,   13.682923,   13.794549,   13.908012,   14.023357,   14.140631,   14.256763,   14.371646,   14.488386,   14.607038,   14.727660,   14.850291,   14.974981,   15.101782,   15.230738,   15.361915,   15.495384,   15.631191,   15.790367,   15.974275,   16.162517,   16.355249,   16.552633,   16.754839,   16.962047,   17.174443,   17.392227,   17.615605,   17.844795,   18.080028,   18.550914,   19.294981,   20.101230,   20.977796,   21.934298,   22.982219,   24.135264,   25.410119,   26.827165,   28.411593,   30.194923,   32.217118,   34.732292,   37.914692,   41.739101,   46.421699,   52.287582,   59.850314,   69.970927,   84.210526,  105.726686,  142.012170,  216.216216,  452.826771
Qext           ,      1.2461,      1.2461,      1.2461,      1.2461,      1.2461,      1.2461,      1.2461,      1.2461,      1.2461,      1.2461,      1.2461,      1.6559,      1.6559,      1.6559,      1.6559,      1.6559,      1.6559,      1.6559,      1.6559,      1.6559,      1.6559,      1.6559,      1.6559,      1.1859,      1.1859,      1.1859,      1.1859,      1.1859,      1.1859,      1.1859,      1.1859,      1.1859,      1.1859,      1.0735,      1.0735,      1.0735,      1.0735,      1.0735,      1.0735,      1.0735,      1.0735,      1.3457,      1.3457,      1.3457,      1.3457,      1.3457,      1.3457,      1.3457,      1.0789,      1.0789,      1.0789,      1.0789,      1.0789,      1.0789,      1.0789,      1.0789,      1.1670,      1.1670,      1.1670,      1.1670,      1.1670,      1.1670,      1.2981,      1.2981,      1.2981,      1.2981,      1.2981,      1.2981,      1.2974,      1.2974,      1.2974,      1.2974,      1.2974,      1.8337,      1.8337,      1.8337,      1.8337,      2.5768,      2.5768,      2.5768,      2.5768,      3.4463,      3.4463,      3.4463,      3.5605,      3.5605,      3.1467,      3.1467,      3.2356,      4.0196,      4.0196,      4.1317,      2.9029,      1.8398,      1.4847,      1.8254,      2.5365,      2.5365,      2.9572,      2.9572,      2.7435,      2.7435,      2.1880,      2.1880,      1.8499,      2.0704,      2.0704,      2.8082,      3.7696,      3.7696,      4.6204,      4.6204,      5.1314,      5.1314,      5.2215,      4.9313,      4.9313,      4.3687,      4.3687,      3.6598,      2.9159,      2.9159,      2.9159,      2.9159,      2.2181,      2.2181,      2.2181,      1.6150,      1.6150,      1.6150,      1.1274,      1.1274,      1.1274,      0.7560,      0.7560,      0.7560,      0.4891,      0.4891,      0.4891,      0.3090,      0.3090,      0.3090,      0.1963,      0.1963,      0.1963,      0.1328,      0.1328,      0.1028,      0.1028,      0.0940,      0.0970,      0.0970,      0.1051,      0.1051,      0.1142,      0.1216,      0.1239,      0.1260,      0.1119,      0.0883,      0.0629,      0.0372,      0.0197,      0.0092,      0.0057,      0.0076,      0.0115,      0.0148,      0.0162,      0.0149,      0.0116,      0.0078,      0.0051,      0.0044,      0.0044,      0.0044,      0.0044,      0.0044,      0.0044,      0.0044
Qscat          ,      0.5695,      0.5695,      0.5695,      0.5695,      0.5695,      0.5695,      0.5695,      0.5695,      0.5695,      0.5695,      0.5695,      0.3920,      0.3920,      0.3920,      0.3920,      0.3920,      0.3920,      0.3920,      0.3920,      0.3920,      0.3920,      0.3920,      0.3920,      0.1535,      0.1535,      0.1535,      0.1535,      0.1535,      0.1535,      0.1535,      0.1535,      0.1535,      0.1535,      0.1463,      0.1463,      0.1463,      0.1463,      0.1463,      0.1463,      0.1463,      0.1463,      0.1363,      0.1363,      0.1363,      0.1363,      0.1363,      0.1363,      0.1363,      0.1104,      0.1104,      0.1104,      0.1104,      0.1104,      0.1104,      0.1104,      0.1104,      0.0368,      0.0368,      0.0368,      0.0368,      0.0368,      0.0368,      0.1637,      0.1637,      0.1637,      0.1637,      0.1637,      0.1637,      0.1693,      0.1693,      0.1693,      0.1693,      0.1693,      0.0178,      0.0178,      0.0178,      0.0178,      0.0647,      0.0647,      0.0647,      0.0647,      0.0931,      0.0931,      0.0931,      0.1009,      0.1009,      0.2318,      0.2318,      0.3347,      0.2421,      0.2421,      0.6098,      0.5409,      0.1801,      0.4846,      0.3987,      0.3259,      0.3259,      0.7832,      0.7832,      1.1288,      1.1288,      0.7623,      0.7623,      0.0015,     -0.4178,     -0.4178,     -0.1042,      0.8033,      0.8033,      1.8932,      1.8932,      2.7753,      2.7753,      3.2250,      3.1939,      3.1939,      2.7618,      2.7618,      2.0755,      1.2970,      1.2970,      1.2970,      1.2970,      0.5669,      0.5669,      0.5669,     -0.0170,     -0.0170,     -0.0170,     -0.4052,     -0.4052,     -0.4052,     -0.5918,     -0.5918,     -0.5918,     -0.6028,     -0.6028,     -0.6028,     -0.4826,     -0.4826,     -0.4826,     -0.2820,     -0.2820,     -0.2820,     -0.0488,     -0.0488,      0.1028,      0.1028,      0.0940,      0.0970,      0.0970,      0.1051,      0.1051,      0.1142,      0.1216,      0.1238,      0.1260,      0.0349,     -0.2477,     -0.4144,     -0.4555,     -0.3525,     -0.1307,      0.0057,      0.0076,      0.0115,      0.0148,      0.0162,     -0.0961,     -0.3766,     -0.5032,     -0.4016,     -0.3026,     -0.3026,     -0.3026,     -0.3026,     -0.3026,     -0.3026,     -0.3026
G factor       ,      0.4590,      0.4590,      0.4590,      0.4590,      0.4590,      0.4590,      0.4590,      0.4590,      0.4590,      0.4590,      0.4590,      0.3850,      0.3850,      0.3850,      0.3850,      0.3850,      0.3850,      0.3850,      0.3850,      0.3850,      0.3850,      0.3850,      0.3850,      0.1610,      0.1610,      0.1610,      0.1610,      0.1610,      0.1610,      0.1610,      0.1610,      0.1610,      0.1610,      0.1400,      0.1400,      0.1400,      0.1400,      0.1400,      0.1400,      0.1400,      0.1400,      0.1380,      0.1380,      0.1380,      0.1380,      0.1380,      0.1380,      0.1380,      0.0440,      0.0440,      0.0440,      0.0440,      0.0440,      0.0440,      0.0440,      0.0440,      0.1040,      0.1040,      0.1040,      0.1040,      0.1040,      0.1040,      0.2020,      0.2020,      0.2020,      0.2020,      0.2020,      0.2020,      0.1040,      0.1040,      0.1040,      0.1040,      0.1040,     -0.0000,     -0.0000,     -0.0000,     -0.0000,      0.0020,      0.0020,      0.0020,      0.0020,      0.0280,      0.0280,      0.0280,      0.0010,      0.0010,      0.0470,      0.0470,      0.1310,      0.1540,      0.1540,      0.0920,     -0.0050,     -0.1280,     -0.1830,     -0.0770,      0.0310,      0.0310,      0.0840,      0.0840,      0.1040,      0.1040,      0.1020,      0.1020,      0.0770,      0.0450,      0.0450,      0.0310,      0.0280,      0.0280,      0.0280,      0.0280,      0.0270,      0.0270,      0.0250,      0.0230,      0.0230,      0.0200,      0.0200,      0.0170,      0.0130,      0.0130,      0.0130,      0.0130,      0.0100,      0.0100,      0.0100,      0.0050,      0.0050,      0.0050,      0.0010,      0.0010,      0.0010,     -0.0030,     -0.0030,     -0.0030,     -0.0060,     -0.0060,     -0.0060,     -0.0080,     -0.0080,     -0.0080,     -0.0070,     -0.0070,     -0.0070,      0.0010,      0.0010,      0.0130,      0.0130,      0.0230,      0.0270,      0.0270,      0.0260,      0.0260,      0.0220,      0.0170,      0.0150,      0.0060,     -0.0030,     -0.0110,     -0.0180,     -0.0260,     -0.0330,     -0.0260,      0.0130,      0.0260,      0.0150,      0.0050,     -0.0020,     -0.0070,     -0.0110,     -0.0120,     -0.0090,     -0.0050,     -0.0050,     -0.0050,     -0.0050,     -0.0050,     -0.0050,     -0.0050
================
P [mbar]       ,    0.1004,    0.1015,    0.1034,    0.1069,    0.1130,    0.1239,    0.1432,    0.1740,    0.2226,    0.3028,    0.4349,    0.6529,    1.0121,    1.6044,    2.4646,    3.4606,    4.3994,    5.2226,    5.8426,    6.2132,    6.3980,    6.4686,    6.5039,    6.5168
Temp initial[K],  155.0000,  155.0000,  155.0000,  155.0000,  155.0000,  155.0000,  155.0000,  155.0000,  155.0000,  155.0000,  155.0000,  155.0000,  158.8233,  165.4041,  173.2716,  181.4436,  190.2788,  198.8130,  204.5783,  207.8249,  209.4219,  210.0497,  210.3719,  210.4891
================
it   ,   tau    ,  Tsfc    ,   alb    ,   OLR    ,    ASR   ,  NET top ,  NET bot , T lev  01, T lev  02, T lev  03, T lev  04, T lev  05, T lev  06, T lev  07, T lev  08, T lev  09, T lev  10, T lev  11, T lev  12, T lev  13, T lev  14, T lev  15, T lev  16, T lev  17, T lev  18, T lev  19, T lev  20, T lev  21, T lev  22, T lev  23, T lev  24, T lev  25,  OLR IR01,  OLR IR02,  OLR IR03,  OLR IR04,  OLR IR05,  OLR IR06,  OLR IR07,  OLR IR08,  OLR IR09,  OLR IR10,  OLR IR11,  OLR IR12,  OLR IR13,  OLR IR14,  OLR IR15,  OLR IR16,  OLR IR17,  OLR IR18,  OLR IR19,  OLR IR20,  OLR IR21,  OLR IR22,  OLR IR23,  OLR IR24,  OLR IR25,  OLR IR26,  OLR IR27,  OLR IR28,  OLR IR29,  OLR IR30,  OLR IR31,  OLR IR32,  OLR IR33,  OLR IR34,  OLR IR35,  OLR IR36,  OLR IR37,  OLR IR38,  OLR IR39,  OLR IR40,  OLR IR41,  OLR IR42,  OLR IR43,  OLR IR44,  OLR IR45,  OLR IR46,  OLR IR47,  OLR IR48,  OLR IR49,  OLR IR50,  OLR IR51,  OLR IR52,  OLR IR53,  OLR IR54,  OLR IR55,  OLR IR56,  OLR IR57,  OLR IR58,  OLR IR59,  OLR IR60,  OLR IR61,  OLR IR62,  OLR IR63,  OLR IR64,  OLR IR65,  OLR IR66,  OLR IR67,  OLR IR68,  OLR IR69,  OLR IR70,  OLR IR71,  OLR IR72,  OLR IR73,  OLR IR74,  OLR IR75,  OLR IR76,  OLR IR77,  OLR IR78,  OLR IR79,  OLR IR80,  OLR IR81,  OLR IR82,  OLR IR83,  OLR IR84,  OLR IR85,  OLR IR86,  OLR IR87,  OLR IR88,  OLR IR89,  OLR IR90,  OLR IR91,  OLR IR92,  OLR IR93,  OLR IR94,  OLR IR95,  OLR IR96, ASR VIS01, ASR VIS02, ASR VIS03, ASR VIS04, ASR VIS05, ASR VIS06, ASR VIS07, ASR VIS08, ASR VIS09, ASR VIS10, ASR VIS11, ASR VIS12, ASR VIS13, ASR VIS14, ASR VIS15, ASR VIS16, ASR VIS17, ASR VIS18, ASR VIS19, ASR VIS20, ASR VIS21, ASR VIS22, ASR VIS23, ASR VIS24, ASR VIS25, ASR VIS26, ASR VIS27, ASR VIS28, ASR VIS29, ASR VIS30, ASR VIS31, ASR VIS32, ASR VIS33, ASR VIS34, ASR VIS35, ASR VIS36, ASR VIS37, ASR VIS38, ASR VIS39, ASR VIS40, ASR VIS41, ASR VIS42, ASR VIS43, ASR VIS44, ASR VIS45, ASR VIS46, ASR VIS47, ASR VIS48, ASR VIS49, ASR VIS50, ASR VIS51, ASR VIS52, ASR VIS53, ASR VIS54, ASR VIS55, ASR VIS56, ASR VIS57, ASR VIS58, ASR VIS59, ASR VIS60, ASR VIS61, ASR VIS62, ASR VIS63, ASR VIS64, ASR VIS65, ASR VIS66, ASR VIS67, ASR VIS68, ASR VIS69, ASR VIS70, ASR VIS71, ASR VIS72, ASR VIS73, ASR VIS74, ASR VIS75, ASR VIS76, ASR VIS77, ASR VIS78, ASR VIS79, ASR VIS80, ASR VIS81, ASR VIS82, ASR VIS83, ASR VIS84, SFC DIR01, SFC DIR02, SFC DIR03, SFC DIR04, SFC DIR05, SFC DIR06, SFC DIR07, SFC DIR08, SFC DIR09, SFC DIR10, SFC DIR11, SFC DIR12, SFC DIR13, SFC DIR14, SFC DIR15, SFC DIR16, SFC DIR17, SFC DIR18, SFC DIR19, SFC DIR20, SFC DIR21, SFC DIR22, SFC DIR23, SFC DIR24, SFC DIR25, SFC DIR26, SFC DIR27, SFC DIR28, SFC DIR29, SFC DIR30, SFC DIR31, SFC DIR32, SFC DIR33, SFC DIR34, SFC DIR35, SFC DIR36, SFC DIR37, SFC DIR38, SFC DIR39, SFC DIR40, SFC DIR41, SFC DIR42, SFC DIR43, SFC DIR44, SFC DIR45, SFC DIR46, SFC DIR47, SFC DIR48, SFC DIR49, SFC DIR50, SFC DIR51, SFC DIR52, SFC DIR53, SFC DIR54, SFC DIR55, SFC DIR56, SFC DIR57, SFC DIR58, SFC DIR59, SFC DIR60, SFC DIR61, SFC DIR62, SFC DIR63, SFC DIR64, SFC DIR65, SFC DIR66, SFC DIR67, SFC DIR68, SFC DIR69, SFC DIR70, SFC DIR71, SFC DIR72, SFC DIR73, SFC DIR74, SFC DIR75, SFC DIR76, SFC DIR77, SFC DIR78, SFC DIR79, SFC DIR80, SFC DIR81, SFC DIR82, SFC DIR83, SFC DIR84, SFC DIR85, SFC DIR86, SFC DIR87, SFC DIR88, SFC DIR89, SFC DIR90, SFC DIR91, SFC DIR92, SFC DIR93, SFC DIR94, SFC DIR95, SFC DIR96,SFC DVIS01,SFC DVIS02,SFC DVIS03,SFC DVIS04,SFC DVIS05,SFC DVIS06,SFC DVIS07,SFC DVIS08,SFC DVIS09,SFC DVIS10,SFC DVIS11,SFC DVIS12,SFC DVIS13,SFC DVIS14,SFC DVIS15,SFC DVIS16,SFC DVIS17,SFC DVIS18,SFC DVIS19,SFC DVIS20,SFC DVIS21,SFC DVIS22,SFC DVIS23,SFC DVIS24,SFC DVIS25,SFC DVIS26,SFC DVIS27,SFC DVIS28,SFC DVIS29,SFC DVIS30,SFC DVIS31,SFC DVIS32,SFC DVIS33,SFC DVIS34,SFC DVIS35,SFC DVIS36,SFC DVIS37,SFC DVIS38,SFC DVIS39,SFC DVIS40,SFC DVIS41,SFC DVIS42,SFC DVIS43,SFC DVIS44,SFC DVIS45,SFC DVIS46,SFC DVIS47,SFC DVIS48,SFC DVIS49,SFC DVIS50,SFC DVIS51,SFC DVIS52,SFC DVIS53,SFC DVIS54,SFC DVIS55,SFC DVIS56,SFC DVIS57,SFC DVIS58,SFC DVIS59,SFC DVIS60,SFC DVIS61,SFC DVIS62,SFC DVIS63,SFC DVIS64,SFC DVIS65,SFC DVIS66,SFC DVIS67,SFC DVIS68,SFC DVIS69,SFC DVIS70,SFC DVIS71,SFC DVIS72,SFC DVIS73,SFC DVIS74,SFC DVIS75,SFC DVIS76,SFC DVIS77,SFC DVIS78,SFC DVIS79,SFC DVIS80,SFC DVIS81,SFC DVIS82,SFC DVIS83,SFC DVIS84
 1007,    0.0000,  218.8983,    0.2194,  117.0969,  115.8380,   -0.8625,   -0.7595,  158.4330,  155.0000,  155.0000,  155.0000,  155.0000,  155.0000,  155.0000,  155.0000,  155.0000,  155.0000,  155.0000,  155.0000,  155.0000,  158.8202,  165.3996,  173.2672,  181.4393,  190.2764,  198.8104,  204.5754,  207.8212,  209.4182,  210.0462,  210.3680,  210.4855,    0.0676,    0.2556,    0.5389,    0.8888,    1.2804,    1.6928,    2.1082,    2.5121,    2.8933,    3.2429,    3.5544,    3.8241,    3.4712,    3.6087,    3.7179,    3.7987,    3.8530,    3.8815,    3.8866,    3.8696,    3.8324,    3.7775,    3.7019,    3.5964,    1.2424,    1.2267,    1.2047,    1.1662,    1.1137,    1.0481,    0.8756,    0.8393,    0.7711,    0.6138,    0.5638,    0.3590,    0.1995,    0.1649,    0.1438,    0.1375,    0.1329,    0.1277,    0.1258,    0.1235,    0.1245,    0.1364,    0.1735,    0.2440,    0.3730,    0.4452,    0.3502,    0.5089,    0.4971,    0.5051,    0.5244,    0.6000,    0.6202,    0.6335,    0.6351,    0.6285,    1.6842,    1.6087,    1.5504,    1.4822,    1.4116,    1.3421,    1.2748,    1.2087,    1.1452,    1.0819,    1.0194,    0.9639,    1.4270,    1.3066,    1.1824,    1.0659,    0.9702,    0.8860,    0.8005,    0.7221,    0.6504,    0.5836,    0.5141,    0.4584,    1.1328,    0.8012,    0.5722,    0.3992,    0.2764,    0.1901,    0.1299,    0.0861,    0.0569,    0.0365,    0.0240,    0.0175,    0.0899,    0.0485,    0.0757,    0.0853,    0.0957,    0.0892,    0.0975,    0.1095,    0.0962,    0.1325,    0.1172,    0.1283,    0.1417,    0.1155,    0.1679,    0.1865,    0.1530,    0.1811,    0.2062,    0.2231,    0.2234,    0.1500,    0.2398,    0.2531,    0.3109,    0.3324,    0.3440,    0.3658,    0.3756,    0.3936,    0.3989,    0.4549,    0.4935,    0.4704,    0.4844,    0.4940,    0.8433,    0.9209,    0.9662,    0.9986,    1.0221,    1.1068,    1.0376,    1.1056,    1.0799,    1.1314,    1.0731,    1.1504,    2.4777,    2.4439,    2.4989,    2.5383,    2.5642,    2.4625,    2.5489,    2.6139,    2.6670,    2.4800,    2.4441,    2.5380,    6.4157,    6.1123,    6.0433,    5.8603,    5.4132,    5.0767,    4.4565,    4.0997,    3.9404,    3.4535,    2.6528,    2.4637,    1.8993,    1.7458,    1.3311,    1.2705,    0.8565,    0.6215,    0.5021,    0.2015,    0.1776,    0.1261,    0.0437,    0.0355,    0.0000,    0.0000,    0.0000,    0.0000,    0.0000,    0.0000,    0.0000,    0.0000,    0.0000,    0.0000,    0.0000,    0.0000,    0.0000,    0.0000,    0.0000,    0.0000,    0.0000,    0.0000,    0.0000,    0.0001,    0.0002,    0.0007,    0.0108,    0.0490,    0.0110,    0.0180,    0.0344,    0.0771,    0.1397,    0.2137,    0.4309,    0.4495,    0.5119,    0.6671,    0.7005,    0.8672,    0.6959,    0.7036,    0.7106,    0.6982,    0.6956,    0.7186,    0.6761,    0.6645,    0.6491,    0.6306,    0.6025,    0.5551,    0.4721,    0.3712,    0.4491,    0.2585,    0.2602,    0.2432,    0.2110,    0.1067,    0.0696,    0.0377,    0.0207,    0.0150,    0.0329,    0.0299,    0.0085,    0.0020,    0.0004,    0.0004,    0.0002,    0.0011,    0.0019,    0.0049,    0.0091,    0.0081,    0.0085,    0.0012,    0.0075,    0.0141,    0.0089,    0.0000,    0.0000,    0.0000,    0.0000,    0.0008,    0.0066,    0.0072,    0.0065,    0.0059,    0.0000,    0.0000,    0.0000,    0.0000,    0.0000,    0.0009,    0.0011,    0.0014,    0.0012,    0.0002,    0.0266,    0.0000,    0.0608,    0.1075,    0.1214,    0.1110,    0.1245,    0.1386,    0.1233,    0.1698,    0.1501,    0.1645,    0.1808,    0.1468,    0.2123,    0.2321,    0.1900,    0.1318,    0.0189,    0.0386,    0.1649,    0.1902,    0.3067,    0.3223,    0.3984,    0.4260,    0.4410,    0.4686,    0.4799,    0.4920,    0.4648,    0.4226,    0.3741,    0.4433,    0.6104,    0.6178,    1.0805,    1.1804,    1.2359,    1.2564,    1.2364,    1.3694,    1.3136,    1.3975,    1.2854,    1.4503,    1.3718,    1.4606,    3.1621,    3.0885,    3.2030,    3.2531,    3.2748,    3.1568,    3.2678,    3.3511,    3.4192,    3.1776,    3.1334,    3.2539,    8.2247,    7.8363,    7.7478,    7.5132,    6.9399,    6.5086,    5.7135,    5.2561,    5.0518,    4.4276,    3.4010,    3.1586,    2.4350,    2.2382,    1.7066,    1.6288,    1.0981,    0.7968,    0.6438,    0.2584,    0.2277,    0.1616,    0.0560,    0.0455
  895,    0.0500,  219.4987,    0.1967,  120.5832,  119.2045,   -0.8645,   -0.7403,  158.4330,  165.7784,  166.5677,  167.4877,  168.6969,  169.5021,  170.4641,  171.5126,  172.7978,  174.3177,  176.6798,  180.1324,  185.1682,  191.8000,  199.5452,  206.3983,  211.3710,  214.5998,  216.7753,  218.0587,  218.6998,  219.0853,  219.2388,  219.3447,  219.3147,    0.0684,    0.2585,    0.5450,    0.8990,    1.2953,    1.7128,    2.1334,    2.5486,    2.9427,    3.2891,    3.5825,    3.8456,    3.4919,    3.6318,    3.7433,    3.8260,    3.8930,    3.9403,    3.9536,    3.9326,    3.8819,    3.8054,    3.7246,    3.6278,    1.2520,    1.2371,    1.2187,    1.1894,    1.1546,    1.1155,    1.0115,    0.9996,    0.9564,    0.8379,    0.8312,    0.6851,    0.4429,    0.3796,    0.3186,    0.3075,    0.2884,    0.2472,    0.2801,    0.2822,    0.2980,    0.3324,    0.3904,    0.4501,    0.5468,    0.5846,    0.4985,    0.6048,    0.5961,    0.5837,    0.5829,    0.6190,    0.6115,    0.6140,    0.6107,    0.6028,    1.5840,    1.4866,    1.4255,    1.3435,    1.2792,    1.2113,    1.1581,    1.0979,    1.0580,    1.0000,    0.9669,    0.9142,    1.3855,    1.2872,    1.1661,    1.0535,    0.9458,    0.8619,    0.7688,    0.6935,    0.6231,    0.5595,    0.5029,    0.4500,    1.1162,    0.7951,    0.5620,    0.3821,    0.2573,    0.1774,    0.1211,    0.0825,    0.0552,    0.0361,    0.0235,    0.0165,    0.0917,    0.0481,    0.0798,    0.0911,    0.1023,    0.0951,    0.1042,    0.1152,    0.1013,    0.1394,    0.1233,    0.1323,    0.1460,    0.1190,    0.1730,    0.1922,    0.1580,    0.1852,    0.2063,    0.2236,    0.2282,    0.1547,    0.2478,    0.2616,    0.3213,    0.3435,    0.3555,    0.3780,    0.3857,    0.4042,    0.4099,    0.4639,    0.5013,    0.4796,    0.4977,    0.5072,    0.8716,    0.9518,    0.9986,    1.0318,    1.0548,    1.1429,    1.0722,    1.1337,    1.1049,    1.1601,    1.1003,    1.1794,    2.5402,    2.5054,    2.5620,    2.6100,    2.6365,    2.5321,    2.6209,    2.6878,    2.7424,    2.5500,    2.5132,    2.6098,    6.5971,    6.3073,    6.2362,    6.0475,    5.5862,    5.2391,    4.5993,    4.2312,    4.0670,    3.5647,    2.7384,    2.5434,    1.9610,    1.7691,    1.3490,    1.2877,    0.8683,    0.6302,    0.5092,    0.2044,    0.1802,    0.1280,    0.0444,    0.0361,    0.0006,    0.0021,    0.0044,    0.0071,    0.0101,    0.0132,    0.0163,    0.0252,    0.0359,    0.0308,    0.0108,    0.0019,    0.0016,    0.0013,    0.0008,    0.0007,    0.0126,    0.0324,    0.0435,    0.0449,    0.0369,    0.0219,    0.0398,    0.1144,    0.0315,    0.0484,    0.0804,    0.1635,    0.2671,    0.3753,    0.6778,    0.7022,    0.7802,    0.9214,    0.9670,    1.0851,    0.8348,    0.8279,    0.8201,    0.8106,    0.8015,    0.7926,    0.7824,    0.7726,    0.7625,    0.7517,    0.7389,    0.7182,    0.6873,    0.5837,    0.6332,    0.4431,    0.4462,    0.4374,    0.3838,    0.2451,    0.2011,    0.1436,    0.1122,    0.1009,    0.2786,    0.2865,    0.2391,    0.2404,    0.2233,    0.2255,    0.2167,    0.2075,    0.1910,    0.1859,    0.1656,    0.1537,    0.1855,    0.1223,    0.1245,    0.1141,    0.0989,    0.0693,    0.0751,    0.0674,    0.0687,    0.0637,    0.0620,    0.0570,    0.0906,    0.0579,    0.0389,    0.0402,    0.0378,    0.0254,    0.0171,    0.0115,    0.0086,    0.0073,    0.0058,    0.0025,    0.0192,    0.0000,    0.0487,    0.0918,    0.1038,    0.0949,    0.1065,    0.1239,    0.1102,    0.1518,    0.1342,    0.1529,    0.1679,    0.1363,    0.1969,    0.2150,    0.1749,    0.1146,    0.0141,    0.0310,    0.1485,    0.1764,    0.2858,    0.3001,    0.3714,    0.3971,    0.4111,    0.4368,    0.4508,    0.4615,    0.4306,    0.3916,    0.3452,    0.4120,    0.5714,    0.5795,    1.0002,    1.0926,    1.1440,    1.1610,    1.1406,    1.2648,    1.2146,    1.3139,    1.2079,    1.3657,    1.2915,    1.3745,    2.9768,    2.9053,    3.0162,    3.0434,    3.0633,    2.9532,    3.0572,    3.1351,    3.1988,    2.9728,    2.9315,    3.0442,    7.6946,    7.2056,    7.1242,    6.9084,    6.3813,    5.9846,    5.2535,    4.8328,    4.6449,    4.0709,    3.1270,    2.9041,    2.2388,    2.1294,    1.6235,    1.5495,    1.0447,    0.7581,    0.6124,    0.2458,    0.2166,    0.1538,    0.0533,    0.0433
  885,    0.1000,  219.5385,    0.1770,  123.7585,  122.1174,   -0.9856,   -0.9343,  158.4330,  175.3251,  176.1667,  177.1189,  178.3616,  179.4001,  180.6653,  182.1982,  183.8884,  185.8972,  188.5995,  192.2983,  197.3787,  203.9986,  211.2581,  217.0790,  220.7993,  222.8992,  223.8965,  223.8098,  223.0990,  222.0930,  221.3903,  220.6976,  220.4556,    0.0690,    0.2611,    0.5505,    0.9081,    1.3086,    1.7305,    2.1557,    2.5832,    2.9921,    3.3320,    3.5976,    3.8476,    3.4941,    3.6346,    3.7468,    3.8300,    3.9155,    3.9923,    4.0195,    3.9938,    3.9220,    3.8089,    3.7194,    3.6330,    1.2529,    1.2405,    1.2265,    1.2083,    1.1882,    1.1656,    1.1041,    1.1006,    1.0696,    0.9702,    0.9782,    0.8524,    0.5722,    0.5049,    0.4349,    0.4254,    0.4005,    0.3432,    0.3915,    0.3941,    0.4119,    0.4481,    0.5078,    0.5627,    0.6557,    0.6795,    0.5931,    0.6757,    0.6687,    0.6474,    0.6363,    0.6501,    0.6247,    0.6169,    0.6083,    0.5989,    1.5474,    1.4345,    1.3686,    1.2817,    1.2194,    1.1593,    1.1224,    1.0649,    1.0461,    0.9902,    0.9788,    0.9255,    1.4245,    1.3273,    1.2057,    1.0792,    0.9498,    0.8614,    0.7645,    0.6898,    0.6276,    0.5644,    0.5147,    0.4614,    1.1285,    0.7993,    0.5720,    0.3894,    0.2658,    0.1851,    0.1266,    0.0863,    0.0583,    0.0388,    0.0257,    0.0176,    0.0923,    0.0476,    0.0824,    0.0954,    0.1071,    0.0995,    0.1092,    0.1198,    0.1054,    0.1451,    0.1283,    0.1357,    0.1497,    0.1220,    0.1774,    0.1970,    0.1621,    0.1875,    0.2059,    0.2234,    0.2316,    0.1588,    0.2548,    0.2690,    0.3305,    0.3532,    0.3656,    0.3887,    0.3947,    0.4134,    0.4187,    0.4710,    0.5070,    0.4870,    0.5092,    0.5187,    0.8961,    0.9786,    1.0266,    1.0603,    1.0823,    1.1737,    1.1020,    1.1584,    1.1268,    1.1856,    1.1244,    1.2051,    2.5960,    2.5598,    2.6185,    2.6733,    2.7002,    2.5936,    2.6845,    2.7530,    2.8089,    2.6118,    2.5742,    2.6732,    6.7574,    6.4742,    6.4013,    6.2077,    5.7344,    5.3782,    4.7216,    4.3439,    4.1755,    3.6600,    2.8118,    2.6118,    2.0139,    1.7907,    1.3656,    1.3037,    0.8792,    0.6382,    0.5158,    0.2071,    0.1826,    0.1297,    0.0450,    0.0366,    0.0012,    0.0046,    0.0097,    0.0160,    0.0229,    0.0302,    0.0375,    0.0586,    0.0842,    0.0731,    0.0257,    0.0038,    0.0032,    0.0025,    0.0017,    0.0013,    0.0323,    0.0841,    0.1130,    0.1157,    0.0928,    0.0475,    0.0636,    0.1576,    0.0463,    0.0687,    0.1094,    0.2121,    0.3345,    0.4547,    0.7859,    0.8120,    0.8943,    1.0189,    1.0692,    1.1546,    0.8725,    0.8565,    0.8401,    0.8307,    0.8196,    0.8036,    0.8005,    0.7918,    0.7846,    0.7791,    0.7773,    0.7714,    0.7711,    0.6791,    0.7067,    0.5422,    0.5447,    0.5420,    0.4825,    0.3446,    0.3049,    0.2386,    0.2028,    0.1890,    0.5265,    0.5389,    0.4770,    0.4847,    0.4544,    0.4612,    0.4527,    0.4326,    0.4101,    0.3945,    0.3581,    0.3353,    0.4292,    0.3078,    0.2971,    0.2488,    0.2130,    0.1669,    0.1772,    0.1599,    0.1679,    0.1539,    0.1410,    0.1282,    0.2156,    0.1305,    0.1065,    0.1070,    0.1011,    0.0707,    0.0485,    0.0297,    0.0212,    0.0163,    0.0127,    0.0069,    0.0149,    0.0000,    0.0394,    0.0785,    0.0888,    0.0812,    0.0912,    0.1107,    0.0986,    0.1358,    0.1200,    0.1422,    0.1560,    0.1267,    0.1829,    0.1996,    0.1619,    0.1034,    0.0120,    0.0273,    0.1358,    0.1638,    0.2664,    0.2796,    0.3462,    0.3702,    0.3833,    0.4072,    0.4236,    0.4333,    0.4023,    0.3657,    0.3220,    0.3854,    0.5361,    0.5442,    0.9258,    1.0114,    1.0590,    1.0740,    1.0543,    1.1697,    1.1237,    1.2363,    1.1364,    1.2860,    1.2160,    1.2939,    2.8029,    2.7346,    2.8403,    2.8472,    2.8657,    2.7628,    2.8601,    2.9330,    2.9926,    2.7812,    2.7425,    2.8479,    7.1985,    6.6259,    6.5510,    6.3526,    5.8679,    5.5031,    4.8308,    4.4440,    4.2712,    3.7434,    2.8754,    2.6704,    2.0586,    2.0263,    1.5449,    1.4745,    0.9941,    0.7214,    0.5828,    0.2339,    0.2061,    0.1463,    0.0507,    0.0412
  906,    0.1500,  219.3985,    0.1600,  126.3015,  124.6455,   -0.8860,   -0.7699,  158.4330,  181.6049,  182.4840,  183.4772,  184.7040,  185.9006,  187.2967,  189.0054,  190.9045,  193.0997,  195.9039,  199.6849,  204.5982,  210.8979,  217.3985,  222.4358,  225.4988,  227.0146,  227.4978,  226.8982,  225.5802,  223.7971,  222.5903,  221.3581,  221.0079,    0.0696,    0.2633,    0.5553,    0.9160,    1.3200,    1.7456,    2.1746,    2.6139,    3.0370,    3.3692,    3.6037,    3.8379,    3.4851,    3.6252,    3.7372,    3.8201,    3.9255,    4.0347,    4.0768,    4.0460,    3.9511,    3.7968,    3.6961,    3.6178,    1.2471,    1.2368,    1.2265,    1.2166,    1.2070,    1.1951,    1.1619,    1.1622,    1.1391,    1.0540,    1.0692,    0.9576,    0.6563,    0.5889,    0.5161,    0.5085,    0.4805,    0.4138,    0.4712,    0.4738,    0.4916,    0.5266,    0.5849,    0.6346,    0.7254,    0.7416,    0.6553,    0.7234,    0.7172,    0.6897,    0.6733,    0.6744,    0.6375,    0.6232,    0.6113,    0.6008,    1.5339,    1.4115,    1.3424,    1.2554,    1.1940,    1.1427,    1.1200,    1.0636,    1.0608,    1.0053,    1.0086,    0.9539,    1.4827,    1.3817,    1.2580,    1.1134,    0.9621,    0.8697,    0.7713,    0.6964,    0.6439,    0.5799,    0.5339,    0.4793,    1.1517,    0.8072,    0.5902,    0.4068,    0.2845,    0.2003,    0.1375,    0.0930,    0.0634,    0.0427,    0.0288,    0.0195,    0.0927,    0.0474,    0.0841,    0.0986,    0.1108,    0.1028,    0.1129,    0.1235,    0.1087,    0.1496,    0.1323,    0.1386,    0.1530,    0.1246,    0.1812,    0.2011,    0.1655,    0.1892,    0.2056,    0.2232,    0.2342,    0.1623,    0.2610,    0.2755,    0.3384,    0.3617,    0.3744,    0.3981,    0.4028,    0.4216,    0.4261,    0.4770,    0.5119,    0.4935,    0.5194,    0.5290,    0.9173,    1.0018,    1.0508,    1.0847,    1.1060,    1.2002,    1.1276,    1.1804,    1.1463,    1.2085,    1.1460,    1.2280,    2.6457,    2.6083,    2.6690,    2.7292,    2.7564,    2.6478,    2.7407,    2.8106,    2.8677,    2.6664,    2.6281,    2.7291,    6.8988,    6.6169,    6.5425,    6.3447,    5.8610,    5.4972,    4.8262,    4.4403,    4.2684,    3.7416,    2.8746,    2.6703,    2.0593,    1.8104,    1.3808,    1.3183,    0.8892,    0.6456,    0.5218,    0.2096,    0.1848,    0.1313,    0.0456,    0.0371,    0.0019,    0.0072,    0.0153,    0.0252,    0.0364,    0.0482,    0.0601,    0.0941,    0.1355,    0.1185,    0.0419,    0.0057,    0.0047,    0.0038,    0.0025,    0.0020,    0.0544,    0.1415,    0.1901,    0.1942,    0.1545,    0.0741,    0.0839,    0.1897,    0.0574,    0.0833,    0.1294,    0.2432,    0.3764,    0.5027,    0.8484,    0.8750,    0.9591,    1.0737,    1.1262,    1.1930,    0.8936,    0.8725,    0.8507,    0.8414,    0.8290,    0.8077,    0.8099,    0.8020,    0.7967,    0.7944,    0.7989,    0.8007,    0.8179,    0.7364,    0.7504,    0.6089,    0.6104,    0.6115,    0.5516,    0.4223,    0.3885,    0.3208,    0.2842,    0.2694,    0.7505,    0.7634,    0.6926,    0.7035,    0.6630,    0.6731,    0.6668,    0.6368,    0.6123,    0.5868,    0.5403,    0.5082,    0.6713,    0.5014,    0.4755,    0.3871,    0.3287,    0.2697,    0.2829,    0.2559,    0.2708,    0.2474,    0.2235,    0.2026,    0.3519,    0.2093,    0.1835,    0.1805,    0.1685,    0.1197,    0.0828,    0.0501,    0.0352,    0.0260,    0.0200,    0.0120,    0.0118,    0.0000,    0.0319,    0.0671,    0.0760,    0.0695,    0.0780,    0.0990,    0.0881,    0.1214,    0.1073,    0.1321,    0.1450,    0.1177,    0.1699,    0.1854,    0.1502,    0.0946,    0.0107,    0.0246,    0.1250,    0.1522,    0.2483,    0.2605,    0.3227,    0.3451,    0.3573,    0.3796,    0.3980,    0.4070,    0.3769,    0.3426,    0.3014,    0.3612,    0.5034,    0.5111,    0.8570,    0.9362,    0.9803,    0.9938,    0.9752,    1.0822,    1.0399,    1.1637,    1.0696,    1.2110,    1.1450,    1.2183,    2.6393,    2.5745,    2.6746,    2.6636,    2.6808,    2.5846,    2.6757,    2.7439,    2.7996,    2.6018,    2.5657,    2.6643,    6.7344,    6.0930,    6.0242,    5.8417,    5.3960,    5.0605,    4.4423,    4.0866,    3.9277,    3.4423,    2.6442,    2.4556,    1.8931,    1.9284,    1.4703,    1.4033,    0.9461,    0.6865,    0.5546,    0.2226,    0.1962,    0.1393,    0.0483,    0.0392
  895,    0.2000,  219.1965,    0.1451,  128.6916,  126.8419,   -0.9814,   -0.8848,  158.4330,  186.3185,  187.2091,  188.2009,  189.4899,  190.6933,  192.2014,  194.0865,  196.0033,  198.2983,  201.1924,  204.8014,  209.5987,  215.3988,  221.3965,  225.7970,  228.3468,  229.4975,  229.6961,  228.7982,  227.1323,  224.9563,  223.3805,  221.8089,  221.3131,    0.0703,    0.2656,    0.5601,    0.9241,    1.3316,    1.7610,    2.1938,    2.6450,    3.0825,    3.4073,    3.6103,    3.8282,    3.4761,    3.6158,    3.7276,    3.8101,    3.9366,    4.0793,    4.1367,    4.1010,    3.9827,    3.7856,    3.6726,    3.6005,    1.2408,    1.2322,    1.2249,    1.2212,    1.2193,    1.2147,    1.2018,    1.2040,    1.1866,    1.1130,    1.1323,    1.0319,    0.7170,    0.6510,    0.5777,    0.5716,    0.5418,    0.4695,    0.5323,    0.5346,    0.5517,    0.5850,    0.6409,    0.6858,    0.7746,    0.7863,    0.7003,    0.7587,    0.7527,    0.7204,    0.7011,    0.6949,    0.6502,    0.6320,    0.6182,    0.6071,    1.5377,    1.4093,    1.3383,    1.2530,    1.1918,    1.1484,    1.1368,    1.0804,    1.0889,    1.0331,    1.0460,    0.9899,    1.5483,    1.4428,    1.3158,    1.1535,    0.9820,    0.8862,    0.7871,    0.7113,    0.6674,    0.6019,    0.5578,    0.5013,    1.1857,    0.8220,    0.6151,    0.4302,    0.3071,    0.2180,    0.1504,    0.1012,    0.0693,    0.0470,    0.0322,    0.0218,    0.0929,    0.0471,    0.0853,    0.1010,    0.1135,    0.1053,    0.1157,    0.1265,    0.1114,    0.1534,    0.1356,    0.1412,    0.1559,    0.1269,    0.1845,    0.2047,    0.1685,    0.1906,    0.2053,    0.2230,    0.2364,    0.1653,    0.2663,    0.2811,    0.3455,    0.3692,    0.3822,    0.4063,    0.4099,    0.4289,    0.4327,    0.4824,    0.5162,    0.4991,    0.5283,    0.5381,    0.9356,    1.0218,    1.0718,    1.1059,    1.1264,    1.2231,    1.1498,    1.1999,    1.1637,    1.2289,    1.1653,    1.2485,    2.6902,    2.6516,    2.7141,    2.7786,    2.8059,    2.6957,    2.7902,    2.8614,    2.9196,    2.7147,    2.6756,    2.7785,    7.0237,    6.7388,    6.6632,    6.4619,    5.9694,    5.5990,    4.9156,    4.5228,    4.3478,    3.8114,    2.9284,    2.7205,    2.0981,    1.8284,    1.3947,    1.3317,    0.8983,    0.6523,    0.5274,    0.2118,    0.1869,    0.1328,    0.0461,    0.0375,    0.0026,    0.0099,    0.0209,    0.0346,    0.0500,    0.0664,    0.0831,    0.1300,    0.1873,    0.1648,    0.0586,    0.0076,    0.0063,    0.0050,    0.0034,    0.0026,    0.0775,    0.2011,    0.2697,    0.2752,    0.2184,    0.1008,    0.1023,    0.2158,    0.0665,    0.0947,    0.1443,    0.2653,    0.4054,    0.5352,    0.8894,    0.9162,    1.0012,    1.1093,    1.1630,    1.2176,    0.9072,    0.8826,    0.8569,    0.8478,    0.8343,    0.8094,    0.8154,    0.8080,    0.8040,    0.8040,    0.8128,    0.8195,    0.8482,    0.7759,    0.7800,    0.6588,    0.6593,    0.6627,    0.6047,    0.4863,    0.4580,    0.3921,    0.3564,    0.3412,    0.9490,    0.9595,    0.8831,    0.8942,    0.8457,    0.8572,    0.8525,    0.8139,    0.7885,    0.7543,    0.7016,    0.6619,    0.8931,    0.6859,    0.6446,    0.5195,    0.4394,    0.3703,    0.3845,    0.3484,    0.3687,    0.3363,    0.3025,    0.2740,    0.4879,    0.2890,    0.2618,    0.2525,    0.2314,    0.1657,    0.1152,    0.0699,    0.0489,    0.0354,    0.0269,    0.0170,    0.0094,    0.0000,    0.0259,    0.0574,    0.0651,    0.0594,    0.0668,    0.0885,    0.0788,    0.1086,    0.0959,    0.1228,    0.1347,    0.1094,    0.1579,    0.1723,    0.1394,    0.0870,    0.0097,    0.0224,    0.1154,    0.1415,    0.2315,    0.2428,    0.3008,    0.3217,    0.3331,    0.3539,    0.3740,    0.3824,    0.3534,    0.3212,    0.2825,    0.3389,    0.4728,    0.4802,    0.7933,    0.8666,    0.9074,    0.9197,    0.9022,    1.0014,    0.9625,    1.0955,    1.0068,    1.1403,    1.0782,    1.1471,    2.4852,    2.4239,    2.5185,    2.4918,    2.5079,    2.4180,    2.5031,    2.5670,    2.6191,    2.4341,    2.4002,    2.4925,    6.3001,    5.6033,    5.5400,    5.3722,    4.9623,    4.6538,    4.0853,    3.7581,    3.6120,    3.1657,    2.4316,    2.2583,    1.7409,    1.8353,    1.3994,    1.3356,    0.9005,    0.6534,    0.5279,    0.2119,    0.1867,    0.1326,    0.0460,    0.0374
  994,    0.3000,  218.2976,    0.1210,  132.3666,  130.4126,   -0.9239,   -0.7709,  158.4330,  193.0564,  193.9896,  195.0101,  196.2959,  197.5986,  199.2028,  201.1955,  203.1998,  205.5963,  208.3122,  211.6993,  216.0811,  221.1987,  226.1984,  229.7977,  231.6113,  232.2694,  231.9974,  230.7633,  228.7221,  225.9896,  224.0351,  221.9358,  221.2057,    0.0713,    0.2696,    0.5684,    0.9375,    1.3508,    1.7862,    2.2248,    2.6976,    3.1610,    3.4697,    3.6076,    3.7894,    3.4395,    3.5770,    3.6867,    3.7669,    3.9363,    4.1459,    4.2331,    4.1872,    4.0221,    3.7364,    3.5963,    3.5340,    1.2172,    1.2116,    1.2092,    1.2151,    1.2253,    1.2316,    1.2501,    1.2539,    1.2453,    1.1928,    1.2162,    1.1351,    0.8029,    0.7403,    0.6686,    0.6647,    0.6332,    0.5547,    0.6234,    0.6250,    0.6403,    0.6698,    0.7209,    0.7573,    0.8423,    0.8482,    0.7634,    0.8079,    0.8020,    0.7623,    0.7405,    0.7261,    0.6717,    0.6497,    0.6340,    0.6223,    1.5636,    1.4295,    1.3568,    1.2763,    1.2149,    1.1838,    1.1869,    1.1296,    1.1514,    1.0939,    1.1176,    1.0590,    1.6669,    1.5533,    1.4198,    1.2275,    1.0229,    0.9223,    0.8238,    0.7457,    0.7159,    0.6471,    0.6038,    0.5438,    1.2546,    0.8517,    0.6651,    0.4774,    0.3497,    0.2508,    0.1741,    0.1169,    0.0807,    0.0552,    0.0383,    0.0261,    0.0930,    0.0468,    0.0865,    0.1042,    0.1170,    0.1085,    0.1194,    0.1310,    0.1154,    0.1588,    0.1404,    0.1455,    0.1605,    0.1307,    0.1899,    0.2106,    0.1733,    0.1926,    0.2048,    0.2227,    0.2399,    0.1703,    0.2752,    0.2904,    0.3570,    0.3816,    0.3950,    0.4199,    0.4219,    0.4410,    0.4436,    0.4912,    0.5233,    0.5085,    0.5433,    0.5534,    0.9653,    1.0542,    1.1056,    1.1400,    1.1592,    1.2599,    1.1856,    1.2330,    1.1931,    1.2634,    1.1980,    1.2832,    2.7654,    2.7247,    2.7904,    2.8605,    2.8883,    2.7753,    2.8726,    2.9459,    3.0058,    2.7948,    2.7547,    2.8606,    7.2313,    6.9322,    6.8546,    6.6477,    6.1412,    5.7604,    5.0576,    4.6537,    4.4739,    3.9223,    3.0139,    2.8002,    2.1599,    1.8600,    1.4190,    1.3553,    0.9144,    0.6642,    0.5371,    0.2158,    0.1905,    0.1354,    0.0470,    0.0383,    0.0040,    0.0152,    0.0322,    0.0534,    0.0775,    0.1032,    0.1295,    0.2023,    0.2908,    0.2583,    0.0931,    0.0113,    0.0093,    0.0074,    0.0050,    0.0039,    0.1257,    0.3234,    0.4316,    0.4402,    0.3490,    0.1539,    0.1344,    0.2564,    0.0807,    0.1115,    0.1650,    0.2940,    0.4415,    0.5745,    0.9361,    0.9631,    1.0483,    1.1477,    1.2021,    1.2400,    0.9178,    0.8887,    0.8580,    0.8492,    0.8344,    0.8039,    0.8156,    0.8090,    0.8069,    0.8099,    0.8240,    0.8368,    0.8806,    0.8242,    0.8140,    0.7285,    0.7270,    0.7317,    0.6802,    0.5847,    0.5649,    0.5068,    0.4747,    0.4598,    1.2710,    1.2710,    1.1886,    1.1940,    1.1339,    1.1426,    1.1381,    1.0863,    1.0606,    1.0125,    0.9556,    0.9048,    1.2595,    1.0078,    0.9384,    0.7553,    0.6366,    0.5529,    0.5641,    0.5122,    0.5375,    0.4895,    0.4402,    0.3987,    0.7403,    0.4399,    0.4083,    0.3790,    0.3335,    0.2403,    0.1683,    0.1043,    0.0727,    0.0515,    0.0385,    0.0255,    0.0061,    0.0000,    0.0170,    0.0421,    0.0476,    0.0435,    0.0489,    0.0708,    0.0630,    0.0868,    0.0767,    0.1061,    0.1164,    0.0945,    0.1363,    0.1487,    0.1202,    0.0743,    0.0081,    0.0189,    0.0990,    0.1222,    0.2011,    0.2110,    0.2614,    0.2796,    0.2895,    0.3075,    0.3303,    0.3376,    0.3114,    0.2830,    0.2488,    0.2988,    0.4173,    0.4240,    0.6798,    0.7425,    0.7775,    0.7878,    0.7726,    0.8578,    0.8245,    0.9711,    0.8924,    1.0112,    0.9560,    1.0171,    2.2036,    2.1489,    2.2332,    2.1809,    2.1949,    2.1162,    2.1907,    2.2466,    2.2922,    2.1303,    2.1007,    2.1814,    5.5139,    4.7397,    4.6862,    4.5442,    4.1975,    3.9366,    3.4557,    3.1790,    3.0554,    2.6779,    2.0569,    1.9103,    1.4727,    1.6629,    1.2679,    1.2102,    0.8159,    0.5921,    0.4784,    0.1920,    0.1692,    0.1201,    0.0416,    0.0339
 1078,    0.4000,  217.0974,    0.1028,  135.1958,  133.1178,   -0.9122,   -0.7877,  158.4330,  197.9305,  198.8933,  199.9418,  201.1962,  202.5403,  204.1977,  206.1994,  208.2293,  210.4997,  213.1850,  216.2989,  220.2944,  224.8595,  229.2936,  232.1995,  233.5265,  233.6980,  232.9990,  231.4912,  229.2961,  226.2731,  224.0008,  221.4729,  220.6604,    0.0722,    0.2730,    0.5755,    0.9491,    1.3673,    1.8076,    2.2510,    2.7434,    3.2301,    3.5229,    3.5957,    3.7392,    3.3921,    3.5262,    3.6330,    3.7101,    3.9231,    4.1987,    4.3138,    4.2580,    4.0477,    3.6729,    3.5037,    3.4491,    1.1873,    1.1841,    1.1857,    1.1992,    1.2187,    1.2332,    1.2764,    1.2805,    1.2789,    1.2453,    1.2709,    1.2060,    0.8628,    0.8034,    0.7341,    0.7315,    0.6994,    0.6186,    0.6893,    0.6904,    0.7038,    0.7302,    0.7773,    0.8069,    0.8885,    0.8908,    0.8072,    0.8424,    0.8362,    0.7910,    0.7688,    0.7506,    0.6910,    0.6679,    0.6517,    0.6398,    1.6036,    1.4674,    1.3940,    1.3174,    1.2553,    1.2312,    1.2419,    1.1831,    1.2112,    1.1518,    1.1806,    1.1199,    1.7682,    1.6493,    1.5097,    1.2953,    1.0661,    0.9619,    0.8644,    0.7836,    0.7629,    0.6907,    0.6465,    0.5833,    1.3253,    0.8850,    0.7146,    0.5218,    0.3858,    0.2779,    0.1939,    0.1308,    0.0907,    0.0623,    0.0434,    0.0297,    0.0929,    0.0466,    0.0871,    0.1059,    0.1190,    0.1103,    0.1214,    0.1339,    0.1180,    0.1624,    0.1436,    0.1487,    0.1640,    0.1336,    0.1940,    0.2150,    0.1770,    0.1941,    0.2044,    0.2224,    0.2425,    0.1740,    0.2820,    0.2975,    0.3659,    0.3911,    0.4048,    0.4303,    0.4314,    0.4507,    0.4521,    0.4981,    0.5288,    0.5158,    0.5552,    0.5655,    0.9874,    1.0784,    1.1310,    1.1655,    1.1838,    1.2875,    1.2124,    1.2594,    1.2165,    1.2910,    1.2240,    1.3109,    2.8254,    2.7831,    2.8514,    2.9244,    2.9525,    2.8373,    2.9368,    3.0118,    3.0730,    2.8572,    2.8163,    2.9246,    7.3930,    7.0736,    6.9944,    6.7835,    6.2669,    5.8784,    5.1615,    4.7495,    4.5663,    4.0035,    3.0766,    2.8587,    2.2053,    1.8864,    1.4394,    1.3750,    0.9279,    0.6741,    0.5453,    0.2192,    0.1935,    0.1376,    0.0478,    0.0390,    0.0054,    0.0204,    0.0433,    0.0721,    0.1048,    0.1398,    0.1758,    0.2738,    0.3922,    0.3512,    0.1282,    0.0149,    0.0123,    0.0098,    0.0066,    0.0051,    0.1753,    0.4466,    0.5929,    0.6046,    0.4800,    0.2061,    0.1622,    0.2880,    0.0918,    0.1237,    0.1790,    0.3117,    0.4621,    0.5960,    0.9585,    0.9856,    1.0699,    1.1633,    1.2173,    1.2429,    0.9156,    0.8834,    0.8493,    0.8407,    0.8249,    0.7907,    0.8063,    0.8003,    0.7996,    0.8047,    0.8225,    0.8393,    0.8932,    0.8505,    0.8293,    0.7739,    0.7707,    0.7745,    0.7300,    0.6557,    0.6408,    0.5920,    0.5641,    0.5497,    1.5091,    1.4943,    1.4096,    1.4042,    1.3368,    1.3376,    1.3293,    1.2685,    1.2423,    1.1849,    1.1301,    1.0721,    1.5278,    1.2619,    1.1693,    0.9486,    0.7994,    0.7058,    0.7087,    0.6443,    0.6677,    0.6076,    0.5481,    0.4965,    0.9564,    0.5739,    0.5336,    0.4772,    0.4032,    0.2911,    0.2045,    0.1299,    0.0906,    0.0634,    0.0465,    0.0316,    0.0040,    0.0000,    0.0112,    0.0308,    0.0349,    0.0319,    0.0358,    0.0566,    0.0504,    0.0694,    0.0613,    0.0917,    0.1006,    0.0817,    0.1178,    0.1285,    0.1038,    0.0638,    0.0069,    0.0162,    0.0852,    0.1056,    0.1748,    0.1833,    0.2272,    0.2430,    0.2516,    0.2673,    0.2917,    0.2981,    0.2746,    0.2496,    0.2193,    0.2636,    0.3684,    0.3743,    0.5825,    0.6363,    0.6663,    0.6750,    0.6619,    0.7349,    0.7065,    0.8610,    0.7912,    0.8966,    0.8477,    0.9018,    1.9540,    1.9053,    1.9803,    1.9088,    1.9210,    1.8522,    1.9174,    1.9663,    2.0063,    1.8645,    1.8386,    1.9093,    4.8260,    4.0105,    3.9652,    3.8452,    3.5518,    3.3310,    2.9241,    2.6900,    2.5855,    2.2660,    1.7406,    1.6165,    1.2462,    1.5071,    1.1492,    1.0969,    0.7396,    0.5367,    0.4336,    0.1741,    0.1534,    0.1089,    0.0378,    0.0307
 1139,    0.5000,  215.6873,    0.0889,  137.4274,  135.1720,   -0.9773,   -0.9165,  158.4330,  201.6686,  202.6163,  203.6848,  204.9952,  206.2983,  207.9962,  209.9976,  212.0014,  214.1921,  216.7005,  219.5991,  223.2979,  227.4960,  231.3989,  233.9005,  234.8005,  234.4921,  233.3686,  231.4966,  229.1168,  225.9179,  223.4909,  220.7210,  219.7625,    0.0731,    0.2761,    0.5819,    0.9595,    1.3818,    1.8262,    2.2736,    2.7839,    3.2919,    3.5692,    3.5777,    3.6816,    3.3376,    3.4677,    3.5710,    3.6444,    3.9015,    4.2415,    4.3829,    4.3175,    4.0643,    3.6009,    3.4015,    3.3534,    1.1536,    1.1526,    1.1576,    1.1776,    1.2051,    1.2265,    1.2910,    1.2949,    1.2995,    1.2834,    1.3107,    1.2601,    0.9086,    0.8520,    0.7850,    0.7833,    0.7510,    0.6690,    0.7406,    0.7412,    0.7530,    0.7771,    0.8209,    0.8450,    0.9238,    0.9235,    0.8409,    0.8693,    0.8628,    0.8134,    0.7915,    0.7716,    0.7090,    0.6860,    0.6698,    0.6580,    1.6489,    1.5110,    1.4375,    1.3628,    1.2999,    1.2790,    1.2932,    1.2328,    1.2639,    1.2027,    1.2344,    1.1719,    1.8543,    1.7323,    1.5875,    1.3572,    1.1096,    1.0026,    0.9055,    0.8220,    0.8063,    0.7308,    0.6852,    0.6189,    1.3954,    0.9211,    0.7620,    0.5619,    0.4158,    0.3003,    0.2102,    0.1428,    0.0994,    0.0684,    0.0476,    0.0328,    0.0928,    0.0464,    0.0873,    0.1069,    0.1201,    0.1113,    0.1225,    0.1358,    0.1197,    0.1648,    0.1457,    0.1511,    0.1667,    0.1357,    0.1972,    0.2184,    0.1798,    0.1952,    0.2040,    0.2220,    0.2443,    0.1769,    0.2873,    0.3030,    0.3727,    0.3984,    0.4124,    0.4384,    0.4389,    0.4583,    0.4589,    0.5035,    0.5331,    0.5216,    0.5646,    0.5750,    1.0041,    1.0966,    1.1500,    1.1846,    1.2021,    1.3081,    1.2324,    1.2804,    1.2352,    1.3131,    1.2448,    1.3329,    2.8733,    2.8296,    2.9000,    2.9742,    3.0025,    2.8856,    2.9869,    3.0631,    3.1253,    2.9058,    2.8643,    2.9744,    7.5191,    7.1769,    7.0967,    6.8828,    6.3588,    5.9648,    5.2375,    4.8196,    4.6340,    4.0631,    3.1225,    2.9016,    2.2386,    1.9085,    1.4564,    1.3915,    0.9392,    0.6825,    0.5522,    0.2220,    0.1961,    0.1395,    0.0485,    0.0395,    0.0067,    0.0255,    0.0543,    0.0905,    0.1317,    0.1760,    0.2217,    0.3440,    0.4910,    0.4427,    0.1638,    0.0183,    0.0151,    0.0120,    0.0081,    0.0063,    0.2258,    0.5691,    0.7517,    0.7663,    0.6100,    0.2571,    0.1869,    0.3138,    0.1008,    0.1331,    0.1889,    0.3230,    0.4739,    0.6073,    0.9673,    0.9946,    1.0775,    1.1661,    1.2190,    1.2344,    0.9058,    0.8714,    0.8347,    0.8262,    0.8098,    0.7730,    0.7914,    0.7859,    0.7862,    0.7931,    0.8135,    0.8333,    0.8945,    0.8637,    0.8333,    0.8036,    0.7989,    0.8004,    0.7625,    0.7067,    0.6941,    0.6539,    0.6300,    0.6164,    1.6798,    1.6488,    1.5637,    1.5451,    1.4731,    1.4634,    1.4491,    1.3826,    1.3557,    1.2921,    1.2426,    1.1801,    1.7141,    1.4539,    1.3432,    1.1016,    0.9293,    0.8291,    0.8203,    0.7462,    0.7626,    0.6936,    0.6282,    0.5692,    1.1337,    0.6886,    0.6356,    0.5482,    0.4457,    0.3217,    0.2263,    0.1473,    0.1026,    0.0714,    0.0515,    0.0354,    0.0026,    0.0000,    0.0074,    0.0226,    0.0256,    0.0234,    0.0262,    0.0452,    0.0403,    0.0555,    0.0490,    0.0792,    0.0869,    0.0706,    0.1018,    0.1110,    0.0897,    0.0550,    0.0059,    0.0139,    0.0735,    0.0913,    0.1519,    0.1593,    0.1974,    0.2112,    0.2186,    0.2323,    0.2576,    0.2632,    0.2423,    0.2203,    0.1936,    0.2327,    0.3253,    0.3306,    0.4992,    0.5453,    0.5710,    0.5784,    0.5671,    0.6298,    0.6054,    0.7634,    0.7015,    0.7951,    0.7517,    0.7997,    1.7328,    1.6895,    1.7561,    1.6708,    1.6815,    1.6212,    1.6783,    1.7212,    1.7561,    1.6320,    1.6093,    1.6712,    4.2242,    3.3949,    3.3566,    3.2550,    3.0066,    2.8197,    2.4753,    2.2771,    2.1887,    1.9182,    1.4735,    1.3685,    1.0550,    1.3664,    1.0419,    0.9945,    0.6706,    0.4867,    0.3932,    0.1578,    0.1391,    0.0988,    0.0342,    0.0278
 1403,    0.7500,  211.2978,    0.0670,  140.8415,  138.4130,   -0.9272,   -0.7672,  158.4330,  208.3941,  209.3923,  210.4777,  211.6779,  212.9883,  214.6811,  216.5085,  218.4030,  220.4005,  222.5958,  225.1934,  228.2997,  231.8958,  235.0019,  236.7006,  236.4943,  234.8979,  232.5987,  229.7984,  226.9932,  223.4950,  220.7835,  217.6038,  216.4475,    0.0748,    0.2823,    0.5945,    0.9793,    1.4091,    1.8605,    2.3140,    2.8620,    3.4136,    3.6539,    3.5056,    3.5047,    3.1701,    3.2877,    3.3796,    3.4416,    3.8105,    4.3037,    4.5032,    4.4162,    4.0650,    3.3857,    3.1075,    3.0732,    1.0551,    1.0588,    1.0710,    1.1053,    1.1499,    1.1860,    1.2977,    1.3003,    1.3188,    1.3444,    1.3754,    1.3567,    0.9907,    0.9388,    0.8769,    0.8763,    0.8441,    0.7619,    0.8332,    0.8331,    0.8419,    0.8618,    0.8998,    0.9136,    0.9872,    0.9825,    0.9015,    0.9189,    0.9116,    0.8548,    0.8347,    0.8142,    0.7477,    0.7267,    0.7114,    0.6997,    1.7566,    1.6137,    1.5403,    1.4642,    1.3993,    1.3785,    1.3940,    1.3305,    1.3644,    1.2996,    1.3360,    1.2702,    2.0185,    1.8955,    1.7401,    1.4871,    1.2107,    1.0981,    0.9990,    0.9090,    0.8957,    0.8134,    0.7643,    0.6919,    1.5564,    1.0136,    0.8663,    0.6432,    0.4716,    0.3418,    0.2405,    0.1663,    0.1163,    0.0804,    0.0559,    0.0387,    0.0924,    0.0460,    0.0874,    0.1078,    0.1212,    0.1123,    0.1236,    0.1382,    0.1219,    0.1678,    0.1483,    0.1550,    0.1709,    0.1392,    0.2021,    0.2237,    0.1841,    0.1968,    0.2032,    0.2213,    0.2471,    0.1814,    0.2957,    0.3118,    0.3836,    0.4101,    0.4245,    0.4513,    0.4516,    0.4711,    0.4701,    0.5125,    0.5401,    0.5312,    0.5804,    0.5911,    1.0296,    1.1244,    1.1791,    1.2138,    1.2302,    1.3397,    1.2631,    1.3162,    1.2671,    1.3506,    1.2802,    1.3705,    2.9549,    2.9089,    2.9829,    3.0557,    3.0844,    2.9647,    3.0688,    3.1471,    3.2111,    2.9855,    2.9429,    3.0561,    7.7255,    7.3296,    7.2479,    7.0297,    6.4947,    6.0927,    5.3501,    4.9237,    4.7344,    4.1516,    3.1910,    2.9656,    2.2884,    1.9492,    1.4879,    1.4220,    0.9602,    0.6980,    0.5651,    0.2273,    0.2009,    0.1430,    0.0498,    0.0406,    0.0100,    0.0380,    0.0811,    0.1354,    0.1976,    0.2647,    0.3341,    0.5137,    0.7266,    0.6654,    0.2539,    0.0262,    0.0215,    0.0171,    0.0115,    0.0089,    0.3546,    0.8706,    1.1348,    1.1557,    0.9265,    0.3785,    0.2359,    0.3597,    0.1168,    0.1483,    0.2028,    0.3351,    0.4821,    0.6112,    0.9570,    0.9847,    1.0626,    1.1419,    1.1903,    1.1836,    0.8605,    0.8224,    0.7821,    0.7737,    0.7563,    0.7153,    0.7387,    0.7340,    0.7362,    0.7460,    0.7707,    0.7959,    0.8697,    0.8630,    0.8142,    0.8329,    0.8254,    0.8185,    0.7934,    0.7722,    0.7580,    0.7345,    0.7184,    0.7064,    1.8916,    1.8216,    1.7389,    1.6878,    1.6113,    1.5752,    1.5452,    1.4732,    1.4453,    1.3757,    1.3429,    1.2765,    1.9221,    1.7180,    1.5803,    1.3346,    1.1304,    1.0226,    0.9778,    0.8898,    0.8786,    0.7982,    0.7305,    0.6615,    1.4190,    0.8910,    0.7939,    0.6289,    0.4697,    0.3375,    0.2374,    0.1626,    0.1132,    0.0779,    0.0541,    0.0378,    0.0009,    0.0000,    0.0026,    0.0104,    0.0117,    0.0107,    0.0121,    0.0259,    0.0230,    0.0317,    0.0280,    0.0550,    0.0604,    0.0490,    0.0707,    0.0771,    0.0623,    0.0381,    0.0041,    0.0097,    0.0510,    0.0634,    0.1070,    0.1122,    0.1390,    0.1487,    0.1539,    0.1635,    0.1889,    0.1930,    0.1775,    0.1614,    0.1419,    0.1706,    0.2384,    0.2424,    0.3396,    0.3710,    0.3885,    0.3935,    0.3857,    0.4284,    0.4119,    0.5655,    0.5197,    0.5890,    0.5569,    0.5924,    1.2837,    1.2515,    1.3010,    1.1982,    1.2059,    1.1627,    1.2037,    1.2344,    1.2594,    1.1705,    1.1542,    1.1985,    3.0295,    2.2427,    2.2174,    2.1503,    1.9862,    1.8628,    1.6353,    1.5044,    1.4460,    1.2674,    0.9736,    0.9042,    0.6971,    1.0710,    0.8167,    0.7797,    0.5258,    0.3816,    0.3084,    0.1238,    0.1091,    0.0775,    0.0269,    0.0219
 1592,    1.0000,  206.5975,    0.0558,  142.7346,  140.0714,   -0.9870,   -0.8618,  158.4330,  213.0139,  213.9887,  215.0874,  216.2095,  217.5191,  219.1056,  220.8038,  222.5962,  224.3950,  226.3935,  228.7082,  231.6060,  234.7895,  237.4003,  238.3302,  237.0581,  234.2952,  230.6993,  226.9958,  223.6935,  219.9899,  217.1876,  213.6724,  212.5607,    0.0762,    0.2875,    0.6049,    0.9955,    1.4310,    1.8876,    2.3453,    2.9245,    3.5108,    3.7195,    3.4267,    3.3197,    2.9950,    3.0996,    3.1796,    3.2300,    3.7117,    4.3452,    4.5929,    4.4884,    4.0553,    3.1746,    2.8164,    2.7932,    0.9570,    0.9643,    0.9823,    1.0280,    1.0862,    1.1340,    1.2850,    1.2858,    1.3161,    1.3806,    1.4146,    1.4239,    1.0479,    0.9994,    0.9413,    0.9411,    0.9094,    0.8281,    0.8981,    0.8975,    0.9042,    0.9214,    0.9557,    0.9620,    1.0321,    1.0249,    0.9446,    0.9559,    0.9480,    0.8861,    0.8678,    0.8484,    0.7795,    0.7607,    0.7462,    0.7348,    1.8460,    1.6962,    1.6227,    1.5417,    1.4752,    1.4511,    1.4657,    1.3999,    1.4352,    1.3681,    1.4082,    1.3401,    2.1376,    2.0188,    1.8555,    1.5926,    1.3001,    1.1830,    1.0773,    0.9818,    0.9641,    0.8767,    0.8253,    0.7482,    1.6986,    1.1075,    0.9543,    0.7050,    0.5120,    0.3720,    0.2626,    0.1839,    0.1291,    0.0896,    0.0621,    0.0431,    0.0921,    0.0457,    0.0873,    0.1080,    0.1214,    0.1125,    0.1239,    0.1391,    0.1226,    0.1688,    0.1493,    0.1569,    0.1730,    0.1409,    0.2045,    0.2263,    0.1863,    0.1974,    0.2025,    0.2206,    0.2483,    0.1837,    0.3001,    0.3164,    0.3893,    0.4162,    0.4308,    0.4579,    0.4587,    0.4783,    0.4764,    0.5174,    0.5438,    0.5365,    0.5892,    0.6001,    1.0419,    1.1380,    1.1932,    1.2280,    1.2438,    1.3551,    1.2780,    1.3365,    1.2851,    1.3720,    1.3004,    1.3919,    3.0014,    2.9540,    3.0302,    3.0993,    3.1283,    3.0071,    3.1127,    3.1921,    3.2570,    3.0282,    2.9850,    3.0998,    7.8362,    7.3996,    7.3173,    7.0972,    6.5573,    6.1516,    5.4021,    4.9718,    4.7810,    4.1928,    3.2229,    2.9955,    2.3118,    1.9753,    1.5082,    1.4417,    0.9738,    0.7082,    0.5735,    0.2308,    0.2041,    0.1454,    0.0506,    0.0413,    0.0130,    0.0499,    0.1066,    0.1782,    0.2604,    0.3494,    0.4417,    0.6729,    0.9433,    0.8752,    0.3440,    0.0331,    0.0271,    0.0215,    0.0144,    0.0112,    0.4835,    1.1568,    1.4889,    1.5143,    1.2227,    0.4907,    0.2714,    0.3884,    0.1270,    0.1565,    0.2081,    0.3354,    0.4751,    0.5978,    0.9247,    0.9524,    1.0245,    1.0967,    1.1393,    1.1132,    0.8019,    0.7619,    0.7203,    0.7118,    0.6943,    0.6520,    0.6774,    0.6732,    0.6765,    0.6881,    0.7151,    0.7439,    0.8251,    0.8355,    0.7731,    0.8225,    0.8133,    0.7976,    0.7808,    0.7806,    0.7606,    0.7471,    0.7357,    0.7250,    1.9117,    1.8130,    1.7344,    1.6594,    1.5839,    1.5287,    1.4878,    1.4168,    1.3886,    1.3198,    1.3002,    1.2352,    1.9054,    1.7696,    1.6230,    1.4087,    1.1990,    1.0911,    1.0121,    0.9204,    0.8805,    0.7986,    0.7373,    0.6669,    1.5239,    0.9900,    0.8430,    0.6179,    0.4303,    0.3070,    0.2149,    0.1531,    0.1062,    0.0725,    0.0487,    0.0341,    0.0003,    0.0000,    0.0009,    0.0048,    0.0054,    0.0049,    0.0055,    0.0148,    0.0132,    0.0181,    0.0160,    0.0383,    0.0420,    0.0341,    0.0491,    0.0536,    0.0433,    0.0266,    0.0029,    0.0068,    0.0356,    0.0441,    0.0753,    0.0790,    0.0979,    0.1047,    0.1084,    0.1152,    0.1386,    0.1415,    0.1302,    0.1185,    0.1042,    0.1252,    0.1749,    0.1778,    0.2313,    0.2527,    0.2646,    0.2680,    0.2627,    0.2917,    0.2805,    0.4192,    0.3853,    0.4367,    0.4129,    0.4392,    0.9516,    0.9278,    0.9645,    0.8601,    0.8656,    0.8346,    0.8640,    0.8861,    0.9040,    0.8402,    0.8285,    0.8603,    2.1747,    1.4862,    1.4694,    1.4250,    1.3163,    1.2345,    1.0838,    0.9970,    0.9584,    0.8400,    0.6453,    0.5993,    0.4621,    0.8413,    0.6416,    0.6126,    0.4131,    0.2999,    0.2424,    0.0973,    0.0858,    0.0609,    0.0211,    0.0172
 1776,    1.2500,  201.8980,    0.0500,  143.7208,  140.9319,   -0.9750,   -0.9011,  158.4330,  216.4538,  217.4203,  218.4846,  219.4993,  220.7878,  222.2919,  223.9094,  225.5076,  227.2122,  229.0934,  231.3057,  233.9976,  236.8995,  239.1949,  239.3043,  236.9571,  232.9883,  228.2008,  223.5939,  219.7891,  216.0602,  213.1127,  209.4954,  208.3020,    0.0774,    0.2920,    0.6139,    1.0094,    1.4496,    1.9104,    2.3714,    2.9764,    3.5903,    3.7732,    3.3497,    3.1380,    2.8235,    2.9155,    2.9841,    3.0235,    3.6172,    4.3765,    4.6637,    4.5457,    4.0457,    2.9817,    2.5443,    2.5303,    0.8650,    0.8752,    0.8978,    0.9526,    1.0216,    1.0790,    1.2627,    1.2615,    1.3019,    1.4032,    1.4393,    1.4741,    1.0910,    1.0451,    0.9900,    0.9901,    0.9586,    0.8783,    0.9472,    0.9462,    0.9514,    0.9669,    0.9984,    0.9986,    1.0662,    1.0575,    0.9775,    0.9851,    0.9766,    0.9108,    0.8940,    0.8758,    0.8047,    0.7874,    0.7737,    0.7624,    1.9149,    1.7585,    1.6847,    1.5989,    1.5312,    1.5043,    1.5183,    1.4510,    1.4877,    1.4189,    1.4621,    1.3922,    2.2270,    2.1135,    1.9443,    1.6770,    1.3739,    1.2532,    1.1392,    1.0395,    1.0162,    0.9250,    0.8723,    0.7916,    1.8172,    1.1931,    1.0259,    0.7524,    0.5434,    0.3956,    0.2800,    0.1976,    0.1391,    0.0967,    0.0670,    0.0467,    0.0918,    0.0455,    0.0873,    0.1081,    0.1215,    0.1126,    0.1240,    0.1394,    0.1229,    0.1692,    0.1496,    0.1579,    0.1741,    0.1417,    0.2058,    0.2277,    0.1874,    0.1976,    0.2020,    0.2201,    0.2488,    0.1848,    0.3023,    0.3188,    0.3923,    0.4193,    0.4340,    0.4614,    0.4626,    0.4823,    0.4798,    0.5201,    0.5457,    0.5393,    0.5941,    0.6051,    1.0480,    1.1445,    1.2001,    1.2349,    1.2503,    1.3625,    1.2853,    1.3481,    1.2953,    1.3841,    1.3119,    1.4041,    3.0279,    2.9797,    3.0571,    3.1227,    3.1518,    3.0298,    3.1362,    3.2163,    3.2817,    3.0511,    3.0076,    3.1233,    7.8957,    7.4318,    7.3493,    7.1284,    6.5863,    6.1790,    5.4263,    4.9942,    4.8028,    4.2121,    3.2379,    3.0098,    2.3230,    1.9922,    1.5213,    1.4546,    0.9827,    0.7149,    0.5791,    0.2332,    0.2062,    0.1470,    0.0512,    0.0418,    0.0160,    0.0611,    0.1306,    0.2186,    0.3197,    0.4294,    0.5434,    0.8205,    1.1408,    1.0705,    0.4326,    0.0391,    0.0319,    0.0253,    0.0169,    0.0131,    0.6098,    1.4231,    1.8097,    1.8373,    1.4935,    0.5935,    0.2966,    0.4056,    0.1331,    0.1605,    0.2087,    0.3298,    0.4612,    0.5770,    0.8841,    0.9113,    0.9779,    1.0452,    1.0816,    1.0383,    0.7408,    0.6998,    0.6584,    0.6497,    0.6325,    0.5909,    0.6165,    0.6126,    0.6163,    0.6290,    0.6572,    0.6885,    0.7738,    0.7956,    0.7236,    0.7904,    0.7802,    0.7570,    0.7453,    0.7564,    0.7304,    0.7224,    0.7136,    0.7038,    1.8317,    1.7160,    1.6418,    1.5532,    1.4809,    1.4156,    1.3692,    1.3017,    1.2741,    1.2090,    1.1976,    1.1361,    1.7808,    1.7008,    1.5559,    1.3827,    1.1821,    1.0781,    0.9735,    0.8840,    0.8227,    0.7447,    0.6921,    0.6249,    1.5069,    1.0116,    0.8206,    0.5608,    0.3688,    0.2607,    0.1813,    0.1329,    0.0917,    0.0622,    0.0405,    0.0283,    0.0001,    0.0000,    0.0003,    0.0022,    0.0025,    0.0023,    0.0026,    0.0085,    0.0075,    0.0104,    0.0092,    0.0266,    0.0292,    0.0237,    0.0342,    0.0373,    0.0302,    0.0186,    0.0020,    0.0048,    0.0249,    0.0308,    0.0531,    0.0557,    0.0690,    0.0738,    0.0764,    0.0812,    0.1017,    0.1039,    0.0957,    0.0870,    0.0766,    0.0920,    0.1284,    0.1305,    0.1577,    0.1723,    0.1804,    0.1827,    0.1791,    0.1989,    0.1912,    0.3111,    0.2859,    0.3240,    0.3063,    0.3259,    0.7061,    0.6884,    0.7157,    0.6181,    0.6220,    0.5997,    0.6209,    0.6367,    0.6496,    0.6038,    0.5954,    0.6182,    1.5627,    0.9881,    0.9770,    0.9474,    0.8752,    0.8208,    0.7206,    0.6630,    0.6372,    0.5586,    0.4291,    0.3986,    0.3073,    0.6623,    0.5052,    0.4823,    0.3253,    0.2362,    0.1909,    0.0766,    0.0676,    0.0480,    0.0167,    0.0135
 1975,    1.5000,  197.3974,    0.0470,  144.2665,  141.3851,   -0.9558,   -0.8521,  158.4330,  219.1055,  220.0937,  221.0843,  222.0908,  223.2958,  224.7104,  226.2403,  227.7802,  229.3882,  231.1953,  233.3058,  235.8861,  238.5494,  240.4028,  239.8053,  236.3532,  231.2025,  225.3989,  219.9878,  215.7838,  211.8840,  208.9839,  205.3353,  204.1297,    0.0786,    0.2961,    0.6220,    1.0219,    1.4665,    1.9310,    2.3949,    3.0216,    3.6575,    3.8198,    3.2802,    2.9671,    2.6624,    2.7429,    2.8011,    2.8306,    3.5341,    4.4045,    4.7237,    4.5955,    4.0424,    2.8141,    2.2993,    2.2932,    0.7822,    0.7947,    0.8208,    0.8829,    0.9603,    1.0253,    1.2364,    1.2330,    1.2820,    1.4179,    1.4557,    1.5138,    1.1253,    1.0814,    1.0287,    1.0291,    0.9977,    0.9180,    0.9862,    0.9850,    0.9890,    1.0033,    1.0327,    1.0279,    1.0937,    1.0842,    1.0040,    1.0092,    1.0002,    0.9313,    0.9156,    0.8984,    0.8251,    0.8090,    0.7957,    0.7844,    1.9691,    1.8072,    1.7331,    1.6436,    1.5749,    1.5461,    1.5601,    1.4917,    1.5297,    1.4596,    1.5053,    1.4340,    2.2986,    2.1897,    2.0158,    1.7461,    1.4350,    1.3111,    1.1891,    1.0859,    1.0579,    0.9636,    0.9101,    0.8266,    1.9163,    1.2686,    1.0853,    0.7910,    0.5696,    0.4155,    0.2948,    0.2090,    0.1474,    0.1028,    0.0713,    0.0497,    0.0916,    0.0453,    0.0872,    0.1081,    0.1215,    0.1126,    0.1240,    0.1395,    0.1230,    0.1693,    0.1497,    0.1584,    0.1746,    0.1422,    0.2064,    0.2283,    0.1879,    0.1975,    0.2015,    0.2196,    0.2489,    0.1854,    0.3035,    0.3200,    0.3938,    0.4210,    0.4357,    0.4632,    0.4648,    0.4845,    0.4817,    0.5215,    0.5467,    0.5408,    0.5968,    0.6079,    1.0509,    1.1477,    1.2035,    1.2382,    1.2534,    1.3660,    1.2888,    1.3547,    1.3010,    1.3911,    1.3184,    1.4111,    3.0430,    2.9943,    3.0724,    3.1353,    3.1644,    3.0420,    3.1489,    3.2293,    3.2949,    3.0634,    3.0198,    3.1360,    7.9277,    7.4468,    7.3642,    7.1429,    6.5998,    6.1918,    5.4377,    5.0049,    4.8132,    4.2214,    3.2452,    3.0167,    2.3285,    2.0032,    1.5299,    1.4630,    0.9886,    0.7193,    0.5829,    0.2347,    0.2077,    0.1481,    0.0516,    0.0422,    0.0187,    0.0716,    0.1531,    0.2564,    0.3753,    0.5044,    0.6387,    0.9565,    1.3194,    1.2505,    0.5188,    0.0443,    0.0361,    0.0285,    0.0190,    0.0147,    0.7317,    1.6673,    2.0960,    2.1235,    1.7371,    0.6873,    0.3140,    0.4148,    0.1364,    0.1618,    0.2066,    0.3213,    0.4443,    0.5530,    0.8409,    0.8674,    0.9287,    0.9928,    1.0231,    0.9647,    0.6815,    0.6404,    0.5997,    0.5909,    0.5742,    0.5341,    0.5590,    0.5553,    0.5593,    0.5725,    0.6013,    0.6341,    0.7209,    0.7496,    0.6715,    0.7465,    0.7359,    0.7070,    0.6983,    0.7147,    0.6840,    0.6786,    0.6711,    0.6619,    1.7045,    1.5813,    1.5115,    1.4173,    1.3492,    1.2801,    1.2321,    1.1692,    1.1424,    1.0821,    1.0750,    1.0181,    1.6123,    1.5713,    1.4339,    1.2995,    1.1152,    1.0173,    0.8968,    0.8129,    0.7388,    0.6671,    0.6229,    0.5611,    1.4166,    0.9807,    0.7574,    0.4861,    0.3048,    0.2134,    0.1472,    0.1100,    0.0754,    0.0507,    0.0322,    0.0224,    0.0000,    0.0000,    0.0001,    0.0010,    0.0012,    0.0011,    0.0012,    0.0048,    0.0043,    0.0059,    0.0052,    0.0186,    0.0204,    0.0165,    0.0239,    0.0260,    0.0211,    0.0131,    0.0015,    0.0034,    0.0174,    0.0215,    0.0374,    0.0392,    0.0486,    0.0520,    0.0538,    0.0572,    0.0747,    0.0763,    0.0703,    0.0640,    0.0564,    0.0676,    0.0944,    0.0959,    0.1077,    0.1176,    0.1232,    0.1248,    0.1223,    0.1358,    0.1306,    0.2310,    0.2124,    0.2407,    0.2275,    0.2420,    0.5245,    0.5113,    0.5315,    0.4447,    0.4475,    0.4315,    0.4467,    0.4581,    0.4674,    0.4344,    0.4283,    0.4448,    1.1243,    0.6591,    0.6517,    0.6320,    0.5838,    0.5475,    0.4807,    0.4422,    0.4251,    0.3726,    0.2863,    0.2659,    0.2051,    0.5225,    0.3985,    0.3805,    0.2567,    0.1864,    0.1506,    0.0605,    0.0534,    0.0379,    0.0132,    0.0107
 2138,    1.7500,  193.2971,    0.0453,  144.5681,  141.6276,   -0.9166,   -0.8445,  158.4330,  221.2563,  222.1990,  223.1769,  224.1234,  225.3052,  226.6167,  228.0873,  229.5048,  231.1031,  232.8108,  234.8926,  237.3834,  239.8905,  241.3095,  239.8976,  235.3977,  229.2005,  222.4992,  216.3483,  211.7884,  207.8543,  204.9893,  201.3340,  200.1379,    0.0797,    0.3000,    0.6298,    1.0340,    1.4827,    1.9510,    2.4180,    3.0629,    3.7164,    3.8634,    3.2229,    2.8137,    2.5182,    2.5887,    2.6380,    2.6591,    3.4680,    4.4343,    4.7782,    4.6429,    4.0489,    2.6765,    2.0874,    2.0877,    0.7107,    0.7249,    0.7536,    0.8212,    0.9048,    0.9755,    1.2085,    1.2028,    1.2589,    1.4270,    1.4656,    1.5449,    1.1526,    1.1104,    1.0601,    1.0606,    1.0295,    0.9503,    1.0179,    1.0165,    1.0195,    1.0327,    1.0602,    1.0511,    1.1156,    1.1057,    1.0251,    1.0287,    1.0193,    0.9476,    0.9327,    0.9163,    0.8412,    0.8257,    0.8128,    0.8015,    2.0109,    1.8446,    1.7702,    1.6780,    1.6086,    1.5786,    1.5929,    1.5235,    1.5627,    1.4917,    1.5392,    1.4669,    2.3546,    2.2495,    2.0720,    1.8010,    1.4837,    1.3572,    1.2281,    1.1223,    1.0905,    0.9939,    0.9399,    0.8541,    1.9961,    1.3318,    1.1330,    0.8216,    0.5909,    0.4317,    0.3067,    0.2182,    0.1542,    0.1077,    0.0747,    0.0522,    0.0914,    0.0452,    0.0872,    0.1081,    0.1215,    0.1126,    0.1240,    0.1395,    0.1230,    0.1693,    0.1497,    0.1587,    0.1749,    0.1424,    0.2067,    0.2287,    0.1882,    0.1974,    0.2011,    0.2192,    0.2489,    0.1857,    0.3041,    0.3206,    0.3946,    0.4218,    0.4366,    0.4642,    0.4661,    0.4857,    0.4827,    0.5222,    0.5471,    0.5415,    0.5983,    0.6095,    1.0523,    1.1493,    1.2051,    1.2398,    1.2549,    1.3678,    1.2905,    1.3584,    1.3042,    1.3951,    1.3222,    1.4150,    3.0516,    3.0026,    3.0812,    3.1421,    3.1712,    3.0486,    3.1557,    3.2363,    3.3021,    3.0701,    3.0263,    3.1428,    7.9449,    7.4538,    7.3711,    7.1497,    6.6062,    6.1979,    5.4432,    5.0100,    4.8183,    4.2260,    3.2488,    3.0202,    2.3314,    2.0104,    1.5356,    1.4687,    0.9926,    0.7223,    0.5854,    0.2358,    0.2087,    0.1488,    0.0519,    0.0424,    0.0212,    0.0813,    0.1739,    0.2915,    0.4268,    0.5738,    0.7269,    1.0799,    1.4787,    1.4139,    0.6014,    0.0491,    0.0398,    0.0314,    0.0209,    0.0161,    0.8473,    1.8867,    2.3460,    2.3713,    1.9516,    0.7726,    0.3264,    0.4192,    0.1382,    0.1615,    0.2031,    0.3116,    0.4266,    0.5285,    0.7986,    0.8239,    0.8806,    0.9431,    0.9674,    0.8960,    0.6269,    0.5863,    0.5471,    0.5382,    0.5223,    0.4844,    0.5078,    0.5042,    0.5082,    0.5215,    0.5500,    0.5834,    0.6695,    0.7016,    0.6205,    0.6972,    0.6865,    0.6539,    0.6468,    0.6648,    0.6312,    0.6268,    0.6201,    0.6114,    1.5609,    1.4370,    1.3714,    1.2771,    1.2135,    1.1446,    1.0970,    1.0389,    1.0130,    0.9576,    0.9524,    0.9001,    1.4342,    1.4176,    1.2903,    1.1881,    1.0228,    0.9320,    0.8047,    0.7278,    0.6481,    0.5837,    0.5467,    0.4911,    1.2883,    0.9175,    0.6752,    0.4099,    0.2471,    0.1711,    0.1170,    0.0885,    0.0603,    0.0402,    0.0249,    0.0172,    0.0000,    0.0000,    0.0000,    0.0005,    0.0005,    0.0005,    0.0005,    0.0028,    0.0025,    0.0034,    0.0030,    0.0130,    0.0142,    0.0116,    0.0167,    0.0182,    0.0148,    0.0092,    0.0010,    0.0024,    0.0122,    0.0150,    0.0264,    0.0277,    0.0343,    0.0367,    0.0380,    0.0403,    0.0549,    0.0561,    0.0518,    0.0471,    0.0415,    0.0498,    0.0694,    0.0705,    0.0736,    0.0804,    0.0842,    0.0853,    0.0836,    0.0929,    0.0893,    0.1718,    0.1579,    0.1789,    0.1692,    0.1799,    0.3899,    0.3802,    0.3952,    0.3203,    0.3223,    0.3108,    0.3217,    0.3300,    0.3367,    0.3129,    0.3085,    0.3204,    0.8098,    0.4410,    0.4361,    0.4229,    0.3906,    0.3664,    0.3217,    0.2959,    0.2845,    0.2494,    0.1916,    0.1780,    0.1372,    0.4130,    0.3150,    0.3008,    0.2029,    0.1473,    0.1191,    0.0478,    0.0422,    0.0300,    0.0104,    0.0085
 2235,    2.0000,  189.6985,    0.0444,  144.8509,  141.7596,   -0.9878,   -0.8806,  158.4330,  222.9886,  223.9287,  224.8859,  225.8008,  226.9139,  228.1815,  229.5792,  230.9922,  232.4810,  234.1741,  236.1955,  238.5950,  240.9103,  241.9735,  239.7021,  234.0968,  227.0056,  219.5645,  212.8342,  207.9926,  204.0048,  201.1935,  197.6676,  196.5426,    0.0807,    0.3038,    0.6375,    1.0460,    1.4991,    1.9714,    2.4419,    3.1024,    3.7699,    3.9062,    3.1797,    2.6806,    2.3934,    2.4556,    2.4976,    2.5119,    3.4208,    4.4682,    4.8306,    4.6905,    4.0658,    2.5688,    1.9091,    1.9144,    0.6505,    0.6661,    0.6965,    0.7681,    0.8560,    0.9309,    1.1810,    1.1729,    1.2348,    1.4329,    1.4716,    1.5702,    1.1752,    1.1347,    1.0865,    1.0871,    1.0560,    0.9771,    1.0445,    1.0430,    1.0451,    1.0574,    1.0833,    1.0705,    1.1340,    1.1238,    1.0427,    1.0451,    1.0354,    0.9614,    0.9470,    0.9312,    0.8544,    0.8395,    0.8267,    0.8155,    2.0449,    1.8753,    1.8006,    1.7064,    1.6364,    1.6057,    1.6204,    1.5503,    1.5906,    1.5188,    1.5678,    1.4946,    2.4014,    2.2990,    2.1186,    1.8464,    1.5237,    1.3951,    1.2601,    1.1521,    1.1176,    1.0190,    0.9646,    0.8771,    2.0622,    1.3852,    1.1726,    0.8474,    0.6092,    0.4457,    0.3171,    0.2261,    0.1600,    0.1119,    0.0778,    0.0543,    0.0913,    0.0450,    0.0872,    0.1081,    0.1215,    0.1126,    0.1240,    0.1395,    0.1230,    0.1694,    0.1498,    0.1588,    0.1751,    0.1425,    0.2069,    0.2288,    0.1883,    0.1973,    0.2008,    0.2188,    0.2488,    0.1858,    0.3044,    0.3210,    0.3950,    0.4223,    0.4371,    0.4646,    0.4668,    0.4864,    0.4833,    0.5225,    0.5472,    0.5419,    0.5992,    0.6104,    1.0530,    1.1501,    1.2059,    1.2406,    1.2556,    1.3686,    1.2913,    1.3606,    1.3060,    1.3973,    1.3243,    1.4173,    3.0565,    3.0074,    3.0862,    3.1457,    3.1749,    3.0522,    3.1594,    3.2400,    3.3059,    3.0737,    3.0299,    3.1465,    7.9543,    7.4571,    7.3744,    7.1530,    6.6093,    6.2009,    5.4459,    5.0126,    4.8208,    4.2283,    3.2507,    3.0220,    2.3329,    2.0151,    1.5393,    1.4724,    0.9952,    0.7243,    0.5871,    0.2365,    0.2094,    0.1494,    0.0521,    0.0426,    0.0235,    0.0902,    0.1931,    0.3237,    0.4741,    0.6375,    0.8078,    1.1909,    1.6194,    1.5608,    0.6799,    0.0534,    0.0433,    0.0341,    0.0226,    0.0174,    0.9555,    2.0811,    2.5610,    2.5824,    2.1376,    0.8505,    0.3358,    0.4211,    0.1390,    0.1605,    0.1991,    0.3017,    0.4093,    0.5050,    0.7591,    0.7830,    0.8357,    0.8980,    0.9168,    0.8348,    0.5790,    0.5392,    0.5017,    0.4928,    0.4777,    0.4422,    0.4638,    0.4604,    0.4642,    0.4772,    0.5051,    0.5382,    0.6219,    0.6549,    0.5732,    0.6473,    0.6368,    0.6021,    0.5960,    0.6132,    0.5783,    0.5742,    0.5678,    0.5595,    1.4191,    1.2988,    1.2372,    1.1460,    1.0867,    1.0203,    0.9743,    0.9208,    0.8958,    0.8450,    0.8401,    0.7923,    1.2660,    1.2627,    1.1462,    1.0685,    0.9221,    0.8387,    0.7115,    0.6417,    0.5620,    0.5047,    0.4733,    0.4240,    1.1471,    0.8378,    0.5889,    0.3407,    0.1990,    0.1363,    0.0923,    0.0703,    0.0475,    0.0314,    0.0190,    0.0130,    0.0000,    0.0000,    0.0000,    0.0002,    0.0002,    0.0002,    0.0003,    0.0016,    0.0014,    0.0019,    0.0017,    0.0091,    0.0099,    0.0081,    0.0117,    0.0127,    0.0103,    0.0065,    0.0007,    0.0017,    0.0086,    0.0105,    0.0186,    0.0195,    0.0242,    0.0259,    0.0268,    0.0284,    0.0404,    0.0413,    0.0381,    0.0347,    0.0306,    0.0367,    0.0511,    0.0519,    0.0504,    0.0550,    0.0576,    0.0584,    0.0573,    0.0636,    0.0611,    0.1279,    0.1176,    0.1332,    0.1259,    0.1339,    0.2902,    0.2830,    0.2941,    0.2310,    0.2325,    0.2242,    0.2320,    0.2380,    0.2428,    0.2257,    0.2225,    0.2311,    0.5841,    0.2960,    0.2927,    0.2838,    0.2622,    0.2459,    0.2159,    0.1986,    0.1910,    0.1674,    0.1286,    0.1195,    0.0921,    0.3271,    0.2495,    0.2383,    0.1607,    0.1167,    0.0944,    0.0379,    0.0334,    0.0238,    0.0082,    0.0067
