Particle       ,data/QEXT_96IR_84_VIS_NC25_4umrod
Ncase          ,  14
dt (sols)      ,  0.020833
Qext 0.67um    ,  1.795131
Alb sfc        ,  0.220000
Conrath nu     ,  0.002000
Sun Flux (W/m2),148.393084
BWN IR (cm-1)  ,     10.0000,     34.1670,     58.3330,     82.5000,    106.6670,    130.8330,    155.0000,    179.1670,    203.3330,    227.5000,    251.6670,    275.8330,    300.0000,    320.7880,    341.5750,    362.3630,    383.1500,    403.9380,    424.7250,    445.5130,    466.3010,    487.0880,    507.8760,    528.6630,    549.4510,    556.7420,    564.0330,    571.3240,    578.6150,    585.9060,    593.1970,    600.4880,    607.7790,    615.0700,    622.3610,    629.6520,    636.9430,    642.5500,    648.1570,    653.7640,    659.3700,    664.9770,    670.5840,    676.1910,    681.7980,    687.4050,    693.0110,    698.6180,    704.2250,    710.1390,    716.0530,    721.9670,    727.8810,    733.7950,    739.7090,    745.6240,    751.5380,    757.4520,    763.3660,    769.2800,    775.1940,    791.5010,    807.8070,    824.1140,    840.4210,    856.7270,    873.0340,    889.3410,    905.6470,    921.9540,    938.2610,    954.5670,    970.8740,    996.8050,   1022.7370,   1048.6680,   1074.6000,   1100.5310,   1126.4630,   1152.3940,   1178.3250,   1204.2570,   1230.1880,   1256.1200,   1282.0510,   1360.3990,   1438.7460,   1517.0940,   1595.4410,   1673.7890,   1752.1370,   1830.4840,   1908.8320,   1987.1790,   2065.5270,   2143.8740,   2222.2220
BWN VIS (cm-1) ,   2222.2200,   2294.3160,   2366.4120,   2438.5080,   2510.6030,   2582.6990,   2654.7950,   2726.8910,   2798.9870,   2871.0820,   2943.1780,   3015.2740,   3087.3700,   3165.9750,   3244.5800,   3323.1850,   3401.7900,   3480.3950,   3559.0000,   3637.6050,   3716.2100,   3794.8150,   3873.4200,   3952.0250,   4030.6300,   4142.2920,   4253.9530,   4365.6150,   4477.2770,   4588.9380,   4700.6000,   4812.2620,   4923.9230,   5035.5850,   5147.2470,   5258.9080,   5370.5700,   5560.6150,   5750.6600,   5940.7050,   6130.7500,   6320.7950,   6510.8400,   6700.8850,   6890.9300,   7080.9750,   7271.0200,   7461.0650,   7651.1100,   8055.1840,   8459.2580,   8863.3330,   9267.4070,   9671.4810,  10075.5550,  10479.6290,  10883.7030,  11287.7780,  11691.8520,  12095.9260,  12500.0000,  13541.6670,  14583.3330,  15625.0000,  16666.6670,  17708.3330,  18750.0000,  19791.6670,  20833.3330,  21875.0000,  22916.6670,  23958.3330,  25000.0000,  26388.8890,  27777.7780,  29166.6670,  30555.5570,  31944.4460,  33333.3350,  34722.2240,  36111.1130,  37500.0030,  38888.8920,  40277.7810,  41666.6700
SUN VIS (W/m2) ,      0.1008,      0.0862,      0.0968,      0.1089,      0.1224,      0.1136,      0.1248,      0.1400,      0.1233,      0.1698,      0.1502,      0.1645,      0.1814,      0.1477,      0.2144,      0.2377,      0.1946,      0.2106,      0.2276,      0.2472,      0.2683,      0.1918,      0.3072,      0.3239,      0.3986,      0.4261,      0.4410,      0.4688,      0.4810,      0.5017,      0.5013,      0.5485,      0.5772,      0.5665,      0.6183,      0.6303,      1.0809,      1.1806,      1.2379,      1.2751,      1.2949,      1.4092,      1.3262,      1.4132,      1.3634,      1.4505,      1.3747,      1.4716,      3.1730,      3.1258,      3.2038,      3.2543,      3.2846,      3.1576,      3.2685,      3.3520,      3.4202,      3.1800,      3.1347,      3.2554,      8.2299,      7.8425,      7.7561,      7.5237,      6.9524,      6.5235,      5.7299,      5.2748,      5.0739,      4.4511,      3.4228,      3.1828,      2.4579,      2.2644,      1.7312,      1.6575,      1.1215,      0.8173,      0.6634,      0.2677,      0.2374,      0.1697,      0.0593,      0.0486
================
wavelenght [um],    0.244068,    0.252632,    0.261818,    0.271698,    0.282353,    0.293878,    0.306383,    0.320000,    0.334884,    0.351220,    0.369231,    0.389189,    0.408511,    0.426667,    0.446512,    0.468293,    0.492308,    0.518919,    0.548571,    0.581818,    0.619355,    0.662069,    0.711111,    0.768000,    0.813143,    0.840768,    0.870336,    0.902060,    0.936184,    0.972991,    1.012810,    1.056028,    1.103099,    1.154562,    1.211061,    1.273375,    1.323436,    1.357581,    1.393534,    1.431444,    1.471474,    1.513807,    1.558648,    1.606226,    1.656801,    1.710664,    1.768147,    1.829628,    1.881560,    1.921939,    1.964090,    2.008131,    2.054193,    2.102417,    2.152960,    2.205992,    2.261704,    2.320302,    2.382017,    2.447105,    2.505432,    2.555765,    2.608162,    2.662752,    2.719677,    2.779088,    2.841153,    2.906054,    2.973989,    3.045176,    3.119855,    3.198288,    3.277268,    3.356577,    3.439819,    3.527294,    3.619334,    3.716307,    3.818620,    3.926726,    4.041130,    4.162400,    4.291175,    4.428172,    4.580751,    4.751270,    4.934974,    5.133456,    5.348572,    5.582505,    5.837838,    6.117648,    6.425631,    6.766266,    7.145039,    7.568734,    7.879690,    8.044056,    8.215425,    8.394255,    8.581043,    8.776330,    8.980716,    9.194848,    9.419442,    9.655282,    9.903235,   10.164260,   10.387231,   10.566200,   10.751445,   10.943308,   11.142136,   11.348323,   11.562291,   11.784476,   12.015368,   12.255495,   12.505409,   12.765727,   12.949392,   13.049328,   13.150818,   13.253898,   13.358608,   13.464994,   13.573088,   13.682923,   13.794549,   13.908012,   14.023357,   14.140631,   14.256763,   14.371646,   14.488386,   14.607038,   14.727660,   14.850291,   14.974981,   15.101782,   15.230738,   15.361915,   15.495384,   15.631191,   15.790367,   15.974275,   16.162517,   16.355249,   16.552633,   16.754839,   16.962047,   17.174443,   17.392227,   17.615605,   17.844795,   18.080028,   18.550914,   19.294981,   20.101230,   20.977796,   21.934298,   22.982219,   24.135264,   25.410119,   26.827165,   28.411593,   30.194923,   32.217118,   34.732292,   37.914692,   41.739101,   46.421699,   52.287582,   59.850314,   69.970927,   84.210526,  105.726686,  142.012170,  216.216216,  452.826771
Qext           ,      1.4729,      1.4729,      1.4729,      1.4729,      1.4729,      1.4729,      1.4729,      1.4729,      1.4729,      1.4729,      1.4729,      1.7951,      1.7951,      1.7951,      1.7951,      1.7951,      1.7951,      1.7951,      1.7951,      1.7951,      1.7951,      1.7951,      1.7951,      1.5769,      1.5769,      1.5769,      1.5769,      1.5769,      1.5769,      1.5769,      1.5769,      1.5769,      1.5769,      1.5853,      1.5853,      1.5853,      1.5853,      1.5853,      1.5853,      1.5853,      1.5853,      1.7115,      1.7115,      1.7115,      1.7115,      1.7115,      1.7115,      1.7115,      1.9267,      1.9267,      1.9267,      1.9267,      1.9267,      1.9267,      1.9267,      1.9267,      1.9804,      1.9804,      1.9804,      1.9804,      1.9804,      1.9804,      2.0982,      2.0982,      2.0982,      2.0982,      2.0982,      2.0982,      2.1832,      2.1832,      2.1832,      2.1832,      2.1832,      2.4720,      2.4720,      2.4720,      2.4720,      2.4904,      2.4904,      2.4904,      2.4904,      3.2308,      3.2308,      3.2308,      3.3864,      3.3864,      2.9665,      2.9665,      2.7777,      2.7303,      2.7303,      3.1140,      2.7861,      3.0453,      3.2244,      2.6458,      2.9810,      2.9810,      3.3636,      3.3636,      3.9138,      3.9138,      5.2030,      5.2030,      6.5174,      7.8582,      7.8582,      7.9539,      6.5066,      6.5066,      5.2051,      5.2051,      4.3561,      4.3561,      4.1682,      4.2785,      4.2785,      4.2391,      4.2391,      4.1879,      4.3908,      4.3908,      4.3908,      4.3908,      4.5301,      4.5301,      4.5301,      4.1696,      4.1696,      4.1696,      4.1013,      4.1013,      4.1013,      4.1174,      4.1174,      4.1174,      3.8634,      3.8634,      3.8634,      3.4487,      3.4487,      3.4487,      3.1818,      3.1818,      3.1818,      3.0650,      3.0650,      3.0144,      3.0144,      2.7995,      2.5088,      2.5088,      2.3771,      2.3771,      2.2764,      2.2941,      2.4508,      3.3439,      3.8845,      4.0226,      5.0323,      6.9671,      7.5963,      7.7323,      6.7471,      3.3306,      3.2548,      2.9715,      6.7932,      5.6749,      3.4741,      1.2521,      1.6932,      2.6461,      2.6461,      2.6461,      2.6461,      2.6461,      2.6461,      2.6461
Qscat          ,      0.6272,      0.6272,      0.6272,      0.6272,      0.6272,      0.6272,      0.6272,      0.6272,      0.6272,      0.6272,      0.6272,      0.4113,      0.4113,      0.4113,      0.4113,      0.4113,      0.4113,      0.4113,      0.4113,      0.4113,      0.4113,      0.4113,      0.4113,      0.1716,      0.1716,      0.1716,      0.1716,      0.1716,      0.1716,      0.1716,      0.1716,      0.1716,      0.1716,      0.1320,      0.1320,      0.1320,      0.1320,      0.1320,      0.1320,      0.1320,      0.1320,      0.1328,      0.1328,      0.1328,      0.1328,      0.1328,      0.1328,      0.1328,      0.1244,      0.1244,      0.1244,      0.1244,      0.1244,      0.1244,      0.1244,      0.1244,      0.1424,      0.1424,      0.1424,      0.1424,      0.1424,      0.1424,      0.1318,      0.1318,      0.1318,      0.1318,      0.1318,      0.1318,      0.1415,      0.1415,      0.1415,      0.1415,      0.1415,      0.1651,      0.1651,      0.1651,      0.1651,      0.1508,      0.1508,      0.1508,      0.1508,      0.2185,      0.2185,      0.2185,      0.2874,      0.2874,      0.2731,      0.2731,      0.2782,      0.2917,      0.2917,      0.4147,      0.3973,      0.3202,      0.4177,      0.4565,      0.4401,      0.4401,      0.4976,      0.4976,      0.5867,      0.5867,      0.7175,      0.7175,      0.8808,      1.1726,      1.1726,      1.4539,      1.4505,      1.4505,      1.2440,      1.2440,      1.1793,      1.1793,      1.0985,      1.0384,      1.0384,      1.0095,      1.0095,      1.1307,      1.4518,      1.4518,      1.4518,      1.4518,      1.8135,      1.8135,      1.8135,      1.6451,      1.6451,      1.6451,      1.5221,      1.5221,      1.5221,      1.4759,      1.4759,      1.4759,      1.3823,      1.3823,      1.3823,      1.2491,      1.2491,      1.2491,      1.1275,      1.1275,      1.1275,      1.1839,      1.1839,      1.1378,      1.1378,      1.0819,      0.9062,      0.9062,      0.7884,      0.7884,      0.9046,      0.9883,      1.0944,      2.1349,      1.8023,      1.2426,      1.3559,      1.9796,      3.9677,      6.0350,      3.3468,      2.8095,      3.2544,      2.2847,      4.0003,      2.6768,      1.9829,      0.9540,      1.3647,      2.6459,      2.6459,      2.6459,      2.6459,      2.6459,      2.6459,      2.6459
G factor       ,      0.4860,      0.4860,      0.4860,      0.4860,      0.4860,      0.4860,      0.4860,      0.4860,      0.4860,      0.4860,      0.4860,      0.3650,      0.3650,      0.3650,      0.3650,      0.3650,      0.3650,      0.3650,      0.3650,      0.3650,      0.3650,      0.3650,      0.3650,      0.2980,      0.2980,      0.2980,      0.2980,      0.2980,      0.2980,      0.2980,      0.2980,      0.2980,      0.2980,      0.2530,      0.2530,      0.2530,      0.2530,      0.2530,      0.2530,      0.2530,      0.2530,      0.2630,      0.2630,      0.2630,      0.2630,      0.2630,      0.2630,      0.2630,      0.2450,      0.2450,      0.2450,      0.2450,      0.2450,      0.2450,      0.2450,      0.2450,      0.2390,      0.2390,      0.2390,      0.2390,      0.2390,      0.2390,      0.2800,      0.2800,      0.2800,      0.2800,      0.2800,      0.2800,      0.2590,      0.2590,      0.2590,      0.2590,      0.2590,      0.2400,      0.2400,      0.2400,      0.2400,      0.2300,      0.2300,      0.2300,      0.2300,      0.2460,      0.2460,      0.2460,      0.2620,      0.2620,      0.2130,      0.2130,      0.1950,      0.2160,      0.2160,      0.1970,      0.2050,      0.2510,      0.1910,      0.0570,      0.1150,      0.1150,      0.2060,      0.2060,      0.2760,      0.2760,      0.2980,      0.2980,      0.2590,      0.2250,      0.2250,      0.1890,      0.1730,      0.1730,      0.1610,      0.1610,      0.1060,      0.1060,      0.0120,     -0.0640,     -0.0640,     -0.1070,     -0.1070,     -0.0920,     -0.0020,     -0.0020,     -0.0020,     -0.0020,      0.1170,      0.1170,      0.1170,      0.1370,      0.1370,      0.1370,      0.1360,      0.1360,      0.1360,      0.1330,      0.1330,      0.1330,      0.1060,      0.1060,      0.1060,      0.0580,      0.0580,      0.0580,      0.0080,      0.0080,      0.0080,     -0.0050,     -0.0050,     -0.0280,     -0.0280,     -0.0160,     -0.0180,     -0.0180,     -0.0340,     -0.0340,     -0.0050,      0.0230,      0.0480,      0.2090,      0.1370,      0.0600,      0.0620,      0.0870,      0.1860,      0.2180,      0.0580,     -0.0060,      0.0500,      0.0340,      0.0300,      0.0420,      0.0400,      0.0330,      0.0160,      0.0150,      0.0150,      0.0150,      0.0150,      0.0150,      0.0150,      0.0150
================
P [mbar]       ,    0.1004,    0.1015,    0.1034,    0.1069,    0.1130,    0.1239,    0.1432,    0.1740,    0.2226,    0.3028,    0.4349,    0.6529,    1.0121,    1.6044,    2.4646,    3.4606,    4.3994,    5.2226,    5.8426,    6.2132,    6.3980,    6.4686,    6.5039,    6.5168
Temp initial[K],  155.0000,  155.0000,  155.0000,  155.0000,  155.0000,  155.0000,  155.0000,  155.0000,  155.0000,  155.0000,  155.0000,  155.0000,  158.8233,  165.4041,  173.2716,  181.4436,  190.2788,  198.8130,  204.5783,  207.8249,  209.4219,  210.0497,  210.3719,  210.4891
================
it   ,   tau    ,  Tsfc    ,   alb    ,   OLR    ,    ASR   ,  NET top ,  NET bot , T lev  01, T lev  02, T lev  03, T lev  04, T lev  05, T lev  06, T lev  07, T lev  08, T lev  09, T lev  10, T lev  11, T lev  12, T lev  13, T lev  14, T lev  15, T lev  16, T lev  17, T lev  18, T lev  19, T lev  20, T lev  21, T lev  22, T lev  23, T lev  24, T lev  25,  OLR IR01,  OLR IR02,  OLR IR03,  OLR IR04,  OLR IR05,  OLR IR06,  OLR IR07,  OLR IR08,  OLR IR09,  OLR IR10,  OLR IR11,  OLR IR12,  OLR IR13,  OLR IR14,  OLR IR15,  OLR IR16,  OLR IR17,  OLR IR18,  OLR IR19,  OLR IR20,  OLR IR21,  OLR IR22,  OLR IR23,  OLR IR24,  OLR IR25,  OLR IR26,  OLR IR27,  OLR IR28,  OLR IR29,  OLR IR30,  OLR IR31,  OLR IR32,  OLR IR33,  OLR IR34,  OLR IR35,  OLR IR36,  OLR IR37,  OLR IR38,  OLR IR39,  OLR IR40,  OLR IR41,  OLR IR42,  OLR IR43,  OLR IR44,  OLR IR45,  OLR IR46,  OLR IR47,  OLR IR48,  OLR IR49,  OLR IR50,  OLR IR51,  OLR IR52,  OLR IR53,  OLR IR54,  OLR IR55,  OLR IR56,  OLR IR57,  OLR IR58,  OLR IR59,  OLR IR60,  OLR IR61,  OLR IR62,  OLR IR63,  OLR IR64,  OLR IR65,  OLR IR66,  OLR IR67,  OLR IR68,  OLR IR69,  OLR IR70,  OLR IR71,  OLR IR72,  OLR IR73,  OLR IR74,  OLR IR75,  OLR IR76,  OLR IR77,  OLR IR78,  OLR IR79,  OLR IR80,  OLR IR81,  OLR IR82,  OLR IR83,  OLR IR84,  OLR IR85,  OLR IR86,  OLR IR87,  OLR IR88,  OLR IR89,  OLR IR90,  OLR IR91,  OLR IR92,  OLR IR93,  OLR IR94,  OLR IR95,  OLR IR96, ASR VIS01, ASR VIS02, ASR VIS03, ASR VIS04, ASR VIS05, ASR VIS06, ASR VIS07, ASR VIS08, ASR VIS09, ASR VIS10, ASR VIS11, ASR VIS12, ASR VIS13, ASR VIS14, ASR VIS15, ASR VIS16, ASR VIS17, ASR VIS18, ASR VIS19, ASR VIS20, ASR VIS21, ASR VIS22, ASR VIS23, ASR VIS24, ASR VIS25, ASR VIS26, ASR VIS27, ASR VIS28, ASR VIS29, ASR VIS30, ASR VIS31, ASR VIS32, ASR VIS33, ASR VIS34, ASR VIS35, ASR VIS36, ASR VIS37, ASR VIS38, ASR VIS39, ASR VIS40, ASR VIS41, ASR VIS42, ASR VIS43, ASR VIS44, ASR VIS45, ASR VIS46, ASR VIS47, ASR VIS48, ASR VIS49, ASR VIS50, ASR VIS51, ASR VIS52, ASR VIS53, ASR VIS54, ASR VIS55, ASR VIS56, ASR VIS57, ASR VIS58, ASR VIS59, ASR VIS60, ASR VIS61, ASR VIS62, ASR VIS63, ASR VIS64, ASR VIS65, ASR VIS66, ASR VIS67, ASR VIS68, ASR VIS69, ASR VIS70, ASR VIS71, ASR VIS72, ASR VIS73, ASR VIS74, ASR VIS75, ASR VIS76, ASR VIS77, ASR VIS78, ASR VIS79, ASR VIS80, ASR VIS81, ASR VIS82, ASR VIS83, ASR VIS84, SFC DIR01, SFC DIR02, SFC DIR03, SFC DIR04, SFC DIR05, SFC DIR06, SFC DIR07, SFC DIR08, SFC DIR09, SFC DIR10, SFC DIR11, SFC DIR12, SFC DIR13, SFC DIR14, SFC DIR15, SFC DIR16, SFC DIR17, SFC DIR18, SFC DIR19, SFC DIR20, SFC DIR21, SFC DIR22, SFC DIR23, SFC DIR24, SFC DIR25, SFC DIR26, SFC DIR27, SFC DIR28, SFC DIR29, SFC DIR30, SFC DIR31, SFC DIR32, SFC DIR33, SFC DIR34, SFC DIR35, SFC DIR36, SFC DIR37, SFC DIR38, SFC DIR39, SFC DIR40, SFC DIR41, SFC DIR42, SFC DIR43, SFC DIR44, SFC DIR45, SFC DIR46, SFC DIR47, SFC DIR48, SFC DIR49, SFC DIR50, SFC DIR51, SFC DIR52, SFC DIR53, SFC DIR54, SFC DIR55, SFC DIR56, SFC DIR57, SFC DIR58, SFC DIR59, SFC DIR60, SFC DIR61, SFC DIR62, SFC DIR63, SFC DIR64, SFC DIR65, SFC DIR66, SFC DIR67, SFC DIR68, SFC DIR69, SFC DIR70, SFC DIR71, SFC DIR72, SFC DIR73, SFC DIR74, SFC DIR75, SFC DIR76, SFC DIR77, SFC DIR78, SFC DIR79, SFC DIR80, SFC DIR81, SFC DIR82, SFC DIR83, SFC DIR84, SFC DIR85, SFC DIR86, SFC DIR87, SFC DIR88, SFC DIR89, SFC DIR90, SFC DIR91, SFC DIR92, SFC DIR93, SFC DIR94, SFC DIR95, SFC DIR96,SFC DVIS01,SFC DVIS02,SFC DVIS03,SFC DVIS04,SFC DVIS05,SFC DVIS06,SFC DVIS07,SFC DVIS08,SFC DVIS09,SFC DVIS10,SFC DVIS11,SFC DVIS12,SFC DVIS13,SFC DVIS14,SFC DVIS15,SFC DVIS16,SFC DVIS17,SFC DVIS18,SFC DVIS19,SFC DVIS20,SFC DVIS21,SFC DVIS22,SFC DVIS23,SFC DVIS24,SFC DVIS25,SFC DVIS26,SFC DVIS27,SFC DVIS28,SFC DVIS29,SFC DVIS30,SFC DVIS31,SFC DVIS32,SFC DVIS33,SFC DVIS34,SFC DVIS35,SFC DVIS36,SFC DVIS37,SFC DVIS38,SFC DVIS39,SFC DVIS40,SFC DVIS41,SFC DVIS42,SFC DVIS43,SFC DVIS44,SFC DVIS45,SFC DVIS46,SFC DVIS47,SFC DVIS48,SFC DVIS49,SFC DVIS50,SFC DVIS51,SFC DVIS52,SFC DVIS53,SFC DVIS54,SFC DVIS55,SFC DVIS56,SFC DVIS57,SFC DVIS58,SFC DVIS59,SFC DVIS60,SFC DVIS61,SFC DVIS62,SFC DVIS63,SFC DVIS64,SFC DVIS65,SFC DVIS66,SFC DVIS67,SFC DVIS68,SFC DVIS69,SFC DVIS70,SFC DVIS71,SFC DVIS72,SFC DVIS73,SFC DVIS74,SFC DVIS75,SFC DVIS76,SFC DVIS77,SFC DVIS78,SFC DVIS79,SFC DVIS80,SFC DVIS81,SFC DVIS82,SFC DVIS83,SFC DVIS84
 1007,    0.0000,  218.8983,    0.2194,  117.0969,  115.8380,   -0.8625,   -0.7595,  158.4330,  155.0000,  155.0000,  155.0000,  155.0000,  155.0000,  155.0000,  155.0000,  155.0000,  155.0000,  155.0000,  155.0000,  155.0000,  158.8202,  165.3996,  173.2672,  181.4393,  190.2764,  198.8104,  204.5754,  207.8212,  209.4182,  210.0462,  210.3680,  210.4855,    0.0676,    0.2556,    0.5389,    0.8888,    1.2804,    1.6928,    2.1082,    2.5121,    2.8933,    3.2429,    3.5544,    3.8241,    3.4712,    3.6087,    3.7179,    3.7987,    3.8530,    3.8815,    3.8866,    3.8696,    3.8324,    3.7775,    3.7019,    3.5964,    1.2424,    1.2267,    1.2047,    1.1662,    1.1137,    1.0481,    0.8756,    0.8393,    0.7711,    0.6138,    0.5638,    0.3590,    0.1995,    0.1649,    0.1438,    0.1375,    0.1329,    0.1277,    0.1258,    0.1235,    0.1245,    0.1364,    0.1735,    0.2440,    0.3730,    0.4452,    0.3502,    0.5089,    0.4971,    0.5051,    0.5244,    0.6000,    0.6202,    0.6335,    0.6351,    0.6285,    1.6842,    1.6087,    1.5504,    1.4822,    1.4116,    1.3421,    1.2748,    1.2087,    1.1452,    1.0819,    1.0194,    0.9639,    1.4270,    1.3066,    1.1824,    1.0659,    0.9702,    0.8860,    0.8005,    0.7221,    0.6504,    0.5836,    0.5141,    0.4584,    1.1328,    0.8012,    0.5722,    0.3992,    0.2764,    0.1901,    0.1299,    0.0861,    0.0569,    0.0365,    0.0240,    0.0175,    0.0899,    0.0485,    0.0757,    0.0853,    0.0957,    0.0892,    0.0975,    0.1095,    0.0962,    0.1325,    0.1172,    0.1283,    0.1417,    0.1155,    0.1679,    0.1865,    0.1530,    0.1811,    0.2062,    0.2231,    0.2234,    0.1500,    0.2398,    0.2531,    0.3109,    0.3324,    0.3440,    0.3658,    0.3756,    0.3936,    0.3989,    0.4549,    0.4935,    0.4704,    0.4844,    0.4940,    0.8433,    0.9209,    0.9662,    0.9986,    1.0221,    1.1068,    1.0376,    1.1056,    1.0799,    1.1314,    1.0731,    1.1504,    2.4777,    2.4439,    2.4989,    2.5383,    2.5642,    2.4625,    2.5489,    2.6139,    2.6670,    2.4800,    2.4441,    2.5380,    6.4157,    6.1123,    6.0433,    5.8603,    5.4132,    5.0767,    4.4565,    4.0997,    3.9404,    3.4535,    2.6528,    2.4637,    1.8993,    1.7458,    1.3311,    1.2705,    0.8565,    0.6215,    0.5021,    0.2015,    0.1776,    0.1261,    0.0437,    0.0355,    0.0000,    0.0000,    0.0000,    0.0000,    0.0000,    0.0000,    0.0000,    0.0000,    0.0000,    0.0000,    0.0000,    0.0000,    0.0000,    0.0000,    0.0000,    0.0000,    0.0000,    0.0000,    0.0000,    0.0001,    0.0002,    0.0007,    0.0108,    0.0490,    0.0110,    0.0180,    0.0344,    0.0771,    0.1397,    0.2137,    0.4309,    0.4495,    0.5119,    0.6671,    0.7005,    0.8672,    0.6959,    0.7036,    0.7106,    0.6982,    0.6956,    0.7186,    0.6761,    0.6645,    0.6491,    0.6306,    0.6025,    0.5551,    0.4721,    0.3712,    0.4491,    0.2585,    0.2602,    0.2432,    0.2110,    0.1067,    0.0696,    0.0377,    0.0207,    0.0150,    0.0329,    0.0299,    0.0085,    0.0020,    0.0004,    0.0004,    0.0002,    0.0011,    0.0019,    0.0049,    0.0091,    0.0081,    0.0085,    0.0012,    0.0075,    0.0141,    0.0089,    0.0000,    0.0000,    0.0000,    0.0000,    0.0008,    0.0066,    0.0072,    0.0065,    0.0059,    0.0000,    0.0000,    0.0000,    0.0000,    0.0000,    0.0009,    0.0011,    0.0014,    0.0012,    0.0002,    0.0266,    0.0000,    0.0608,    0.1075,    0.1214,    0.1110,    0.1245,    0.1386,    0.1233,    0.1698,    0.1501,    0.1645,    0.1808,    0.1468,    0.2123,    0.2321,    0.1900,    0.1318,    0.0189,    0.0386,    0.1649,    0.1902,    0.3067,    0.3223,    0.3984,    0.4260,    0.4410,    0.4686,    0.4799,    0.4920,    0.4648,    0.4226,    0.3741,    0.4433,    0.6104,    0.6178,    1.0805,    1.1804,    1.2359,    1.2564,    1.2364,    1.3694,    1.3136,    1.3975,    1.2854,    1.4503,    1.3718,    1.4606,    3.1621,    3.0885,    3.2030,    3.2531,    3.2748,    3.1568,    3.2678,    3.3511,    3.4192,    3.1776,    3.1334,    3.2539,    8.2247,    7.8363,    7.7478,    7.5132,    6.9399,    6.5086,    5.7135,    5.2561,    5.0518,    4.4276,    3.4010,    3.1586,    2.4350,    2.2382,    1.7066,    1.6288,    1.0981,    0.7968,    0.6438,    0.2584,    0.2277,    0.1616,    0.0560,    0.0455
  690,    0.0500,  223.6983,    0.1927,  121.1905,  119.7925,   -0.8474,   -0.7998,  158.4330,  168.4499,  169.2557,  170.1895,  171.3916,  172.1958,  173.1942,  174.2992,  175.5009,  176.9959,  179.0992,  182.1975,  186.5138,  192.1993,  198.5987,  204.1652,  208.4172,  211.6179,  214.2786,  216.5964,  218.7963,  220.4008,  221.0606,  221.3983,  221.5208,    0.0645,    0.2442,    0.5157,    0.8522,    1.2303,    1.6301,    2.0347,    2.5086,    2.9296,    3.1809,    3.4042,    3.5620,    3.4183,    3.4987,    3.6232,    3.5967,    3.5680,    3.6685,    3.7473,    3.8317,    3.8481,    3.7938,    3.7528,    3.7118,    1.2863,    1.2711,    1.2498,    1.2151,    1.1700,    1.1237,    0.9977,    0.9791,    0.9322,    0.8149,    0.8010,    0.6646,    0.4405,    0.3869,    0.3337,    0.3240,    0.3057,    0.2663,    0.2970,    0.2979,    0.3105,    0.3382,    0.3845,    0.4332,    0.5220,    0.5634,    0.4863,    0.5966,    0.5866,    0.5786,    0.5831,    0.6302,    0.6384,    0.6468,    0.6465,    0.6395,    1.7236,    1.6496,    1.5884,    1.5193,    1.4496,    1.3853,    1.3160,    1.2493,    1.1670,    1.1040,    1.0163,    0.9624,    1.3856,    1.2723,    1.1530,    1.0714,    1.0038,    0.9188,    0.8564,    0.7744,    0.7078,    0.6369,    0.5713,    0.5125,    1.2748,    0.8974,    0.6466,    0.4586,    0.3173,    0.2225,    0.1534,    0.1029,    0.0687,    0.0450,    0.0293,    0.0212,    0.0913,    0.0479,    0.0791,    0.0903,    0.1013,    0.0943,    0.1032,    0.1158,    0.1018,    0.1402,    0.1240,    0.1351,    0.1491,    0.1215,    0.1766,    0.1961,    0.1608,    0.1866,    0.2063,    0.2238,    0.2303,    0.1576,    0.2511,    0.2651,    0.3256,    0.3481,    0.3603,    0.3831,    0.3931,    0.4117,    0.4166,    0.4695,    0.5059,    0.4856,    0.5070,    0.5166,    0.8779,    0.9587,    1.0058,    1.0391,    1.0617,    1.1507,    1.0798,    1.1473,    1.1171,    1.1743,    1.1137,    1.1936,    2.5712,    2.5355,    2.5934,    2.6300,    2.6565,    2.5515,    2.6409,    2.7083,    2.7633,    2.5695,    2.5324,    2.6297,    6.6475,    6.3097,    6.2385,    6.0498,    5.5883,    5.2411,    4.6010,    4.2328,    4.0685,    3.5660,    2.7394,    2.5444,    1.9617,    1.7750,    1.3535,    1.2920,    0.8712,    0.6323,    0.5110,    0.2051,    0.1808,    0.1284,    0.0445,    0.0362,    0.0048,    0.0180,    0.0380,    0.0628,    0.0907,    0.1202,    0.1500,    0.1351,    0.1183,    0.3910,    0.7012,    0.8298,    0.3208,    0.3061,    0.3748,    0.8402,    0.7381,    0.8901,    0.9526,    0.7186,    0.5704,    0.4962,    0.3894,    0.4050,    0.1271,    0.1421,    0.1762,    0.2473,    0.3413,    0.4368,    0.7146,    0.7362,    0.8054,    0.9442,    0.9795,    1.1059,    0.8617,    0.8617,    0.8607,    0.8502,    0.8430,    0.8436,    0.8232,    0.8123,    0.7997,    0.7845,    0.7629,    0.7321,    0.6915,    0.5899,    0.6468,    0.4538,    0.4555,    0.4447,    0.3970,    0.2660,    0.2183,    0.1655,    0.1363,    0.1253,    0.3140,    0.2979,    0.2512,    0.2298,    0.2133,    0.1938,    0.1863,    0.1784,    0.1994,    0.1933,    0.2267,    0.2117,    0.3635,    0.3173,    0.2977,    0.2443,    0.1792,    0.1446,    0.0999,    0.0895,    0.0704,    0.0649,    0.0622,    0.0572,    0.1094,    0.0922,    0.0528,    0.0332,    0.0251,    0.0150,    0.0101,    0.0090,    0.0073,    0.0064,    0.0051,    0.0021,    0.0200,    0.0000,    0.0504,    0.0937,    0.1060,    0.0969,    0.1088,    0.1212,    0.1079,    0.1486,    0.1313,    0.1462,    0.1605,    0.1303,    0.1883,    0.2056,    0.1681,    0.1107,    0.0137,    0.0302,    0.1431,    0.1694,    0.2756,    0.2894,    0.3581,    0.3829,    0.3964,    0.4212,    0.4322,    0.4425,    0.4133,    0.3759,    0.3315,    0.3954,    0.5480,    0.5556,    0.9858,    1.0769,    1.1275,    1.1445,    1.1245,    1.2468,    1.1972,    1.2822,    1.1788,    1.3326,    1.2602,    1.3412,    2.9048,    2.8352,    2.9432,    2.9957,    3.0153,    2.9069,    3.0092,    3.0860,    3.1487,    2.9262,    2.8855,    2.9964,    7.5739,    7.2002,    7.1189,    6.9033,    6.3765,    5.9801,    5.2495,    4.8292,    4.6415,    4.0679,    3.1247,    2.9019,    2.2371,    2.1164,    1.6136,    1.5401,    1.0383,    0.7534,    0.6087,    0.2443,    0.2153,    0.1528,    0.0530,    0.0431
   69,    0.1000,  227.4213,    0.1700,  123.1482,  123.1534,    0.6515,   -0.9787,  158.4330,  174.7883,  175.6585,  176.6292,  177.8811,  178.8238,  179.9344,  181.2083,  182.5810,  184.1987,  186.4014,  189.4606,  193.5979,  198.9439,  204.9526,  210.3772,  214.7274,  217.9612,  220.4110,  222.2714,  223.6345,  225.0168,  225.6459,  225.9941,  226.1225,    0.0615,    0.2330,    0.4928,    0.8156,    1.1793,    1.5651,    1.9569,    2.4915,    2.9449,    3.1306,    3.3207,    3.4115,    3.3575,    3.3721,    3.5228,    3.4938,    3.3761,    3.5650,    3.7055,    3.8362,    3.8782,    3.8128,    3.7824,    3.7988,    1.3201,    1.3065,    1.2868,    1.2548,    1.2109,    1.1704,    1.0544,    1.0384,    0.9961,    0.8868,    0.8785,    0.7522,    0.5100,    0.4565,    0.4016,    0.3928,    0.3722,    0.3262,    0.3627,    0.3633,    0.3756,    0.4019,    0.4462,    0.4911,    0.5764,    0.6109,    0.5361,    0.6352,    0.6259,    0.6134,    0.6136,    0.6517,    0.6564,    0.6619,    0.6602,    0.6527,    1.7654,    1.6923,    1.6290,    1.5592,    1.4890,    1.4273,    1.3566,    1.2892,    1.1961,    1.1329,    1.0306,    0.9766,    1.3887,    1.2777,    1.1596,    1.0951,    1.0430,    0.9551,    0.9071,    0.8217,    0.7581,    0.6836,    0.6189,    0.5566,    1.3948,    0.9798,    0.7119,    0.5106,    0.3532,    0.2513,    0.1744,    0.1178,    0.0790,    0.0523,    0.0340,    0.0245,    0.0919,    0.0477,    0.0814,    0.0941,    0.1057,    0.0982,    0.1077,    0.1207,    0.1062,    0.1462,    0.1293,    0.1404,    0.1550,    0.1262,    0.1835,    0.2036,    0.1668,    0.1900,    0.2062,    0.2240,    0.2353,    0.1637,    0.2604,    0.2748,    0.3377,    0.3609,    0.3736,    0.3972,    0.4075,    0.4264,    0.4302,    0.4808,    0.5153,    0.4975,    0.5252,    0.5350,    0.9070,    0.9906,    1.0391,    1.0728,    1.0944,    1.1873,    1.1152,    1.1824,    1.1486,    1.2108,    1.1482,    1.2304,    2.6508,    2.6131,    2.6742,    2.7085,    2.7355,    2.6277,    2.7198,    2.7892,    2.8459,    2.6462,    2.6081,    2.7083,    6.8463,    6.4783,    6.4054,    6.2116,    5.7380,    5.3816,    4.7246,    4.3467,    4.1782,    3.6623,    2.8136,    2.6135,    2.0152,    1.8017,    1.3740,    1.3117,    0.8846,    0.6422,    0.5190,    0.2084,    0.1838,    0.1305,    0.0453,    0.0368,    0.0091,    0.0344,    0.0727,    0.1203,    0.1739,    0.2308,    0.2886,    0.2696,    0.2394,    0.7636,    1.3193,    1.5352,    0.6328,    0.5900,    0.7316,    1.5762,    1.3817,    1.6709,    1.7934,    1.4079,    1.1441,    1.0009,    0.7767,    0.7610,    0.2454,    0.2636,    0.3078,    0.3844,    0.4857,    0.5807,    0.8634,    0.8836,    0.9498,    1.0746,    1.1069,    1.2152,    0.9406,    0.9385,    0.9358,    0.9253,    0.9174,    0.9149,    0.8973,    0.8863,    0.8739,    0.8594,    0.8398,    0.8135,    0.7902,    0.6961,    0.7431,    0.5629,    0.5629,    0.5567,    0.5079,    0.3803,    0.3352,    0.2784,    0.2466,    0.2335,    0.5996,    0.5748,    0.5144,    0.4811,    0.4518,    0.4130,    0.3983,    0.3802,    0.4187,    0.4017,    0.4564,    0.4288,    0.7303,    0.6534,    0.6044,    0.4951,    0.3757,    0.3207,    0.2282,    0.2055,    0.1637,    0.1494,    0.1326,    0.1205,    0.2479,    0.2089,    0.1307,    0.0834,    0.0637,    0.0390,    0.0265,    0.0210,    0.0161,    0.0129,    0.0101,    0.0051,    0.0162,    0.0000,    0.0422,    0.0818,    0.0926,    0.0846,    0.0950,    0.1060,    0.0944,    0.1300,    0.1149,    0.1299,    0.1426,    0.1158,    0.1672,    0.1826,    0.1496,    0.0967,    0.0115,    0.0258,    0.1261,    0.1511,    0.2477,    0.2600,    0.3219,    0.3442,    0.3563,    0.3786,    0.3894,    0.3984,    0.3708,    0.3372,    0.2970,    0.3550,    0.4931,    0.5004,    0.8994,    0.9825,    1.0287,    1.0437,    1.0249,    1.1368,    1.0919,    1.1776,    1.0825,    1.2245,    1.1579,    1.2322,    2.6690,    2.6044,    2.7044,    2.7586,    2.7766,    2.6769,    2.7711,    2.8418,    2.8995,    2.6947,    2.6572,    2.7593,    6.9746,    6.6159,    6.5412,    6.3431,    5.8590,    5.4948,    4.8235,    4.4373,    4.2648,    3.7378,    2.8711,    2.6664,    2.0555,    2.0016,    1.5261,    1.4565,    0.9820,    0.7126,    0.5757,    0.2310,    0.2036,    0.1445,    0.0501,    0.0407
  641,    0.1500,  230.2031,    0.1507,  125.8540,  126.0153,    0.9425,    0.8056,  158.4330,  182.1375,  183.0311,  184.0247,  185.2108,  186.3010,  187.5974,  189.0023,  190.5222,  192.3045,  194.5010,  197.4009,  201.3028,  206.2288,  211.5906,  216.2024,  219.9037,  222.7051,  224.8387,  226.4027,  227.4998,  228.3223,  228.9119,  229.2651,  229.3965,    0.0585,    0.2221,    0.4702,    0.7790,    1.1276,    1.4982,    1.8755,    2.4624,    2.9412,    3.0911,    3.2860,    3.3378,    3.2913,    3.2313,    3.4188,    3.4616,    3.2524,    3.5397,    3.7347,    3.8768,    3.9233,    3.8374,    3.7955,    3.8634,    1.3449,    1.3336,    1.3172,    1.2888,    1.2478,    1.2137,    1.1126,    1.0987,    1.0619,    0.9650,    0.9614,    0.8521,    0.5932,    0.5421,    0.4870,    0.4798,    0.4569,    0.4041,    0.4467,    0.4467,    0.4578,    0.4811,    0.5208,    0.5582,    0.6367,    0.6628,    0.5936,    0.6767,    0.6680,    0.6522,    0.6485,    0.6765,    0.6781,    0.6803,    0.6767,    0.6686,    1.8132,    1.7415,    1.6751,    1.6041,    1.5328,    1.4711,    1.3996,    1.3312,    1.2344,    1.1702,    1.0627,    1.0075,    1.4318,    1.3196,    1.1993,    1.1388,    1.0900,    0.9980,    0.9549,    0.8661,    0.8026,    0.7249,    0.6600,    0.5948,    1.4951,    1.0517,    0.7681,    0.5544,    0.3838,    0.2756,    0.1922,    0.1306,    0.0880,    0.0587,    0.0383,    0.0274,    0.0922,    0.0473,    0.0830,    0.0971,    0.1090,    0.1013,    0.1111,    0.1245,    0.1096,    0.1508,    0.1334,    0.1448,    0.1597,    0.1301,    0.1890,    0.2096,    0.1717,    0.1925,    0.2059,    0.2239,    0.2390,    0.1686,    0.2680,    0.2828,    0.3476,    0.3715,    0.3845,    0.4088,    0.4193,    0.4384,    0.4412,    0.4898,    0.5227,    0.5071,    0.5401,    0.5501,    0.9316,    1.0174,    1.0672,    1.1012,    1.1219,    1.2180,    1.1449,    1.2124,    1.1754,    1.2420,    1.1777,    1.2617,    2.7188,    2.6794,    2.7431,    2.7758,    2.8032,    2.6931,    2.7875,    2.8586,    2.9167,    2.7120,    2.6730,    2.7758,    7.0167,    6.6222,    6.5478,    6.3499,    5.8658,    5.5017,    4.8301,    4.4439,    4.2719,    3.7446,    2.8770,    2.6725,    2.0610,    1.8258,    1.3925,    1.3296,    0.8968,    0.6511,    0.5264,    0.2114,    0.1865,    0.1325,    0.0460,    0.0374,    0.0129,    0.0491,    0.1040,    0.1723,    0.2495,    0.3315,    0.4149,    0.4010,    0.3608,    1.1128,    1.8567,    2.1330,    0.9303,    0.8480,    1.0652,    2.2113,    1.9427,    2.3444,    2.5138,    2.0450,    1.6987,    1.4964,    1.1647,    1.1253,    0.3677,    0.3885,    0.4416,    0.5198,    0.6237,    0.7148,    0.9911,    1.0100,    1.0707,    1.1792,    1.2074,    1.2970,    0.9991,    0.9951,    0.9909,    0.9804,    0.9720,    0.9678,    0.9516,    0.9405,    0.9284,    0.9146,    0.8971,    0.8749,    0.8668,    0.7828,    0.8195,    0.6577,    0.6561,    0.6531,    0.6054,    0.4867,    0.4460,    0.3886,    0.3560,    0.3417,    0.8888,    0.8565,    0.7854,    0.7414,    0.7004,    0.6439,    0.6219,    0.5937,    0.6453,    0.6175,    0.6851,    0.6462,    1.0833,    0.9807,    0.9040,    0.7512,    0.5866,    0.5128,    0.3753,    0.3391,    0.2738,    0.2493,    0.2164,    0.1961,    0.4175,    0.3521,    0.2294,    0.1484,    0.1137,    0.0710,    0.0489,    0.0371,    0.0280,    0.0213,    0.0165,    0.0092,    0.0132,    0.0000,    0.0353,    0.0714,    0.0809,    0.0739,    0.0830,    0.0928,    0.0826,    0.1138,    0.1005,    0.1155,    0.1267,    0.1029,    0.1485,    0.1621,    0.1332,    0.0847,    0.0098,    0.0222,    0.1114,    0.1348,    0.2226,    0.2336,    0.2893,    0.3094,    0.3203,    0.3403,    0.3508,    0.3588,    0.3329,    0.3026,    0.2664,    0.3189,    0.4439,    0.4506,    0.8206,    0.8964,    0.9386,    0.9518,    0.9343,    1.0366,    0.9959,    1.0816,    0.9941,    1.1252,    1.0639,    1.1321,    2.4523,    2.3924,    2.4850,    2.5404,    2.5568,    2.4651,    2.5519,    2.6169,    2.6701,    2.4814,    2.4469,    2.5410,    6.4227,    6.0792,    6.0106,    5.8285,    5.3838,    5.0491,    4.4323,    4.0774,    3.9188,    3.4346,    2.6382,    2.4501,    1.8888,    1.8933,    1.4435,    1.3777,    0.9288,    0.6740,    0.5445,    0.2185,    0.1926,    0.1367,    0.0474,    0.0385
  891,    0.2000,  233.3015,    0.1343,  128.3528,  128.4552,    0.9638,    0.7636,  158.4330,  185.9839,  186.9077,  187.9026,  189.1093,  190.2067,  191.4953,  192.9975,  194.5029,  196.2302,  198.4039,  201.2647,  205.0011,  209.8027,  214.9591,  219.6469,  223.5716,  226.5015,  228.7049,  230.2024,  231.1916,  231.8276,  232.2773,  232.6116,  232.7397,    0.0560,    0.2127,    0.4508,    0.7478,    1.0837,    1.4417,    1.8072,    2.4423,    2.9456,    3.0709,    3.2761,    3.3050,    3.2480,    3.1188,    3.3458,    3.4589,    3.1837,    3.5434,    3.7710,    3.9259,    3.9797,    3.8804,    3.8301,    3.9414,    1.3746,    1.3649,    1.3506,    1.3236,    1.2826,    1.2511,    1.1535,    1.1403,    1.1053,    1.0123,    1.0104,    0.9060,    0.6368,    0.5868,    0.5319,    0.5255,    0.5018,    0.4464,    0.4911,    0.4907,    0.5009,    0.5226,    0.5603,    0.5950,    0.6723,    0.6955,    0.6277,    0.7055,    0.6970,    0.6790,    0.6737,    0.6978,    0.6983,    0.6992,    0.6948,    0.6865,    1.8654,    1.7941,    1.7260,    1.6539,    1.5815,    1.5202,    1.4473,    1.3778,    1.2753,    1.2101,    1.0952,    1.0389,    1.4726,    1.3587,    1.2364,    1.1807,    1.1378,    1.0424,    1.0065,    0.9141,    0.8516,    0.7704,    0.7050,    0.6364,    1.6081,    1.1315,    0.8317,    0.6047,    0.4190,    0.3039,    0.2130,    0.1455,    0.0984,    0.0661,    0.0431,    0.0309,    0.0924,    0.0471,    0.0842,    0.0994,    0.1116,    0.1036,    0.1138,    0.1274,    0.1122,    0.1545,    0.1366,    0.1482,    0.1635,    0.1332,    0.1935,    0.2144,    0.1756,    0.1944,    0.2058,    0.2240,    0.2421,    0.1725,    0.2742,    0.2893,    0.3556,    0.3801,    0.3935,    0.4183,    0.4290,    0.4483,    0.4502,    0.4973,    0.5288,    0.5150,    0.5524,    0.5625,    0.9523,    1.0400,    1.0908,    1.1250,    1.1450,    1.2439,    1.1699,    1.2380,    1.1983,    1.2687,    1.2029,    1.2885,    2.7768,    2.7358,    2.8020,    2.8335,    2.8612,    2.7491,    2.8455,    2.9181,    2.9774,    2.7684,    2.7286,    2.8335,    7.1628,    6.7451,    6.6694,    6.4679,    5.9749,    5.6042,    4.9202,    4.5270,    4.3519,    3.8150,    2.9312,    2.7231,    2.1001,    1.8476,    1.4093,    1.3458,    0.9079,    0.6593,    0.5330,    0.2141,    0.1889,    0.1343,    0.0466,    0.0379,    0.0165,    0.0627,    0.1330,    0.2206,    0.3197,    0.4253,    0.5331,    0.5287,    0.4810,    1.4316,    2.3091,    2.6300,    1.2120,    1.0913,    1.3794,    2.7400,    2.4320,    2.9031,    3.0953,    2.5953,    2.1995,    1.9556,    1.5383,    1.4780,    0.4868,    0.5096,    0.5698,    0.6479,    0.7528,    0.8394,    1.1080,    1.1248,    1.1808,    1.2779,    1.3026,    1.3809,    1.0616,    1.0565,    1.0513,    1.0407,    1.0319,    1.0264,    1.0113,    1.0002,    0.9882,    0.9748,    0.9583,    0.9378,    0.9397,    0.8629,    0.8933,    0.7446,    0.7414,    0.7406,    0.6948,    0.5841,    0.5473,    0.4903,    0.4576,    0.4423,    1.1588,    1.1195,    1.0394,    0.9862,    0.9350,    0.8639,    0.8349,    0.7975,    0.8563,    0.8188,    0.8913,    0.8429,    1.3910,    1.2671,    1.1678,    0.9850,    0.7873,    0.6969,    0.5223,    0.4734,    0.3867,    0.3521,    0.3036,    0.2752,    0.5987,    0.5039,    0.3361,    0.2201,    0.1692,    0.1073,    0.0745,    0.0557,    0.0416,    0.0311,    0.0240,    0.0142,    0.0109,    0.0000,    0.0296,    0.0624,    0.0706,    0.0646,    0.0725,    0.0812,    0.0722,    0.0995,    0.0880,    0.1026,    0.1126,    0.0914,    0.1319,    0.1440,    0.1187,    0.0745,    0.0084,    0.0193,    0.0985,    0.1203,    0.2001,    0.2100,    0.2600,    0.2781,    0.2879,    0.3059,    0.3160,    0.3232,    0.2991,    0.2719,    0.2392,    0.2867,    0.3996,    0.4058,    0.7487,    0.8179,    0.8564,    0.8682,    0.8519,    0.9454,    0.9085,    0.9935,    0.9131,    1.0339,    0.9776,    1.0401,    2.2533,    2.1979,    2.2834,    2.3394,    2.3545,    2.2700,    2.3500,    2.4099,    2.4588,    2.2851,    2.2533,    2.3399,    5.9146,    5.5863,    5.5233,    5.3560,    4.9473,    4.6397,    4.0729,    3.7468,    3.6011,    3.1561,    2.4243,    2.2515,    1.7357,    1.7910,    1.3655,    1.3033,    0.8787,    0.6376,    0.5151,    0.2067,    0.1822,    0.1293,    0.0448,    0.0364
 1184,    0.3000,  238.5010,    0.1083,  132.3071,  132.3100,    0.9894,    0.9864,  158.4330,  191.2743,  192.2237,  193.2641,  194.4050,  195.5150,  196.8108,  198.2985,  199.8010,  201.5210,  203.6998,  206.3990,  210.0686,  214.6967,  219.9000,  225.0008,  229.3356,  232.6023,  234.9023,  236.3974,  237.1930,  237.6573,  237.9017,  238.0843,  238.2157,    0.0515,    0.1958,    0.4157,    0.6908,    1.0030,    1.3371,    1.6795,    2.3954,    2.9365,    3.0455,    3.2831,    3.2904,    3.1702,    2.9037,    3.2181,    3.4831,    3.1153,    3.5785,    3.8429,    4.0123,    4.0746,    3.9538,    3.8796,    4.0597,    1.4197,    1.4129,    1.4025,    1.3778,    1.3365,    1.3089,    1.2157,    1.2028,    1.1705,    1.0824,    1.0828,    0.9847,    0.6998,    0.6509,    0.5960,    0.5905,    0.5659,    0.5076,    0.5545,    0.5535,    0.5626,    0.5822,    0.6178,    0.6491,    0.7253,    0.7448,    0.6784,    0.7493,    0.7411,    0.7200,    0.7126,    0.7318,    0.7310,    0.7300,    0.7246,    0.7158,    1.9500,    1.8790,    1.8083,    1.7344,    1.6603,    1.5992,    1.5242,    1.4527,    1.3416,    1.2746,    1.1490,    1.0909,    1.5415,    1.4243,    1.2983,    1.2486,    1.2140,    1.1132,    1.0890,    0.9910,    0.9306,    0.8439,    0.7783,    0.7045,    1.7944,    1.2625,    0.9370,    0.6893,    0.4782,    0.3521,    0.2487,    0.1712,    0.1163,    0.0790,    0.0514,    0.0369,    0.0926,    0.0469,    0.0856,    0.1026,    0.1152,    0.1069,    0.1175,    0.1315,    0.1159,    0.1595,    0.1411,    0.1532,    0.1690,    0.1376,    0.1999,    0.2214,    0.1812,    0.1972,    0.2055,    0.2239,    0.2463,    0.1783,    0.2834,    0.2990,    0.3677,    0.3930,    0.4068,    0.4325,    0.4436,    0.4631,    0.4636,    0.5083,    0.5379,    0.5267,    0.5707,    0.5811,    0.9844,    1.0751,    1.1275,    1.1620,    1.1808,    1.2839,    1.2087,    1.2784,    1.2344,    1.3108,    1.2427,    1.3308,    2.8686,    2.8252,    2.8951,    2.9254,    2.9536,    2.8382,    2.9378,    3.0128,    3.0740,    2.8582,    2.8172,    2.9255,    7.3954,    6.9395,    6.8618,    6.6547,    6.1477,    5.7665,    5.0630,    4.6586,    4.4787,    3.9265,    3.0171,    2.8032,    2.1622,    1.8851,    1.4382,    1.3736,    0.9269,    0.6733,    0.5445,    0.2188,    0.1931,    0.1373,    0.0477,    0.0389,    0.0228,    0.0866,    0.1839,    0.3056,    0.4438,    0.5916,    0.7431,    0.7704,    0.7146,    1.9885,    3.0188,    3.3973,    1.7250,    1.5241,    1.9451,    3.5588,    3.2345,    3.7657,    3.9686,    3.4946,    3.0659,    2.7752,    2.2358,    2.1460,    0.7142,    0.7399,    0.8102,    0.8848,    0.9871,    1.0631,    1.3099,    1.3228,    1.3692,    1.4461,    1.4648,    1.5244,    1.1687,    1.1617,    1.1544,    1.1438,    1.1344,    1.1265,    1.1134,    1.1024,    1.0909,    1.0784,    1.0638,    1.0462,    1.0636,    0.9993,    1.0194,    0.8949,    0.8893,    0.8904,    0.8492,    0.7546,    0.7247,    0.6710,    0.6394,    0.6230,    1.6464,    1.5945,    1.5014,    1.4330,    1.3653,    1.2722,    1.2301,    1.1767,    1.2372,    1.1836,    1.2499,    1.1866,    1.9089,    1.7523,    1.6175,    1.4001,    1.1608,    1.0426,    0.8138,    0.7409,    0.6174,    0.5631,    0.4858,    0.4411,    0.9883,    0.8275,    0.5691,    0.3809,    0.2936,    0.1910,    0.1343,    0.0994,    0.0738,    0.0542,    0.0415,    0.0262,    0.0073,    0.0000,    0.0208,    0.0476,    0.0539,    0.0493,    0.0553,    0.0622,    0.0553,    0.0762,    0.0674,    0.0810,    0.0889,    0.0722,    0.1041,    0.1136,    0.0942,    0.0580,    0.0062,    0.0147,    0.0772,    0.0958,    0.1617,    0.1696,    0.2101,    0.2247,    0.2326,    0.2472,    0.2565,    0.2622,    0.2418,    0.2198,    0.1931,    0.2320,    0.3240,    0.3293,    0.6233,    0.6808,    0.7129,    0.7224,    0.7085,    0.7865,    0.7560,    0.8385,    0.7705,    0.8730,    0.8254,    0.8781,    1.9025,    1.8553,    1.9281,    1.9839,    1.9967,    1.9251,    1.9929,    2.0437,    2.0852,    1.9379,    1.9110,    1.9844,    5.0159,    4.7181,    4.6649,    4.5236,    4.1784,    3.9187,    3.4400,    3.1645,    3.0415,    2.6657,    2.0476,    1.9016,    1.4660,    1.6031,    1.2223,    1.1666,    0.7865,    0.5708,    0.4611,    0.1851,    0.1631,    0.1158,    0.0401,    0.0326
 1367,    0.4000,  242.6015,    0.0893,  135.2898,  135.1166,    0.9107,    0.7515,  158.4330,  194.9339,  195.9186,  196.9619,  198.0216,  199.1102,  200.4108,  201.8328,  203.3017,  205.0043,  207.0996,  209.8048,  213.4994,  218.2049,  223.6987,  229.2010,  233.9070,  237.3097,  239.6997,  241.1094,  241.8180,  242.2068,  242.3475,  242.3989,  242.4417,    0.0476,    0.1812,    0.3853,    0.6412,    0.9325,    1.2451,    1.5665,    2.3485,    2.9167,    3.0359,    3.3035,    3.3034,    3.1104,    2.7117,    3.1198,    3.5179,    3.0974,    3.6205,    3.9013,    4.0815,    4.1507,    4.0170,    3.9198,    4.1497,    1.4538,    1.4494,    1.4420,    1.4189,    1.3772,    1.3519,    1.2609,    1.2478,    1.2172,    1.1322,    1.1340,    1.0400,    0.7439,    0.6958,    0.6408,    0.6358,    0.6108,    0.5512,    0.5988,    0.5975,    0.6056,    0.6240,    0.6582,    0.6872,    0.7627,    0.7799,    0.7145,    0.7810,    0.7728,    0.7496,    0.7410,    0.7574,    0.7559,    0.7537,    0.7477,    0.7386,    2.0150,    1.9435,    1.8710,    1.7958,    1.7203,    1.6595,    1.5827,    1.5098,    1.3915,    1.3231,    1.1892,    1.1297,    1.5928,    1.4727,    1.3440,    1.2982,    1.2701,    1.1654,    1.1512,    1.0492,    0.9913,    0.9005,    0.8355,    0.7576,    1.9426,    1.3651,    1.0205,    0.7578,    0.5257,    0.3918,    0.2783,    0.1926,    0.1313,    0.0897,    0.0583,    0.0420,    0.0927,    0.0467,    0.0863,    0.1045,    0.1174,    0.1089,    0.1198,    0.1340,    0.1181,    0.1626,    0.1438,    0.1564,    0.1725,    0.1405,    0.2040,    0.2258,    0.1849,    0.1988,    0.2053,    0.2239,    0.2490,    0.1821,    0.2896,    0.3055,    0.3758,    0.4017,    0.4158,    0.4420,    0.4535,    0.4732,    0.4725,    0.5157,    0.5439,    0.5346,    0.5831,    0.5937,    1.0072,    1.1000,    1.1535,    1.1883,    1.2061,    1.3123,    1.2363,    1.3078,    1.2607,    1.3416,    1.2718,    1.3616,    2.9354,    2.8902,    2.9630,    2.9929,    3.0214,    2.9037,    3.0056,    3.0823,    3.1450,    2.9241,    2.8823,    2.9931,    7.5663,    7.0812,    7.0020,    6.7908,    6.2737,    5.8848,    5.1671,    4.7547,    4.5713,    4.0079,    3.0800,    2.8618,    2.2077,    1.9157,    1.4618,    1.3965,    0.9425,    0.6848,    0.5540,    0.2227,    0.1966,    0.1399,    0.0486,    0.0396,    0.0281,    0.1069,    0.2273,    0.3783,    0.5501,    0.7345,    0.9241,    0.9938,    0.9372,    2.4509,    3.5326,    3.9447,    2.1772,    1.8977,    2.4388,    4.1445,    3.8569,    4.3811,    4.5724,    4.1769,    3.7695,    3.4681,    2.8619,    2.7542,    0.9233,    0.9505,    1.0261,    1.0945,    1.1902,    1.2554,    1.4760,    1.4855,    1.5228,    1.5833,    1.5963,    1.6413,    1.2567,    1.2490,    1.2410,    1.2304,    1.2207,    1.2119,    1.1996,    1.1885,    1.1770,    1.1647,    1.1510,    1.1349,    1.1638,    1.1099,    1.1225,    1.0187,    1.0111,    1.0124,    0.9758,    0.8961,    0.8714,    0.8225,    0.7928,    0.7760,    2.0623,    1.9995,    1.8981,    1.8182,    1.7382,    1.6307,    1.5770,    1.5107,    1.5616,    1.4952,    1.5439,    1.4699,    2.3219,    2.1419,    1.9812,    1.7482,    1.4896,    1.3498,    1.0884,    0.9943,    0.8425,    0.7700,    0.6680,    0.6079,    1.3911,    1.1577,    0.8128,    0.5538,    0.4273,    0.2838,    0.2016,    0.1486,    0.1103,    0.0804,    0.0613,    0.0402,    0.0050,    0.0000,    0.0147,    0.0363,    0.0412,    0.0376,    0.0422,    0.0476,    0.0424,    0.0584,    0.0516,    0.0640,    0.0702,    0.0570,    0.0822,    0.0897,    0.0749,    0.0454,    0.0047,    0.0113,    0.0608,    0.0763,    0.1306,    0.1370,    0.1698,    0.1816,    0.1880,    0.1998,    0.2083,    0.2128,    0.1956,    0.1778,    0.1561,    0.1879,    0.2628,    0.2673,    0.5189,    0.5668,    0.5935,    0.6012,    0.5894,    0.6545,    0.6293,    0.7077,    0.6503,    0.7372,    0.6969,    0.7414,    1.6065,    1.5663,    1.6281,    1.6827,    1.6934,    1.6328,    1.6903,    1.7334,    1.7686,    1.6437,    1.6208,    1.6831,    4.2543,    3.9861,    3.9411,    3.8218,    3.5302,    3.3108,    2.9063,    2.6737,    2.5697,    2.2522,    1.7300,    1.6067,    1.2386,    1.4354,    1.0944,    1.0446,    0.7043,    0.5111,    0.4130,    0.1657,    0.1461,    0.1037,    0.0360,    0.0292
 1505,    0.5000,  245.8649,    0.0755,  137.3389,  137.1635,    0.9857,    0.9707,  158.4330,  197.7083,  198.6987,  199.7173,  200.6893,  201.7898,  202.9924,  204.4097,  205.8389,  207.5051,  209.6017,  212.3081,  216.0964,  220.9411,  226.8025,  232.7287,  237.7023,  241.1990,  243.5051,  244.9028,  245.5110,  245.7986,  245.8412,  245.8520,  245.8324,    0.0442,    0.1684,    0.3583,    0.5970,    0.8691,    1.1618,    1.4634,    2.3001,    2.8859,    3.0323,    3.3235,    3.3211,    3.0601,    2.5331,    3.0385,    3.5482,    3.0979,    3.6557,    3.9447,    4.1319,    4.2061,    4.0641,    3.9454,    4.2108,    1.4769,    1.4744,    1.4696,    1.4479,    1.4062,    1.3828,    1.2941,    1.2806,    1.2514,    1.1693,    1.1722,    1.0822,    0.7779,    0.7302,    0.6750,    0.6704,    0.6451,    0.5843,    0.6325,    0.6311,    0.6387,    0.6562,    0.6892,    0.7163,    0.7908,    0.8059,    0.7417,    0.8042,    0.7961,    0.7712,    0.7620,    0.7760,    0.7739,    0.7708,    0.7643,    0.7550,    2.0613,    1.9894,    1.9153,    1.8392,    1.7626,    1.7021,    1.6239,    1.5500,    1.4266,    1.3573,    1.2178,    1.1573,    1.6301,    1.5078,    1.3772,    1.3335,    1.3093,    1.2017,    1.1947,    1.0899,    1.0342,    0.9405,    0.8764,    0.7957,    2.0498,    1.4387,    1.0808,    0.8079,    0.5603,    0.4212,    0.3003,    0.2087,    0.1424,    0.0979,    0.0636,    0.0458,    0.0926,    0.0465,    0.0866,    0.1056,    0.1187,    0.1101,    0.1211,    0.1355,    0.1195,    0.1645,    0.1454,    0.1585,    0.1748,    0.1423,    0.2066,    0.2287,    0.1873,    0.1998,    0.2051,    0.2237,    0.2507,    0.1846,    0.2938,    0.3098,    0.3812,    0.4075,    0.4218,    0.4484,    0.4602,    0.4800,    0.4786,    0.5206,    0.5479,    0.5398,    0.5915,    0.6022,    1.0234,    1.1177,    1.1720,    1.2069,    1.2240,    1.3324,    1.2558,    1.3292,    1.2798,    1.3640,    1.2929,    1.3841,    2.9842,    2.9376,    3.0125,    3.0424,    3.0712,    2.9519,    3.0555,    3.1335,    3.1971,    2.9726,    2.9301,    3.0428,    7.6919,    7.1845,    7.1043,    6.8901,    6.3655,    5.9712,    5.2431,    4.8248,    4.6390,    4.0675,    3.1259,    2.9047,    2.2410,    1.9407,    1.4811,    1.4151,    0.9553,    0.6942,    0.5618,    0.2259,    0.1995,    0.1420,    0.0494,    0.0402,    0.0326,    0.1242,    0.2642,    0.4402,    0.6409,    0.8567,    1.0791,    1.1976,    1.1461,    2.8312,    3.9051,    4.3368,    2.5707,    2.2159,    2.8649,    4.5658,    4.3371,    4.8237,    4.9987,    4.6926,    4.3327,    4.0428,    3.4110,    3.2951,    1.1109,    1.1383,    1.2157,    1.2768,    1.3639,    1.4188,    1.6123,    1.6187,    1.6479,    1.6943,    1.7029,    1.7361,    1.3280,    1.3193,    1.3101,    1.2996,    1.2895,    1.2791,    1.2683,    1.2574,    1.2463,    1.2346,    1.2219,    1.2072,    1.2451,    1.1995,    1.2060,    1.1199,    1.1109,    1.1112,    1.0788,    1.0119,    0.9909,    0.9471,    0.9196,    0.9028,    2.4088,    2.3369,    2.2302,    2.1417,    2.0527,    1.9365,    1.8725,    1.7961,    1.8313,    1.7551,    1.7820,    1.7002,    2.6516,    2.4547,    2.2748,    2.0357,    1.7704,    1.6141,    1.3363,    1.2241,    1.0518,    0.9629,    0.8411,    0.7669,    1.7843,    1.4756,    1.0521,    0.7277,    0.5615,    0.3792,    0.2715,    0.2000,    0.1484,    0.1079,    0.0820,    0.0550,    0.0034,    0.0000,    0.0103,    0.0277,    0.0314,    0.0287,    0.0322,    0.0365,    0.0325,    0.0447,    0.0395,    0.0506,    0.0555,    0.0450,    0.0649,    0.0708,    0.0596,    0.0356,    0.0036,    0.0087,    0.0479,    0.0608,    0.1056,    0.1107,    0.1372,    0.1468,    0.1520,    0.1615,    0.1691,    0.1727,    0.1584,    0.1440,    0.1263,    0.1522,    0.2133,    0.2170,    0.4321,    0.4719,    0.4942,    0.5005,    0.4905,    0.5448,    0.5239,    0.5975,    0.5490,    0.6225,    0.5886,    0.6261,    1.3566,    1.3225,    1.3750,    1.4274,    1.4365,    1.3850,    1.4338,    1.4704,    1.5003,    1.3943,    1.3749,    1.4277,    3.6088,    3.3690,    3.3310,    3.2302,    2.9837,    2.7983,    2.4565,    2.2598,    2.1720,    1.9036,    1.4623,    1.3581,    1.0470,    1.2857,    0.9803,    0.9357,    0.6309,    0.4579,    0.3700,    0.1485,    0.1309,    0.0929,    0.0322,    0.0262
 1834,    0.7500,  251.6038,    0.0551,  140.5589,  140.1857,    0.9292,    0.7532,  158.4330,  202.2255,  203.2330,  204.2084,  205.0896,  206.0263,  207.1984,  208.4930,  209.8956,  211.5096,  213.7155,  216.7045,  220.8057,  226.2049,  232.8943,  239.6016,  244.8471,  248.2095,  250.3046,  251.4159,  251.8182,  251.9515,  251.9366,  251.8895,  251.7996,    0.0374,    0.1427,    0.3042,    0.5077,    0.7406,    0.9920,    1.2522,    2.1979,    2.8039,    3.0416,    3.3635,    3.3611,    2.9850,    2.1648,    2.9115,    3.6038,    3.1265,    3.7183,    4.0162,    4.2146,    4.2987,    4.1500,    3.9978,    4.3139,    1.5154,    1.5160,    1.5154,    1.4959,    1.4544,    1.4341,    1.3492,    1.3346,    1.3079,    1.2314,    1.2366,    1.1550,    0.8367,    0.7898,    0.7334,    0.7293,    0.7034,    0.6407,    0.6899,    0.6883,    0.6951,    0.7115,    0.7427,    0.7662,    0.8381,    0.8492,    0.7876,    0.8423,    0.8343,    0.8069,    0.7966,    0.8067,    0.8036,    0.7991,    0.7917,    0.7820,    2.1366,    2.0631,    1.9866,    1.9088,    1.8306,    1.7704,    1.6899,    1.6143,    1.4825,    1.4117,    1.2640,    1.2018,    1.6918,    1.5660,    1.4321,    1.3902,    1.3712,    1.2587,    1.2631,    1.1538,    1.1022,    1.0042,    0.9423,    0.8571,    2.2256,    1.5570,    1.1782,    0.8905,    0.6169,    0.4700,    0.3372,    0.2358,    0.1613,    0.1119,    0.0724,    0.0521,    0.0924,    0.0463,    0.0869,    0.1069,    0.1202,    0.1114,    0.1226,    0.1372,    0.1209,    0.1665,    0.1472,    0.1610,    0.1775,    0.1445,    0.2098,    0.2321,    0.1902,    0.2009,    0.2046,    0.2233,    0.2526,    0.1876,    0.2992,    0.3154,    0.3882,    0.4149,    0.4295,    0.4566,    0.4690,    0.4888,    0.4863,    0.5269,    0.5528,    0.5465,    0.6023,    0.6134,    1.0461,    1.1425,    1.1980,    1.2330,    1.2491,    1.3607,    1.2832,    1.3605,    1.3079,    1.3969,    1.3239,    1.4170,    3.0557,    3.0071,    3.0851,    3.1162,    3.1453,    3.0235,    3.1296,    3.2095,    3.2748,    3.0447,    3.0012,    3.1167,    7.8788,    7.3364,    7.2547,    7.0363,    6.5008,    6.0984,    5.3552,    4.9283,    4.7389,    4.1555,    3.1940,    2.9684,    2.2906,    1.9851,    1.5154,    1.4484,    0.9781,    0.7112,    0.5758,    0.2317,    0.2047,    0.1458,    0.0507,    0.0414,    0.0413,    0.1578,    0.3364,    0.5615,    0.8191,    1.0971,    1.3849,    1.6344,    1.6119,    3.5129,    4.4647,    4.9211,    3.3516,    2.8401,    3.7073,    5.2014,    5.1300,    5.4953,    5.6396,    5.5152,    5.2972,    5.0794,    4.4947,    4.3790,    1.4914,    1.5160,    1.5871,    1.6292,    1.6925,    1.7259,    1.8579,    1.8586,    1.8721,    1.8938,    1.8939,    1.9069,    1.4573,    1.4477,    1.4373,    1.4271,    1.4167,    1.4048,    1.3955,    1.3847,    1.3739,    1.3625,    1.3511,    1.3383,    1.3908,    1.3595,    1.3564,    1.3017,    1.2903,    1.2867,    1.2622,    1.2183,    1.2023,    1.1699,    1.1474,    1.1310,    3.0367,    2.9482,    2.8354,    2.7337,    2.6311,    2.5069,    2.4235,    2.3300,    2.3198,    2.2275,    2.2033,    2.1095,    3.2321,    3.0083,    2.7976,    2.5564,    2.2965,    2.1131,    1.8327,    1.6870,    1.4882,    1.3673,    1.2134,    1.1109,    2.6649,    2.1700,    1.5886,    1.1309,    0.8702,    0.6070,    0.4407,    0.3249,    0.2410,    0.1752,    0.1317,    0.0915,    0.0014,    0.0000,    0.0043,    0.0141,    0.0160,    0.0146,    0.0165,    0.0188,    0.0167,    0.0230,    0.0203,    0.0281,    0.0308,    0.0250,    0.0360,    0.0393,    0.0337,    0.0197,    0.0019,    0.0047,    0.0266,    0.0345,    0.0621,    0.0651,    0.0807,    0.0863,    0.0894,    0.0949,    0.1006,    0.1027,    0.0937,    0.0852,    0.0746,    0.0902,    0.1266,    0.1290,    0.2736,    0.2988,    0.3129,    0.3167,    0.3102,    0.3447,    0.3316,    0.3916,    0.3598,    0.4083,    0.3860,    0.4105,    0.8897,    0.8671,    0.9018,    0.9468,    0.9528,    0.9187,    0.9510,    0.9753,    0.9951,    0.9248,    0.9119,    0.9470,    2.3937,    2.2169,    2.1919,    2.1256,    1.9634,    1.8414,    1.6165,    1.4871,    1.4294,    1.2528,    0.9624,    0.8938,    0.6891,    0.9778,    0.7457,    0.7118,    0.4800,    0.3484,    0.2815,    0.1130,    0.0996,    0.0707,    0.0245,    0.0199
 2071,    1.0000,  254.9536,    0.0457,  142.0013,  141.5805,    0.9740,    0.9777,  158.4330,  205.0379,  206.0252,  206.9391,  207.7101,  208.5954,  209.7031,  210.8941,  212.3104,  214.0229,  216.4036,  219.6117,  224.2079,  230.2068,  237.4978,  244.5024,  249.6940,  252.7383,  254.4365,  255.2004,  255.5160,  255.5275,  255.5147,  255.3694,  255.2860,    0.0322,    0.1233,    0.2631,    0.4395,    0.6418,    0.8606,    1.0876,    2.1186,    2.7241,    3.0533,    3.3859,    3.3844,    2.9479,    1.8743,    2.8451,    3.6341,    3.1502,    3.7522,    4.0549,    4.2568,    4.3458,    4.1965,    4.0289,    4.3666,    1.5348,    1.5369,    1.5387,    1.5208,    1.4797,    1.4613,    1.3801,    1.3643,    1.3394,    1.2677,    1.2742,    1.2002,    0.8746,    0.8287,    0.7716,    0.7681,    0.7416,    0.6770,    0.7274,    0.7259,    0.7321,    0.7475,    0.7767,    0.7971,    0.8661,    0.8740,    0.8152,    0.8634,    0.8554,    0.8266,    0.8158,    0.8231,    0.8192,    0.8136,    0.8056,    0.7957,    2.1744,    2.1000,    2.0220,    1.9432,    1.8640,    1.8040,    1.7223,    1.6459,    1.5104,    1.4390,    1.2882,    1.2252,    1.7261,    1.5982,    1.4626,    1.4202,    1.4021,    1.2869,    1.2957,    1.1844,    1.1347,    1.0347,    0.9743,    0.8870,    2.3119,    1.6141,    1.2252,    0.9309,    0.6443,    0.4942,    0.3555,    0.2494,    0.1707,    0.1190,    0.0769,    0.0553,    0.0922,    0.0461,    0.0869,    0.1073,    0.1206,    0.1117,    0.1230,    0.1377,    0.1214,    0.1671,    0.1478,    0.1618,    0.1784,    0.1452,    0.2108,    0.2332,    0.1912,    0.2012,    0.2042,    0.2229,    0.2531,    0.1887,    0.3012,    0.3175,    0.3908,    0.4177,    0.4324,    0.4596,    0.4723,    0.4921,    0.4892,    0.5292,    0.5545,    0.5490,    0.6064,    0.6175,    1.0558,    1.1531,    1.2091,    1.2441,    1.2597,    1.3727,    1.2949,    1.3747,    1.3205,    1.4118,    1.3380,    1.4320,    3.0882,    3.0386,    3.1181,    3.1504,    3.1796,    3.0566,    3.1640,    3.2447,    3.3107,    3.0781,    3.0342,    3.1510,    7.9655,    7.4056,    7.3232,    7.1029,    6.5626,    6.1566,    5.4065,    4.9759,    4.7849,    4.1962,    3.2255,    2.9980,    2.3137,    2.0121,    1.5363,    1.4688,    0.9922,    0.7216,    0.5845,    0.2353,    0.2080,    0.1482,    0.0516,    0.0421,    0.0475,    0.1817,    0.3879,    0.6480,    0.9463,    1.2689,    1.6036,    1.9798,    1.9994,    3.9236,    4.7365,    5.2036,    3.8992,    3.2781,    4.2979,    5.5171,    5.5571,    5.8333,    5.9656,    5.9464,    5.8407,    5.7013,    5.2304,    5.1297,    1.7592,    1.7783,    1.8361,    1.8619,    1.9036,    1.9217,    2.0062,    2.0033,    2.0064,    2.0129,    2.0078,    2.0083,    1.5339,    1.5236,    1.5124,    1.5024,    1.4918,    1.4789,    1.4706,    1.4600,    1.4494,    1.4384,    1.4281,    1.4165,    1.4776,    1.4547,    1.4457,    1.4105,    1.3979,    1.3906,    1.3707,    1.3404,    1.3263,    1.3017,    1.2827,    1.2671,    3.4139,    3.3152,    3.2010,    3.0929,    2.9839,    2.8603,    2.7643,    2.6615,    2.6135,    2.5125,    2.4522,    2.3524,    3.5760,    3.3379,    3.1105,    2.8714,    2.6236,    2.4260,    2.1642,    1.9978,    1.7936,    1.6517,    1.4842,    1.3624,    3.3369,    2.6802,    1.9941,    1.4484,    1.1095,    0.7914,    0.5795,    0.4276,    0.3167,    0.2305,    0.1718,    0.1216,    0.0006,    0.0000,    0.0018,    0.0072,    0.0082,    0.0075,    0.0084,    0.0097,    0.0086,    0.0119,    0.0105,    0.0156,    0.0171,    0.0139,    0.0200,    0.0218,    0.0191,    0.0110,    0.0010,    0.0026,    0.0150,    0.0196,    0.0366,    0.0383,    0.0475,    0.0508,    0.0526,    0.0559,    0.0599,    0.0611,    0.0556,    0.0506,    0.0443,    0.0536,    0.0754,    0.0768,    0.1734,    0.1894,    0.1984,    0.2007,    0.1965,    0.2184,    0.2102,    0.2570,    0.2361,    0.2681,    0.2534,    0.2695,    0.5842,    0.5692,    0.5921,    0.6288,    0.6328,    0.6102,    0.6317,    0.6478,    0.6609,    0.6143,    0.6057,    0.6290,    1.5899,    1.4634,    1.4469,    1.4031,    1.2961,    1.2156,    1.0671,    0.9817,    0.9436,    0.8271,    0.6354,    0.5901,    0.4550,    0.7455,    0.5686,    0.5428,    0.3660,    0.2657,    0.2147,    0.0862,    0.0760,    0.0540,    0.0187,    0.0152
 2334,    1.2500,  257.0069,    0.0413,  142.7315,  142.2336,    0.9631,    0.8278,  158.4330,  206.9211,  207.8656,  208.7268,  209.4805,  210.2993,  211.3112,  212.5792,  214.0111,  215.7980,  218.3262,  221.9178,  226.9655,  233.4933,  241.1174,  248.2160,  253.0973,  255.7060,  257.0449,  257.5780,  257.7034,  257.6966,  257.6172,  257.4759,  257.6127,    0.0283,    0.1083,    0.2313,    0.3867,    0.5651,    0.7582,    0.9589,    2.0628,    2.6599,    3.0629,    3.3993,    3.3986,    2.9330,    1.6471,    2.8143,    3.6524,    3.1658,    3.7728,    4.0791,    4.2814,    4.3723,    4.2235,    4.0507,    4.3983,    1.5463,    1.5493,    1.5522,    1.5353,    1.4947,    1.4775,    1.3991,    1.3822,    1.3588,    1.2914,    1.2985,    1.2311,    0.9013,    0.8566,    0.7994,    0.7964,    0.7695,    0.7033,    0.7548,    0.7533,    0.7589,    0.7732,    0.8004,    0.8179,    0.8843,    0.8897,    0.8336,    0.8763,    0.8683,    0.8387,    0.8276,    0.8327,    0.8284,    0.8220,    0.8136,    0.8035,    2.1957,    2.1208,    2.0417,    1.9624,    1.8826,    1.8225,    1.7401,    1.6634,    1.5264,    1.4545,    1.3030,    1.2393,    1.7481,    1.6189,    1.4821,    1.4386,    1.4198,    1.3030,    1.3131,    1.2007,    1.1519,    1.0508,    0.9914,    0.9030,    2.3581,    1.6443,    1.2497,    0.9523,    0.6587,    0.5069,    0.3651,    0.2566,    0.1758,    0.1229,    0.0794,    0.0570,    0.0920,    0.0460,    0.0869,    0.1074,    0.1207,    0.1118,    0.1231,    0.1378,    0.1215,    0.1673,    0.1479,    0.1621,    0.1787,    0.1455,    0.2112,    0.2336,    0.1915,    0.2012,    0.2039,    0.2226,    0.2532,    0.1890,    0.3019,    0.3183,    0.3917,    0.4187,    0.4334,    0.4608,    0.4735,    0.4934,    0.4902,    0.5299,    0.5550,    0.5498,    0.6080,    0.6191,    1.0599,    1.1576,    1.2138,    1.2488,    1.2642,    1.3777,    1.2998,    1.3812,    1.3262,    1.4185,    1.3444,    1.4388,    3.1029,    3.0529,    3.1331,    3.1662,    3.1956,    3.0720,    3.1799,    3.2611,    3.3274,    3.0936,    3.0495,    3.1669,    8.0058,    7.4372,    7.3546,    7.1335,    6.5910,    6.1835,    5.4303,    4.9979,    4.8063,    4.2152,    3.2403,    3.0120,    2.3248,    2.0286,    1.5492,    1.4814,    1.0009,    0.7282,    0.5900,    0.2376,    0.2101,    0.1498,    0.0522,    0.0426,    0.0522,    0.1996,    0.4262,    0.7125,    1.0412,    1.3971,    1.7668,    2.2553,    2.3219,    4.1709,    4.8786,    5.3527,    4.2838,    3.5999,    4.7169,    5.6885,    5.7954,    6.0196,    6.1487,    6.1846,    6.1511,    6.0732,    5.7226,    5.6399,    1.9440,    1.9574,    2.0008,    2.0148,    2.0402,    2.0479,    2.0990,    2.0936,    2.0902,    2.0873,    2.0792,    2.0725,    1.5825,    1.5718,    1.5600,    1.5502,    1.5395,    1.5261,    1.5183,    1.5079,    1.4975,    1.4868,    1.4770,    1.4661,    1.5323,    1.5141,    1.5018,    1.4776,    1.4645,    1.4545,    1.4372,    1.4146,    1.4009,    1.3810,    1.3640,    1.3488,    3.6409,    3.5360,    3.4215,    3.3100,    3.1978,    3.0765,    2.9728,    2.8648,    2.7907,    2.6850,    2.6027,    2.4995,    3.7859,    3.5393,    3.3023,    3.0645,    2.8255,    2.6196,    2.3768,    2.1980,    1.9963,    1.8411,    1.6695,    1.5351,    3.8155,    3.0303,    2.2781,    1.6783,    1.2800,    0.9273,    0.6827,    0.5041,    0.3728,    0.2716,    0.2010,    0.1437,    0.0002,    0.0000,    0.0008,    0.0037,    0.0042,    0.0038,    0.0043,    0.0050,    0.0045,    0.0061,    0.0054,    0.0087,    0.0096,    0.0078,    0.0112,    0.0122,    0.0109,    0.0062,    0.0006,    0.0014,    0.0085,    0.0112,    0.0216,    0.0226,    0.0280,    0.0300,    0.0311,    0.0330,    0.0357,    0.0365,    0.0331,    0.0301,    0.0263,    0.0319,    0.0449,    0.0458,    0.1101,    0.1202,    0.1259,    0.1274,    0.1247,    0.1386,    0.1334,    0.1689,    0.1552,    0.1762,    0.1666,    0.1772,    0.3840,    0.3741,    0.3893,    0.4183,    0.4209,    0.4059,    0.4202,    0.4309,    0.4397,    0.4086,    0.4029,    0.4184,    1.0576,    0.9691,    0.9582,    0.9292,    0.8583,    0.8050,    0.7067,    0.6502,    0.6250,    0.5478,    0.4209,    0.3909,    0.3014,    0.5698,    0.4346,    0.4149,    0.2798,    0.2032,    0.1642,    0.0659,    0.0581,    0.0413,    0.0143,    0.0117
 2570,    1.5000,  258.1912,    0.0392,  143.0697,  142.5448,    0.9876,    0.9783,  158.4330,  208.3393,  209.2465,  210.0521,  210.7381,  211.5490,  212.5301,  213.7877,  215.1989,  217.1895,  219.9095,  223.9017,  229.2967,  236.2163,  244.1035,  251.0915,  255.5049,  257.7063,  258.7088,  258.9169,  258.9264,  258.8976,  258.8129,  258.6271,  258.6288,    0.0252,    0.0964,    0.2059,    0.3443,    0.5033,    0.6756,    0.8546,    2.0230,    2.6082,    3.0691,    3.4075,    3.4073,    2.9268,    1.4625,    2.7994,    3.6639,    3.1753,    3.7859,    4.0949,    4.2964,    4.3876,    4.2390,    4.0641,    4.4162,    1.5528,    1.5562,    1.5597,    1.5437,    1.5035,    1.4872,    1.4114,    1.3936,    1.3713,    1.3074,    1.3148,    1.2531,    0.9208,    0.8774,    0.8204,    0.8180,    0.7907,    0.7230,    0.7757,    0.7741,    0.7790,    0.7923,    0.8176,    0.8326,    0.8966,    0.9002,    0.8464,    0.8846,    0.8765,    0.8465,    0.8353,    0.8386,    0.8340,    0.8271,    0.8183,    0.8081,    2.2082,    2.1329,    2.0531,    1.9735,    1.8933,    1.8331,    1.7504,    1.6734,    1.5360,    1.4639,    1.3123,    1.2483,    1.7627,    1.6326,    1.4951,    1.4504,    1.4306,    1.3126,    1.3228,    1.2097,    1.1611,    1.0595,    1.0005,    0.9115,    2.3824,    1.6605,    1.2626,    0.9634,    0.6662,    0.5135,    0.3701,    0.2605,    0.1785,    0.1250,    0.0807,    0.0579,    0.0919,    0.0459,    0.0868,    0.1074,    0.1207,    0.1119,    0.1232,    0.1379,    0.1215,    0.1673,    0.1479,    0.1622,    0.1788,    0.1456,    0.2113,    0.2337,    0.1917,    0.2011,    0.2037,    0.2224,    0.2531,    0.1891,    0.3022,    0.3186,    0.3921,    0.4191,    0.4338,    0.4612,    0.4740,    0.4939,    0.4906,    0.5302,    0.5551,    0.5500,    0.6085,    0.6197,    1.0616,    1.1595,    1.2158,    1.2508,    1.2661,    1.3798,    1.3019,    1.3841,    1.3287,    1.4216,    1.3473,    1.4418,    3.1096,    3.0594,    3.1399,    3.1736,    3.2029,    3.0792,    3.1873,    3.2687,    3.3352,    3.1009,    3.0567,    3.1743,    8.0246,    7.4518,    7.3691,    7.1477,    6.6042,    6.1959,    5.4414,    5.0083,    4.8165,    4.2242,    3.2474,    3.0188,    2.3301,    2.0387,    1.5572,    1.4892,    1.0064,    0.7323,    0.5935,    0.2390,    0.2115,    0.1508,    0.0526,    0.0430,    0.0557,    0.2131,    0.4551,    0.7611,    1.1126,    1.4934,    1.8893,    2.4732,    2.5879,    4.3155,    4.9518,    5.4298,    4.5473,    3.8344,    5.0064,    5.7786,    5.9227,    6.1182,    6.2463,    6.3119,    6.3218,    6.2863,    6.0384,    5.9731,    2.0665,    2.0749,    2.1053,    2.1110,    2.1242,    2.1250,    2.1524,    2.1452,    2.1376,    2.1287,    2.1185,    2.1066,    1.6083,    1.5975,    1.5857,    1.5760,    1.5653,    1.5518,    1.5442,    1.5337,    1.5233,    1.5125,    1.5030,    1.4925,    1.5619,    1.5467,    1.5323,    1.5152,    1.5018,    1.4899,    1.4742,    1.4562,    1.4425,    1.4254,    1.4098,    1.3948,    3.7691,    3.6604,    3.5462,    3.4330,    3.3192,    3.2004,    3.0919,    2.9812,    2.8901,    2.7819,    2.6860,    2.5809,    3.9010,    3.6500,    3.4079,    3.1718,    2.9398,    2.7294,    2.5026,    2.3166,    2.1203,    1.9573,    1.7864,    1.6443,    4.1293,    3.2497,    2.4592,    1.8298,    1.3898,    1.0180,    0.7519,    0.5552,    0.4097,    0.2988,    0.2197,    0.1580,    0.0001,    0.0000,    0.0003,    0.0019,    0.0022,    0.0020,    0.0022,    0.0026,    0.0023,    0.0032,    0.0028,    0.0049,    0.0053,    0.0043,    0.0062,    0.0068,    0.0062,    0.0035,    0.0003,    0.0008,    0.0048,    0.0064,    0.0128,    0.0134,    0.0166,    0.0177,    0.0184,    0.0195,    0.0214,    0.0218,    0.0198,    0.0180,    0.0157,    0.0190,    0.0268,    0.0274,    0.0700,    0.0765,    0.0801,    0.0810,    0.0792,    0.0881,    0.0848,    0.1112,    0.1021,    0.1160,    0.1097,    0.1166,    0.2528,    0.2463,    0.2563,    0.2787,    0.2805,    0.2704,    0.2800,    0.2871,    0.2929,    0.2723,    0.2685,    0.2788,    0.7047,    0.6439,    0.6366,    0.6174,    0.5703,    0.5349,    0.4696,    0.4320,    0.4153,    0.3640,    0.2797,    0.2598,    0.2003,    0.4366,    0.3330,    0.3179,    0.2145,    0.1557,    0.1259,    0.0505,    0.0446,    0.0317,    0.0110,    0.0089
 2771,    1.7500,  258.8080,    0.0382,  143.2596,  142.6967,    0.9876,    0.8390,  158.4330,  209.4087,  210.2974,  211.0348,  211.6980,  212.5052,  213.4507,  214.6956,  216.2277,  218.3133,  221.2838,  225.4967,  231.3122,  238.5864,  246.6054,  253.2950,  257.2334,  259.0185,  259.6413,  259.7451,  259.6701,  259.5281,  259.4511,  259.3787,  259.3459,    0.0227,    0.0868,    0.1854,    0.3101,    0.4533,    0.6086,    0.7701,    1.9962,    2.5699,    3.0732,    3.4133,    3.4136,    2.9253,    1.3133,    2.7934,    3.6723,    3.1817,    3.7956,    4.1068,    4.3072,    4.3978,    4.2487,    4.0729,    4.4274,    1.5568,    1.5604,    1.5644,    1.5490,    1.5092,    1.4936,    1.4200,    1.4014,    1.3800,    1.3192,    1.3266,    1.2698,    0.9360,    0.8938,    0.8371,    0.8352,    0.8076,    0.7383,    0.7922,    0.7905,    0.7950,    0.8074,    0.8309,    0.8438,    0.9058,    0.9078,    0.8560,    0.8905,    0.8824,    0.8521,    0.8408,    0.8427,    0.8380,    0.8306,    0.8215,    0.8112,    2.2166,    2.1412,    2.0609,    1.9810,    1.9006,    1.8401,    1.7571,    1.6800,    1.5428,    1.4706,    1.3193,    1.2550,    1.7739,    1.6432,    1.5051,    1.4593,    1.4384,    1.3195,    1.3290,    1.2154,    1.1666,    1.0646,    1.0059,    0.9165,    2.3961,    1.6699,    1.2698,    0.9695,    0.6703,    0.5170,    0.3728,    0.2626,    0.1800,    0.1263,    0.0816,    0.0584,    0.0918,    0.0458,    0.0868,    0.1074,    0.1207,    0.1119,    0.1232,    0.1379,    0.1215,    0.1673,    0.1480,    0.1622,    0.1788,    0.1456,    0.2113,    0.2338,    0.1917,    0.2010,    0.2035,    0.2222,    0.2530,    0.1892,    0.3023,    0.3187,    0.3922,    0.4193,    0.4340,    0.4613,    0.4742,    0.4940,    0.4907,    0.5302,    0.5550,    0.5501,    0.6087,    0.6199,    1.0624,    1.1603,    1.2166,    1.2516,    1.2669,    1.3807,    1.3028,    1.3854,    1.3299,    1.4230,    1.3487,    1.4432,    3.1126,    3.0623,    3.1430,    3.1770,    3.2064,    3.0825,    3.1908,    3.2723,    3.3388,    3.1042,    3.0600,    3.1778,    8.0334,    7.4585,    7.3758,    7.1543,    6.6104,    6.2019,    5.4467,    5.0132,    4.8214,    4.2287,    3.2509,    3.0222,    2.3329,    2.0451,    1.5622,    1.4942,    1.0099,    0.7350,    0.5958,    0.2400,    0.2124,    0.1515,    0.0528,    0.0432,    0.0585,    0.2237,    0.4779,    0.7993,    1.1687,    1.5691,    1.9855,    2.6478,    2.8092,    4.4004,    4.9916,    5.4722,    4.7287,    4.0157,    5.2092,    5.8289,    5.9936,    6.1736,    6.3014,    6.3823,    6.4171,    6.4090,    6.2404,    6.1891,    2.1472,    2.1514,    2.1713,    2.1716,    2.1764,    2.1728,    2.1848,    2.1762,    2.1661,    2.1538,    2.1424,    2.1277,    1.6243,    1.6135,    1.6017,    1.5920,    1.5814,    1.5678,    1.5602,    1.5498,    1.5394,    1.5286,    1.5192,    1.5088,    1.5799,    1.5663,    1.5509,    1.5374,    1.5238,    1.5108,    1.4959,    1.4803,    1.4666,    1.4510,    1.4360,    1.4212,    3.8425,    3.7316,    3.6174,    3.5033,    3.3887,    3.2716,    3.1604,    3.0482,    2.9468,    2.8372,    2.7337,    2.6276,    3.9675,    3.7138,    3.4688,    3.2335,    3.0054,    2.7925,    2.5762,    2.3862,    2.1947,    2.0270,    1.8582,    1.7114,    4.3288,    3.3835,    2.5711,    1.9261,    1.4581,    1.0760,    0.7964,    0.5880,    0.4332,    0.3161,    0.2314,    0.1670,    0.0000,    0.0000,    0.0001,    0.0010,    0.0011,    0.0010,    0.0011,    0.0014,    0.0012,    0.0017,    0.0015,    0.0027,    0.0030,    0.0024,    0.0035,    0.0038,    0.0035,    0.0020,    0.0002,    0.0005,    0.0027,    0.0037,    0.0076,    0.0079,    0.0098,    0.0105,    0.0109,    0.0116,    0.0128,    0.0130,    0.0118,    0.0107,    0.0094,    0.0114,    0.0161,    0.0164,    0.0446,    0.0487,    0.0510,    0.0516,    0.0504,    0.0561,    0.0540,    0.0733,    0.0673,    0.0765,    0.0723,    0.0769,    0.1666,    0.1623,    0.1689,    0.1860,    0.1872,    0.1805,    0.1869,    0.1916,    0.1955,    0.1817,    0.1792,    0.1861,    0.4703,    0.4291,    0.4243,    0.4115,    0.3801,    0.3565,    0.3130,    0.2880,    0.2768,    0.2426,    0.1864,    0.1732,    0.1335,    0.3352,    0.2557,    0.2442,    0.1647,    0.1196,    0.0967,    0.0388,    0.0343,    0.0243,    0.0084,    0.0069
 2992,    2.0000,  259.1375,    0.0376,  143.3981,  142.7731,    0.9673,    0.9328,  158.4330,  210.3976,  211.2183,  211.8936,  212.5217,  213.2336,  214.1991,  215.4799,  217.1059,  219.3239,  222.5034,  227.0074,  233.1731,  240.6933,  248.7060,  255.0960,  258.5239,  259.9095,  260.3068,  260.1818,  259.9740,  259.8482,  259.7706,  259.6911,  259.7138,    0.0206,    0.0788,    0.1684,    0.2816,    0.4118,    0.5529,    0.6997,    1.9780,    2.5413,    3.0764,    3.4178,    3.4186,    2.9258,    1.1892,    2.7916,    3.6789,    3.1866,    3.8032,    4.1163,    4.3156,    4.4055,    4.2560,    4.0796,    4.4355,    1.5597,    1.5635,    1.5678,    1.5529,    1.5135,    1.4984,    1.4265,    1.4074,    1.3868,    1.3286,    1.3357,    1.2830,    0.9483,    0.9073,    0.8512,    0.8497,    0.8220,    0.7520,    0.8062,    0.8045,    0.8083,    0.8197,    0.8415,    0.8527,    0.9129,    0.9137,    0.8638,    0.8950,    0.8869,    0.8565,    0.8450,    0.8459,    0.8410,    0.8333,    0.8240,    0.8136,    2.2231,    2.1476,    2.0668,    1.9867,    1.9061,    1.8454,    1.7623,    1.6851,    1.5481,    1.4758,    1.3249,    1.2603,    1.7829,    1.6517,    1.5131,    1.4663,    1.4444,    1.3249,    1.3336,    1.2197,    1.1706,    1.0685,    1.0097,    0.9201,    2.4056,    1.6767,    1.2750,    0.9737,    0.6733,    0.5195,    0.3746,    0.2641,    0.1810,    0.1271,    0.0822,    0.0587,    0.0917,    0.0457,    0.0868,    0.1074,    0.1207,    0.1119,    0.1232,    0.1379,    0.1215,    0.1673,    0.1480,    0.1623,    0.1789,    0.1456,    0.2114,    0.2338,    0.1917,    0.2009,    0.2034,    0.2220,    0.2529,    0.1892,    0.3023,    0.3187,    0.3922,    0.4193,    0.4340,    0.4614,    0.4742,    0.4941,    0.4908,    0.5302,    0.5550,    0.5500,    0.6088,    0.6200,    1.0627,    1.1607,    1.2170,    1.2520,    1.2672,    1.3811,    1.3032,    1.3860,    1.3303,    1.4237,    1.3493,    1.4439,    3.1140,    3.0636,    3.1444,    3.1786,    3.2080,    3.0841,    3.1924,    3.2739,    3.3405,    3.1058,    3.0616,    3.1794,    8.0375,    7.4617,    7.3790,    7.1574,    6.6134,    6.2047,    5.4492,    5.0157,    4.8238,    4.2309,    3.2528,    3.0239,    2.3344,    2.0491,    1.5654,    1.4974,    1.0122,    0.7368,    0.5973,    0.2407,    0.2130,    0.1520,    0.0530,    0.0434,    0.0606,    0.2321,    0.4959,    0.8295,    1.2129,    1.6286,    2.0611,    2.7868,    2.9926,    4.4483,    5.0111,    5.4928,    4.8505,    4.1539,    5.3473,    5.8533,    6.0291,    6.2004,    6.3280,    6.4175,    6.4665,    6.4753,    6.3645,    6.3244,    2.1986,    2.1997,    2.2113,    2.2079,    2.2071,    2.2005,    2.2021,    2.1926,    2.1808,    2.1662,    2.1540,    2.1373,    1.6314,    1.6205,    1.6086,    1.5989,    1.5883,    1.5747,    1.5672,    1.5567,    1.5464,    1.5357,    1.5264,    1.5162,    1.5884,    1.5758,    1.5596,    1.5486,    1.5349,    1.5212,    1.5068,    1.4926,    1.4788,    1.4641,    1.4494,    1.4348,    3.8804,    3.7682,    3.6541,    3.5396,    3.4245,    3.3087,    3.1960,    3.0830,    2.9754,    2.8651,    2.7571,    2.6505,    3.9994,    3.7445,    3.4981,    3.2637,    3.0384,    2.8243,    2.6153,    2.4232,    2.2357,    2.0655,    1.8991,    1.7498,    4.4477,    3.4585,    2.6349,    1.9829,    1.4972,    1.1105,    0.8228,    0.6074,    0.4468,    0.3260,    0.2379,    0.1720,    0.0000,    0.0000,    0.0001,    0.0005,    0.0006,    0.0005,    0.0006,    0.0007,    0.0006,    0.0009,    0.0008,    0.0015,    0.0017,    0.0014,    0.0020,    0.0021,    0.0020,    0.0011,    0.0001,    0.0003,    0.0016,    0.0021,    0.0045,    0.0047,    0.0058,    0.0062,    0.0065,    0.0069,    0.0077,    0.0078,    0.0071,    0.0064,    0.0056,    0.0068,    0.0096,    0.0098,    0.0284,    0.0311,    0.0325,    0.0329,    0.0322,    0.0358,    0.0344,    0.0484,    0.0444,    0.0505,    0.0477,    0.0508,    0.1100,    0.1072,    0.1115,    0.1244,    0.1251,    0.1207,    0.1249,    0.1281,    0.1307,    0.1215,    0.1198,    0.1244,    0.3144,    0.2869,    0.2836,    0.2751,    0.2541,    0.2383,    0.2092,    0.1925,    0.1851,    0.1622,    0.1246,    0.1158,    0.0893,    0.2580,    0.1968,    0.1879,    0.1268,    0.0921,    0.0744,    0.0299,    0.0264,    0.0187,    0.0065,    0.0053
