Particle       ,data/QEXT_96IR_84_VIS_Al_9um_160um
Ncase          ,  14
dt (sols)      ,  0.020833
Qext 0.67um    ,  7.713000
Alb sfc        ,  0.220000
Conrath nu     ,  0.002000
Sun Flux (W/m2),148.393084
BWN IR (cm-1)  ,     10.0000,     34.1670,     58.3330,     82.5000,    106.6670,    130.8330,    155.0000,    179.1670,    203.3330,    227.5000,    251.6670,    275.8330,    300.0000,    320.7880,    341.5750,    362.3630,    383.1500,    403.9380,    424.7250,    445.5130,    466.3010,    487.0880,    507.8760,    528.6630,    549.4510,    556.7420,    564.0330,    571.3240,    578.6150,    585.9060,    593.1970,    600.4880,    607.7790,    615.0700,    622.3610,    629.6520,    636.9430,    642.5500,    648.1570,    653.7640,    659.3700,    664.9770,    670.5840,    676.1910,    681.7980,    687.4050,    693.0110,    698.6180,    704.2250,    710.1390,    716.0530,    721.9670,    727.8810,    733.7950,    739.7090,    745.6240,    751.5380,    757.4520,    763.3660,    769.2800,    775.1940,    791.5010,    807.8070,    824.1140,    840.4210,    856.7270,    873.0340,    889.3410,    905.6470,    921.9540,    938.2610,    954.5670,    970.8740,    996.8050,   1022.7370,   1048.6680,   1074.6000,   1100.5310,   1126.4630,   1152.3940,   1178.3250,   1204.2570,   1230.1880,   1256.1200,   1282.0510,   1360.3990,   1438.7460,   1517.0940,   1595.4410,   1673.7890,   1752.1370,   1830.4840,   1908.8320,   1987.1790,   2065.5270,   2143.8740,   2222.2220
BWN VIS (cm-1) ,   2222.2200,   2294.3160,   2366.4120,   2438.5080,   2510.6030,   2582.6990,   2654.7950,   2726.8910,   2798.9870,   2871.0820,   2943.1780,   3015.2740,   3087.3700,   3165.9750,   3244.5800,   3323.1850,   3401.7900,   3480.3950,   3559.0000,   3637.6050,   3716.2100,   3794.8150,   3873.4200,   3952.0250,   4030.6300,   4142.2920,   4253.9530,   4365.6150,   4477.2770,   4588.9380,   4700.6000,   4812.2620,   4923.9230,   5035.5850,   5147.2470,   5258.9080,   5370.5700,   5560.6150,   5750.6600,   5940.7050,   6130.7500,   6320.7950,   6510.8400,   6700.8850,   6890.9300,   7080.9750,   7271.0200,   7461.0650,   7651.1100,   8055.1840,   8459.2580,   8863.3330,   9267.4070,   9671.4810,  10075.5550,  10479.6290,  10883.7030,  11287.7780,  11691.8520,  12095.9260,  12500.0000,  13541.6670,  14583.3330,  15625.0000,  16666.6670,  17708.3330,  18750.0000,  19791.6670,  20833.3330,  21875.0000,  22916.6670,  23958.3330,  25000.0000,  26388.8890,  27777.7780,  29166.6670,  30555.5570,  31944.4460,  33333.3350,  34722.2240,  36111.1130,  37500.0030,  38888.8920,  40277.7810,  41666.6700
SUN VIS (W/m2) ,      0.1008,      0.0862,      0.0968,      0.1089,      0.1224,      0.1136,      0.1248,      0.1400,      0.1233,      0.1698,      0.1502,      0.1645,      0.1814,      0.1477,      0.2144,      0.2377,      0.1946,      0.2106,      0.2276,      0.2472,      0.2683,      0.1918,      0.3072,      0.3239,      0.3986,      0.4261,      0.4410,      0.4688,      0.4810,      0.5017,      0.5013,      0.5485,      0.5772,      0.5665,      0.6183,      0.6303,      1.0809,      1.1806,      1.2379,      1.2751,      1.2949,      1.4092,      1.3262,      1.4132,      1.3634,      1.4505,      1.3747,      1.4716,      3.1730,      3.1258,      3.2038,      3.2543,      3.2846,      3.1576,      3.2685,      3.3520,      3.4202,      3.1800,      3.1347,      3.2554,      8.2299,      7.8425,      7.7561,      7.5237,      6.9524,      6.5235,      5.7299,      5.2748,      5.0739,      4.4511,      3.4228,      3.1828,      2.4579,      2.2644,      1.7312,      1.6575,      1.1215,      0.8173,      0.6634,      0.2677,      0.2374,      0.1697,      0.0593,      0.0486
================
wavelenght [um],    0.244068,    0.252632,    0.261818,    0.271698,    0.282353,    0.293878,    0.306383,    0.320000,    0.334884,    0.351220,    0.369231,    0.389189,    0.408511,    0.426667,    0.446512,    0.468293,    0.492308,    0.518919,    0.548571,    0.581818,    0.619355,    0.662069,    0.711111,    0.768000,    0.813143,    0.840768,    0.870336,    0.902060,    0.936184,    0.972991,    1.012810,    1.056028,    1.103099,    1.154562,    1.211061,    1.273375,    1.323436,    1.357581,    1.393534,    1.431444,    1.471474,    1.513807,    1.558648,    1.606226,    1.656801,    1.710664,    1.768147,    1.829628,    1.881560,    1.921939,    1.964090,    2.008131,    2.054193,    2.102417,    2.152960,    2.205992,    2.261704,    2.320302,    2.382017,    2.447105,    2.505432,    2.555765,    2.608162,    2.662752,    2.719677,    2.779088,    2.841153,    2.906054,    2.973989,    3.045176,    3.119855,    3.198288,    3.277268,    3.356577,    3.439819,    3.527294,    3.619334,    3.716307,    3.818620,    3.926726,    4.041130,    4.162400,    4.291175,    4.428172,    4.580751,    4.751270,    4.934974,    5.133456,    5.348572,    5.582505,    5.837838,    6.117648,    6.425631,    6.766266,    7.145039,    7.568734,    7.879690,    8.044056,    8.215425,    8.394255,    8.581043,    8.776330,    8.980716,    9.194848,    9.419442,    9.655282,    9.903235,   10.164260,   10.387231,   10.566200,   10.751445,   10.943308,   11.142136,   11.348323,   11.562291,   11.784476,   12.015368,   12.255495,   12.505409,   12.765727,   12.949392,   13.049328,   13.150818,   13.253898,   13.358608,   13.464994,   13.573088,   13.682923,   13.794549,   13.908012,   14.023357,   14.140631,   14.256763,   14.371646,   14.488386,   14.607038,   14.727660,   14.850291,   14.974981,   15.101782,   15.230738,   15.361915,   15.495384,   15.631191,   15.790367,   15.974275,   16.162517,   16.355249,   16.552633,   16.754839,   16.962047,   17.174443,   17.392227,   17.615605,   17.844795,   18.080028,   18.550914,   19.294981,   20.101230,   20.977796,   21.934298,   22.982219,   24.135264,   25.410119,   26.827165,   28.411593,   30.194923,   32.217118,   34.732292,   37.914692,   41.739101,   46.421699,   52.287582,   59.850314,   69.970927,   84.210526,  105.726686,  142.012170,  216.216216,  452.826771
Qext           ,      9.0720,      9.1410,      9.2120,      9.2860,      9.3710,      9.4610,      9.5540,      9.6620,      9.7750,      9.8560,      9.9380,     10.0330,     10.1240,     10.1380,      9.8460,      9.4720,      9.0430,      8.6390,      8.4100,      8.1710,      7.9220,      7.7130,      7.4820,      7.2830,      7.1340,      7.0320,      6.9120,      6.7670,      6.5580,      6.3270,      6.0300,      6.0000,      5.9820,      5.9620,      5.9400,      5.9170,      5.8990,      5.8850,      5.8710,      5.8570,      5.8420,      5.8240,      5.8060,      5.8600,      6.0210,      6.2120,      6.4090,      6.5870,      6.7450,      6.8790,      7.0160,      7.1570,      7.3010,      7.4770,      7.6280,      7.8020,      8.0240,      8.2530,      8.4870,      8.7280,      8.9340,      9.1440,      9.3590,      9.5340,      9.7580,     10.0170,     10.3110,     10.6110,     10.9180,     11.2950,     11.6170,     11.9470,     12.3520,     12.8110,     13.3730,     13.8530,     14.3440,     14.9470,     15.6730,     15.8900,     14.5590,     13.1170,     11.3830,      9.3370,      8.9790,      9.7680,     10.5850,     11.1730,     10.8640,     10.5630,     11.9550,     14.0980,     15.7290,     16.6790,     14.6980,     13.1240,     13.9640,     14.6860,     15.8330,     17.0340,     18.4530,     21.0350,     23.7590,     27.0860,     33.5790,     40.4660,     45.2090,     42.7760,     38.6160,     34.3800,     30.0700,     25.9230,     23.5370,     20.9570,     18.3250,     16.3010,     15.8550,     15.8160,     15.7660,     15.8250,     16.2000,     16.4760,     16.7540,     17.0350,     17.0350,     17.3180,     17.6040,     17.8930,     18.3920,     18.9270,     19.4650,     20.0090,     20.5570,     21.1110,     21.6690,     22.3760,     23.2320,     23.2320,     24.0950,     24.9660,     25.8450,     26.7320,     27.6260,     28.7580,     30.7240,     32.7140,     34.0560,     36.1130,     38.9290,     41.0610,     44.2940,     47.5670,     51.5130,     56.9160,     62.4800,     68.1100,     80.4060,    107.0240,    137.5110,    146.8490,    122.1870,     83.0490,     49.6520,     28.7720,     17.4540,     11.0250,      6.9940,      4.5910,      2.9440,      1.8410,      1.1270,      0.7400,      0.3970,      0.4300,      0.4300,      0.4300,      0.4300,      0.4300,      0.4300,      0.4300
Qscat          ,      6.1870,      6.3960,      6.6140,      6.8430,      7.1150,      7.4010,      7.7030,      8.0590,      8.4040,      8.5420,      8.6640,      8.8060,      8.9430,      9.0020,      8.7560,      8.4340,      8.0630,      7.7110,      7.5030,      7.2840,      7.0430,      6.7980,      6.5030,      6.1700,      5.9710,      5.8790,      5.7710,      5.6880,      5.6420,      5.6010,      5.7060,      5.6960,      5.6790,      5.6620,      5.6410,      5.6200,      5.6030,      5.5910,      5.5780,      5.5640,      5.5510,      5.5340,      5.5170,      5.5640,      5.7040,      5.8670,      6.0360,      6.1880,      6.3210,      6.4340,      6.5490,      6.6660,      6.7850,      6.9300,      7.0540,      7.2060,      7.4040,      7.6070,      7.8150,      8.0280,      8.2090,      8.3940,      8.5830,      8.7370,      8.9330,      9.1580,      9.4130,      9.6730,      9.9370,     10.2610,     10.5370,     10.8180,     11.1620,     11.5540,     12.0400,     12.4540,     12.8760,     13.3930,     14.0110,     14.2000,     13.0760,     11.8450,     10.3460,      8.5510,      8.2230,      8.8960,      9.5840,     10.1080,      9.9750,      9.8470,     11.0860,     12.8920,     14.1970,     14.8880,     13.2290,     11.9600,     12.7740,     13.4680,     14.5620,     15.7150,     17.0490,     19.2750,     21.5750,     24.3880,     30.0590,     36.0170,     39.7660,     37.4220,     33.7170,     29.9600,     26.1510,     22.5170,     20.5420,     18.4310,     16.2430,     14.5380,     14.2000,     14.2160,     14.2360,     14.3480,     14.6950,     14.9490,     15.2050,     15.4630,     15.4630,     15.7240,     15.9870,     16.2530,     16.7000,     17.1780,     17.6590,     18.1430,     18.6320,     19.1240,     19.6200,     20.2490,     21.0090,     21.0090,     21.7740,     22.5450,     23.3220,     24.1050,     24.8930,     25.8960,     27.6420,     29.4070,     30.5950,     32.4130,     34.8790,     36.7350,     39.5390,     42.3650,     45.7780,     50.4840,     55.3090,     60.1750,     70.7750,     93.6020,    119.5390,    126.4270,    104.4240,     70.4640,     41.5680,     23.9260,     14.3800,      8.8980,      5.5840,      3.5270,      2.1900,      1.3040,      0.7640,      0.4570,      0.2550,      0.2070,      0.2070,      0.2070,      0.2070,      0.2070,      0.2070,      0.2070
G factor       ,      0.5160,      0.5070,      0.4970,      0.4870,      0.4750,      0.4630,      0.4500,      0.4350,      0.4230,      0.4260,      0.4300,      0.4360,      0.4410,      0.4440,      0.4370,      0.4290,      0.4190,      0.4080,      0.3960,      0.3810,      0.3680,      0.3610,      0.3550,      0.3540,      0.3520,      0.3500,      0.3470,      0.3440,      0.3400,      0.3350,      0.3180,      0.3140,      0.3110,      0.3080,      0.3050,      0.3010,      0.2980,      0.2960,      0.2940,      0.2920,      0.2890,      0.2870,      0.2840,      0.2820,      0.2800,      0.2790,      0.2770,      0.2750,      0.2740,      0.2730,      0.2720,      0.2700,      0.2690,      0.2680,      0.2660,      0.2640,      0.2620,      0.2590,      0.2560,      0.2530,      0.2510,      0.2490,      0.2460,      0.2440,      0.2410,      0.2310,      0.2130,      0.1940,      0.1750,      0.1520,      0.1320,      0.1120,      0.0870,      0.0700,      0.0710,      0.0710,      0.0720,      0.0730,      0.0740,      0.0780,      0.0900,      0.1020,      0.1160,      0.1340,      0.1420,      0.1450,      0.1490,      0.1520,      0.1570,      0.1610,      0.1650,      0.1680,      0.1390,      0.0790,      0.0480,      0.0410,      0.0590,      0.0670,      0.0730,      0.0780,      0.0820,      0.0820,      0.0820,      0.0800,      0.0670,      0.0530,      0.0350,      0.0140,     -0.0050,     -0.0240,     -0.0440,     -0.0640,     -0.0760,     -0.0900,     -0.1040,     -0.1150,     -0.1160,     -0.1130,     -0.1100,     -0.1060,     -0.1020,     -0.0980,     -0.0950,     -0.0920,     -0.0920,     -0.0880,     -0.0850,     -0.0810,     -0.0780,     -0.0750,     -0.0720,     -0.0690,     -0.0660,     -0.0630,     -0.0590,     -0.0570,     -0.0550,     -0.0550,     -0.0530,     -0.0500,     -0.0480,     -0.0460,     -0.0440,     -0.0420,     -0.0400,     -0.0380,     -0.0360,     -0.0340,     -0.0330,     -0.0320,     -0.0310,     -0.0290,     -0.0280,     -0.0270,     -0.0270,     -0.0260,     -0.0250,     -0.0240,     -0.0240,     -0.0240,     -0.0240,     -0.0250,     -0.0250,     -0.0270,     -0.0280,     -0.0290,     -0.0300,     -0.0310,     -0.0320,     -0.0340,     -0.0340,     -0.0350,     -0.0280,      0.0000,      0.0000,      0.0000,      0.0000,      0.0000,      0.0000,      0.0000
================
P [mbar]       ,    0.1004,    0.1015,    0.1034,    0.1069,    0.1130,    0.1239,    0.1432,    0.1740,    0.2226,    0.3028,    0.4349,    0.6529,    1.0121,    1.6044,    2.4646,    3.4606,    4.3994,    5.2226,    5.8426,    6.2132,    6.3980,    6.4686,    6.5039,    6.5168
Temp initial[K],  155.0000,  155.0000,  155.0000,  155.0000,  155.0000,  155.0000,  155.0000,  155.0000,  155.0000,  155.0000,  155.0000,  155.0000,  158.8233,  165.4041,  173.2716,  181.4436,  190.2788,  198.8130,  204.5783,  207.8249,  209.4219,  210.0497,  210.3719,  210.4891
================
it   ,   tau    ,  Tsfc    ,   alb    ,   OLR    ,    ASR   ,  NET top ,  NET bot , T lev  01, T lev  02, T lev  03, T lev  04, T lev  05, T lev  06, T lev  07, T lev  08, T lev  09, T lev  10, T lev  11, T lev  12, T lev  13, T lev  14, T lev  15, T lev  16, T lev  17, T lev  18, T lev  19, T lev  20, T lev  21, T lev  22, T lev  23, T lev  24, T lev  25,  OLR IR01,  OLR IR02,  OLR IR03,  OLR IR04,  OLR IR05,  OLR IR06,  OLR IR07,  OLR IR08,  OLR IR09,  OLR IR10,  OLR IR11,  OLR IR12,  OLR IR13,  OLR IR14,  OLR IR15,  OLR IR16,  OLR IR17,  OLR IR18,  OLR IR19,  OLR IR20,  OLR IR21,  OLR IR22,  OLR IR23,  OLR IR24,  OLR IR25,  OLR IR26,  OLR IR27,  OLR IR28,  OLR IR29,  OLR IR30,  OLR IR31,  OLR IR32,  OLR IR33,  OLR IR34,  OLR IR35,  OLR IR36,  OLR IR37,  OLR IR38,  OLR IR39,  OLR IR40,  OLR IR41,  OLR IR42,  OLR IR43,  OLR IR44,  OLR IR45,  OLR IR46,  OLR IR47,  OLR IR48,  OLR IR49,  OLR IR50,  OLR IR51,  OLR IR52,  OLR IR53,  OLR IR54,  OLR IR55,  OLR IR56,  OLR IR57,  OLR IR58,  OLR IR59,  OLR IR60,  OLR IR61,  OLR IR62,  OLR IR63,  OLR IR64,  OLR IR65,  OLR IR66,  OLR IR67,  OLR IR68,  OLR IR69,  OLR IR70,  OLR IR71,  OLR IR72,  OLR IR73,  OLR IR74,  OLR IR75,  OLR IR76,  OLR IR77,  OLR IR78,  OLR IR79,  OLR IR80,  OLR IR81,  OLR IR82,  OLR IR83,  OLR IR84,  OLR IR85,  OLR IR86,  OLR IR87,  OLR IR88,  OLR IR89,  OLR IR90,  OLR IR91,  OLR IR92,  OLR IR93,  OLR IR94,  OLR IR95,  OLR IR96, ASR VIS01, ASR VIS02, ASR VIS03, ASR VIS04, ASR VIS05, ASR VIS06, ASR VIS07, ASR VIS08, ASR VIS09, ASR VIS10, ASR VIS11, ASR VIS12, ASR VIS13, ASR VIS14, ASR VIS15, ASR VIS16, ASR VIS17, ASR VIS18, ASR VIS19, ASR VIS20, ASR VIS21, ASR VIS22, ASR VIS23, ASR VIS24, ASR VIS25, ASR VIS26, ASR VIS27, ASR VIS28, ASR VIS29, ASR VIS30, ASR VIS31, ASR VIS32, ASR VIS33, ASR VIS34, ASR VIS35, ASR VIS36, ASR VIS37, ASR VIS38, ASR VIS39, ASR VIS40, ASR VIS41, ASR VIS42, ASR VIS43, ASR VIS44, ASR VIS45, ASR VIS46, ASR VIS47, ASR VIS48, ASR VIS49, ASR VIS50, ASR VIS51, ASR VIS52, ASR VIS53, ASR VIS54, ASR VIS55, ASR VIS56, ASR VIS57, ASR VIS58, ASR VIS59, ASR VIS60, ASR VIS61, ASR VIS62, ASR VIS63, ASR VIS64, ASR VIS65, ASR VIS66, ASR VIS67, ASR VIS68, ASR VIS69, ASR VIS70, ASR VIS71, ASR VIS72, ASR VIS73, ASR VIS74, ASR VIS75, ASR VIS76, ASR VIS77, ASR VIS78, ASR VIS79, ASR VIS80, ASR VIS81, ASR VIS82, ASR VIS83, ASR VIS84, SFC DIR01, SFC DIR02, SFC DIR03, SFC DIR04, SFC DIR05, SFC DIR06, SFC DIR07, SFC DIR08, SFC DIR09, SFC DIR10, SFC DIR11, SFC DIR12, SFC DIR13, SFC DIR14, SFC DIR15, SFC DIR16, SFC DIR17, SFC DIR18, SFC DIR19, SFC DIR20, SFC DIR21, SFC DIR22, SFC DIR23, SFC DIR24, SFC DIR25, SFC DIR26, SFC DIR27, SFC DIR28, SFC DIR29, SFC DIR30, SFC DIR31, SFC DIR32, SFC DIR33, SFC DIR34, SFC DIR35, SFC DIR36, SFC DIR37, SFC DIR38, SFC DIR39, SFC DIR40, SFC DIR41, SFC DIR42, SFC DIR43, SFC DIR44, SFC DIR45, SFC DIR46, SFC DIR47, SFC DIR48, SFC DIR49, SFC DIR50, SFC DIR51, SFC DIR52, SFC DIR53, SFC DIR54, SFC DIR55, SFC DIR56, SFC DIR57, SFC DIR58, SFC DIR59, SFC DIR60, SFC DIR61, SFC DIR62, SFC DIR63, SFC DIR64, SFC DIR65, SFC DIR66, SFC DIR67, SFC DIR68, SFC DIR69, SFC DIR70, SFC DIR71, SFC DIR72, SFC DIR73, SFC DIR74, SFC DIR75, SFC DIR76, SFC DIR77, SFC DIR78, SFC DIR79, SFC DIR80, SFC DIR81, SFC DIR82, SFC DIR83, SFC DIR84, SFC DIR85, SFC DIR86, SFC DIR87, SFC DIR88, SFC DIR89, SFC DIR90, SFC DIR91, SFC DIR92, SFC DIR93, SFC DIR94, SFC DIR95, SFC DIR96,SFC DVIS01,SFC DVIS02,SFC DVIS03,SFC DVIS04,SFC DVIS05,SFC DVIS06,SFC DVIS07,SFC DVIS08,SFC DVIS09,SFC DVIS10,SFC DVIS11,SFC DVIS12,SFC DVIS13,SFC DVIS14,SFC DVIS15,SFC DVIS16,SFC DVIS17,SFC DVIS18,SFC DVIS19,SFC DVIS20,SFC DVIS21,SFC DVIS22,SFC DVIS23,SFC DVIS24,SFC DVIS25,SFC DVIS26,SFC DVIS27,SFC DVIS28,SFC DVIS29,SFC DVIS30,SFC DVIS31,SFC DVIS32,SFC DVIS33,SFC DVIS34,SFC DVIS35,SFC DVIS36,SFC DVIS37,SFC DVIS38,SFC DVIS39,SFC DVIS40,SFC DVIS41,SFC DVIS42,SFC DVIS43,SFC DVIS44,SFC DVIS45,SFC DVIS46,SFC DVIS47,SFC DVIS48,SFC DVIS49,SFC DVIS50,SFC DVIS51,SFC DVIS52,SFC DVIS53,SFC DVIS54,SFC DVIS55,SFC DVIS56,SFC DVIS57,SFC DVIS58,SFC DVIS59,SFC DVIS60,SFC DVIS61,SFC DVIS62,SFC DVIS63,SFC DVIS64,SFC DVIS65,SFC DVIS66,SFC DVIS67,SFC DVIS68,SFC DVIS69,SFC DVIS70,SFC DVIS71,SFC DVIS72,SFC DVIS73,SFC DVIS74,SFC DVIS75,SFC DVIS76,SFC DVIS77,SFC DVIS78,SFC DVIS79,SFC DVIS80,SFC DVIS81,SFC DVIS82,SFC DVIS83,SFC DVIS84
 1007,    0.0000,  218.8983,    0.2194,  117.0969,  115.8380,   -0.8625,   -0.7595,  158.4330,  155.0000,  155.0000,  155.0000,  155.0000,  155.0000,  155.0000,  155.0000,  155.0000,  155.0000,  155.0000,  155.0000,  155.0000,  158.8202,  165.3996,  173.2672,  181.4393,  190.2764,  198.8104,  204.5754,  207.8212,  209.4182,  210.0462,  210.3680,  210.4855,    0.0676,    0.2556,    0.5389,    0.8888,    1.2804,    1.6928,    2.1082,    2.5121,    2.8933,    3.2429,    3.5544,    3.8241,    3.4712,    3.6087,    3.7179,    3.7987,    3.8530,    3.8815,    3.8866,    3.8696,    3.8324,    3.7775,    3.7019,    3.5964,    1.2424,    1.2267,    1.2047,    1.1662,    1.1137,    1.0481,    0.8756,    0.8393,    0.7711,    0.6138,    0.5638,    0.3590,    0.1995,    0.1649,    0.1438,    0.1375,    0.1329,    0.1277,    0.1258,    0.1235,    0.1245,    0.1364,    0.1735,    0.2440,    0.3730,    0.4452,    0.3502,    0.5089,    0.4971,    0.5051,    0.5244,    0.6000,    0.6202,    0.6335,    0.6351,    0.6285,    1.6842,    1.6087,    1.5504,    1.4822,    1.4116,    1.3421,    1.2748,    1.2087,    1.1452,    1.0819,    1.0194,    0.9639,    1.4270,    1.3066,    1.1824,    1.0659,    0.9702,    0.8860,    0.8005,    0.7221,    0.6504,    0.5836,    0.5141,    0.4584,    1.1328,    0.8012,    0.5722,    0.3992,    0.2764,    0.1901,    0.1299,    0.0861,    0.0569,    0.0365,    0.0240,    0.0175,    0.0899,    0.0485,    0.0757,    0.0853,    0.0957,    0.0892,    0.0975,    0.1095,    0.0962,    0.1325,    0.1172,    0.1283,    0.1417,    0.1155,    0.1679,    0.1865,    0.1530,    0.1811,    0.2062,    0.2231,    0.2234,    0.1500,    0.2398,    0.2531,    0.3109,    0.3324,    0.3440,    0.3658,    0.3756,    0.3936,    0.3989,    0.4549,    0.4935,    0.4704,    0.4844,    0.4940,    0.8433,    0.9209,    0.9662,    0.9986,    1.0221,    1.1068,    1.0376,    1.1056,    1.0799,    1.1314,    1.0731,    1.1504,    2.4777,    2.4439,    2.4989,    2.5383,    2.5642,    2.4625,    2.5489,    2.6139,    2.6670,    2.4800,    2.4441,    2.5380,    6.4157,    6.1123,    6.0433,    5.8603,    5.4132,    5.0767,    4.4565,    4.0997,    3.9404,    3.4535,    2.6528,    2.4637,    1.8993,    1.7458,    1.3311,    1.2705,    0.8565,    0.6215,    0.5021,    0.2015,    0.1776,    0.1261,    0.0437,    0.0355,    0.0000,    0.0000,    0.0000,    0.0000,    0.0000,    0.0000,    0.0000,    0.0000,    0.0000,    0.0000,    0.0000,    0.0000,    0.0000,    0.0000,    0.0000,    0.0000,    0.0000,    0.0000,    0.0000,    0.0001,    0.0002,    0.0007,    0.0108,    0.0490,    0.0110,    0.0180,    0.0344,    0.0771,    0.1397,    0.2137,    0.4309,    0.4495,    0.5119,    0.6671,    0.7005,    0.8672,    0.6959,    0.7036,    0.7106,    0.6982,    0.6956,    0.7186,    0.6761,    0.6645,    0.6491,    0.6306,    0.6025,    0.5551,    0.4721,    0.3712,    0.4491,    0.2585,    0.2602,    0.2432,    0.2110,    0.1067,    0.0696,    0.0377,    0.0207,    0.0150,    0.0329,    0.0299,    0.0085,    0.0020,    0.0004,    0.0004,    0.0002,    0.0011,    0.0019,    0.0049,    0.0091,    0.0081,    0.0085,    0.0012,    0.0075,    0.0141,    0.0089,    0.0000,    0.0000,    0.0000,    0.0000,    0.0008,    0.0066,    0.0072,    0.0065,    0.0059,    0.0000,    0.0000,    0.0000,    0.0000,    0.0000,    0.0009,    0.0011,    0.0014,    0.0012,    0.0002,    0.0266,    0.0000,    0.0608,    0.1075,    0.1214,    0.1110,    0.1245,    0.1386,    0.1233,    0.1698,    0.1501,    0.1645,    0.1808,    0.1468,    0.2123,    0.2321,    0.1900,    0.1318,    0.0189,    0.0386,    0.1649,    0.1902,    0.3067,    0.3223,    0.3984,    0.4260,    0.4410,    0.4686,    0.4799,    0.4920,    0.4648,    0.4226,    0.3741,    0.4433,    0.6104,    0.6178,    1.0805,    1.1804,    1.2359,    1.2564,    1.2364,    1.3694,    1.3136,    1.3975,    1.2854,    1.4503,    1.3718,    1.4606,    3.1621,    3.0885,    3.2030,    3.2531,    3.2748,    3.1568,    3.2678,    3.3511,    3.4192,    3.1776,    3.1334,    3.2539,    8.2247,    7.8363,    7.7478,    7.5132,    6.9399,    6.5086,    5.7135,    5.2561,    5.0518,    4.4276,    3.4010,    3.1586,    2.4350,    2.2382,    1.7066,    1.6288,    1.0981,    0.7968,    0.6438,    0.2584,    0.2277,    0.1616,    0.0560,    0.0455
  332,    0.0500,  227.9727,    0.2335,  115.1406,  113.7471,   -0.9896,   -0.6356,  158.4330,  155.7659,  156.3676,  157.1044,  157.3749,  157.5808,  157.6917,  157.7912,  157.9773,  158.4740,  159.7086,  162.2222,  166.3877,  172.3481,  179.8354,  187.5138,  194.7603,  201.4331,  208.6180,  214.6565,  218.0176,  219.7026,  220.3710,  220.7206,  220.8448,    0.0705,    0.2675,    0.5659,    0.9368,    1.3547,    1.7982,    2.2488,    2.6909,    3.1072,    3.4902,    3.8268,    4.1089,    3.7088,    3.8149,    3.8528,    3.8068,    3.6412,    3.3141,    2.8736,    2.4805,    2.2674,    2.2985,    2.5077,    2.7177,    0.9922,    1.0061,    1.0161,    1.0118,    0.9896,    0.9547,    0.8310,    0.8152,    0.7696,    0.6412,    0.6128,    0.4472,    0.2711,    0.2250,    0.1863,    0.1767,    0.1667,    0.1491,    0.1595,    0.1597,    0.1685,    0.1923,    0.2385,    0.3015,    0.4169,    0.4860,    0.3941,    0.5531,    0.5425,    0.5462,    0.5649,    0.6453,    0.6665,    0.6853,    0.6910,    0.6864,    1.8515,    1.7768,    1.7201,    1.6505,    1.5745,    1.4844,    1.3935,    1.3065,    1.2255,    1.1361,    1.0507,    0.9772,    1.4259,    1.3033,    1.2221,    1.1530,    1.0972,    1.0308,    0.9526,    0.8782,    0.8025,    0.7293,    0.6517,    0.5879,    1.4742,    1.0537,    0.7598,    0.5472,    0.3915,    0.2782,    0.1955,    0.1318,    0.0888,    0.0584,    0.0392,    0.0293,    0.0889,    0.0483,    0.0733,    0.0811,    0.0906,    0.0845,    0.0925,    0.1041,    0.0916,    0.1262,    0.1118,    0.1227,    0.1358,    0.1109,    0.1616,    0.1800,    0.1481,    0.1772,    0.2043,    0.2206,    0.2196,    0.1457,    0.2330,    0.2462,    0.3025,    0.3236,    0.3351,    0.3566,    0.3665,    0.3845,    0.3908,    0.4463,    0.4852,    0.4616,    0.4740,    0.4834,    0.8251,    0.9015,    0.9464,    0.9790,    1.0031,    1.0860,    1.0177,    1.0846,    1.0599,    1.1095,    1.0524,    1.1283,    2.4300,    2.3975,    2.4506,    2.4894,    2.5151,    2.4157,    2.5096,    2.5770,    2.6322,    2.4482,    2.4123,    2.5045,    6.3247,    6.0132,    5.9377,    5.7530,    5.3125,    4.9821,    4.3732,    4.0218,    3.8643,    3.3859,    2.6006,    2.4162,    1.8638,    1.7142,    1.3077,    1.2492,    0.8449,    0.6153,    0.4986,    0.2007,    0.1773,    0.1262,    0.0438,    0.0357,    0.0003,    0.0010,    0.0021,    0.0035,    0.0050,    0.0065,    0.0080,    0.0084,    0.0181,    0.0300,    0.0529,    0.0891,    0.1237,    0.1913,    0.3024,    0.4691,    0.7354,    1.1472,    1.6492,    2.0707,    2.2592,    2.1505,    1.8437,    1.5452,    0.4750,    0.4520,    0.4371,    0.4496,    0.4881,    0.5378,    0.7284,    0.7297,    0.7791,    0.9153,    0.9393,    1.0840,    0.8570,    0.8636,    0.8700,    0.8566,    0.8532,    0.8748,    0.8326,    0.8201,    0.8043,    0.7854,    0.7567,    0.7135,    0.6470,    0.5393,    0.6147,    0.4069,    0.4068,    0.3915,    0.3519,    0.2281,    0.1840,    0.1392,    0.1137,    0.1037,    0.2606,    0.2457,    0.2087,    0.1921,    0.1846,    0.1934,    0.2044,    0.2138,    0.2199,    0.2365,    0.2515,    0.2558,    0.4005,    0.3692,    0.3143,    0.2553,    0.1915,    0.1450,    0.1185,    0.0959,    0.0811,    0.0702,    0.0672,    0.0600,    0.1281,    0.1026,    0.0734,    0.0468,    0.0291,    0.0177,    0.0110,    0.0093,    0.0074,    0.0061,    0.0045,    0.0018,    0.0238,    0.0000,    0.0561,    0.0990,    0.1109,    0.1015,    0.1143,    0.1277,    0.1139,    0.1574,    0.1395,    0.1535,    0.1692,    0.1378,    0.1997,    0.2189,    0.1791,    0.1211,    0.0160,    0.0342,    0.1550,    0.1816,    0.2934,    0.3085,    0.3821,    0.4091,    0.4240,    0.4511,    0.4624,    0.4743,    0.4458,    0.4057,    0.3587,    0.4269,    0.5903,    0.5986,    1.0487,    1.1468,    1.2019,    1.2222,    1.2029,    1.3334,    1.2798,    1.3612,    1.2517,    1.4136,    1.3370,    1.4232,    3.0817,    3.0089,    3.1220,    3.1708,    3.1917,    3.0763,    3.1704,    3.2431,    3.3017,    3.0652,    3.0212,    3.1361,    7.9271,    7.5574,    7.4722,    7.2449,    6.6890,    6.2704,    5.5017,    5.0542,    4.8504,    4.2454,    3.2576,    3.0238,    2.3302,    2.1410,    1.6320,    1.5570,    1.0482,    0.7594,    0.6127,    0.2456,    0.2161,    0.1533,    0.0531,    0.0431
  903,    0.1000,  232.7012,    0.2465,  111.2366,  111.8150,    0.9898,    0.4245,  158.4330,  156.4279,  157.1034,  157.9262,  158.6969,  159.0030,  159.3262,  159.6022,  159.9986,  160.6032,  161.9998,  164.5850,  168.7533,  174.7358,  182.4348,  190.8011,  199.0220,  206.4071,  213.5205,  219.7015,  223.1406,  224.8657,  225.5483,  225.9061,  226.0329,    0.0720,    0.2736,    0.5797,    0.9612,    1.3926,    1.8521,    2.3209,    2.7827,    3.2142,    3.6100,    3.9506,    4.2239,    3.7844,    3.8476,    3.8117,    3.6582,    3.3474,    2.8625,    2.3257,    1.9228,    1.7233,    1.7444,    1.9474,    2.1924,    0.8194,    0.8419,    0.8632,    0.8747,    0.8690,    0.8516,    0.7625,    0.7565,    0.7252,    0.6189,    0.5997,    0.4566,    0.2833,    0.2380,    0.1989,    0.1895,    0.1788,    0.1590,    0.1716,    0.1717,    0.1808,    0.2048,    0.2510,    0.3118,    0.4211,    0.4863,    0.3984,    0.5517,    0.5429,    0.5454,    0.5631,    0.6414,    0.6615,    0.6818,    0.6890,    0.6858,    1.8565,    1.7855,    1.7312,    1.6635,    1.5862,    1.4831,    1.3772,    1.2781,    1.1882,    1.0847,    0.9885,    0.9074,    1.3085,    1.1922,    1.1451,    1.1158,    1.0966,    1.0505,    0.9867,    0.9242,    0.8527,    0.7816,    0.7048,    0.6400,    1.6192,    1.1588,    0.8364,    0.6145,    0.4490,    0.3259,    0.2330,    0.1582,    0.1075,    0.0716,    0.0487,    0.0369,    0.0878,    0.0481,    0.0711,    0.0776,    0.0864,    0.0806,    0.0883,    0.0995,    0.0876,    0.1208,    0.1072,    0.1179,    0.1307,    0.1069,    0.1561,    0.1742,    0.1435,    0.1732,    0.2022,    0.2180,    0.2158,    0.1418,    0.2268,    0.2398,    0.2948,    0.3155,    0.3270,    0.3482,    0.3580,    0.3760,    0.3828,    0.4379,    0.4770,    0.4531,    0.4642,    0.4735,    0.8081,    0.8833,    0.9277,    0.9604,    0.9848,    1.0661,    0.9988,    1.0645,    1.0408,    1.0887,    1.0327,    1.1074,    2.3847,    2.3533,    2.4050,    2.4432,    2.4685,    2.3714,    2.4729,    2.5427,    2.6000,    2.4188,    2.3829,    2.4736,    6.2409,    5.9217,    5.8403,    5.6541,    5.2198,    4.8952,    4.2968,    3.9507,    3.7951,    3.3247,    2.5536,    2.3735,    1.8319,    1.6858,    1.2869,    1.2302,    0.8348,    0.6099,    0.4956,    0.2000,    0.1772,    0.1263,    0.0440,    0.0359,    0.0005,    0.0021,    0.0043,    0.0071,    0.0102,    0.0134,    0.0166,    0.0173,    0.0375,    0.0622,    0.1093,    0.1834,    0.2528,    0.3864,    0.5992,    0.9023,    1.3502,    1.9648,    2.6024,    3.0559,    3.2311,    3.1185,    2.7951,    2.4383,    0.7738,    0.7403,    0.7125,    0.7074,    0.7280,    0.7584,    0.9138,    0.9044,    0.9415,    1.0587,    1.0745,    1.2019,    0.9451,    0.9513,    0.9576,    0.9437,    0.9400,    0.9617,    0.9190,    0.9062,    0.8901,    0.8710,    0.8419,    0.8005,    0.7448,    0.6393,    0.7110,    0.5046,    0.5022,    0.4884,    0.4480,    0.3226,    0.2783,    0.2293,    0.2005,    0.1880,    0.4813,    0.4567,    0.4104,    0.3859,    0.3732,    0.3881,    0.4064,    0.4202,    0.4277,    0.4506,    0.4685,    0.4728,    0.7377,    0.6857,    0.5885,    0.4820,    0.3739,    0.2975,    0.2470,    0.2028,    0.1731,    0.1497,    0.1360,    0.1204,    0.2724,    0.2174,    0.1626,    0.1057,    0.0671,    0.0415,    0.0264,    0.0206,    0.0156,    0.0118,    0.0085,    0.0042,    0.0221,    0.0000,    0.0522,    0.0915,    0.1017,    0.0932,    0.1054,    0.1181,    0.1057,    0.1463,    0.1301,    0.1437,    0.1589,    0.1297,    0.1884,    0.2071,    0.1696,    0.1134,    0.0146,    0.0317,    0.1470,    0.1737,    0.2810,    0.2958,    0.3668,    0.3933,    0.4081,    0.4347,    0.4461,    0.4578,    0.4296,    0.3913,    0.3459,    0.4126,    0.5720,    0.5806,    1.0185,    1.1148,    1.1697,    1.1903,    1.1720,    1.2999,    1.2479,    1.3271,    1.2202,    1.3787,    1.3039,    1.3878,    3.0053,    2.9339,    3.0447,    3.0922,    3.1126,    2.9995,    3.0774,    3.1401,    3.1897,    2.9583,    2.9145,    3.0242,    7.6446,    7.2931,    7.2113,    6.9914,    6.4521,    6.0459,    5.3022,    4.8645,    4.6615,    4.0749,    3.1237,    2.8980,    2.2324,    2.0504,    1.5624,    1.4901,    1.0016,    0.7245,    0.5837,    0.2336,    0.2054,    0.1455,    0.0503,    0.0408
 1234,    0.1500,  236.9014,    0.2585,  109.5537,  110.0275,    0.8950,    0.3608,  158.4330,  157.3679,  158.0984,  158.9670,  160.0052,  160.5010,  160.9406,  161.4012,  161.9115,  162.8009,  164.3942,  167.1860,  171.6014,  177.9016,  186.1202,  195.2165,  204.3007,  212.0023,  218.5076,  224.8377,  228.3368,  230.0904,  230.8004,  231.1662,  231.2983,    0.0733,    0.2788,    0.5915,    0.9823,    1.4255,    1.8989,    2.3835,    2.8624,    3.3064,    3.7121,    4.0535,    4.3154,    3.8391,    3.8614,    3.7621,    3.5267,    3.1268,    2.5809,    2.0465,    1.6833,    1.5073,    1.5131,    1.6807,    1.9070,    0.7186,    0.7429,    0.7678,    0.7866,    0.7902,    0.7839,    0.7205,    0.7210,    0.7002,    0.6111,    0.6000,    0.4760,    0.3015,    0.2555,    0.2143,    0.2047,    0.1929,    0.1701,    0.1857,    0.1861,    0.1962,    0.2217,    0.2693,    0.3284,    0.4319,    0.4919,    0.4077,    0.5534,    0.5462,    0.5472,    0.5628,    0.6368,    0.6548,    0.6754,    0.6834,    0.6813,    1.8499,    1.7823,    1.7298,    1.6639,    1.5862,    1.4731,    1.3560,    1.2483,    1.1525,    1.0399,    0.9375,    0.8523,    1.2185,    1.1074,    1.0828,    1.0812,    1.0895,    1.0602,    1.0092,    0.9580,    0.8911,    0.8227,    0.7479,    0.6830,    1.7406,    1.2465,    0.8999,    0.6725,    0.5003,    0.3699,    0.2684,    0.1833,    0.1254,    0.0845,    0.0581,    0.0445,    0.0867,    0.0480,    0.0692,    0.0746,    0.0828,    0.0773,    0.0847,    0.0956,    0.0842,    0.1162,    0.1032,    0.1137,    0.1263,    0.1034,    0.1511,    0.1690,    0.1395,    0.1697,    0.2003,    0.2157,    0.2124,    0.1383,    0.2212,    0.2340,    0.2877,    0.3081,    0.3195,    0.3404,    0.3502,    0.3681,    0.3754,    0.4301,    0.4693,    0.4451,    0.4550,    0.4642,    0.7922,    0.8661,    0.9101,    0.9427,    0.9676,    1.0472,    0.9810,    1.0455,    1.0227,    1.0690,    1.0141,    1.0876,    2.3419,    2.3115,    2.3617,    2.3994,    2.4245,    2.3294,    2.4384,    2.5107,    2.5702,    2.3917,    2.3557,    2.4450,    6.1634,    5.8370,    5.7502,    5.5626,    5.1342,    4.8151,    4.2265,    3.8854,    3.7318,    3.2689,    2.5108,    2.3347,    1.8029,    1.6602,    1.2680,    1.2131,    0.8256,    0.6052,    0.4931,    0.1994,    0.1771,    0.1265,    0.0441,    0.0361,    0.0008,    0.0032,    0.0067,    0.0109,    0.0157,    0.0207,    0.0258,    0.0269,    0.0581,    0.0964,    0.1691,    0.2823,    0.3865,    0.5840,    0.8900,    1.3066,    1.8848,    2.6098,    3.2811,    3.7081,    3.8585,    3.7569,    3.4566,    3.0982,    1.0019,    0.9650,    0.9319,    0.9191,    0.9308,    0.9505,    1.0852,    1.0693,    1.0990,    1.2015,    1.2123,    1.3253,    1.0370,    1.0419,    1.0471,    1.0332,    1.0287,    1.0473,    1.0074,    0.9945,    0.9787,    0.9601,    0.9315,    0.8925,    0.8482,    0.7447,    0.8119,    0.6067,    0.6026,    0.5904,    0.5483,    0.4197,    0.3747,    0.3203,    0.2878,    0.2729,    0.7039,    0.6699,    0.6140,    0.5818,    0.5636,    0.5827,    0.6059,    0.6219,    0.6292,    0.6547,    0.6725,    0.6741,    1.0470,    0.9750,    0.8462,    0.7035,    0.5588,    0.4550,    0.3823,    0.3177,    0.2733,    0.2374,    0.2129,    0.1886,    0.4372,    0.3492,    0.2652,    0.1752,    0.1130,    0.0711,    0.0458,    0.0351,    0.0262,    0.0195,    0.0138,    0.0074,    0.0204,    0.0000,    0.0486,    0.0849,    0.0937,    0.0859,    0.0975,    0.1096,    0.0983,    0.1365,    0.1217,    0.1348,    0.1495,    0.1223,    0.1781,    0.1963,    0.1608,    0.1061,    0.0132,    0.0292,    0.1393,    0.1663,    0.2695,    0.2840,    0.3525,    0.3784,    0.3932,    0.4193,    0.4307,    0.4422,    0.4142,    0.3776,    0.3337,    0.3990,    0.5545,    0.5636,    0.9898,    1.0844,    1.1390,    1.1598,    1.1424,    1.2678,    1.2174,    1.2945,    1.1901,    1.3453,    1.2722,    1.3540,    2.9323,    2.8622,    2.9709,    3.0172,    3.0370,    2.9261,    2.9886,    3.0417,    3.0830,    2.8564,    2.8130,    2.9177,    7.3760,    7.0422,    6.9639,    6.7512,    6.2279,    5.8334,    5.1135,    4.6854,    4.4837,    3.9146,    2.9980,    2.7799,    2.1405,    1.9652,    1.4971,    1.4271,    0.9577,    0.6916,    0.5564,    0.2224,    0.1952,    0.1382,    0.0477,    0.0387
 1393,    0.2000,  240.2014,    0.2697,  107.9431,  108.3692,    0.8583,    0.3752,  158.4330,  158.3207,  159.0983,  159.9815,  161.1060,  161.6007,  162.1025,  162.7014,  163.3012,  164.3012,  166.0769,  169.0463,  173.7016,  180.4011,  189.1015,  198.9898,  208.5166,  216.5009,  222.9142,  228.8517,  232.4052,  234.1812,  234.9009,  235.2738,  235.4099,    0.0743,    0.2827,    0.6006,    0.9985,    1.4507,    1.9349,    2.4317,    2.9238,    3.3761,    3.7871,    4.1252,    4.3720,    3.8624,    3.8458,    3.6923,    3.3954,    2.9435,    2.3838,    1.8800,    1.5555,    1.3970,    1.3917,    1.5281,    1.7263,    0.6509,    0.6745,    0.6998,    0.7220,    0.7309,    0.7316,    0.6870,    0.6915,    0.6783,    0.6026,    0.5976,    0.4887,    0.3144,    0.2684,    0.2257,    0.2161,    0.2036,    0.1787,    0.1963,    0.1969,    0.2077,    0.2344,    0.2829,    0.3408,    0.4394,    0.4942,    0.4135,    0.5509,    0.5452,    0.5450,    0.5586,    0.6269,    0.6426,    0.6625,    0.6706,    0.6692,    1.8207,    1.7564,    1.7054,    1.6415,    1.5641,    1.4441,    1.3197,    1.2069,    1.1080,    0.9906,    0.8856,    0.7991,    1.1347,    1.0287,    1.0192,    1.0372,    1.0661,    1.0502,    1.0108,    0.9702,    0.9085,    0.8438,    0.7722,    0.7085,    1.8158,    1.2996,    0.9372,    0.7102,    0.5363,    0.4028,    0.2959,    0.2029,    0.1394,    0.0948,    0.0658,    0.0509,    0.0857,    0.0478,    0.0675,    0.0720,    0.0798,    0.0745,    0.0817,    0.0923,    0.0813,    0.1123,    0.0997,    0.1100,    0.1223,    0.1003,    0.1468,    0.1643,    0.1358,    0.1664,    0.1985,    0.2134,    0.2092,    0.1350,    0.2160,    0.2286,    0.2812,    0.3013,    0.3126,    0.3332,    0.3430,    0.3607,    0.3684,    0.4227,    0.4620,    0.4376,    0.4464,    0.4555,    0.7771,    0.8500,    0.8935,    0.9261,    0.9512,    1.0294,    0.9640,    1.0275,    1.0056,    1.0503,    0.9965,    1.0688,    2.3013,    2.2719,    2.3208,    2.3579,    2.3827,    2.2897,    2.4061,    2.4809,    2.5425,    2.3665,    2.3306,    2.4186,    6.0917,    5.7586,    5.6667,    5.4779,    5.0550,    4.7410,    4.1615,    3.8253,    3.6737,    3.2178,    2.4718,    2.2993,    1.7766,    1.6368,    1.2508,    1.1976,    0.8174,    0.6009,    0.4908,    0.1990,    0.1770,    0.1267,    0.0443,    0.0363,    0.0011,    0.0043,    0.0090,    0.0149,    0.0214,    0.0283,    0.0352,    0.0367,    0.0795,    0.1318,    0.2304,    0.3829,    0.5202,    0.7777,    1.1664,    1.6749,    2.3444,    3.1253,    3.7861,    4.1711,    4.2985,    4.2119,    3.9448,    3.6042,    1.1808,    1.1429,    1.1078,    1.0905,    1.0964,    1.1086,    1.2264,    1.2064,    1.2302,    1.3203,    1.3270,    1.4273,    1.1128,    1.1168,    1.1211,    1.1073,    1.1023,    1.1180,    1.0808,    1.0679,    1.0523,    1.0340,    1.0060,    0.9692,    0.9353,    0.8350,    0.8976,    0.6966,    0.6910,    0.6802,    0.6370,    0.5079,    0.4629,    0.4048,    0.3696,    0.3528,    0.9143,    0.8720,    0.8079,    0.7691,    0.7457,    0.7672,    0.7929,    0.8094,    0.8150,    0.8405,    0.8560,    0.8535,    1.3208,    1.2310,    1.0779,    0.9077,    0.7342,    0.6071,    0.5149,    0.4320,    0.3741,    0.3265,    0.2916,    0.2587,    0.6086,    0.4863,    0.3723,    0.2491,    0.1628,    0.1039,    0.0676,    0.0515,    0.0383,    0.0281,    0.0199,    0.0112,    0.0190,    0.0000,    0.0455,    0.0789,    0.0866,    0.0794,    0.0905,    0.1020,    0.0917,    0.1276,    0.1141,    0.1267,    0.1409,    0.1156,    0.1687,    0.1863,    0.1528,    0.0997,    0.0121,    0.0272,    0.1323,    0.1594,    0.2588,    0.2729,    0.3392,    0.3645,    0.3792,    0.4048,    0.4162,    0.4275,    0.3998,    0.3647,    0.3223,    0.3863,    0.5380,    0.5474,    0.9625,    1.0555,    1.1097,    1.1307,    1.1143,    1.2372,    1.1883,    1.2634,    1.1614,    1.3134,    1.2420,    1.3217,    2.8626,    2.7937,    2.9003,    2.9454,    2.9648,    2.8560,    2.9035,    2.9477,    2.9811,    2.7593,    2.7162,    2.8163,    7.1204,    6.8036,    6.7290,    6.5233,    6.0154,    5.6322,    4.9349,    4.5162,    4.3158,    3.7635,    2.8796,    2.6686,    2.0540,    1.8849,    1.4355,    1.3679,    0.9164,    0.6605,    0.5306,    0.2118,    0.1857,    0.1312,    0.0453,    0.0367
 1515,    0.3000,  245.1439,    0.2898,  104.8555,  105.3945,    0.9877,    0.6712,  158.4330,  159.7703,  160.5509,  161.4409,  162.6016,  163.1215,  163.7162,  164.4024,  165.2014,  166.4017,  168.4955,  171.8156,  176.9998,  184.3909,  194.0850,  205.1013,  215.3122,  223.5012,  229.9992,  234.9931,  238.6407,  240.4435,  241.1581,  241.5510,  241.6884,    0.0757,    0.2884,    0.6135,    1.0216,    1.4867,    1.9864,    2.5010,    3.0119,    3.4728,    3.8866,    4.2106,    4.4222,    3.8554,    3.7703,    3.5343,    3.1609,    2.6711,    2.1411,    1.7046,    1.4321,    1.2933,    1.2759,    1.3729,    1.5243,    0.5707,    0.5906,    0.6136,    0.6368,    0.6505,    0.6582,    0.6378,    0.6462,    0.6427,    0.5865,    0.5895,    0.5042,    0.3326,    0.2872,    0.2427,    0.2331,    0.2195,    0.1914,    0.2123,    0.2132,    0.2253,    0.2536,    0.3029,    0.3576,    0.4476,    0.4930,    0.4191,    0.5398,    0.5365,    0.5349,    0.5442,    0.6010,    0.6121,    0.6292,    0.6365,    0.6358,    1.7346,    1.6759,    1.6271,    1.5671,    1.4916,    1.3647,    1.2335,    1.1172,    1.0172,    0.8976,    0.7934,    0.7085,    0.9966,    0.8996,    0.9063,    0.9466,    1.0008,    1.0037,    0.9824,    0.9591,    0.9075,    0.8508,    0.7868,    0.7272,    1.8791,    1.3412,    0.9633,    0.7459,    0.5768,    0.4442,    0.3326,    0.2294,    0.1586,    0.1094,    0.0771,    0.0603,    0.0839,    0.0475,    0.0646,    0.0678,    0.0751,    0.0701,    0.0768,    0.0869,    0.0765,    0.1058,    0.0940,    0.1038,    0.1157,    0.0950,    0.1393,    0.1563,    0.1296,    0.1606,    0.1951,    0.2093,    0.2034,    0.1293,    0.2069,    0.2192,    0.2697,    0.2892,    0.3003,    0.3203,    0.3300,    0.3475,    0.3559,    0.4093,    0.4485,    0.4237,    0.4307,    0.4395,    0.7497,    0.8204,    0.8629,    0.8953,    0.9208,    0.9962,    0.9326,    0.9941,    0.9738,    1.0158,    0.9638,    1.0340,    2.2262,    2.1986,    2.2450,    2.2811,    2.3055,    2.2163,    2.3472,    2.4270,    2.4928,    2.3215,    2.2858,    2.3716,    5.9639,    5.6184,    5.5173,    5.3263,    4.9136,    4.6089,    4.0459,    3.7188,    3.5712,    3.1282,    2.4034,    2.2376,    1.7306,    1.5961,    1.2209,    1.1706,    0.8032,    0.5937,    0.4870,    0.1982,    0.1770,    0.1271,    0.0445,    0.0366,    0.0017,    0.0066,    0.0139,    0.0230,    0.0332,    0.0439,    0.0548,    0.0572,    0.1236,    0.2043,    0.3551,    0.5845,    0.7829,    1.1471,    1.6726,    2.3146,    3.0915,    3.8992,    4.4906,    4.7930,    4.8886,    4.8302,    4.6281,    4.3402,    1.4468,    1.4105,    1.3754,    1.3541,    1.3528,    1.3555,    1.4473,    1.4232,    1.4385,    1.5084,    1.5095,    1.5892,    1.2333,    1.2353,    1.2377,    1.2244,    1.2182,    1.2283,    1.1967,    1.1840,    1.1691,    1.1516,    1.1251,    1.0920,    1.0757,    0.9833,    1.0366,    0.8484,    0.8404,    0.8316,    0.7876,    0.6614,    0.6175,    0.5544,    0.5158,    0.4962,    1.2939,    1.2379,    1.1607,    1.1108,    1.0777,    1.1004,    1.1269,    1.1410,    1.1412,    1.1624,    1.1706,    1.1585,    1.7839,    1.6639,    1.4753,    1.2662,    1.0507,    0.8869,    0.7627,    0.6494,    0.5681,    0.4998,    0.4460,    0.3974,    0.9517,    0.7604,    0.5866,    0.4002,    0.2669,    0.1739,    0.1153,    0.0872,    0.0647,    0.0471,    0.0334,    0.0198,    0.0167,    0.0000,    0.0400,    0.0688,    0.0745,    0.0685,    0.0786,    0.0890,    0.0803,    0.1123,    0.1009,    0.1127,    0.1260,    0.1038,    0.1521,    0.1687,    0.1386,    0.0889,    0.0104,    0.0238,    0.1200,    0.1470,    0.2393,    0.2527,    0.3148,    0.3391,    0.3535,    0.3781,    0.3895,    0.4006,    0.3737,    0.3414,    0.3017,    0.3630,    0.5076,    0.5175,    0.9118,    1.0015,    1.0550,    1.0764,    1.0618,    1.1801,    1.1338,    1.2052,    1.1077,    1.2535,    1.1853,    1.2612,    2.7318,    2.6654,    2.7680,    2.8109,    2.8293,    2.7245,    2.7441,    2.7717,    2.7907,    2.5779,    2.5356,    2.6272,    6.6444,    6.3600,    6.2930,    6.1008,    5.6217,    5.2597,    4.6046,    4.2038,    4.0067,    3.4859,    2.6623,    2.4646,    1.8954,    1.7377,    1.3226,    1.2590,    0.8404,    0.6035,    0.4833,    0.1923,    0.1681,    0.1186,    0.0408,    0.0330
 1611,    0.4000,  248.8035,    0.3072,  102.2878,  102.8112,    0.9846,    0.6755,  158.4330,  160.7807,  161.5753,  162.4763,  163.6027,  164.2002,  164.8037,  165.6010,  166.5178,  167.9587,  170.3023,  174.0112,  179.7063,  187.8001,  198.3401,  210.1026,  220.6821,  228.9020,  235.2265,  239.8122,  243.1437,  244.9536,  245.6890,  246.0739,  246.2162,    0.0766,    0.2924,    0.6227,    1.0381,    1.5126,    2.0234,    2.5510,    3.0753,    3.5394,    3.9504,    4.2560,    4.4313,    3.8178,    3.6775,    3.3871,    2.9779,    2.4937,    2.0107,    1.6218,    1.3765,    1.2472,    1.2242,    1.3014,    1.4245,    0.5288,    0.5455,    0.5655,    0.5874,    0.6020,    0.6124,    0.6054,    0.6150,    0.6171,    0.5739,    0.5816,    0.5137,    0.3458,    0.3015,    0.2558,    0.2463,    0.2318,    0.2010,    0.2247,    0.2260,    0.2393,    0.2688,    0.3181,    0.3696,    0.4520,    0.4897,    0.4219,    0.5277,    0.5262,    0.5239,    0.5297,    0.5762,    0.5834,    0.5972,    0.6032,    0.6026,    1.6464,    1.5922,    1.5449,    1.4883,    1.4152,    1.2867,    1.1544,    1.0391,    0.9413,    0.8243,    0.7239,    0.6425,    0.8990,    0.8087,    0.8212,    0.8708,    0.9374,    0.9509,    0.9418,    0.9312,    0.8878,    0.8382,    0.7816,    0.7262,    1.8878,    1.3429,    0.9603,    0.7558,    0.5954,    0.4677,    0.3556,    0.2461,    0.1707,    0.1192,    0.0850,    0.0671,    0.0823,    0.0472,    0.0624,    0.0647,    0.0716,    0.0669,    0.0732,    0.0828,    0.0729,    0.1008,    0.0896,    0.0990,    0.1105,    0.0908,    0.1333,    0.1498,    0.1244,    0.1556,    0.1920,    0.2055,    0.1984,    0.1245,    0.1993,    0.2112,    0.2599,    0.2788,    0.2897,    0.3092,    0.3187,    0.3359,    0.3448,    0.3974,    0.4365,    0.4114,    0.4167,    0.4254,    0.7253,    0.7940,    0.8355,    0.8676,    0.8933,    0.9662,    0.9042,    0.9640,    0.9451,    0.9846,    0.9343,    1.0026,    2.1584,    2.1323,    2.1766,    2.2118,    2.2357,    2.1501,    2.2952,    2.3799,    2.4497,    2.2828,    2.2472,    2.3311,    5.8540,    5.4974,    5.3882,    5.1954,    4.7916,    4.4953,    3.9466,    3.6278,    3.4843,    3.0525,    2.3460,    2.1858,    1.6922,    1.5621,    1.1961,    1.1482,    0.7916,    0.5878,    0.4840,    0.1977,    0.1771,    0.1275,    0.0448,    0.0369,    0.0024,    0.0090,    0.0189,    0.0313,    0.0453,    0.0600,    0.0751,    0.0783,    0.1691,    0.2785,    0.4810,    0.7841,    1.0362,    1.4911,    2.1223,    2.8512,    3.6754,    4.4546,    4.9625,    5.2035,    5.2834,    5.2465,    5.0950,    4.8599,    1.6391,    1.6061,    1.5730,    1.5505,    1.5449,    1.5417,    1.6135,    1.5880,    1.5972,    1.6518,    1.6488,    1.7123,    1.3248,    1.3254,    1.3267,    1.3137,    1.3070,    1.3135,    1.2855,    1.2728,    1.2583,    1.2414,    1.2162,    1.1861,    1.1841,    1.1000,    1.1452,    0.9717,    0.9620,    0.9544,    0.9108,    0.7902,    0.7482,    0.6826,    0.6423,    0.6209,    1.6261,    1.5594,    1.4724,    1.4137,    1.3721,    1.3931,    1.4173,    1.4269,    1.4207,    1.4352,    1.4348,    1.4133,    2.1695,    2.0249,    1.8106,    1.5745,    1.3298,    1.1380,    0.9885,    0.8507,    0.7498,    0.6638,    0.5936,    0.5309,    1.2862,    1.0276,    0.7958,    0.5508,    0.3731,    0.2471,    0.1660,    0.1253,    0.0930,    0.0675,    0.0480,    0.0295,    0.0148,    0.0000,    0.0355,    0.0605,    0.0647,    0.0595,    0.0687,    0.0782,    0.0709,    0.0995,    0.0898,    0.1008,    0.1133,    0.0938,    0.1378,    0.1535,    0.1263,    0.0799,    0.0090,    0.0211,    0.1095,    0.1361,    0.2221,    0.2349,    0.2932,    0.3164,    0.3305,    0.3542,    0.3655,    0.3763,    0.3504,    0.3206,    0.2834,    0.3421,    0.4800,    0.4903,    0.8655,    0.9523,    1.0049,    1.0266,    1.0137,    1.1276,    1.0837,    1.1518,    1.0584,    1.1984,    1.1331,    1.2055,    2.6115,    2.5476,    2.6462,    2.6871,    2.7046,    2.6034,    2.5972,    2.6100,    2.6163,    2.4120,    2.3706,    2.4546,    6.2105,    5.9562,    5.8967,    5.7175,    5.2650,    4.9224,    4.3059,    3.9220,    3.7287,    3.2368,    2.4677,    2.2819,    1.7532,    1.6059,    1.2213,    1.1615,    0.7723,    0.5523,    0.4408,    0.1749,    0.1525,    0.1072,    0.0369,    0.0297
 1746,    0.5000,  251.7027,    0.3224,  100.1038,  100.5554,    0.9236,    0.6965,  158.4330,  161.5773,  162.3803,  163.2860,  164.3982,  164.9976,  165.6997,  166.5045,  167.6035,  169.2002,  171.8012,  175.9623,  182.1983,  190.8362,  202.1257,  214.3997,  225.1016,  233.2542,  239.4218,  243.8065,  246.7016,  248.5091,  249.2440,  249.6358,  249.7758,    0.0773,    0.2953,    0.6294,    1.0503,    1.5317,    2.0510,    2.5883,    3.1223,    3.5862,    3.9911,    4.2764,    4.4163,    3.7652,    3.5819,    3.2583,    2.8380,    2.3767,    1.9356,    1.5767,    1.3465,    1.2224,    1.1965,    1.2628,    1.3693,    0.5051,    0.5195,    0.5370,    0.5572,    0.5715,    0.5827,    0.5833,    0.5931,    0.5984,    0.5643,    0.5749,    0.5201,    0.3559,    0.3131,    0.2669,    0.2576,    0.2423,    0.2090,    0.2354,    0.2370,    0.2512,    0.2815,    0.3301,    0.3784,    0.4545,    0.4860,    0.4235,    0.5166,    0.5164,    0.5137,    0.5166,    0.5543,    0.5584,    0.5688,    0.5733,    0.5727,    1.5654,    1.5146,    1.4683,    1.4146,    1.3442,    1.2170,    1.0870,    0.9751,    0.8809,    0.7683,    0.6726,    0.5953,    0.8307,    0.7453,    0.7586,    0.8105,    0.8816,    0.9004,    0.8991,    0.8971,    0.8602,    0.8166,    0.7663,    0.7149,    1.8666,    1.3235,    0.9423,    0.7510,    0.6004,    0.4793,    0.3690,    0.2559,    0.1780,    0.1254,    0.0903,    0.0718,    0.0809,    0.0469,    0.0605,    0.0622,    0.0690,    0.0644,    0.0705,    0.0796,    0.0701,    0.0969,    0.0861,    0.0952,    0.1063,    0.0874,    0.1285,    0.1445,    0.1201,    0.1514,    0.1892,    0.2022,    0.1941,    0.1204,    0.1927,    0.2043,    0.2514,    0.2698,    0.2805,    0.2995,    0.3089,    0.3258,    0.3351,    0.3867,    0.4257,    0.4004,    0.4043,    0.4127,    0.7035,    0.7703,    0.8108,    0.8425,    0.8684,    0.9390,    0.8784,    0.9366,    0.9190,    0.9563,    0.9075,    0.9741,    2.0968,    2.0722,    2.1146,    2.1490,    2.1725,    2.0902,    2.2490,    2.3385,    2.4123,    2.2492,    2.2139,    2.2963,    5.7592,    5.3924,    5.2762,    5.0817,    4.6860,    4.3970,    3.8610,    3.5497,    3.4101,    2.9883,    2.2974,    2.1421,    1.6598,    1.5336,    1.1752,    1.1295,    0.7820,    0.5831,    0.4817,    0.1973,    0.1772,    0.1278,    0.0450,    0.0371,    0.0030,    0.0113,    0.0240,    0.0398,    0.0576,    0.0765,    0.0958,    0.0999,    0.2153,    0.3533,    0.6066,    0.9794,    1.2780,    1.8095,    2.5222,    3.3062,    4.1426,    4.8694,    5.3020,    5.5027,    5.5759,    5.5548,    5.4395,    5.2487,    1.7850,    1.7558,    1.7257,    1.7034,    1.6955,    1.6886,    1.7451,    1.7195,    1.7243,    1.7671,    1.7612,    1.8124,    1.3992,    1.3987,    1.3987,    1.3862,    1.3789,    1.3822,    1.3574,    1.3450,    1.3309,    1.3146,    1.2907,    1.2630,    1.2727,    1.1963,    1.2344,    1.0752,    1.0644,    1.0574,    1.0146,    0.9004,    0.8604,    0.7936,    0.7526,    0.7301,    1.9180,    1.8426,    1.7480,    1.6819,    1.6331,    1.6509,    1.6714,    1.6758,    1.6630,    1.6699,    1.6609,    1.6307,    2.4978,    2.3330,    2.0991,    1.8432,    1.5769,    1.3628,    1.1926,    1.0347,    0.9174,    0.8163,    0.7318,    0.6567,    1.6040,    1.2815,    0.9949,    0.6962,    0.4773,    0.3201,    0.2173,    0.1641,    0.1218,    0.0885,    0.0631,    0.0397,    0.0132,    0.0000,    0.0317,    0.0534,    0.0566,    0.0521,    0.0605,    0.0692,    0.0630,    0.0887,    0.0804,    0.0907,    0.1024,    0.0850,    0.1254,    0.1403,    0.1156,    0.0723,    0.0079,    0.0189,    0.1004,    0.1264,    0.2067,    0.2189,    0.2737,    0.2961,    0.3098,    0.3326,    0.3437,    0.3543,    0.3295,    0.3018,    0.2669,    0.3232,    0.4549,    0.4654,    0.8231,    0.9070,    0.9589,    0.9809,    0.9695,    1.0793,    1.0374,    1.1025,    1.0129,    1.1475,    1.0849,    1.1542,    2.5004,    2.4388,    2.5337,    2.5727,    2.5895,    2.4915,    2.4616,    2.4610,    2.4559,    2.2597,    2.2194,    2.2966,    5.8134,    5.5871,    5.5349,    5.3679,    4.9400,    4.6154,    4.0341,    3.6664,    3.4771,    3.0119,    2.2923,    2.1173,    1.6252,    1.4871,    1.1301,    1.0736,    0.7110,    0.5063,    0.4027,    0.1592,    0.1384,    0.0971,    0.0333,    0.0268
 1997,    0.7500,  256.6020,    0.3528,   95.5565,   96.0342,    0.9689,    0.7889,  158.4330,  162.8725,  163.6908,  164.6014,  165.6955,  166.2970,  167.0778,  168.1034,  169.5003,  171.5994,  174.8999,  180.0005,  187.3288,  197.3054,  209.8201,  222.7029,  233.3241,  241.1033,  246.8024,  250.6429,  252.9074,  254.3215,  255.0100,  255.4147,  255.5586,    0.0783,    0.2995,    0.6393,    1.0682,    1.5600,    2.0921,    2.6444,    3.1918,    3.6459,    4.0272,    4.2599,    4.3214,    3.6089,    3.3594,    3.0103,    2.6111,    2.2165,    1.8411,    1.5193,    1.3079,    1.1906,    1.1607,    1.2137,    1.2999,    0.4753,    0.4865,    0.5004,    0.5173,    0.5298,    0.5404,    0.5489,    0.5575,    0.5664,    0.5460,    0.5595,    0.5267,    0.3719,    0.3335,    0.2875,    0.2791,    0.2623,    0.2241,    0.2562,    0.2583,    0.2742,    0.3048,    0.3503,    0.3910,    0.4544,    0.4747,    0.4231,    0.4921,    0.4936,    0.4906,    0.4886,    0.5104,    0.5092,    0.5127,    0.5139,    0.5127,    1.3997,    1.3547,    1.3102,    1.2621,    1.1980,    1.0806,    0.9619,    0.8616,    0.7775,    0.6769,    0.5922,    0.5235,    0.7295,    0.6519,    0.6606,    0.7073,    0.7746,    0.7943,    0.8004,    0.8083,    0.7815,    0.7483,    0.7098,    0.6665,    1.7509,    1.2330,    0.8694,    0.7067,    0.5791,    0.4756,    0.3743,    0.2604,    0.1815,    0.1302,    0.0955,    0.0767,    0.0779,    0.0464,    0.0572,    0.0583,    0.0648,    0.0605,    0.0660,    0.0745,    0.0654,    0.0903,    0.0802,    0.0885,    0.0989,    0.0814,    0.1196,    0.1347,    0.1122,    0.1430,    0.1831,    0.1950,    0.1853,    0.1126,    0.1800,    0.1910,    0.2350,    0.2523,    0.2623,    0.2802,    0.2892,    0.3054,    0.3151,    0.3647,    0.4029,    0.3774,    0.3787,    0.3866,    0.6581,    0.7208,    0.7589,    0.7895,    0.8152,    0.8809,    0.8235,    0.8783,    0.8632,    0.8961,    0.8506,    0.9134,    1.9659,    1.9442,    1.9826,    2.0153,    2.0380,    1.9629,    2.1543,    2.2553,    2.3384,    2.1834,    2.1487,    2.2282,    5.5736,    5.1854,    5.0547,    4.8567,    4.4774,    4.2035,    3.6929,    3.3979,    3.2671,    2.8654,    2.2051,    2.0594,    1.5988,    1.4801,    1.1362,    1.0946,    0.7645,    0.5748,    0.4778,    0.1968,    0.1776,    0.1286,    0.0454,    0.0376,    0.0046,    0.0174,    0.0368,    0.0612,    0.0888,    0.1183,    0.1485,    0.1547,    0.3315,    0.5392,    0.9116,    1.4395,    1.8255,    2.4968,    3.3353,    4.1693,    4.9539,    5.5260,    5.8283,    5.9803,    6.0501,    6.0538,    5.9915,    5.8734,    2.0225,    2.0014,    1.9786,    1.9592,    1.9485,    1.9376,    1.9674,    1.9439,    1.9414,    1.9643,    1.9540,    1.9833,    1.5261,    1.5233,    1.5212,    1.5094,    1.5014,    1.5001,    1.4801,    1.4680,    1.4546,    1.4394,    1.4183,    1.3949,    1.4257,    1.3658,    1.3898,    1.2639,    1.2511,    1.2442,    1.2047,    1.1080,    1.0728,    1.0082,    0.9680,    0.9445,    2.4966,    2.4065,    2.3003,    2.2208,    2.1579,    2.1652,    2.1734,    2.1635,    2.1343,    2.1214,    2.0918,    2.0425,    3.1177,    2.9166,    2.6533,    2.3687,    2.0705,    1.8194,    1.6120,    1.4176,    1.2696,    1.1401,    1.0278,    0.9282,    2.2971,    1.8348,    1.4297,    1.0195,    0.7130,    0.4886,    0.3381,    0.2556,    0.1902,    0.1385,    0.0992,    0.0647,    0.0104,    0.0000,    0.0243,    0.0400,    0.0411,    0.0380,    0.0448,    0.0518,    0.0476,    0.0677,    0.0620,    0.0707,    0.0807,    0.0676,    0.1006,    0.1136,    0.0940,    0.0576,    0.0060,    0.0148,    0.0823,    0.1062,    0.1745,    0.1855,    0.2329,    0.2531,    0.2659,    0.2867,    0.2975,    0.3074,    0.2853,    0.2621,    0.2321,    0.2828,    0.4009,    0.4117,    0.7311,    0.8086,    0.8583,    0.8808,    0.8727,    0.9732,    0.9359,    0.9942,    0.9132,    1.0357,    0.9790,    1.0413,    2.2562,    2.1998,    2.2863,    2.3213,    2.3363,    2.2455,    2.1636,    2.1352,    2.1070,    1.9293,    1.8916,    1.9545,    4.9546,    4.7893,    4.7543,    4.6147,    4.2410,    3.9557,    3.4510,    3.1197,    2.9413,    2.5346,    1.9209,    1.7691,    1.3544,    1.2359,    0.9374,    0.8879,    0.5816,    0.4096,    0.3227,    0.1265,    0.1091,    0.0761,    0.0259,    0.0207
 2239,    1.0000,  259.6017,    0.3754,   92.2211,   92.6856,    0.9695,    0.7581,  158.4330,  163.6747,  164.4993,  165.4099,  166.5045,  167.1178,  168.0004,  169.2041,  170.9044,  173.4660,  177.4057,  183.4004,  191.7044,  202.6981,  215.8035,  228.7749,  239.1029,  246.4019,  251.6036,  255.0049,  256.9091,  257.9175,  258.5056,  258.8899,  259.0319,    0.0787,    0.3013,    0.6435,    1.0761,    1.5729,    2.1113,    2.6710,    3.2232,    3.6613,    4.0148,    4.1989,    4.1994,    3.4589,    3.1832,    2.8499,    2.4904,    2.1433,    1.7983,    1.4931,    1.2908,    1.1769,    1.1451,    1.1914,    1.2682,    0.4618,    0.4716,    0.4838,    0.4987,    0.5098,    0.5193,    0.5299,    0.5372,    0.5470,    0.5341,    0.5479,    0.5284,    0.3814,    0.3473,    0.3027,    0.2956,    0.2777,    0.2356,    0.2724,    0.2748,    0.2917,    0.3216,    0.3633,    0.3976,    0.4516,    0.4647,    0.4214,    0.4738,    0.4759,    0.4731,    0.4684,    0.4802,    0.4763,    0.4751,    0.4739,    0.4720,    1.2858,    1.2444,    1.2012,    1.1570,    1.0982,    0.9922,    0.8855,    0.7954,    0.7192,    0.6277,    0.5505,    0.4873,    0.6796,    0.6061,    0.6101,    0.6492,    0.7074,    0.7218,    0.7268,    0.7354,    0.7133,    0.6857,    0.6541,    0.6161,    1.6217,    1.1377,    0.7970,    0.6535,    0.5422,    0.4527,    0.3612,    0.2517,    0.1756,    0.1274,    0.0946,    0.0764,    0.0754,    0.0458,    0.0551,    0.0560,    0.0626,    0.0584,    0.0636,    0.0716,    0.0628,    0.0865,    0.0766,    0.0845,    0.0943,    0.0776,    0.1140,    0.1282,    0.1069,    0.1368,    0.1779,    0.1891,    0.1787,    0.1070,    0.1711,    0.1815,    0.2232,    0.2396,    0.2491,    0.2661,    0.2746,    0.2902,    0.3000,    0.3476,    0.3848,    0.3593,    0.3590,    0.3663,    0.6228,    0.6819,    0.7179,    0.7471,    0.7724,    0.8341,    0.7793,    0.8313,    0.8182,    0.8477,    0.8048,    0.8647,    1.8607,    1.8413,    1.8767,    1.9081,    1.9300,    1.8609,    2.0825,    2.1939,    2.2852,    2.1365,    2.1024,    2.1800,    5.4418,    5.0363,    4.8945,    4.6938,    4.3268,    4.0644,    3.5726,    3.2904,    3.1672,    2.7805,    2.1420,    2.0033,    1.5576,    1.4442,    1.1102,    1.0716,    0.7534,    0.5698,    0.4757,    0.1966,    0.1780,    0.1292,    0.0457,    0.0379,    0.0061,    0.0234,    0.0497,    0.0827,    0.1201,    0.1603,    0.2016,    0.2099,    0.4468,    0.7202,    1.1996,    1.8563,    2.2964,    3.0537,    3.9450,    4.7592,    5.4459,    5.8892,    6.1250,    6.2590,    6.3302,    6.3483,    6.3135,    6.2341,    2.1598,    2.1441,    2.1267,    2.1104,    2.0994,    2.0875,    2.1019,    2.0811,    2.0748,    2.0859,    2.0734,    2.0892,    1.6045,    1.6002,    1.5965,    1.5851,    1.5767,    1.5730,    1.5556,    1.5437,    1.5308,    1.5165,    1.4976,    1.4773,    1.5214,    1.4736,    1.4879,    1.3885,    1.3746,    1.3667,    1.3312,    1.2504,    1.2194,    1.1602,    1.1227,    1.0994,    2.9196,    2.8209,    2.7091,    2.6205,    2.5477,    2.5428,    2.5370,    2.5120,    2.4675,    2.4352,    2.3871,    2.3225,    3.5366,    3.3122,    3.0368,    2.7422,    2.4319,    2.1616,    1.9307,    1.7125,    1.5437,    1.3945,    1.2626,    1.1450,    2.8568,    2.2813,    1.7812,    1.2854,    0.9103,    0.6323,    0.4429,    0.3352,    0.2501,    0.1824,    0.1311,    0.0874,    0.0084,    0.0000,    0.0189,    0.0304,    0.0304,    0.0282,    0.0337,    0.0394,    0.0366,    0.0524,    0.0486,    0.0560,    0.0646,    0.0546,    0.0818,    0.0932,    0.0775,    0.0468,    0.0047,    0.0119,    0.0687,    0.0902,    0.1489,    0.1588,    0.2003,    0.2185,    0.2306,    0.2496,    0.2599,    0.2692,    0.2497,    0.2299,    0.2039,    0.2499,    0.3564,    0.3672,    0.6546,    0.7264,    0.7740,    0.7968,    0.7913,    0.8839,    0.8504,    0.9031,    0.8291,    0.9412,    0.8897,    0.9460,    2.0501,    1.9982,    2.0775,    2.1089,    2.1225,    2.0376,    1.9130,    1.8631,    1.8177,    1.6564,    1.6215,    1.6730,    4.2485,    4.1327,    4.1124,    3.9961,    3.6679,    3.4157,    2.9744,    2.6750,    2.5076,    2.1499,    1.6227,    1.4899,    1.1375,    1.0351,    0.7833,    0.7397,    0.4789,    0.3333,    0.2601,    0.1011,    0.0864,    0.0598,    0.0203,    0.0161
 2462,    1.2500,  261.4651,    0.3925,   89.6776,   90.1503,    0.9891,    0.9806,  158.4330,  164.2785,  165.1025,  166.0180,  167.0968,  167.7981,  168.7067,  170.0997,  172.1015,  175.1026,  179.6987,  186.3998,  195.5113,  207.2048,  220.6328,  233.5009,  243.4015,  250.1991,  254.9013,  257.8604,  259.5038,  260.3018,  260.6716,  261.0406,  261.1584,    0.0788,    0.3015,    0.6443,    1.0780,    1.5765,    2.1171,    2.6797,    3.2312,    3.6509,    3.9759,    4.1183,    4.0743,    3.3280,    3.0491,    2.7458,    2.4218,    2.1029,    1.7736,    1.4784,    1.2821,    1.1705,    1.1373,    1.1792,    1.2500,    0.4540,    0.4629,    0.4742,    0.4879,    0.4980,    0.5066,    0.5177,    0.5240,    0.5339,    0.5256,    0.5388,    0.5277,    0.3872,    0.3570,    0.3149,    0.3090,    0.2905,    0.2454,    0.2860,    0.2885,    0.3056,    0.3340,    0.3718,    0.4006,    0.4476,    0.4561,    0.4191,    0.4599,    0.4622,    0.4595,    0.4535,    0.4591,    0.4537,    0.4496,    0.4470,    0.4445,    1.2081,    1.1690,    1.1271,    1.0856,    1.0310,    0.9348,    0.8377,    0.7551,    0.6844,    0.5988,    0.5262,    0.4663,    0.6508,    0.5798,    0.5809,    0.6144,    0.6646,    0.6733,    0.6746,    0.6802,    0.6595,    0.6347,    0.6071,    0.5723,    1.5058,    1.0555,    0.7370,    0.6051,    0.5041,    0.4240,    0.3408,    0.2380,    0.1661,    0.1214,    0.0909,    0.0735,    0.0734,    0.0454,    0.0536,    0.0547,    0.0614,    0.0572,    0.0622,    0.0699,    0.0612,    0.0842,    0.0745,    0.0820,    0.0914,    0.0751,    0.1102,    0.1239,    0.1032,    0.1322,    0.1734,    0.1841,    0.1736,    0.1031,    0.1647,    0.1746,    0.2146,    0.2302,    0.2393,    0.2555,    0.2636,    0.2786,    0.2883,    0.3341,    0.3702,    0.3449,    0.3435,    0.3503,    0.5948,    0.6509,    0.6849,    0.7127,    0.7374,    0.7958,    0.7432,    0.7930,    0.7813,    0.8082,    0.7674,    0.8249,    1.7748,    1.7573,    1.7903,    1.8206,    1.8419,    1.7780,    2.0272,    2.1480,    2.2463,    2.1026,    2.0691,    2.1454,    5.3468,    4.9273,    4.7766,    4.5736,    4.2160,    3.9625,    3.4848,    3.2128,    3.0959,    2.7206,    2.0978,    1.9642,    1.5292,    1.4196,    1.0925,    1.0561,    0.7461,    0.5667,    0.4745,    0.1966,    0.1783,    0.1296,    0.0460,    0.0382,    0.0077,    0.0294,    0.0624,    0.1040,    0.1513,    0.2021,    0.2545,    0.2647,    0.5596,    0.8939,    1.4681,    2.2299,    2.6993,    3.5052,    4.4047,    5.1660,    5.7513,    6.1058,    6.3074,    6.4328,    6.5055,    6.5325,    6.5140,    6.4570,    2.2444,    2.2320,    2.2181,    2.2044,    2.1938,    2.1822,    2.1879,    2.1696,    2.1611,    2.1645,    2.1516,    2.1584,    1.6554,    1.6495,    1.6438,    1.6329,    1.6240,    1.6179,    1.6030,    1.5915,    1.5793,    1.5659,    1.5493,    1.5314,    1.5848,    1.5458,    1.5526,    1.4736,    1.4592,    1.4503,    1.4184,    1.3507,    1.3230,    1.2699,    1.2353,    1.2126,    3.2318,    3.1278,    3.0131,    2.9182,    2.8378,    2.8202,    2.8000,    2.7604,    2.7022,    2.6527,    2.5892,    2.5124,    3.8191,    3.5795,    3.3006,    3.0058,    2.6949,    2.4160,    2.1709,    1.9375,    1.7546,    1.5917,    1.4458,    1.3150,    3.2989,    2.6334,    2.0585,    1.4977,    1.0694,    0.7492,    0.5290,    0.4010,    0.2997,    0.2190,    0.1578,    0.1064,    0.0069,    0.0000,    0.0149,    0.0233,    0.0226,    0.0210,    0.0256,    0.0302,    0.0283,    0.0410,    0.0384,    0.0447,    0.0521,    0.0444,    0.0671,    0.0771,    0.0645,    0.0385,    0.0038,    0.0098,    0.0580,    0.0773,    0.1281,    0.1371,    0.1735,    0.1901,    0.2013,    0.2188,    0.2286,    0.2374,    0.2202,    0.2032,    0.1805,    0.2223,    0.3190,    0.3297,    0.5897,    0.6566,    0.7022,    0.7251,    0.7217,    0.8073,    0.7769,    0.8249,    0.7571,    0.8602,    0.8130,    0.8643,    1.8731,    1.8252,    1.8981,    1.9265,    1.9388,    1.8590,    1.6990,    1.6327,    1.5748,    1.4282,    1.3959,    1.4384,    3.6594,    3.5835,    3.5755,    3.4789,    3.1894,    2.9652,    2.5775,    2.3062,    2.1496,    1.8338,    1.3784,    1.2616,    0.9605,    0.8714,    0.6579,    0.6193,    0.3962,    0.2724,    0.2105,    0.0811,    0.0687,    0.0473,    0.0159,    0.0126
 2680,    1.5000,  262.6017,    0.4056,   87.7634,   88.1959,    0.9595,    0.7647,  158.4330,  164.7720,  165.6017,  166.5156,  167.5983,  168.3012,  169.3076,  170.8981,  173.1980,  176.6074,  181.8006,  189.1217,  198.9789,  211.0981,  224.6972,  237.2872,  246.7031,  253.0030,  257.2086,  259.8059,  261.1108,  261.8150,  262.0719,  262.3566,  262.4555,    0.0787,    0.3011,    0.6436,    1.0771,    1.5756,    2.1165,    2.6798,    3.2281,    3.6291,    3.9274,    4.0354,    3.9605,    3.2211,    2.9508,    2.6783,    2.3804,    2.0778,    1.7581,    1.4693,    1.2767,    1.1665,    1.1325,    1.1717,    1.2388,    0.4491,    0.4575,    0.4681,    0.4810,    0.4904,    0.4984,    0.5095,    0.5149,    0.5248,    0.5194,    0.5317,    0.5265,    0.3910,    0.3642,    0.3243,    0.3196,    0.3008,    0.2535,    0.2971,    0.2995,    0.3167,    0.3437,    0.3779,    0.4023,    0.4438,    0.4489,    0.4171,    0.4492,    0.4515,    0.4489,    0.4424,    0.4441,    0.4380,    0.4323,    0.4287,    0.4259,    1.1556,    1.1181,    1.0774,    1.0378,    0.9863,    0.8974,    0.8071,    0.7295,    0.6622,    0.5805,    0.5108,    0.4530,    0.6326,    0.5632,    0.5623,    0.5922,    0.6367,    0.6410,    0.6387,    0.6405,    0.6201,    0.5965,    0.5709,    0.5381,    1.4137,    0.9919,    0.6918,    0.5668,    0.4718,    0.3975,    0.3206,    0.2243,    0.1567,    0.1152,    0.0867,    0.0699,    0.0717,    0.0450,    0.0525,    0.0539,    0.0607,    0.0565,    0.0614,    0.0689,    0.0603,    0.0828,    0.0731,    0.0804,    0.0895,    0.0734,    0.1077,    0.1209,    0.1006,    0.1286,    0.1695,    0.1799,    0.1696,    0.1002,    0.1599,    0.1695,    0.2082,    0.2232,    0.2318,    0.2474,    0.2552,    0.2696,    0.2791,    0.3232,    0.3583,    0.3332,    0.3311,    0.3375,    0.5723,    0.6258,    0.6580,    0.6845,    0.7084,    0.7640,    0.7132,    0.7612,    0.7507,    0.7755,    0.7365,    0.7919,    1.7038,    1.6878,    1.7188,    1.7483,    1.7691,    1.7097,    1.9841,    2.1132,    2.2176,    2.0779,    2.0448,    2.1203,    5.2774,    4.8465,    4.6887,    4.4836,    4.1333,    3.8867,    3.4198,    3.1559,    3.0443,    2.6777,    2.0664,    1.9367,    1.5093,    1.4025,    1.0803,    1.0455,    0.7414,    0.5648,    0.4740,    0.1966,    0.1786,    0.1300,    0.0461,    0.0383,    0.0092,    0.0352,    0.0750,    0.1250,    0.1820,    0.2434,    0.3067,    0.3188,    0.6693,    1.0599,    1.7175,    2.5645,    3.0447,    3.8735,    4.7532,    5.4478,    5.9443,    6.2402,    6.4224,    6.5426,    6.6164,    6.6493,    6.6414,    6.5985,    2.2980,    2.2877,    2.2760,    2.2641,    2.2538,    2.2425,    2.2427,    2.2262,    2.2163,    2.2149,    2.2014,    2.2022,    1.6875,    1.6808,    1.6742,    1.6635,    1.6544,    1.6474,    1.6334,    1.6221,    1.6103,    1.5973,    1.5820,    1.5657,    1.6255,    1.5930,    1.5946,    1.5312,    1.5166,    1.5066,    1.4781,    1.4216,    1.3967,    1.3499,    1.3185,    1.2967,    3.4659,    3.3586,    3.2429,    3.1432,    3.0566,    3.0260,    2.9913,    2.9377,    2.8674,    2.8031,    2.7271,    2.6411,    4.0094,    3.7597,    3.4815,    3.1912,    2.8862,    2.6064,    2.3543,    2.1122,    1.9197,    1.7470,    1.5908,    1.4503,    3.6532,    2.9136,    2.2783,    1.6683,    1.1990,    0.8455,    0.6005,    0.4555,    0.3409,    0.2493,    0.1798,    0.1225,    0.0057,    0.0000,    0.0118,    0.0179,    0.0169,    0.0158,    0.0195,    0.0233,    0.0221,    0.0322,    0.0305,    0.0359,    0.0423,    0.0364,    0.0554,    0.0642,    0.0540,    0.0320,    0.0031,    0.0081,    0.0494,    0.0665,    0.1108,    0.1189,    0.1511,    0.1662,    0.1767,    0.1928,    0.2021,    0.2104,    0.1953,    0.1805,    0.1607,    0.1989,    0.2869,    0.2974,    0.5339,    0.5963,    0.6400,    0.6629,    0.6613,    0.7408,    0.7131,    0.7569,    0.6944,    0.7896,    0.7462,    0.7931,    1.7189,    1.6746,    1.7418,    1.7677,    1.7788,    1.7034,    1.5143,    1.4356,    1.3688,    1.2354,    1.2056,    1.2406,    3.1627,    3.1186,    3.1205,    3.0405,    2.7842,    2.5843,    2.2422,    1.9960,    1.8499,    1.5701,    1.1753,    1.0723,    0.8140,    0.7363,    0.5546,    0.5203,    0.3288,    0.2232,    0.1708,    0.0652,    0.0548,    0.0374,    0.0125,    0.0098
 2867,    1.7500,  263.1863,    0.4160,   86.2192,   86.6670,    0.9838,    0.9822,  158.4330,  165.1239,  165.9962,  166.9083,  167.9183,  168.6968,  169.8063,  171.6041,  174.2031,  178.0599,  183.7081,  191.7041,  202.0222,  214.4999,  228.0998,  240.3992,  249.3976,  255.1395,  258.9053,  261.0938,  262.2014,  262.7025,  262.8809,  263.0134,  262.9820,    0.0783,    0.2999,    0.6411,    1.0730,    1.5697,    2.1089,    2.6704,    3.2123,    3.5949,    3.8683,    3.9489,    3.8546,    3.1318,    2.8766,    2.6326,    2.3535,    2.0611,    1.7480,    1.4641,    1.2744,    1.1653,    1.1306,    1.1676,    1.2318,    0.4460,    0.4540,    0.4641,    0.4765,    0.4853,    0.4927,    0.5037,    0.5085,    0.5181,    0.5149,    0.5262,    0.5250,    0.3936,    0.3698,    0.3324,    0.3288,    0.3099,    0.2608,    0.3069,    0.3092,    0.3262,    0.3514,    0.3823,    0.4030,    0.4402,    0.4430,    0.4154,    0.4410,    0.4432,    0.4406,    0.4340,    0.4330,    0.4265,    0.4201,    0.4159,    0.4128,    1.1185,    1.0822,    1.0426,    1.0044,    0.9552,    0.8718,    0.7864,    0.7122,    0.6472,    0.5681,    0.5004,    0.4441,    0.6203,    0.5520,    0.5498,    0.5772,    0.6177,    0.6187,    0.6131,    0.6110,    0.5901,    0.5669,    0.5422,    0.5106,    1.3382,    0.9414,    0.6570,    0.5358,    0.4438,    0.3724,    0.3001,    0.2107,    0.1474,    0.1087,    0.0820,    0.0658,    0.0703,    0.0446,    0.0518,    0.0534,    0.0603,    0.0561,    0.0609,    0.0682,    0.0597,    0.0819,    0.0722,    0.0794,    0.0882,    0.0723,    0.1059,    0.1188,    0.0988,    0.1257,    0.1660,    0.1762,    0.1663,    0.0980,    0.1564,    0.1656,    0.2033,    0.2178,    0.2261,    0.2412,    0.2486,    0.2626,    0.2718,    0.3142,    0.3483,    0.3235,    0.3212,    0.3271,    0.5539,    0.6053,    0.6357,    0.6610,    0.6841,    0.7374,    0.6882,    0.7346,    0.7250,    0.7482,    0.7106,    0.7644,    1.6444,    1.6297,    1.6592,    1.6880,    1.7083,    1.6529,    1.9503,    2.0867,    2.1962,    2.0596,    2.0269,    2.1019,    5.2262,    4.7859,    4.6225,    4.4157,    4.0710,    3.8298,    3.3711,    3.1138,    3.0065,    2.6465,    2.0439,    1.9171,    1.4952,    1.3905,    1.0718,    1.0381,    0.7382,    0.5637,    0.4737,    0.1968,    0.1789,    0.1303,    0.0463,    0.0385,    0.0107,    0.0410,    0.0873,    0.1456,    0.2122,    0.2839,    0.3580,    0.3718,    0.7751,    1.2169,    1.9468,    2.8613,    3.3379,    4.1702,    5.0123,    5.6372,    6.0609,    6.3178,    6.4866,    6.6023,    6.6759,    6.7121,    6.7111,    6.6775,    2.3283,    2.3194,    2.3092,    2.2985,    2.2887,    2.2779,    2.2748,    2.2597,    2.2491,    2.2442,    2.2308,    2.2272,    1.7055,    1.6980,    1.6905,    1.6801,    1.6707,    1.6622,    1.6498,    1.6387,    1.6270,    1.6145,    1.6005,    1.5855,    1.6499,    1.6222,    1.6197,    1.5684,    1.5537,    1.5428,    1.5171,    1.4694,    1.4467,    1.4054,    1.3768,    1.3558,    3.6322,    3.5228,    3.4067,    3.3035,    3.2119,    3.1690,    3.1207,    3.0550,    2.9748,    2.8986,    2.8130,    2.7201,    4.1250,    3.8689,    3.5933,    3.3098,    3.0139,    2.7375,    2.4834,    2.2376,    2.0393,    1.8606,    1.6975,    1.5503,    3.9166,    3.1197,    2.4385,    1.7944,    1.2958,    0.9176,    0.6542,    0.4967,    0.3721,    0.2721,    0.1963,    0.1346,    0.0048,    0.0000,    0.0094,    0.0138,    0.0127,    0.0119,    0.0149,    0.0180,    0.0172,    0.0254,    0.0243,    0.0290,    0.0345,    0.0299,    0.0458,    0.0537,    0.0454,    0.0268,    0.0025,    0.0067,    0.0423,    0.0575,    0.0962,    0.1036,    0.1321,    0.1459,    0.1557,    0.1705,    0.1793,    0.1872,    0.1739,    0.1611,    0.1437,    0.1786,    0.2591,    0.2693,    0.4851,    0.5436,    0.5855,    0.6082,    0.6082,    0.6822,    0.6568,    0.6971,    0.6393,    0.7274,    0.6873,    0.7304,    1.5831,    1.5419,    1.6041,    1.6276,    1.6378,    1.5663,    1.3533,    1.2655,    1.1926,    1.0712,    1.0438,    1.0727,    2.7403,    2.7213,    2.7311,    2.6649,    2.4374,    2.2586,    1.9561,    1.7323,    1.5963,    1.3480,    1.0047,    0.9137,    0.6916,    0.6237,    0.4686,    0.4381,    0.2735,    0.1834,    0.1389,    0.0525,    0.0438,    0.0297,    0.0099,    0.0077
 3047,    2.0000,  263.4020,    0.4241,   85.0211,   85.4559,    0.9790,    0.7728,  158.4330,  165.4873,  166.3327,  167.2537,  168.2966,  169.1001,  170.2995,  172.3049,  175.1998,  179.4006,  185.6003,  194.0243,  204.8325,  217.5033,  231.0966,  243.0484,  251.5294,  256.8064,  260.1021,  261.8986,  262.8054,  263.1554,  263.2902,  263.2954,  263.3099,    0.0780,    0.2985,    0.6382,    1.0682,    1.5628,    2.0996,    2.6589,    3.1936,    3.5592,    3.8103,    3.8696,    3.7643,    3.0615,    2.8228,    2.6016,    2.3349,    2.0491,    1.7410,    1.4608,    1.2734,    1.1651,    1.1298,    1.1653,    1.2273,    0.4439,    0.4516,    0.4613,    0.4732,    0.4817,    0.4887,    0.4994,    0.5037,    0.5131,    0.5115,    0.5218,    0.5235,    0.3954,    0.3742,    0.3392,    0.3367,    0.3177,    0.2673,    0.3154,    0.3175,    0.3341,    0.3577,    0.3856,    0.4031,    0.4369,    0.4380,    0.4137,    0.4344,    0.4365,    0.4339,    0.4273,    0.4247,    0.4180,    0.4112,    0.4068,    0.4036,    1.0926,    1.0572,    1.0184,    0.9811,    0.9336,    0.8540,    0.7718,    0.6999,    0.6365,    0.5592,    0.4928,    0.4376,    0.6115,    0.5440,    0.5408,    0.5663,    0.6041,    0.6029,    0.5951,    0.5900,    0.5685,    0.5453,    0.5211,    0.4902,    1.2817,    0.9042,    0.6316,    0.5127,    0.4223,    0.3522,    0.2831,    0.1995,    0.1398,    0.1033,    0.0780,    0.0623,    0.0690,    0.0442,    0.0512,    0.0531,    0.0601,    0.0559,    0.0606,    0.0679,    0.0593,    0.0814,    0.0717,    0.0787,    0.0874,    0.0716,    0.1047,    0.1173,    0.0974,    0.1234,    0.1630,    0.1730,    0.1636,    0.0964,    0.1538,    0.1627,    0.1996,    0.2137,    0.2217,    0.2363,    0.2434,    0.2570,    0.2659,    0.3069,    0.3399,    0.3155,    0.3130,    0.3186,    0.5389,    0.5883,    0.6173,    0.6413,    0.6635,    0.7148,    0.6671,    0.7122,    0.7032,    0.7251,    0.6888,    0.7411,    1.5943,    1.5807,    1.6089,    1.6372,    1.6571,    1.6051,    1.9235,    2.0663,    2.1801,    2.0460,    2.0137,    2.0882,    5.1882,    4.7403,    4.5721,    4.3638,    4.0235,    3.7866,    3.3344,    3.0823,    2.9786,    2.6238,    2.0275,    1.9029,    1.4851,    1.3820,    1.0658,    1.0331,    0.7362,    0.5630,    0.4736,    0.1969,    0.1791,    0.1305,    0.0464,    0.0386,    0.0122,    0.0467,    0.0994,    0.1658,    0.2418,    0.3237,    0.4084,    0.4238,    0.8773,    1.3661,    2.1592,    3.1272,    3.5899,    4.4128,    5.2078,    5.7669,    6.1342,    6.3648,    6.5242,    6.6362,    6.7092,    6.7476,    6.7514,    6.7243,    2.3465,    2.3385,    2.3293,    2.3194,    2.3098,    2.2992,    2.2937,    2.2797,    2.2685,    2.2612,    2.2475,    2.2406,    1.7150,    1.7070,    1.6991,    1.6887,    1.6793,    1.6703,    1.6584,    1.6473,    1.6358,    1.6235,    1.6103,    1.5962,    1.6639,    1.6399,    1.6345,    1.5925,    1.5779,    1.5663,    1.5430,    1.5026,    1.4816,    1.4454,    1.4193,    1.3993,    3.7560,    3.6452,    3.5292,    3.4233,    3.3273,    3.2727,    3.2121,    3.1358,    3.0474,    2.9618,    2.8688,    2.7709,    4.1986,    3.9384,    3.6658,    3.3891,    3.1030,    2.8324,    2.5797,    2.3336,    2.1320,    1.9492,    1.7813,    1.6292,    4.1260,    3.2808,    2.5620,    1.8935,    1.3734,    0.9765,    0.6985,    0.5303,    0.3974,    0.2906,    0.2097,    0.1446,    0.0040,    0.0000,    0.0075,    0.0107,    0.0095,    0.0090,    0.0114,    0.0140,    0.0135,    0.0201,    0.0194,    0.0234,    0.0281,    0.0246,    0.0381,    0.0450,    0.0383,    0.0225,    0.0021,    0.0057,    0.0364,    0.0498,    0.0837,    0.0905,    0.1158,    0.1284,    0.1376,    0.1512,    0.1596,    0.1670,    0.1554,    0.1442,    0.1289,    0.1610,    0.2347,    0.2446,    0.4421,    0.4970,    0.5371,    0.5598,    0.5610,    0.6301,    0.6068,    0.6438,    0.5902,    0.6720,    0.6349,    0.6746,    1.4622,    1.4239,    1.4815,    1.5029,    1.5123,    1.4442,    1.2121,    1.1178,    1.0410,    0.9305,    0.9053,    0.9292,    2.3788,    2.3793,    2.3951,    2.3407,    2.1383,    1.9781,    1.7099,    1.5064,    1.3801,    1.1594,    0.8605,    0.7800,    0.5886,    0.5291,    0.3966,    0.3695,    0.2278,    0.1509,    0.1131,    0.0424,    0.0350,    0.0236,    0.0078,    0.0061
