Particle       ,data/QEXT_96IR_84_VIS_Al_9um_160nm_20_rods_aggregate
Ncase          ,  14
dt (sols)      ,  0.020833
Qext 0.67um    ,  3.211000
Alb sfc        ,  0.220000
Conrath nu     ,  0.002000
Sun Flux (W/m2),148.393084
BWN IR (cm-1)  ,     10.0000,     34.1670,     58.3330,     82.5000,    106.6670,    130.8330,    155.0000,    179.1670,    203.3330,    227.5000,    251.6670,    275.8330,    300.0000,    320.7880,    341.5750,    362.3630,    383.1500,    403.9380,    424.7250,    445.5130,    466.3010,    487.0880,    507.8760,    528.6630,    549.4510,    556.7420,    564.0330,    571.3240,    578.6150,    585.9060,    593.1970,    600.4880,    607.7790,    615.0700,    622.3610,    629.6520,    636.9430,    642.5500,    648.1570,    653.7640,    659.3700,    664.9770,    670.5840,    676.1910,    681.7980,    687.4050,    693.0110,    698.6180,    704.2250,    710.1390,    716.0530,    721.9670,    727.8810,    733.7950,    739.7090,    745.6240,    751.5380,    757.4520,    763.3660,    769.2800,    775.1940,    791.5010,    807.8070,    824.1140,    840.4210,    856.7270,    873.0340,    889.3410,    905.6470,    921.9540,    938.2610,    954.5670,    970.8740,    996.8050,   1022.7370,   1048.6680,   1074.6000,   1100.5310,   1126.4630,   1152.3940,   1178.3250,   1204.2570,   1230.1880,   1256.1200,   1282.0510,   1360.3990,   1438.7460,   1517.0940,   1595.4410,   1673.7890,   1752.1370,   1830.4840,   1908.8320,   1987.1790,   2065.5270,   2143.8740,   2222.2220
BWN VIS (cm-1) ,   2222.2200,   2294.3160,   2366.4120,   2438.5080,   2510.6030,   2582.6990,   2654.7950,   2726.8910,   2798.9870,   2871.0820,   2943.1780,   3015.2740,   3087.3700,   3165.9750,   3244.5800,   3323.1850,   3401.7900,   3480.3950,   3559.0000,   3637.6050,   3716.2100,   3794.8150,   3873.4200,   3952.0250,   4030.6300,   4142.2920,   4253.9530,   4365.6150,   4477.2770,   4588.9380,   4700.6000,   4812.2620,   4923.9230,   5035.5850,   5147.2470,   5258.9080,   5370.5700,   5560.6150,   5750.6600,   5940.7050,   6130.7500,   6320.7950,   6510.8400,   6700.8850,   6890.9300,   7080.9750,   7271.0200,   7461.0650,   7651.1100,   8055.1840,   8459.2580,   8863.3330,   9267.4070,   9671.4810,  10075.5550,  10479.6290,  10883.7030,  11287.7780,  11691.8520,  12095.9260,  12500.0000,  13541.6670,  14583.3330,  15625.0000,  16666.6670,  17708.3330,  18750.0000,  19791.6670,  20833.3330,  21875.0000,  22916.6670,  23958.3330,  25000.0000,  26388.8890,  27777.7780,  29166.6670,  30555.5570,  31944.4460,  33333.3350,  34722.2240,  36111.1130,  37500.0030,  38888.8920,  40277.7810,  41666.6700
SUN VIS (W/m2) ,      0.1008,      0.0862,      0.0968,      0.1089,      0.1224,      0.1136,      0.1248,      0.1400,      0.1233,      0.1698,      0.1502,      0.1645,      0.1814,      0.1477,      0.2144,      0.2377,      0.1946,      0.2106,      0.2276,      0.2472,      0.2683,      0.1918,      0.3072,      0.3239,      0.3986,      0.4261,      0.4410,      0.4688,      0.4810,      0.5017,      0.5013,      0.5485,      0.5772,      0.5665,      0.6183,      0.6303,      1.0809,      1.1806,      1.2379,      1.2751,      1.2949,      1.4092,      1.3262,      1.4132,      1.3634,      1.4505,      1.3747,      1.4716,      3.1730,      3.1258,      3.2038,      3.2543,      3.2846,      3.1576,      3.2685,      3.3520,      3.4202,      3.1800,      3.1347,      3.2554,      8.2299,      7.8425,      7.7561,      7.5237,      6.9524,      6.5235,      5.7299,      5.2748,      5.0739,      4.4511,      3.4228,      3.1828,      2.4579,      2.2644,      1.7312,      1.6575,      1.1215,      0.8173,      0.6634,      0.2677,      0.2374,      0.1697,      0.0593,      0.0486
================
wavelenght [um],    0.244068,    0.252632,    0.261818,    0.271698,    0.282353,    0.293878,    0.306383,    0.320000,    0.334884,    0.351220,    0.369231,    0.389189,    0.408511,    0.426667,    0.446512,    0.468293,    0.492308,    0.518919,    0.548571,    0.581818,    0.619355,    0.662069,    0.711111,    0.768000,    0.813143,    0.840768,    0.870336,    0.902060,    0.936184,    0.972991,    1.012810,    1.056028,    1.103099,    1.154562,    1.211061,    1.273375,    1.323436,    1.357581,    1.393534,    1.431444,    1.471474,    1.513807,    1.558648,    1.606226,    1.656801,    1.710664,    1.768147,    1.829628,    1.881560,    1.921939,    1.964090,    2.008131,    2.054193,    2.102417,    2.152960,    2.205992,    2.261704,    2.320302,    2.382017,    2.447105,    2.505432,    2.555765,    2.608162,    2.662752,    2.719677,    2.779088,    2.841153,    2.906054,    2.973989,    3.045176,    3.119855,    3.198288,    3.277268,    3.356577,    3.439819,    3.527294,    3.619334,    3.716307,    3.818620,    3.926726,    4.041130,    4.162400,    4.291175,    4.428172,    4.580751,    4.751270,    4.934974,    5.133456,    5.348572,    5.582505,    5.837838,    6.117648,    6.425631,    6.766266,    7.145039,    7.568734,    7.879690,    8.044056,    8.215425,    8.394255,    8.581043,    8.776330,    8.980716,    9.194848,    9.419442,    9.655282,    9.903235,   10.164260,   10.387231,   10.566200,   10.751445,   10.943308,   11.142136,   11.348323,   11.562291,   11.784476,   12.015368,   12.255495,   12.505409,   12.765727,   12.949392,   13.049328,   13.150818,   13.253898,   13.358608,   13.464994,   13.573088,   13.682923,   13.794549,   13.908012,   14.023357,   14.140631,   14.256763,   14.371646,   14.488386,   14.607038,   14.727660,   14.850291,   14.974981,   15.101782,   15.230738,   15.361915,   15.495384,   15.631191,   15.790367,   15.974275,   16.162517,   16.355249,   16.552633,   16.754839,   16.962047,   17.174443,   17.392227,   17.615605,   17.844795,   18.080028,   18.550914,   19.294981,   20.101230,   20.977796,   21.934298,   22.982219,   24.135264,   25.410119,   26.827165,   28.411593,   30.194923,   32.217118,   34.732292,   37.914692,   41.739101,   46.421699,   52.287582,   59.850314,   69.970927,   84.210526,  105.726686,  142.012170,  216.216216,  452.826771
Qext           ,      3.1430,      3.1430,      3.1430,      3.1430,      3.1430,      3.1430,      3.1430,      3.1430,      3.1430,      3.1430,      3.1430,      3.2110,      3.2110,      3.2110,      3.2110,      3.2110,      3.2110,      3.2110,      3.2110,      3.2110,      3.2110,      3.2110,      3.2110,      2.4860,      2.4860,      2.4860,      2.4860,      2.4860,      2.4860,      2.4860,      2.4860,      2.4860,      2.4860,      2.2360,      2.2360,      2.2360,      2.2360,      2.2360,      2.2360,      2.2360,      2.2360,      2.4400,      2.4400,      2.4400,      2.4400,      2.4400,      2.4400,      2.4400,      2.5850,      2.5850,      2.5850,      2.5850,      2.5850,      2.5850,      2.5850,      2.5850,      2.8530,      2.8530,      2.8530,      2.8530,      2.8530,      2.8530,      3.2890,      3.2890,      3.2890,      3.2890,      3.2890,      3.2890,      3.6130,      3.6130,      3.6130,      3.6130,      3.6130,      3.5700,      3.5700,      3.5700,      3.5700,      4.2910,      4.2910,      4.2910,      4.2910,      4.0330,      4.0330,      4.0330,      4.4030,      4.4030,      5.6280,      5.6280,      4.6510,      4.6180,      4.6180,      5.3670,      6.7540,      6.9980,      5.6170,      5.1010,      5.3610,      5.3610,      5.8240,      5.8240,      6.9650,      6.9650,      8.1950,      8.1950,      9.2280,     10.1850,     10.1850,     10.5710,      9.9430,      9.9430,      8.9470,      8.9470,      8.2890,      8.2890,      7.9490,      7.7770,      7.7770,      7.8030,      7.8030,      7.7660,      7.4910,      7.4910,      7.4910,      7.4910,      7.3320,      7.3320,      7.3320,      7.4330,      7.4330,      7.4330,      7.8000,      7.8000,      7.8000,      8.3390,      8.3390,      8.3390,      8.8190,      8.8190,      8.8190,      9.2490,      9.2490,      9.2490,      9.6490,      9.6490,      9.6490,     10.1100,     10.1100,     10.6480,     10.6480,     11.2740,     12.0280,     12.0280,     12.7430,     12.7430,     13.4170,     14.1400,     14.4820,     16.1930,     17.9460,     17.3030,     19.2540,     19.2850,     18.2790,     18.1670,     16.4590,     14.8880,     13.7620,     10.2940,      8.9650,      8.5820,      4.3410,      2.0740,      1.0490,      0.8320,      0.8320,      0.8320,      0.8320,      0.8320,      0.8320,      0.8320
Qscat          ,      2.0500,      2.0500,      2.0500,      2.0500,      2.0500,      2.0500,      2.0500,      2.0500,      2.0500,      2.0500,      2.0500,      2.6660,      2.6660,      2.6660,      2.6660,      2.6660,      2.6660,      2.6660,      2.6660,      2.6660,      2.6660,      2.6660,      2.6660,      2.2220,      2.2220,      2.2220,      2.2220,      2.2220,      2.2220,      2.2220,      2.2220,      2.2220,      2.2220,      2.0480,      2.0480,      2.0480,      2.0480,      2.0480,      2.0480,      2.0480,      2.0480,      2.2280,      2.2280,      2.2280,      2.2280,      2.2280,      2.2280,      2.2280,      2.3890,      2.3890,      2.3890,      2.3890,      2.3890,      2.3890,      2.3890,      2.3890,      2.6660,      2.6660,      2.6660,      2.6660,      2.6660,      2.6660,      3.0650,      3.0650,      3.0650,      3.0650,      3.0650,      3.0650,      3.3860,      3.3860,      3.3860,      3.3860,      3.3860,      3.3320,      3.3320,      3.3320,      3.3320,      3.9730,      3.9730,      3.9730,      3.9730,      3.7070,      3.7070,      3.7070,      4.0930,      4.0930,      5.0840,      5.0840,      4.2290,      4.2520,      4.2520,      4.9370,      6.0880,      6.1630,      4.9690,      4.5680,      4.8490,      4.8490,      5.3300,      5.3300,      6.3450,      6.3450,      7.4060,      7.4060,      8.2390,      8.9500,      8.9500,      9.0580,      8.4130,      8.4130,      7.6260,      7.6260,      7.1130,      7.1130,      6.8660,      6.7540,      6.7540,      6.7310,      6.7310,      6.6570,      6.5060,      6.5060,      6.5060,      6.5060,      6.5010,      6.5010,      6.5010,      6.6420,      6.6420,      6.6420,      7.0000,      7.0000,      7.0000,      7.4770,      7.4770,      7.4770,      7.9560,      7.9560,      7.9560,      8.3770,      8.3770,      8.3770,      8.7740,      8.7740,      8.7740,      9.2630,      9.2630,      9.7360,      9.7360,     10.2980,     10.9410,     10.9410,     11.4520,     11.4520,     11.8760,     12.2740,     12.4580,     13.6170,     14.3790,     13.2860,     14.5350,     15.1270,     14.8120,     14.6400,     13.0080,     12.1890,     11.6200,      8.8130,      7.1300,      6.4080,      3.6490,      1.7580,      0.9040,      0.6800,      0.6800,      0.6800,      0.6800,      0.6800,      0.6800,      0.6800
G factor       ,      0.6510,      0.6510,      0.6510,      0.6510,      0.6510,      0.6510,      0.6510,      0.6510,      0.6510,      0.6510,      0.6510,      0.3910,      0.3910,      0.3910,      0.3910,      0.3910,      0.3910,      0.3910,      0.3910,      0.3910,      0.3910,      0.3910,      0.3910,      0.2990,      0.2990,      0.2990,      0.2990,      0.2990,      0.2990,      0.2990,      0.2990,      0.2990,      0.2990,      0.2940,      0.2940,      0.2940,      0.2940,      0.2940,      0.2940,      0.2940,      0.2940,      0.2920,      0.2920,      0.2920,      0.2920,      0.2920,      0.2920,      0.2920,      0.3010,      0.3010,      0.3010,      0.3010,      0.3010,      0.3010,      0.3010,      0.3010,      0.3250,      0.3250,      0.3250,      0.3250,      0.3250,      0.3250,      0.3310,      0.3310,      0.3310,      0.3310,      0.3310,      0.3310,      0.3450,      0.3450,      0.3450,      0.3450,      0.3450,      0.3100,      0.3100,      0.3100,      0.3100,      0.3190,      0.3190,      0.3190,      0.3190,      0.3080,      0.3080,      0.3080,      0.3430,      0.3430,      0.3360,      0.3360,      0.3250,      0.3470,      0.3470,      0.3570,      0.3710,      0.3160,      0.2480,      0.2810,      0.3340,      0.3340,      0.3870,      0.3870,      0.4230,      0.4230,      0.4120,      0.4120,      0.3860,      0.3620,      0.3620,      0.2970,      0.2570,      0.2570,      0.2280,      0.2280,      0.2180,      0.2180,      0.1850,      0.1820,      0.1820,      0.2020,      0.2020,      0.2050,      0.2030,      0.2030,      0.2030,      0.2030,      0.2220,      0.2220,      0.2220,      0.2450,      0.2450,      0.2450,      0.2640,      0.2640,      0.2640,      0.2770,      0.2770,      0.2770,      0.2710,      0.2710,      0.2710,      0.2610,      0.2610,      0.2610,      0.2480,      0.2480,      0.2480,      0.2360,      0.2360,      0.2250,      0.2250,      0.2170,      0.2080,      0.2080,      0.1970,      0.1970,      0.1890,      0.1930,      0.1980,      0.2160,      0.2220,      0.2140,      0.2690,      0.2870,      0.2450,      0.2600,      0.2360,      0.1890,      0.1720,      0.1300,      0.0930,      0.1090,      0.1020,      0.0860,      0.0690,      0.0610,      0.0610,      0.0610,      0.0610,      0.0610,      0.0610,      0.0610
================
P [mbar]       ,    0.1004,    0.1015,    0.1034,    0.1069,    0.1130,    0.1239,    0.1432,    0.1740,    0.2226,    0.3028,    0.4349,    0.6529,    1.0121,    1.6044,    2.4646,    3.4606,    4.3994,    5.2226,    5.8426,    6.2132,    6.3980,    6.4686,    6.5039,    6.5168
Temp initial[K],  155.0000,  155.0000,  155.0000,  155.0000,  155.0000,  155.0000,  155.0000,  155.0000,  155.0000,  155.0000,  155.0000,  155.0000,  158.8233,  165.4041,  173.2716,  181.4436,  190.2788,  198.8130,  204.5783,  207.8249,  209.4219,  210.0497,  210.3719,  210.4891
================
it   ,   tau    ,  Tsfc    ,   alb    ,   OLR    ,    ASR   ,  NET top ,  NET bot , T lev  01, T lev  02, T lev  03, T lev  04, T lev  05, T lev  06, T lev  07, T lev  08, T lev  09, T lev  10, T lev  11, T lev  12, T lev  13, T lev  14, T lev  15, T lev  16, T lev  17, T lev  18, T lev  19, T lev  20, T lev  21, T lev  22, T lev  23, T lev  24, T lev  25,  OLR IR01,  OLR IR02,  OLR IR03,  OLR IR04,  OLR IR05,  OLR IR06,  OLR IR07,  OLR IR08,  OLR IR09,  OLR IR10,  OLR IR11,  OLR IR12,  OLR IR13,  OLR IR14,  OLR IR15,  OLR IR16,  OLR IR17,  OLR IR18,  OLR IR19,  OLR IR20,  OLR IR21,  OLR IR22,  OLR IR23,  OLR IR24,  OLR IR25,  OLR IR26,  OLR IR27,  OLR IR28,  OLR IR29,  OLR IR30,  OLR IR31,  OLR IR32,  OLR IR33,  OLR IR34,  OLR IR35,  OLR IR36,  OLR IR37,  OLR IR38,  OLR IR39,  OLR IR40,  OLR IR41,  OLR IR42,  OLR IR43,  OLR IR44,  OLR IR45,  OLR IR46,  OLR IR47,  OLR IR48,  OLR IR49,  OLR IR50,  OLR IR51,  OLR IR52,  OLR IR53,  OLR IR54,  OLR IR55,  OLR IR56,  OLR IR57,  OLR IR58,  OLR IR59,  OLR IR60,  OLR IR61,  OLR IR62,  OLR IR63,  OLR IR64,  OLR IR65,  OLR IR66,  OLR IR67,  OLR IR68,  OLR IR69,  OLR IR70,  OLR IR71,  OLR IR72,  OLR IR73,  OLR IR74,  OLR IR75,  OLR IR76,  OLR IR77,  OLR IR78,  OLR IR79,  OLR IR80,  OLR IR81,  OLR IR82,  OLR IR83,  OLR IR84,  OLR IR85,  OLR IR86,  OLR IR87,  OLR IR88,  OLR IR89,  OLR IR90,  OLR IR91,  OLR IR92,  OLR IR93,  OLR IR94,  OLR IR95,  OLR IR96, ASR VIS01, ASR VIS02, ASR VIS03, ASR VIS04, ASR VIS05, ASR VIS06, ASR VIS07, ASR VIS08, ASR VIS09, ASR VIS10, ASR VIS11, ASR VIS12, ASR VIS13, ASR VIS14, ASR VIS15, ASR VIS16, ASR VIS17, ASR VIS18, ASR VIS19, ASR VIS20, ASR VIS21, ASR VIS22, ASR VIS23, ASR VIS24, ASR VIS25, ASR VIS26, ASR VIS27, ASR VIS28, ASR VIS29, ASR VIS30, ASR VIS31, ASR VIS32, ASR VIS33, ASR VIS34, ASR VIS35, ASR VIS36, ASR VIS37, ASR VIS38, ASR VIS39, ASR VIS40, ASR VIS41, ASR VIS42, ASR VIS43, ASR VIS44, ASR VIS45, ASR VIS46, ASR VIS47, ASR VIS48, ASR VIS49, ASR VIS50, ASR VIS51, ASR VIS52, ASR VIS53, ASR VIS54, ASR VIS55, ASR VIS56, ASR VIS57, ASR VIS58, ASR VIS59, ASR VIS60, ASR VIS61, ASR VIS62, ASR VIS63, ASR VIS64, ASR VIS65, ASR VIS66, ASR VIS67, ASR VIS68, ASR VIS69, ASR VIS70, ASR VIS71, ASR VIS72, ASR VIS73, ASR VIS74, ASR VIS75, ASR VIS76, ASR VIS77, ASR VIS78, ASR VIS79, ASR VIS80, ASR VIS81, ASR VIS82, ASR VIS83, ASR VIS84, SFC DIR01, SFC DIR02, SFC DIR03, SFC DIR04, SFC DIR05, SFC DIR06, SFC DIR07, SFC DIR08, SFC DIR09, SFC DIR10, SFC DIR11, SFC DIR12, SFC DIR13, SFC DIR14, SFC DIR15, SFC DIR16, SFC DIR17, SFC DIR18, SFC DIR19, SFC DIR20, SFC DIR21, SFC DIR22, SFC DIR23, SFC DIR24, SFC DIR25, SFC DIR26, SFC DIR27, SFC DIR28, SFC DIR29, SFC DIR30, SFC DIR31, SFC DIR32, SFC DIR33, SFC DIR34, SFC DIR35, SFC DIR36, SFC DIR37, SFC DIR38, SFC DIR39, SFC DIR40, SFC DIR41, SFC DIR42, SFC DIR43, SFC DIR44, SFC DIR45, SFC DIR46, SFC DIR47, SFC DIR48, SFC DIR49, SFC DIR50, SFC DIR51, SFC DIR52, SFC DIR53, SFC DIR54, SFC DIR55, SFC DIR56, SFC DIR57, SFC DIR58, SFC DIR59, SFC DIR60, SFC DIR61, SFC DIR62, SFC DIR63, SFC DIR64, SFC DIR65, SFC DIR66, SFC DIR67, SFC DIR68, SFC DIR69, SFC DIR70, SFC DIR71, SFC DIR72, SFC DIR73, SFC DIR74, SFC DIR75, SFC DIR76, SFC DIR77, SFC DIR78, SFC DIR79, SFC DIR80, SFC DIR81, SFC DIR82, SFC DIR83, SFC DIR84, SFC DIR85, SFC DIR86, SFC DIR87, SFC DIR88, SFC DIR89, SFC DIR90, SFC DIR91, SFC DIR92, SFC DIR93, SFC DIR94, SFC DIR95, SFC DIR96,SFC DVIS01,SFC DVIS02,SFC DVIS03,SFC DVIS04,SFC DVIS05,SFC DVIS06,SFC DVIS07,SFC DVIS08,SFC DVIS09,SFC DVIS10,SFC DVIS11,SFC DVIS12,SFC DVIS13,SFC DVIS14,SFC DVIS15,SFC DVIS16,SFC DVIS17,SFC DVIS18,SFC DVIS19,SFC DVIS20,SFC DVIS21,SFC DVIS22,SFC DVIS23,SFC DVIS24,SFC DVIS25,SFC DVIS26,SFC DVIS27,SFC DVIS28,SFC DVIS29,SFC DVIS30,SFC DVIS31,SFC DVIS32,SFC DVIS33,SFC DVIS34,SFC DVIS35,SFC DVIS36,SFC DVIS37,SFC DVIS38,SFC DVIS39,SFC DVIS40,SFC DVIS41,SFC DVIS42,SFC DVIS43,SFC DVIS44,SFC DVIS45,SFC DVIS46,SFC DVIS47,SFC DVIS48,SFC DVIS49,SFC DVIS50,SFC DVIS51,SFC DVIS52,SFC DVIS53,SFC DVIS54,SFC DVIS55,SFC DVIS56,SFC DVIS57,SFC DVIS58,SFC DVIS59,SFC DVIS60,SFC DVIS61,SFC DVIS62,SFC DVIS63,SFC DVIS64,SFC DVIS65,SFC DVIS66,SFC DVIS67,SFC DVIS68,SFC DVIS69,SFC DVIS70,SFC DVIS71,SFC DVIS72,SFC DVIS73,SFC DVIS74,SFC DVIS75,SFC DVIS76,SFC DVIS77,SFC DVIS78,SFC DVIS79,SFC DVIS80,SFC DVIS81,SFC DVIS82,SFC DVIS83,SFC DVIS84
 1007,    0.0000,  218.8983,    0.2194,  117.0969,  115.8380,   -0.8625,   -0.7595,  158.4330,  155.0000,  155.0000,  155.0000,  155.0000,  155.0000,  155.0000,  155.0000,  155.0000,  155.0000,  155.0000,  155.0000,  155.0000,  158.8202,  165.3996,  173.2672,  181.4393,  190.2764,  198.8104,  204.5754,  207.8212,  209.4182,  210.0462,  210.3680,  210.4855,    0.0676,    0.2556,    0.5389,    0.8888,    1.2804,    1.6928,    2.1082,    2.5121,    2.8933,    3.2429,    3.5544,    3.8241,    3.4712,    3.6087,    3.7179,    3.7987,    3.8530,    3.8815,    3.8866,    3.8696,    3.8324,    3.7775,    3.7019,    3.5964,    1.2424,    1.2267,    1.2047,    1.1662,    1.1137,    1.0481,    0.8756,    0.8393,    0.7711,    0.6138,    0.5638,    0.3590,    0.1995,    0.1649,    0.1438,    0.1375,    0.1329,    0.1277,    0.1258,    0.1235,    0.1245,    0.1364,    0.1735,    0.2440,    0.3730,    0.4452,    0.3502,    0.5089,    0.4971,    0.5051,    0.5244,    0.6000,    0.6202,    0.6335,    0.6351,    0.6285,    1.6842,    1.6087,    1.5504,    1.4822,    1.4116,    1.3421,    1.2748,    1.2087,    1.1452,    1.0819,    1.0194,    0.9639,    1.4270,    1.3066,    1.1824,    1.0659,    0.9702,    0.8860,    0.8005,    0.7221,    0.6504,    0.5836,    0.5141,    0.4584,    1.1328,    0.8012,    0.5722,    0.3992,    0.2764,    0.1901,    0.1299,    0.0861,    0.0569,    0.0365,    0.0240,    0.0175,    0.0899,    0.0485,    0.0757,    0.0853,    0.0957,    0.0892,    0.0975,    0.1095,    0.0962,    0.1325,    0.1172,    0.1283,    0.1417,    0.1155,    0.1679,    0.1865,    0.1530,    0.1811,    0.2062,    0.2231,    0.2234,    0.1500,    0.2398,    0.2531,    0.3109,    0.3324,    0.3440,    0.3658,    0.3756,    0.3936,    0.3989,    0.4549,    0.4935,    0.4704,    0.4844,    0.4940,    0.8433,    0.9209,    0.9662,    0.9986,    1.0221,    1.1068,    1.0376,    1.1056,    1.0799,    1.1314,    1.0731,    1.1504,    2.4777,    2.4439,    2.4989,    2.5383,    2.5642,    2.4625,    2.5489,    2.6139,    2.6670,    2.4800,    2.4441,    2.5380,    6.4157,    6.1123,    6.0433,    5.8603,    5.4132,    5.0767,    4.4565,    4.0997,    3.9404,    3.4535,    2.6528,    2.4637,    1.8993,    1.7458,    1.3311,    1.2705,    0.8565,    0.6215,    0.5021,    0.2015,    0.1776,    0.1261,    0.0437,    0.0355,    0.0000,    0.0000,    0.0000,    0.0000,    0.0000,    0.0000,    0.0000,    0.0000,    0.0000,    0.0000,    0.0000,    0.0000,    0.0000,    0.0000,    0.0000,    0.0000,    0.0000,    0.0000,    0.0000,    0.0001,    0.0002,    0.0007,    0.0108,    0.0490,    0.0110,    0.0180,    0.0344,    0.0771,    0.1397,    0.2137,    0.4309,    0.4495,    0.5119,    0.6671,    0.7005,    0.8672,    0.6959,    0.7036,    0.7106,    0.6982,    0.6956,    0.7186,    0.6761,    0.6645,    0.6491,    0.6306,    0.6025,    0.5551,    0.4721,    0.3712,    0.4491,    0.2585,    0.2602,    0.2432,    0.2110,    0.1067,    0.0696,    0.0377,    0.0207,    0.0150,    0.0329,    0.0299,    0.0085,    0.0020,    0.0004,    0.0004,    0.0002,    0.0011,    0.0019,    0.0049,    0.0091,    0.0081,    0.0085,    0.0012,    0.0075,    0.0141,    0.0089,    0.0000,    0.0000,    0.0000,    0.0000,    0.0008,    0.0066,    0.0072,    0.0065,    0.0059,    0.0000,    0.0000,    0.0000,    0.0000,    0.0000,    0.0009,    0.0011,    0.0014,    0.0012,    0.0002,    0.0266,    0.0000,    0.0608,    0.1075,    0.1214,    0.1110,    0.1245,    0.1386,    0.1233,    0.1698,    0.1501,    0.1645,    0.1808,    0.1468,    0.2123,    0.2321,    0.1900,    0.1318,    0.0189,    0.0386,    0.1649,    0.1902,    0.3067,    0.3223,    0.3984,    0.4260,    0.4410,    0.4686,    0.4799,    0.4920,    0.4648,    0.4226,    0.3741,    0.4433,    0.6104,    0.6178,    1.0805,    1.1804,    1.2359,    1.2564,    1.2364,    1.3694,    1.3136,    1.3975,    1.2854,    1.4503,    1.3718,    1.4606,    3.1621,    3.0885,    3.2030,    3.2531,    3.2748,    3.1568,    3.2678,    3.3511,    3.4192,    3.1776,    3.1334,    3.2539,    8.2247,    7.8363,    7.7478,    7.5132,    6.9399,    6.5086,    5.7135,    5.2561,    5.0518,    4.4276,    3.4010,    3.1586,    2.4350,    2.2382,    1.7066,    1.6288,    1.0981,    0.7968,    0.6438,    0.2584,    0.2277,    0.1616,    0.0560,    0.0455
  706,    0.0500,  224.5969,    0.2297,  115.3633,  114.3073,   -0.6515,   -0.9211,  158.4330,  155.8096,  156.4017,  157.1743,  157.4187,  157.6072,  157.7223,  157.7972,  157.8992,  158.2727,  159.3268,  161.6048,  165.4766,  170.9922,  177.8525,  184.7132,  191.2117,  197.3552,  204.7996,  210.7250,  214.0325,  215.6950,  216.3440,  216.6861,  216.8086,    0.0688,    0.2606,    0.5505,    0.9099,    1.3140,    1.7416,    2.1746,    2.5901,    2.9521,    3.2254,    3.3819,    3.6177,    3.2462,    3.2758,    3.3535,    3.4069,    3.4185,    3.4353,    3.4387,    3.4151,    3.4196,    3.3604,    3.3590,    3.3224,    1.1530,    1.1478,    1.1382,    1.1025,    1.0654,    1.0081,    0.8633,    0.8410,    0.7811,    0.6436,    0.6073,    0.4340,    0.2619,    0.2185,    0.1827,    0.1735,    0.1641,    0.1479,    0.1569,    0.1567,    0.1644,    0.1858,    0.2280,    0.2887,    0.4025,    0.4698,    0.3804,    0.5331,    0.5213,    0.5248,    0.5423,    0.6180,    0.6355,    0.6510,    0.6544,    0.6486,    1.7364,    1.6625,    1.6071,    1.5382,    1.4690,    1.3972,    1.3288,    1.2628,    1.1903,    1.1269,    1.0544,    0.9997,    1.4827,    1.3840,    1.2565,    1.1528,    1.0690,    0.9819,    0.9033,    0.8182,    0.7465,    0.6725,    0.5957,    0.5340,    1.3266,    0.9414,    0.6728,    0.4801,    0.3420,    0.2400,    0.1661,    0.1112,    0.0738,    0.0480,    0.0323,    0.0239,    0.0890,    0.0484,    0.0742,    0.0828,    0.0929,    0.0866,    0.0946,    0.1067,    0.0937,    0.1290,    0.1141,    0.1251,    0.1381,    0.1126,    0.1637,    0.1820,    0.1497,    0.1784,    0.2048,    0.2212,    0.2203,    0.1466,    0.2349,    0.2480,    0.3046,    0.3256,    0.3370,    0.3583,    0.3686,    0.3865,    0.3924,    0.4479,    0.4866,    0.4630,    0.4756,    0.4850,    0.8288,    0.9051,    0.9497,    0.9819,    1.0054,    1.0884,    1.0201,    1.0884,    1.0634,    1.1135,    1.0562,    1.1323,    2.4386,    2.4058,    2.4593,    2.4977,    2.5233,    2.4231,    2.5080,    2.5720,    2.6243,    2.4402,    2.4049,    2.4974,    6.3130,    6.0359,    5.9678,    5.7872,    5.3456,    5.0134,    4.4010,    4.0487,    3.8914,    3.4107,    2.6199,    2.4333,    1.8759,    1.7593,    1.3415,    1.2804,    0.8633,    0.6265,    0.5062,    0.2032,    0.1791,    0.1272,    0.0441,    0.0359,    0.0010,    0.0037,    0.0077,    0.0127,    0.0182,    0.0240,    0.0298,    0.0433,    0.0964,    0.2173,    0.4661,    0.5126,    0.4953,    0.6439,    0.7084,    0.7702,    0.8225,    0.8379,    0.8582,    0.8750,    0.8179,    0.8128,    0.7341,    0.6989,    0.2312,    0.2274,    0.2322,    0.2756,    0.3277,    0.3982,    0.6050,    0.6132,    0.6728,    0.8170,    0.8453,    0.9974,    0.7921,    0.7994,    0.8063,    0.7932,    0.7903,    0.8132,    0.7700,    0.7578,    0.7419,    0.7230,    0.6944,    0.6501,    0.5792,    0.4756,    0.5506,    0.3526,    0.3535,    0.3382,    0.3022,    0.1883,    0.1496,    0.1112,    0.0901,    0.0823,    0.2148,    0.2038,    0.1711,    0.1586,    0.1489,    0.1440,    0.1374,    0.1316,    0.1335,    0.1301,    0.1362,    0.1279,    0.1874,    0.1465,    0.1414,    0.1241,    0.0954,    0.0758,    0.0580,    0.0524,    0.0422,    0.0391,    0.0419,    0.0391,    0.0838,    0.0688,    0.0493,    0.0315,    0.0182,    0.0111,    0.0077,    0.0066,    0.0058,    0.0048,    0.0033,    0.0013,    0.0244,    0.0000,    0.0579,    0.1026,    0.1159,    0.1060,    0.1189,    0.1334,    0.1187,    0.1635,    0.1445,    0.1586,    0.1742,    0.1414,    0.2045,    0.2235,    0.1830,    0.1246,    0.0169,    0.0355,    0.1578,    0.1837,    0.2976,    0.3127,    0.3867,    0.4135,    0.4280,    0.4548,    0.4664,    0.4780,    0.4497,    0.4089,    0.3615,    0.4293,    0.5926,    0.6002,    1.0511,    1.1482,    1.2022,    1.2215,    1.2014,    1.3311,    1.2774,    1.3621,    1.2526,    1.4143,    1.3376,    1.4240,    3.0833,    3.0107,    3.1235,    3.1600,    3.1809,    3.0664,    3.1743,    3.2553,    3.3214,    3.0867,    3.0438,    3.1608,    7.9894,    7.5359,    7.4508,    7.2252,    6.6739,    6.2591,    5.4945,    5.0546,    4.8582,    4.2579,    3.2707,    3.0376,    2.3418,    2.1396,    1.6313,    1.5568,    1.0496,    0.7616,    0.6153,    0.2469,    0.2176,    0.1545,    0.0535,    0.0435
  189,    0.1000,  228.6031,    0.2393,  113.4456,  112.8874,   -0.1261,    0.7991,  158.4330,  158.5720,  159.3346,  160.2147,  161.3878,  161.9351,  162.4903,  163.0659,  163.7103,  164.6476,  166.2593,  169.0139,  173.2355,  179.0501,  186.0880,  192.9953,  199.3104,  204.7869,  209.8192,  215.8883,  219.2401,  220.9237,  221.6117,  221.9668,  222.0977,    0.0694,    0.2633,    0.5571,    0.9223,    1.3341,    1.7712,    2.2155,    2.6356,    2.9733,    3.1756,    3.2261,    3.4300,    3.0455,    3.0162,    3.0811,    3.1271,    3.1156,    3.1236,    3.1329,    3.1110,    3.1269,    3.0601,    3.0867,    3.0855,    1.0730,    1.0735,    1.0719,    1.0408,    1.0169,    0.9696,    0.8549,    0.8438,    0.7928,    0.6753,    0.6502,    0.5026,    0.3177,    0.2707,    0.2282,    0.2185,    0.2058,    0.1808,    0.1983,    0.1987,    0.2089,    0.2335,    0.2778,    0.3332,    0.4351,    0.4943,    0.4108,    0.5516,    0.5404,    0.5398,    0.5540,    0.6238,    0.6368,    0.6524,    0.6561,    0.6507,    1.7406,    1.6688,    1.6154,    1.5465,    1.4797,    1.4073,    1.3395,    1.2748,    1.1962,    1.1342,    1.0554,    1.0024,    1.4877,    1.4088,    1.2819,    1.1928,    1.1221,    1.0347,    0.9658,    0.8773,    0.8088,    0.7306,    0.6501,    0.5848,    1.4572,    1.0345,    0.7377,    0.5355,    0.3901,    0.2781,    0.1942,    0.1308,    0.0868,    0.0570,    0.0393,    0.0292,    0.0881,    0.0482,    0.0729,    0.0806,    0.0904,    0.0842,    0.0920,    0.1041,    0.0915,    0.1259,    0.1113,    0.1221,    0.1348,    0.1099,    0.1599,    0.1777,    0.1466,    0.1758,    0.2033,    0.2193,    0.2175,    0.1435,    0.2303,    0.2432,    0.2986,    0.3192,    0.3304,    0.3513,    0.3621,    0.3798,    0.3862,    0.4412,    0.4799,    0.4560,    0.4674,    0.4765,    0.8152,    0.8903,    0.9342,    0.9661,    0.9896,    1.0710,    1.0036,    1.0722,    1.0478,    1.0965,    1.0402,    1.1153,    2.4016,    2.3696,    2.4218,    2.4595,    2.4848,    2.3861,    2.4697,    2.5327,    2.5841,    2.4030,    2.3682,    2.4592,    6.2166,    5.9660,    5.8987,    5.7202,    5.2839,    4.9556,    4.3504,    4.0022,    3.8469,    3.3717,    2.5901,    2.4057,    1.8548,    1.7725,    1.3517,    1.2903,    0.8700,    0.6315,    0.5103,    0.2049,    0.1806,    0.1283,    0.0445,    0.0362,    0.0020,    0.0074,    0.0157,    0.0259,    0.0373,    0.0492,    0.0613,    0.0887,    0.1959,    0.4315,    0.8946,    0.9784,    0.9345,    1.1895,    1.3056,    1.4176,    1.5032,    1.5297,    1.5721,    1.6051,    1.5114,    1.4962,    1.3563,    1.2704,    0.4260,    0.4143,    0.4106,    0.4545,    0.4986,    0.5654,    0.7619,    0.7623,    0.8188,    0.9507,    0.9753,    1.1125,    0.8770,    0.8830,    0.8887,    0.8756,    0.8717,    0.8913,    0.8511,    0.8387,    0.8231,    0.8044,    0.7761,    0.7351,    0.6768,    0.5732,    0.6435,    0.4435,    0.4437,    0.4302,    0.3909,    0.2705,    0.2310,    0.1869,    0.1620,    0.1523,    0.4045,    0.3851,    0.3419,    0.3232,    0.3053,    0.2956,    0.2828,    0.2704,    0.2728,    0.2631,    0.2700,    0.2544,    0.3768,    0.3041,    0.2871,    0.2462,    0.1939,    0.1628,    0.1262,    0.1144,    0.0928,    0.0853,    0.0845,    0.0776,    0.1786,    0.1461,    0.1103,    0.0714,    0.0420,    0.0261,    0.0182,    0.0145,    0.0122,    0.0095,    0.0062,    0.0031,    0.0225,    0.0000,    0.0552,    0.0981,    0.1109,    0.1014,    0.1138,    0.1285,    0.1144,    0.1576,    0.1393,    0.1530,    0.1681,    0.1365,    0.1972,    0.2154,    0.1765,    0.1181,    0.0153,    0.0329,    0.1511,    0.1775,    0.2890,    0.3036,    0.3756,    0.4016,    0.4157,    0.4417,    0.4536,    0.4646,    0.4355,    0.3960,    0.3496,    0.4161,    0.5756,    0.5834,    1.0229,    1.1175,    1.1700,    1.1882,    1.1680,    1.2946,    1.2427,    1.3282,    1.2213,    1.3797,    1.3049,    1.3889,    3.0077,    2.9363,    3.0472,    3.0711,    3.0913,    2.9801,    3.0850,    3.1637,    3.2279,    2.9999,    2.9582,    3.0719,    7.7647,    7.2511,    7.1693,    6.9522,    6.4218,    6.0227,    5.2871,    4.8639,    4.6749,    4.0974,    3.1475,    2.9232,    2.2537,    2.0465,    1.5603,    1.4891,    1.0039,    0.7284,    0.5885,    0.2362,    0.2081,    0.1477,    0.0512,    0.0416
  968,    0.1500,  232.4005,    0.2482,  111.1159,  111.5604,    0.8931,    0.2915,  158.4330,  160.0469,  160.8094,  161.6985,  162.9021,  163.4724,  164.0638,  164.6973,  165.3234,  166.3015,  167.8349,  170.5020,  174.5022,  180.1005,  186.9807,  194.0026,  200.9003,  207.0364,  212.9209,  219.0787,  222.4868,  224.2004,  224.8982,  225.2638,  225.3912,    0.0699,    0.2656,    0.5626,    0.9327,    1.3511,    1.7965,    2.2506,    2.6739,    2.9859,    3.1224,    3.0878,    3.2668,    2.8764,    2.8096,    2.8652,    2.9048,    2.8789,    2.8804,    2.8903,    2.8669,    2.8889,    2.8191,    2.8640,    2.8861,    1.0055,    1.0103,    1.0144,    0.9861,    0.9701,    0.9272,    0.8268,    0.8209,    0.7733,    0.6657,    0.6423,    0.5043,    0.3225,    0.2779,    0.2375,    0.2281,    0.2154,    0.1905,    0.2077,    0.2078,    0.2173,    0.2403,    0.2822,    0.3356,    0.4350,    0.4932,    0.4119,    0.5512,    0.5402,    0.5386,    0.5527,    0.6225,    0.6335,    0.6499,    0.6542,    0.6492,    1.7340,    1.6643,    1.6136,    1.5455,    1.4809,    1.4082,    1.3407,    1.2776,    1.1938,    1.1333,    1.0487,    0.9974,    1.4814,    1.4217,    1.2962,    1.2219,    1.1654,    1.0779,    1.0201,    0.9289,    0.8647,    0.7830,    0.6985,    0.6301,    1.5759,    1.1184,    0.7959,    0.5870,    0.4368,    0.3160,    0.2224,    0.1505,    0.0997,    0.0660,    0.0465,    0.0349,    0.0871,    0.0480,    0.0715,    0.0785,    0.0880,    0.0821,    0.0896,    0.1017,    0.0893,    0.1229,    0.1088,    0.1194,    0.1318,    0.1074,    0.1563,    0.1738,    0.1436,    0.1730,    0.2018,    0.2173,    0.2145,    0.1405,    0.2260,    0.2387,    0.2930,    0.3132,    0.3242,    0.3447,    0.3559,    0.3734,    0.3801,    0.4346,    0.4733,    0.4491,    0.4596,    0.4685,    0.8024,    0.8763,    0.9195,    0.9511,    0.9745,    1.0545,    0.9879,    1.0566,    1.0329,    1.0804,    1.0249,    1.0990,    2.3665,    2.3352,    2.3863,    2.4236,    2.4486,    2.3512,    2.4337,    2.4957,    2.5464,    2.3679,    2.3336,    2.4233,    6.1259,    5.9017,    5.8353,    5.6588,    5.2272,    4.9025,    4.3039,    3.9596,    3.8060,    3.3360,    2.5628,    2.3804,    1.8354,    1.7849,    1.3612,    1.2995,    0.8764,    0.6362,    0.5142,    0.2065,    0.1821,    0.1293,    0.0449,    0.0365,    0.0030,    0.0112,    0.0237,    0.0391,    0.0564,    0.0747,    0.0932,    0.1347,    0.2942,    0.6336,    1.2651,    1.3811,    1.3117,    1.6380,    1.7892,    1.9329,    2.0393,    2.0745,    2.1289,    2.1692,    2.0592,    2.0388,    1.8662,    1.7470,    0.5900,    0.5724,    0.5617,    0.6010,    0.6347,    0.6938,    0.8703,    0.8635,    0.9152,    1.0380,    1.0578,    1.1874,    0.9340,    0.9405,    0.9472,    0.9332,    0.9298,    0.9529,    0.9087,    0.8958,    0.8796,    0.8604,    0.8312,    0.7904,    0.7375,    0.6357,    0.7048,    0.5062,    0.5052,    0.4931,    0.4547,    0.3359,    0.2989,    0.2539,    0.2281,    0.2175,    0.5823,    0.5564,    0.5065,    0.4830,    0.4582,    0.4437,    0.4249,    0.4062,    0.4076,    0.3916,    0.3975,    0.3756,    0.5590,    0.4606,    0.4311,    0.3682,    0.2950,    0.2546,    0.2000,    0.1818,    0.1488,    0.1363,    0.1306,    0.1194,    0.2841,    0.2319,    0.1789,    0.1175,    0.0706,    0.0444,    0.0312,    0.0240,    0.0198,    0.0149,    0.0094,    0.0052,    0.0213,    0.0000,    0.0529,    0.0940,    0.1062,    0.0971,    0.1090,    0.1240,    0.1104,    0.1520,    0.1344,    0.1478,    0.1623,    0.1318,    0.1905,    0.2080,    0.1706,    0.1134,    0.0145,    0.0313,    0.1455,    0.1717,    0.2809,    0.2950,    0.3650,    0.3903,    0.4040,    0.4293,    0.4413,    0.4520,    0.4232,    0.3848,    0.3395,    0.4044,    0.5599,    0.5676,    0.9960,    1.0881,    1.1392,    1.1568,    1.1369,    1.2603,    1.2099,    1.2961,    1.1917,    1.3466,    1.2735,    1.3555,    2.9354,    2.8655,    2.9740,    2.9860,    3.0057,    2.8976,    2.9995,    3.0761,    3.1385,    2.9168,    2.8763,    2.9868,    7.5497,    6.9806,    6.9019,    6.6930,    6.1824,    5.7983,    5.0901,    4.6827,    4.5009,    3.9449,    3.0304,    2.8146,    2.1700,    1.9578,    1.4927,    1.4246,    0.9604,    0.6969,    0.5630,    0.2259,    0.1991,    0.1413,    0.0490,    0.0398
 1171,    0.2000,  235.8013,    0.2565,  109.8379,  110.3233,    0.9547,    0.3452,  158.4330,  161.8418,  162.6209,  163.5196,  164.7055,  165.3030,  166.0027,  166.6996,  167.5021,  168.5019,  170.2007,  172.9016,  177.0008,  182.7017,  189.8007,  197.2958,  204.6475,  211.1016,  216.6427,  222.9052,  226.3602,  228.1028,  228.8151,  229.1845,  229.3207,    0.0703,    0.2673,    0.5669,    0.9410,    1.3648,    1.8171,    2.2794,    2.7042,    2.9910,    3.0705,    2.9817,    3.1395,    2.7435,    2.6595,    2.7143,    2.7559,    2.7224,    2.7192,    2.7340,    2.7130,    2.7327,    2.6581,    2.7053,    2.7379,    0.9546,    0.9614,    0.9689,    0.9437,    0.9345,    0.8971,    0.8128,    0.8124,    0.7691,    0.6720,    0.6528,    0.5259,    0.3408,    0.2959,    0.2546,    0.2452,    0.2318,    0.2048,    0.2239,    0.2240,    0.2338,    0.2572,    0.2993,    0.3513,    0.4471,    0.5018,    0.4229,    0.5570,    0.5466,    0.5433,    0.5558,    0.6223,    0.6306,    0.6467,    0.6511,    0.6463,    1.7246,    1.6568,    1.6078,    1.5402,    1.4777,    1.4049,    1.3381,    1.2765,    1.1887,    1.1296,    1.0408,    0.9911,    1.4726,    1.4285,    1.3046,    1.2434,    1.1996,    1.1124,    1.0654,    0.9722,    0.9128,    0.8283,    0.7410,    0.6700,    1.6803,    1.1919,    0.8462,    0.6328,    0.4799,    0.3515,    0.2491,    0.1694,    0.1120,    0.0746,    0.0536,    0.0405,    0.0862,    0.0478,    0.0704,    0.0766,    0.0859,    0.0801,    0.0874,    0.0995,    0.0874,    0.1203,    0.1064,    0.1168,    0.1290,    0.1051,    0.1530,    0.1702,    0.1409,    0.1706,    0.2004,    0.2155,    0.2119,    0.1378,    0.2219,    0.2344,    0.2878,    0.3076,    0.3183,    0.3385,    0.3501,    0.3675,    0.3744,    0.4285,    0.4671,    0.4427,    0.4522,    0.4610,    0.7903,    0.8630,    0.9056,    0.9369,    0.9603,    1.0389,    0.9732,    1.0419,    1.0188,    1.0652,    1.0105,    1.0836,    2.3332,    2.3026,    2.3525,    2.3898,    2.4146,    2.3185,    2.3997,    2.4609,    2.5109,    2.3349,    2.3011,    2.3896,    6.0406,    5.8427,    5.7770,    5.6023,    5.1751,    4.8537,    4.2611,    3.9203,    3.7684,    3.3031,    2.5376,    2.3571,    1.8176,    1.7963,    1.3700,    1.3081,    0.8823,    0.6406,    0.5178,    0.2080,    0.1834,    0.1303,    0.0452,    0.0368,    0.0040,    0.0151,    0.0318,    0.0527,    0.0761,    0.1009,    0.1260,    0.1818,    0.3933,    0.8298,    1.6073,    1.7510,    1.6536,    2.0350,    2.2164,    2.3876,    2.5098,    2.5533,    2.6205,    2.6688,    2.5496,    2.5240,    2.3282,    2.1859,    0.7413,    0.7195,    0.7042,    0.7418,    0.7697,    0.8243,    0.9897,    0.9775,    1.0263,    1.1409,    1.1578,    1.2791,    1.0029,    1.0089,    1.0153,    1.0011,    0.9974,    1.0194,    0.9760,    0.9630,    0.9467,    0.9275,    0.8982,    0.8587,    0.8136,    0.7128,    0.7794,    0.5809,    0.5790,    0.5684,    0.5291,    0.4086,    0.3725,    0.3246,    0.2969,    0.2849,    0.7651,    0.7322,    0.6745,    0.6457,    0.6139,    0.5947,    0.5702,    0.5455,    0.5459,    0.5240,    0.5288,    0.5005,    0.7469,    0.6233,    0.5821,    0.4985,    0.4045,    0.3533,    0.2805,    0.2555,    0.2107,    0.1930,    0.1825,    0.1668,    0.4033,    0.3291,    0.2563,    0.1704,    0.1041,    0.0662,    0.0468,    0.0357,    0.0292,    0.0217,    0.0137,    0.0080,    0.0200,    0.0000,    0.0507,    0.0901,    0.1019,    0.0932,    0.1045,    0.1197,    0.1066,    0.1468,    0.1297,    0.1429,    0.1569,    0.1274,    0.1841,    0.2010,    0.1650,    0.1084,    0.0135,    0.0296,    0.1399,    0.1663,    0.2731,    0.2868,    0.3549,    0.3795,    0.3929,    0.4175,    0.4297,    0.4399,    0.4110,    0.3736,    0.3295,    0.3930,    0.5448,    0.5524,    0.9702,    1.0599,    1.1097,    1.1265,    1.1069,    1.2272,    1.1784,    1.2651,    1.1631,    1.3147,    1.2433,    1.3233,    2.8659,    2.7973,    2.9037,    2.9046,    2.9236,    2.8185,    2.9177,    2.9922,    3.0529,    2.8373,    2.7978,    2.9054,    7.3439,    6.7234,    6.6476,    6.4465,    5.9548,    5.5848,    4.9028,    4.5105,    4.3354,    3.7999,    2.9191,    2.7113,    2.0904,    1.8733,    1.4282,    1.3631,    0.9190,    0.6669,    0.5387,    0.2162,    0.1905,    0.1353,    0.0469,    0.0381
 1459,    0.3000,  241.5014,    0.2716,  107.6833,  108.0854,    0.9023,    0.3123,  158.4330,  164.3204,  165.1173,  166.0317,  167.2091,  167.8935,  168.6050,  169.4027,  170.3021,  171.5029,  173.3012,  176.1986,  180.4975,  186.4058,  194.0702,  202.6016,  210.8684,  217.8570,  223.6526,  229.3012,  232.8504,  234.6299,  235.3608,  235.7423,  235.8828,    0.0707,    0.2693,    0.5723,    0.9517,    1.3830,    1.8451,    2.3196,    2.7428,    2.9800,    2.9652,    2.8188,    2.9433,    2.5399,    2.4487,    2.5085,    2.5588,    2.5182,    2.5084,    2.5319,    2.5157,    2.5252,    2.4423,    2.4795,    2.5165,    0.8772,    0.8851,    0.8959,    0.8761,    0.8760,    0.8473,    0.7884,    0.7954,    0.7592,    0.6785,    0.6658,    0.5557,    0.3659,    0.3207,    0.2782,    0.2689,    0.2544,    0.2247,    0.2463,    0.2465,    0.2569,    0.2809,    0.3237,    0.3748,    0.4655,    0.5138,    0.4385,    0.5630,    0.5536,    0.5478,    0.5573,    0.6168,    0.6199,    0.6347,    0.6387,    0.6342,    1.6892,    1.6247,    1.5782,    1.5118,    1.4529,    1.3808,    1.3158,    1.2571,    1.1642,    1.1081,    1.0141,    0.9671,    1.4376,    1.4180,    1.2983,    1.2599,    1.2387,    1.1529,    1.1268,    1.0316,    0.9829,    0.8949,    0.8042,    0.7300,    1.8382,    1.3011,    0.9185,    0.7031,    0.5507,    0.4122,    0.2953,    0.2022,    0.1332,    0.0897,    0.0667,    0.0508,    0.0846,    0.0476,    0.0682,    0.0734,    0.0822,    0.0767,    0.0837,    0.0956,    0.0839,    0.1154,    0.1021,    0.1122,    0.1240,    0.1010,    0.1471,    0.1636,    0.1360,    0.1661,    0.1978,    0.2122,    0.2071,    0.1328,    0.2145,    0.2267,    0.2782,    0.2973,    0.3077,    0.3272,    0.3394,    0.3565,    0.3639,    0.4172,    0.4557,    0.4308,    0.4387,    0.4472,    0.7681,    0.8388,    0.8802,    0.9109,    0.9342,    1.0103,    0.9461,    1.0147,    0.9927,    1.0369,    0.9837,    1.0551,    2.2715,    2.2422,    2.2901,    2.3280,    2.3523,    2.2585,    2.3377,    2.3973,    2.4460,    2.2745,    2.2416,    2.3278,    5.8844,    5.7383,    5.6738,    5.5024,    5.0829,    4.7675,    4.1855,    3.8510,    3.7019,    3.2451,    2.4932,    2.3161,    1.7861,    1.8168,    1.3859,    1.3235,    0.8929,    0.6484,    0.5243,    0.2106,    0.1859,    0.1321,    0.0459,    0.0373,    0.0060,    0.0228,    0.0482,    0.0799,    0.1157,    0.1538,    0.1927,    0.2770,    0.5879,    1.1954,    2.1973,    2.3877,    2.2367,    2.6901,    2.9155,    3.1248,    3.2681,    3.3270,    3.4129,    3.4724,    3.3530,    3.3227,    3.1055,    2.9368,    1.0016,    0.9743,    0.9528,    0.9873,    1.0064,    1.0531,    1.1991,    1.1794,    1.2228,    1.3224,    1.3345,    1.4405,    1.1237,    1.1285,    1.1341,    1.1196,    1.1153,    1.1352,    1.0937,    1.0804,    1.0643,    1.0455,    1.0168,    0.9801,    0.9494,    0.8523,    0.9132,    0.7189,    0.7152,    0.7073,    0.6669,    0.5458,    0.5120,    0.4595,    0.4287,    0.4146,    1.1168,    1.0709,    0.9996,    0.9607,    0.9163,    0.8882,    0.8535,    0.8178,    0.8149,    0.7821,    0.7835,    0.7436,    1.1130,    0.9460,    0.8825,    0.7622,    0.6303,    0.5582,    0.4511,    0.4124,    0.3443,    0.3158,    0.2952,    0.2698,    0.6650,    0.5425,    0.4265,    0.2891,    0.1813,    0.1178,    0.0842,    0.0636,    0.0516,    0.0380,    0.0242,    0.0150,    0.0178,    0.0000,    0.0467,    0.0831,    0.0940,    0.0859,    0.0965,    0.1119,    0.0996,    0.1372,    0.1213,    0.1339,    0.1470,    0.1193,    0.1723,    0.1881,    0.1546,    0.0996,    0.0119,    0.0266,    0.1297,    0.1562,    0.2587,    0.2716,    0.3362,    0.3595,    0.3721,    0.3954,    0.4078,    0.4174,    0.3885,    0.3531,    0.3110,    0.3717,    0.5165,    0.5241,    0.9218,    1.0070,    1.0544,    1.0699,    1.0506,    1.1653,    1.1193,    1.2067,    1.1092,    1.2546,    1.1864,    1.2626,    2.7347,    2.6687,    2.7710,    2.7517,    2.7696,    2.6702,    2.7642,    2.8347,    2.8922,    2.6879,    2.6506,    2.7525,    6.9574,    6.2454,    6.1751,    5.9883,    5.5316,    5.1881,    4.5546,    4.1902,    4.0277,    3.5304,    2.7121,    2.5192,    1.9424,    1.7156,    1.3081,    1.2485,    0.8418,    0.6109,    0.4935,    0.1981,    0.1746,    0.1239,    0.0430,    0.0349
 1553,    0.4000,  246.0018,    0.2848,  105.6650,  106.1216,    0.9782,    0.4299,  158.4330,  165.9295,  166.7453,  167.6756,  168.8084,  169.5020,  170.3005,  171.2003,  172.1086,  173.4042,  175.3442,  178.3995,  182.8999,  189.2018,  197.4133,  206.8554,  215.9005,  223.3222,  229.4030,  234.5194,  238.1448,  239.9556,  240.6916,  241.0888,  241.2287,    0.0708,    0.2699,    0.5742,    0.9561,    1.3915,    1.8593,    2.3411,    2.7586,    2.9489,    2.8629,    2.7016,    2.8015,    2.3936,    2.3118,    2.3790,    2.4380,    2.3948,    2.3806,    2.4101,    2.3974,    2.3965,    2.3073,    2.3289,    2.3600,    0.8216,    0.8284,    0.8398,    0.8242,    0.8293,    0.8070,    0.7667,    0.7780,    0.7475,    0.6793,    0.6713,    0.5747,    0.3827,    0.3375,    0.2942,    0.2849,    0.2697,    0.2383,    0.2616,    0.2618,    0.2728,    0.2974,    0.3406,    0.3909,    0.4774,    0.5200,    0.4481,    0.5632,    0.5547,    0.5473,    0.5540,    0.6063,    0.6053,    0.6181,    0.6212,    0.6168,    1.6404,    1.5785,    1.5337,    1.4686,    1.4129,    1.3422,    1.2793,    1.2234,    1.1282,    1.0748,    0.9787,    0.9342,    1.3885,    1.3860,    1.2712,    1.2507,    1.2478,    1.1641,    1.1564,    1.0613,    1.0233,    0.9341,    0.8423,    0.7668,    1.9356,    1.3657,    0.9580,    0.7472,    0.6011,    0.4580,    0.3307,    0.2275,    0.1490,    0.1013,    0.0775,    0.0594,    0.0832,    0.0473,    0.0664,    0.0706,    0.0791,    0.0738,    0.0805,    0.0922,    0.0809,    0.1113,    0.0984,    0.1082,    0.1196,    0.0975,    0.1419,    0.1579,    0.1317,    0.1621,    0.1954,    0.2092,    0.2028,    0.1285,    0.2080,    0.2197,    0.2696,    0.2882,    0.2983,    0.3172,    0.3299,    0.3466,    0.3545,    0.4070,    0.4453,    0.4202,    0.4266,    0.4348,    0.7482,    0.8170,    0.8574,    0.8876,    0.9107,    0.9846,    0.9218,    0.9901,    0.9690,    1.0114,    0.9595,    1.0293,    2.2158,    2.1876,    2.2337,    2.2730,    2.2968,    2.2052,    2.2824,    2.3407,    2.3882,    2.2208,    2.1887,    2.2728,    5.7455,    5.6496,    5.5862,    5.4175,    5.0047,    4.6942,    4.1213,    3.7920,    3.6454,    3.1957,    2.4555,    2.2812,    1.7594,    1.8343,    1.3995,    1.3367,    0.9020,    0.6552,    0.5299,    0.2130,    0.1880,    0.1337,    0.0464,    0.0378,    0.0080,    0.0304,    0.0645,    0.1071,    0.1554,    0.2068,    0.2595,    0.3718,    0.7750,    1.5253,    2.6825,    2.9116,    2.7130,    3.2060,    3.4597,    3.6911,    3.8480,    3.9211,    4.0189,    4.0856,    3.9790,    3.9498,    3.7320,    3.5534,    1.2166,    1.1862,    1.1611,    1.1926,    1.2056,    1.2457,    1.3753,    1.3508,    1.3894,    1.4765,    1.4847,    1.5778,    1.2268,    1.2306,    1.2353,    1.2209,    1.2160,    1.2333,    1.1943,    1.1810,    1.1652,    1.1467,    1.1187,    1.0843,    1.0662,    0.9736,    1.0292,    0.8414,    0.8363,    0.8305,    0.7897,    0.6703,    0.6390,    0.5833,    0.5504,    0.5346,    1.4422,    1.3850,    1.3024,    1.2543,    1.1989,    1.1628,    1.1193,    1.0739,    1.0668,    1.0245,    1.0216,    0.9714,    1.4568,    1.2541,    1.1704,    1.0189,    0.8546,    0.7629,    0.6253,    0.5731,    0.4833,    0.4440,    0.4132,    0.3781,    0.9418,    0.7680,    0.6063,    0.4172,    0.2671,    0.1764,    0.1271,    0.0959,    0.0773,    0.0569,    0.0365,    0.0235,    0.0160,    0.0000,    0.0432,    0.0769,    0.0871,    0.0796,    0.0894,    0.1049,    0.0934,    0.1287,    0.1137,    0.1258,    0.1381,    0.1121,    0.1618,    0.1766,    0.1453,    0.0920,    0.0106,    0.0241,    0.1207,    0.1471,    0.2455,    0.2577,    0.3190,    0.3412,    0.3532,    0.3753,    0.3877,    0.3967,    0.3681,    0.3344,    0.2942,    0.3523,    0.4906,    0.4981,    0.8772,    0.9583,    1.0034,    1.0177,    0.9990,    1.1083,    1.0649,    1.1527,    1.0593,    1.1989,    1.1337,    1.2064,    2.6131,    2.5495,    2.6479,    2.6107,    2.6277,    2.5334,    2.6226,    2.6895,    2.7441,    2.5503,    2.5148,    2.6115,    6.6011,    5.8107,    5.7454,    5.5717,    5.1468,    4.8272,    4.2379,    3.8990,    3.7478,    3.2852,    2.5238,    2.3444,    1.8077,    1.5721,    1.1987,    1.1442,    0.7715,    0.5599,    0.4524,    0.1816,    0.1600,    0.1136,    0.0394,    0.0320
 1699,    0.5000,  249.8008,    0.2965,  104.0070,  104.3914,    0.9232,    0.4186,  158.4330,  167.1849,  167.9971,  168.9222,  170.0907,  170.7939,  171.5905,  172.5001,  173.5018,  174.8950,  176.9023,  180.1021,  184.8355,  191.5670,  200.4337,  210.6005,  220.2510,  228.0831,  234.2574,  239.0048,  242.7010,  244.5224,  245.2667,  245.6788,  245.8183,    0.0707,    0.2696,    0.5742,    0.9573,    1.3948,    1.8659,    2.3525,    2.7620,    2.9100,    2.7719,    2.6192,    2.7011,    2.2900,    2.2224,    2.2964,    2.3623,    2.3184,    2.3012,    2.3345,    2.3242,    2.3151,    2.2216,    2.2287,    2.2511,    0.7823,    0.7874,    0.7982,    0.7856,    0.7936,    0.7759,    0.7491,    0.7631,    0.7369,    0.6786,    0.6742,    0.5888,    0.3957,    0.3507,    0.3068,    0.2976,    0.2818,    0.2488,    0.2737,    0.2740,    0.2856,    0.3107,    0.3542,    0.4035,    0.4862,    0.5238,    0.4551,    0.5615,    0.5539,    0.5454,    0.5495,    0.5953,    0.5912,    0.6019,    0.6040,    0.5995,    1.5927,    1.5328,    1.4889,    1.4249,    1.3717,    1.3026,    1.2417,    1.1882,    1.0925,    1.0414,    0.9450,    0.9023,    1.3407,    1.3494,    1.2392,    1.2323,    1.2437,    1.1621,    1.1700,    1.0757,    1.0476,    0.9582,    0.8665,    0.7905,    1.9991,    1.4057,    0.9799,    0.7763,    0.6390,    0.4941,    0.3592,    0.2479,    0.1615,    0.1105,    0.0868,    0.0668,    0.0819,    0.0471,    0.0649,    0.0683,    0.0765,    0.0714,    0.0778,    0.0892,    0.0782,    0.1076,    0.0952,    0.1048,    0.1158,    0.0944,    0.1374,    0.1530,    0.1279,    0.1585,    0.1932,    0.2064,    0.1989,    0.1246,    0.2021,    0.2136,    0.2620,    0.2800,    0.2898,    0.3082,    0.3214,    0.3378,    0.3461,    0.3977,    0.4359,    0.4105,    0.4157,    0.4237,    0.7303,    0.7975,    0.8369,    0.8667,    0.8896,    0.9615,    0.9000,    0.9677,    0.9475,    0.9883,    0.9376,    1.0059,    2.1652,    2.1381,    2.1826,    2.2239,    2.2473,    2.1575,    2.2332,    2.2901,    2.3367,    2.1729,    2.1414,    2.2238,    5.6216,    5.5739,    5.5115,    5.3451,    4.9379,    4.6317,    4.0666,    3.7418,    3.5973,    3.1537,    2.4233,    2.2514,    1.7366,    1.8494,    1.4112,    1.3481,    0.9099,    0.6611,    0.5348,    0.2150,    0.1898,    0.1350,    0.0469,    0.0382,    0.0100,    0.0380,    0.0807,    0.1340,    0.1947,    0.2596,    0.3261,    0.4655,    0.9541,    1.8244,    3.0881,    3.3513,    3.1121,    3.6253,    3.8975,    4.1417,    4.3088,    4.3955,    4.5015,    4.5737,    4.4855,    4.4613,    4.2543,    4.0758,    1.3997,    1.3679,    1.3409,    1.3696,    1.3782,    1.4128,    1.5287,    1.5013,    1.5356,    1.6123,    1.6175,    1.7003,    1.3190,    1.3218,    1.3257,    1.3115,    1.3061,    1.3202,    1.2844,    1.2712,    1.2557,    1.2378,    1.2103,    1.1778,    1.1706,    1.0826,    1.1334,    0.9528,    0.9465,    0.9423,    0.9016,    0.7848,    0.7560,    0.6979,    0.6635,    0.6464,    1.7450,    1.6777,    1.5856,    1.5290,    1.4640,    1.4208,    1.3695,    1.3155,    1.3040,    1.2531,    1.2455,    1.1862,    1.7816,    1.5487,    1.4465,    1.2680,    1.0756,    0.9653,    0.8004,    0.7352,    0.6251,    0.5752,    0.5341,    0.4894,    1.2282,    1.0011,    0.7923,    0.5519,    0.3594,    0.2406,    0.1745,    0.1318,    0.1058,    0.0779,    0.0506,    0.0332,    0.0144,    0.0000,    0.0400,    0.0715,    0.0809,    0.0740,    0.0830,    0.0986,    0.0878,    0.1209,    0.1069,    0.1185,    0.1300,    0.1056,    0.1523,    0.1662,    0.1369,    0.0854,    0.0095,    0.0220,    0.1127,    0.1389,    0.2334,    0.2449,    0.3033,    0.3244,    0.3358,    0.3568,    0.3693,    0.3776,    0.3494,    0.3174,    0.2789,    0.3346,    0.4668,    0.4742,    0.8359,    0.9132,    0.9561,    0.9695,    0.9513,    1.0556,    1.0145,    1.1024,    1.0130,    1.1470,    1.0846,    1.1540,    2.5000,    2.4387,    2.5333,    2.4803,    2.4964,    2.4068,    2.4916,    2.5552,    2.6071,    2.4229,    2.3892,    2.4811,    6.2715,    5.4140,    5.3531,    5.1913,    4.7955,    4.4978,    3.9488,    3.6330,    3.4923,    3.0613,    2.3519,    2.1847,    1.6847,    1.4412,    1.0990,    1.0490,    0.7074,    0.5134,    0.4148,    0.1665,    0.1468,    0.1042,    0.0361,    0.0294
 1886,    0.7500,  256.9023,    0.3202,  100.5005,  100.8803,    0.9503,    0.5832,  158.4330,  169.2154,  170.0765,  171.0113,  172.1120,  172.8000,  173.6908,  174.6083,  175.8010,  177.3464,  179.6999,  183.4000,  188.8039,  196.5029,  206.8193,  218.5006,  229.1017,  237.3040,  243.6072,  248.0080,  251.1049,  252.9530,  253.7206,  254.1184,  254.2677,    0.0697,    0.2665,    0.5686,    0.9498,    1.3867,    1.8590,    2.3489,    2.7335,    2.7964,    2.5889,    2.4982,    2.5530,    2.1371,    2.1023,    2.1870,    2.2623,    2.2182,    2.1970,    2.2347,    2.2272,    2.2056,    2.1064,    2.0886,    2.0916,    0.7239,    0.7243,    0.7317,    0.7237,    0.7339,    0.7231,    0.7168,    0.7336,    0.7148,    0.6737,    0.6749,    0.6110,    0.4183,    0.3745,    0.3300,    0.3211,    0.3041,    0.2680,    0.2962,    0.2968,    0.3097,    0.3356,    0.3785,    0.4250,    0.4995,    0.5273,    0.4655,    0.5533,    0.5472,    0.5375,    0.5367,    0.5691,    0.5600,    0.5656,    0.5653,    0.5605,    1.4865,    1.4294,    1.3862,    1.3241,    1.2749,    1.2101,    1.1541,    1.1051,    1.0119,    0.9654,    0.8723,    0.8328,    1.2358,    1.2561,    1.1556,    1.1678,    1.2003,    1.1228,    1.1571,    1.0668,    1.0581,    0.9710,    0.8825,    0.8081,    2.0478,    1.4279,    0.9812,    0.7993,    0.6876,    0.5470,    0.4020,    0.2788,    0.1792,    0.1242,    0.1029,    0.0796,    0.0792,    0.0466,    0.0618,    0.0638,    0.0714,    0.0667,    0.0726,    0.0832,    0.0730,    0.1004,    0.0888,    0.0978,    0.1081,    0.0881,    0.1284,    0.1430,    0.1202,    0.1510,    0.1881,    0.2002,    0.1908,    0.1169,    0.1900,    0.2008,    0.2462,    0.2631,    0.2723,    0.2896,    0.3035,    0.3194,    0.3283,    0.3781,    0.4157,    0.3900,    0.3930,    0.4005,    0.6928,    0.7566,    0.7940,    0.8228,    0.8453,    0.9131,    0.8542,    0.9203,    0.9017,    0.9391,    0.8911,    0.9563,    2.0579,    2.0329,    2.0742,    2.1223,    2.1449,    2.0590,    2.1312,    2.1855,    2.2300,    2.0737,    2.0437,    2.1223,    5.3650,    5.4288,    5.3681,    5.2063,    4.8098,    4.5118,    3.9615,    3.6454,    3.5049,    3.0730,    2.3616,    2.1944,    1.6929,    1.8784,    1.4338,    1.3701,    0.9251,    0.6724,    0.5443,    0.2189,    0.1934,    0.1377,    0.0479,    0.0391,    0.0147,    0.0562,    0.1196,    0.1993,    0.2901,    0.3879,    0.4887,    0.6911,    1.3637,    2.4552,    3.8441,    4.1785,    3.8648,    4.3825,    4.6768,    4.9335,    5.1193,    5.2360,    5.3558,    5.4399,    5.4004,    5.3948,    5.2342,    5.0769,    1.7533,    1.7219,    1.6938,    1.7159,    1.7168,    1.7405,    1.8278,    1.7979,    1.8231,    1.8783,    1.8782,    1.9390,    1.4982,    1.4989,    1.5009,    1.4876,    1.4811,    1.4892,    1.4597,    1.4468,    1.4321,    1.4152,    1.3899,    1.3616,    1.3772,    1.3017,    1.3406,    1.1827,    1.1740,    1.1719,    1.1324,    1.0261,    1.0029,    0.9427,    0.9069,    0.8879,    2.4007,    2.3134,    2.2039,    2.1293,    2.0454,    1.9873,    1.9209,    1.8492,    1.8262,    1.7577,    1.7383,    1.6607,    2.5007,    2.2108,    2.0692,    1.8371,    1.5893,    1.4390,    1.2184,    1.1237,    0.9698,    0.8951,    0.8304,    0.7630,    1.9365,    1.5775,    1.2534,    0.8917,    0.5985,    0.4107,    0.3015,    0.2284,    0.1821,    0.1347,    0.0895,    0.0608,    0.0114,    0.0000,    0.0336,    0.0601,    0.0681,    0.0622,    0.0699,    0.0853,    0.0759,    0.1046,    0.0924,    0.1029,    0.1129,    0.0917,    0.1322,    0.1442,    0.1190,    0.0720,    0.0075,    0.0179,    0.0960,    0.1212,    0.2071,    0.2172,    0.2691,    0.2879,    0.2980,    0.3166,    0.3287,    0.3359,    0.3090,    0.2805,    0.2460,    0.2961,    0.4148,    0.4219,    0.7450,    0.8137,    0.8521,    0.8634,    0.8464,    0.9398,    0.9037,    0.9908,    0.9102,    1.0318,    0.9755,    1.0378,    2.2486,    2.1926,    2.2788,    2.1932,    2.2073,    2.1282,    2.2032,    2.2594,    2.3053,    2.1425,    2.1127,    2.1940,    5.5458,    4.5603,    4.5091,    4.3729,    4.0396,    3.7889,    3.3265,    3.0607,    2.9423,    2.5793,    1.9817,    1.8410,    1.4198,    1.1622,    0.8863,    0.8461,    0.5706,    0.4142,    0.3348,    0.1344,    0.1185,    0.0842,    0.0292,    0.0237
 2035,    1.0000,  261.9107,    0.3379,   97.8527,   98.2425,    0.9822,    0.8108,  158.4330,  170.5276,  171.4043,  172.3555,  173.4054,  174.1950,  175.0045,  176.0850,  177.3106,  179.1010,  181.8013,  185.9336,  192.1011,  200.8028,  212.2996,  224.8988,  235.9913,  244.2323,  250.4044,  254.5497,  257.0490,  258.9032,  259.6417,  260.0754,  260.2233,    0.0684,    0.2618,    0.5592,    0.9352,    1.3671,    1.8352,    2.3220,    2.6799,    2.6852,    2.4628,    2.4400,    2.4819,    2.0643,    2.0494,    2.1386,    2.2175,    2.1736,    2.1506,    2.1899,    2.1835,    2.1558,    2.0541,    2.0236,    2.0146,    0.6953,    0.6924,    0.6966,    0.6907,    0.7003,    0.6927,    0.6965,    0.7137,    0.6991,    0.6691,    0.6732,    0.6249,    0.4341,    0.3919,    0.3473,    0.3388,    0.3207,    0.2817,    0.3132,    0.3141,    0.3282,    0.3545,    0.3963,    0.4397,    0.5073,    0.5278,    0.4719,    0.5454,    0.5402,    0.5302,    0.5262,    0.5490,    0.5376,    0.5393,    0.5371,    0.5319,    1.4100,    1.3539,    1.3104,    1.2492,    1.2021,    1.1410,    1.0890,    1.0427,    0.9541,    0.9103,    0.8223,    0.7845,    1.1624,    1.1827,    1.0888,    1.1074,    1.1475,    1.0723,    1.1194,    1.0334,    1.0364,    0.9529,    0.8691,    0.7974,    2.0214,    1.3999,    0.9514,    0.7883,    0.6987,    0.5668,    0.4195,    0.2917,    0.1851,    0.1295,    0.1117,    0.0866,    0.0770,    0.0462,    0.0595,    0.0606,    0.0679,    0.0634,    0.0690,    0.0789,    0.0691,    0.0951,    0.0841,    0.0926,    0.1024,    0.0835,    0.1217,    0.1355,    0.1144,    0.1451,    0.1837,    0.1950,    0.1844,    0.1111,    0.1805,    0.1908,    0.2340,    0.2500,    0.2588,    0.2752,    0.2896,    0.3049,    0.3142,    0.3625,    0.3993,    0.3736,    0.3752,    0.3824,    0.6635,    0.7246,    0.7604,    0.7884,    0.8105,    0.8751,    0.8184,    0.8824,    0.8650,    0.8999,    0.8540,    0.9166,    1.9723,    1.9489,    1.9876,    2.0441,    2.0659,    1.9831,    2.0526,    2.1050,    2.1478,    1.9973,    1.9684,    2.0441,    5.1674,    5.3286,    5.2692,    5.1105,    4.7215,    4.4291,    3.8891,    3.5790,    3.4413,    3.0175,    2.3191,    2.1551,    1.6628,    1.8983,    1.4493,    1.3853,    0.9356,    0.6803,    0.5509,    0.2217,    0.1959,    0.1396,    0.0486,    0.0396,    0.0192,    0.0734,    0.1564,    0.2609,    0.3806,    0.5097,    0.6434,    0.9018,    1.7223,    2.9550,    4.3511,    4.7420,    4.3830,    4.8774,    5.1793,    5.4403,    5.6407,    5.7817,    5.9128,    6.0086,    6.0086,    6.0221,    5.9094,    5.7837,    2.0053,    1.9772,    1.9507,    1.9667,    1.9629,    1.9790,    2.0442,    2.0151,    2.0332,    2.0736,    2.0696,    2.1153,    1.6309,    1.6301,    1.6306,    1.6181,    1.6110,    1.6145,    1.5899,    1.5774,    1.5633,    1.5473,    1.5239,    1.4984,    1.5302,    1.4657,    1.4955,    1.3594,    1.3490,    1.3471,    1.3099,    1.2153,    1.1965,    1.1381,    1.1032,    1.0835,    2.9343,    2.8331,    2.7131,    2.6245,    2.5273,    2.4576,    2.3803,    2.2951,    2.2605,    2.1785,    2.1472,    2.0562,    3.1022,    2.7751,    2.6013,    2.3303,    2.0424,    1.8611,    1.5985,    1.4783,    1.2888,    1.1922,    1.1066,    1.0191,    2.6041,    2.1208,    1.6900,    1.2188,    0.8342,    0.5823,    0.4310,    0.3277,    0.2602,    0.1933,    0.1305,    0.0903,    0.0092,    0.0000,    0.0285,    0.0511,    0.0580,    0.0529,    0.0595,    0.0744,    0.0663,    0.0913,    0.0807,    0.0903,    0.0990,    0.0804,    0.1158,    0.1263,    0.1045,    0.0616,    0.0061,    0.0150,    0.0830,    0.1068,    0.1851,    0.1941,    0.2406,    0.2574,    0.2665,    0.2831,    0.2946,    0.3009,    0.2755,    0.2498,    0.2187,    0.2641,    0.3713,    0.3779,    0.6680,    0.7297,    0.7641,    0.7738,    0.7580,    0.8421,    0.8100,    0.8957,    0.8226,    0.9333,    0.8823,    0.9386,    2.0338,    1.9826,    2.0613,    1.9509,    1.9634,    1.8931,    1.9598,    2.0099,    2.0507,    1.9058,    1.8794,    1.9516,    4.9332,    3.8637,    3.8204,    3.7050,    3.4227,    3.2104,    2.8187,    2.5935,    2.4933,    2.1858,    1.6795,    1.5603,    1.2034,    0.9398,    0.7168,    0.6844,    0.4616,    0.3351,    0.2709,    0.1088,    0.0959,    0.0681,    0.0236,    0.0192
 2240,    1.2500,  265.7054,    0.3515,   95.8464,   96.2244,    0.9884,    0.7992,  158.4330,  171.5270,  172.4139,  173.3722,  174.3998,  175.1215,  176.0012,  177.1021,  178.5163,  180.5081,  183.6003,  188.2008,  195.0714,  204.6997,  217.0896,  230.3014,  241.5234,  249.7072,  255.6033,  259.4288,  261.7086,  263.1511,  263.8743,  264.3033,  264.4529,    0.0670,    0.2566,    0.5485,    0.9181,    1.3433,    1.8050,    2.2859,    2.6186,    2.5879,    2.3782,    2.4085,    2.4440,    2.0263,    2.0216,    2.1124,    2.1926,    2.1489,    2.1249,    2.1647,    2.1589,    2.1278,    2.0250,    1.9878,    1.9722,    0.6795,    0.6748,    0.6768,    0.6716,    0.6801,    0.6740,    0.6828,    0.6994,    0.6875,    0.6648,    0.6705,    0.6337,    0.4454,    0.4050,    0.3611,    0.3530,    0.3340,    0.2926,    0.3270,    0.3281,    0.3432,    0.3693,    0.4094,    0.4498,    0.5117,    0.5270,    0.4761,    0.5387,    0.5341,    0.5241,    0.5182,    0.5345,    0.5222,    0.5212,    0.5178,    0.5122,    1.3583,    1.3025,    1.2585,    1.1977,    1.1518,    1.0936,    1.0445,    0.9998,    0.9153,    0.8732,    0.7896,    0.7527,    1.1140,    1.1310,    1.0415,    1.0607,    1.1020,    1.0280,    1.0799,    0.9975,    1.0064,    0.9265,    0.8471,    0.7781,    1.9720,    1.3592,    0.9167,    0.7669,    0.6933,    0.5703,    0.4240,    0.2953,    0.1855,    0.1306,    0.1163,    0.0901,    0.0752,    0.0459,    0.0577,    0.0583,    0.0653,    0.0610,    0.0664,    0.0755,    0.0662,    0.0911,    0.0806,    0.0887,    0.0981,    0.0800,    0.1166,    0.1299,    0.1099,    0.1403,    0.1799,    0.1905,    0.1792,    0.1066,    0.1731,    0.1830,    0.2243,    0.2397,    0.2481,    0.2638,    0.2785,    0.2935,    0.3030,    0.3497,    0.3858,    0.3603,    0.3611,    0.3679,    0.6402,    0.6992,    0.7337,    0.7610,    0.7826,    0.8448,    0.7899,    0.8517,    0.8352,    0.8683,    0.8240,    0.8846,    1.9031,    1.8810,    1.9177,    1.9831,    2.0043,    1.9239,    1.9913,    2.0422,    2.0837,    1.9377,    1.9096,    1.9831,    5.0132,    5.2584,    5.1999,    5.0433,    4.6596,    4.3711,    3.8384,    3.5325,    3.3967,    2.9786,    2.2894,    2.1277,    1.6419,    1.9120,    1.4599,    1.3958,    0.9429,    0.6858,    0.5555,    0.2236,    0.1977,    0.1409,    0.0491,    0.0401,    0.0234,    0.0894,    0.1909,    0.3189,    0.4658,    0.6247,    0.7896,    1.0976,    2.0369,    3.3571,    4.7025,    5.1387,    4.7525,    5.2188,    5.5249,    5.7900,    6.0031,    6.1635,    6.3053,    6.4122,    6.4415,    6.4712,    6.3982,    6.3031,    2.1918,    2.1678,    2.1442,    2.1552,    2.1486,    2.1588,    2.2064,    2.1794,    2.1917,    2.2207,    2.2140,    2.2473,    1.7298,    1.7278,    1.7272,    1.7151,    1.7078,    1.7092,    1.6870,    1.6747,    1.6611,    1.6458,    1.6243,    1.6014,    1.6462,    1.5913,    1.6133,    1.4978,    1.4861,    1.4834,    1.4490,    1.3664,    1.3508,    1.2965,    1.2636,    1.2438,    3.3726,    3.2621,    3.1361,    3.0369,    2.9303,    2.8511,    2.7650,    2.6693,    2.6235,    2.5307,    2.4874,    2.3868,    3.6065,    3.2566,    3.0563,    2.7572,    2.4408,    2.2352,    1.9408,    1.7987,    1.5801,    1.4640,    1.3601,    1.2548,    3.2218,    2.6238,    2.0958,    1.5268,    1.0596,    0.7492,    0.5579,    0.4254,    0.3369,    0.2511,    0.1714,    0.1202,    0.0076,    0.0000,    0.0244,    0.0438,    0.0497,    0.0454,    0.0510,    0.0655,    0.0583,    0.0803,    0.0710,    0.0797,    0.0874,    0.0710,    0.1022,    0.1114,    0.0924,    0.0533,    0.0051,    0.0127,    0.0725,    0.0947,    0.1665,    0.1745,    0.2164,    0.2315,    0.2397,    0.2546,    0.2655,    0.2710,    0.2471,    0.2238,    0.1957,    0.2369,    0.3341,    0.3404,    0.6020,    0.6575,    0.6885,    0.6969,    0.6822,    0.7583,    0.7297,    0.8133,    0.7467,    0.8480,    0.8016,    0.8527,    1.8478,    1.8008,    1.8729,    1.7435,    1.7545,    1.6918,    1.7514,    1.7961,    1.8326,    1.7032,    1.6795,    1.7441,    4.4087,    3.2878,    3.2510,    3.1528,    2.9126,    2.7320,    2.3987,    2.2071,    2.1219,    1.8603,    1.4294,    1.3281,    1.0244,    0.7619,    0.5811,    0.5549,    0.3743,    0.2718,    0.2197,    0.0882,    0.0778,    0.0553,    0.0192,    0.0156
 2439,    1.5000,  268.6530,    0.3621,   94.2954,   94.6570,    0.9872,    0.9717,  158.4330,  172.3263,  173.2026,  174.1723,  175.2125,  175.9089,  176.8006,  177.9988,  179.5518,  181.7839,  185.1415,  190.3017,  197.8008,  208.2011,  221.3034,  234.9666,  246.1945,  254.1000,  259.6762,  263.2921,  265.3069,  266.4987,  267.1778,  267.6072,  267.7527,    0.0656,    0.2513,    0.5375,    0.9002,    1.3179,    1.7718,    2.2454,    2.5550,    2.5050,    2.3211,    2.3900,    2.4222,    2.0048,    2.0056,    2.0974,    2.1785,    2.1350,    2.1104,    2.1507,    2.1454,    2.1120,    2.0084,    1.9670,    1.9472,    0.6702,    0.6643,    0.6649,    0.6600,    0.6674,    0.6618,    0.6733,    0.6893,    0.6790,    0.6618,    0.6681,    0.6403,    0.4545,    0.4160,    0.3729,    0.3653,    0.3457,    0.3021,    0.3391,    0.3403,    0.3563,    0.3820,    0.4202,    0.4578,    0.5148,    0.5261,    0.4794,    0.5334,    0.5292,    0.5193,    0.5123,    0.5239,    0.5114,    0.5087,    0.5044,    0.4987,    1.3230,    1.2673,    1.2229,    1.1622,    1.1170,    1.0609,    1.0139,    0.9702,    0.8891,    0.8479,    0.7678,    0.7314,    1.0816,    1.0949,    1.0082,    1.0258,    1.0649,    0.9915,    1.0435,    0.9640,    0.9750,    0.8982,    0.8228,    0.7562,    1.9152,    1.3163,    0.8837,    0.7425,    0.6792,    0.5640,    0.4205,    0.2932,    0.1828,    0.1293,    0.1178,    0.0913,    0.0736,    0.0455,    0.0564,    0.0567,    0.0634,    0.0593,    0.0645,    0.0730,    0.0640,    0.0880,    0.0779,    0.0857,    0.0947,    0.0772,    0.1126,    0.1255,    0.1064,    0.1364,    0.1764,    0.1866,    0.1749,    0.1031,    0.1671,    0.1767,    0.2166,    0.2314,    0.2395,    0.2547,    0.2696,    0.2842,    0.2938,    0.3392,    0.3745,    0.3493,    0.3497,    0.3563,    0.6215,    0.6788,    0.7123,    0.7389,    0.7602,    0.8204,    0.7670,    0.8266,    0.8108,    0.8424,    0.7995,    0.8584,    1.8465,    1.8254,    1.8606,    1.9349,    1.9556,    1.8772,    1.9430,    1.9926,    2.0331,    1.8906,    1.8633,    1.9349,    4.8916,    5.2086,    5.1507,    4.9957,    4.6157,    4.3301,    3.8025,    3.4995,    3.3652,    2.9511,    2.2684,    2.1083,    1.6270,    1.9214,    1.4674,    1.4031,    0.9480,    0.6897,    0.5588,    0.2250,    0.1990,    0.1419,    0.0494,    0.0404,    0.0273,    0.1044,    0.2231,    0.3731,    0.5455,    0.7324,    0.9267,    1.2784,    2.3129,    3.6821,    4.9522,    5.4239,    5.0209,    5.4628,    5.7732,    6.0436,    6.2678,    6.4433,    6.5952,    6.7123,    6.7629,    6.8054,    6.7622,    6.6927,    2.3323,    2.3125,    2.2921,    2.2994,    2.2916,    2.2977,    2.3327,    2.3079,    2.3159,    2.3367,    2.3285,    2.3530,    1.8093,    1.8063,    1.8044,    1.7929,    1.7853,    1.7844,    1.7648,    1.7528,    1.7397,    1.7251,    1.7052,    1.6843,    1.7389,    1.6916,    1.7075,    1.6087,    1.5961,    1.5924,    1.5608,    1.4885,    1.4751,    1.4254,    1.3945,    1.3749,    3.7315,    3.6147,    3.4852,    3.3781,    3.2647,    3.1775,    3.0843,    2.9805,    2.9239,    2.8227,    2.7680,    2.6601,    4.0247,    3.6621,    3.4403,    3.1221,    2.7863,    2.5616,    2.2438,    2.0829,    1.8408,    1.7077,    1.5879,    1.4670,    3.7802,    3.0783,    2.4631,    1.8085,    1.2683,    0.9055,    0.6773,    0.5179,    0.4094,    0.3059,    0.2105,    0.1490,    0.0063,    0.0000,    0.0210,    0.0378,    0.0429,    0.0391,    0.0440,    0.0579,    0.0515,    0.0710,    0.0627,    0.0708,    0.0776,    0.0630,    0.0907,    0.0988,    0.0821,    0.0464,    0.0043,    0.0108,    0.0638,    0.0844,    0.1504,    0.1576,    0.1955,    0.2092,    0.2165,    0.2301,    0.2402,    0.2450,    0.2227,    0.2014,    0.1760,    0.2135,    0.3020,    0.3078,    0.5445,    0.5947,    0.6228,    0.6301,    0.6165,    0.6855,    0.6599,    0.7413,    0.6804,    0.7732,    0.7309,    0.7774,    1.6848,    1.6417,    1.7078,    1.5637,    1.5736,    1.5174,    1.5709,    1.6110,    1.6437,    1.5276,    1.5064,    1.5643,    3.9542,    2.8067,    2.7753,    2.6916,    2.4865,    2.3324,    2.0479,    1.8843,    1.8116,    1.5883,    1.2205,    1.1340,    0.8747,    0.6191,    0.4722,    0.4509,    0.3042,    0.2209,    0.1786,    0.0717,    0.0633,    0.0450,    0.0156,    0.0127
 2639,    1.7500,  271.0018,    0.3704,   93.0777,   93.4241,    0.9845,    0.6818,  158.4330,  172.9434,  173.8508,  174.8055,  175.8037,  176.5653,  177.4969,  178.7064,  180.4020,  182.8796,  186.6007,  192.2047,  200.4010,  211.4270,  225.1015,  239.0030,  250.0395,  257.6955,  262.9122,  266.2978,  268.1191,  269.2145,  269.7481,  270.1666,  270.3065,    0.0643,    0.2462,    0.5269,    0.8828,    1.2930,    1.7392,    2.2052,    2.4944,    2.4369,    2.2826,    2.3775,    2.4077,    1.9910,    1.9949,    2.0871,    2.1688,    2.1254,    2.1005,    2.1412,    2.1363,    2.1012,    1.9970,    1.9527,    1.9301,    0.6639,    0.6572,    0.6570,    0.6521,    0.6585,    0.6533,    0.6661,    0.6813,    0.6721,    0.6590,    0.6655,    0.6448,    0.4614,    0.4247,    0.3829,    0.3758,    0.3556,    0.3103,    0.3495,    0.3509,    0.3674,    0.3925,    0.4286,    0.4637,    0.5166,    0.5249,    0.4818,    0.5290,    0.5250,    0.5153,    0.5076,    0.5161,    0.5036,    0.4998,    0.4950,    0.4891,    1.2984,    1.2427,    1.1980,    1.1374,    1.0926,    1.0380,    0.9924,    0.9494,    0.8707,    0.8302,    0.7525,    0.7166,    1.0590,    1.0692,    0.9844,    1.0000,    1.0365,    0.9635,    1.0136,    0.9363,    0.9475,    0.8732,    0.8010,    0.7364,    1.8638,    1.2790,    0.8563,    0.7206,    0.6636,    0.5546,    0.4142,    0.2892,    0.1793,    0.1273,    0.1181,    0.0913,    0.0723,    0.0452,    0.0553,    0.0554,    0.0620,    0.0579,    0.0631,    0.0710,    0.0622,    0.0856,    0.0757,    0.0833,    0.0921,    0.0751,    0.1095,    0.1220,    0.1035,    0.1331,    0.1733,    0.1831,    0.1713,    0.1003,    0.1623,    0.1716,    0.2103,    0.2247,    0.2326,    0.2473,    0.2624,    0.2767,    0.2863,    0.3305,    0.3649,    0.3402,    0.3404,    0.3468,    0.6064,    0.6623,    0.6949,    0.7210,    0.7418,    0.8005,    0.7484,    0.8059,    0.7905,    0.8211,    0.7793,    0.8368,    1.8000,    1.7796,    1.8136,    1.8965,    1.9168,    1.8399,    1.9044,    1.9531,    1.9928,    1.8531,    1.8263,    1.8966,    4.7947,    5.1729,    5.1154,    4.9616,    4.5842,    4.3006,    3.7767,    3.4759,    3.3426,    2.9314,    2.2533,    2.0944,    1.6164,    1.9280,    1.4725,    1.4083,    0.9517,    0.6925,    0.5612,    0.2260,    0.2000,    0.1426,    0.0497,    0.0406,    0.0309,    0.1185,    0.2533,    0.4239,    0.6203,    0.8334,    1.0555,    1.4460,    2.5568,    3.9474,    5.1345,    5.6341,    5.2210,    5.6441,    5.9588,    6.2348,    6.4683,    6.6561,    6.8164,    6.9418,    7.0088,    7.0618,    7.0416,    6.9929,    2.4409,    2.4247,    2.4075,    2.4118,    2.4035,    2.4063,    2.4312,    2.4087,    2.4131,    2.4278,    2.4182,    2.4357,    1.8715,    1.8679,    1.8654,    1.8540,    1.8465,    1.8450,    1.8262,    1.8144,    1.8015,    1.7874,    1.7688,    1.7493,    1.8118,    1.7707,    1.7819,    1.6973,    1.6841,    1.6791,    1.6503,    1.5875,    1.5754,    1.5307,    1.5022,    1.4829,    4.0270,    3.9064,    3.7754,    3.6626,    3.5445,    3.4503,    3.3509,    3.2407,    3.1737,    3.0659,    3.0000,    2.8868,    4.3724,    4.0047,    3.7651,    3.4350,    3.0871,    2.8480,    2.5138,    2.3367,    2.0760,    1.9280,    1.7938,    1.6593,    4.2879,    3.4905,    2.7959,    2.0671,    1.4627,    1.0528,    0.7904,    0.6054,    0.4779,    0.3578,    0.2477,    0.1767,    0.0053,    0.0000,    0.0181,    0.0327,    0.0371,    0.0339,    0.0381,    0.0514,    0.0457,    0.0630,    0.0557,    0.0631,    0.0691,    0.0561,    0.0808,    0.0880,    0.0733,    0.0408,    0.0037,    0.0094,    0.0565,    0.0755,    0.1363,    0.1429,    0.1773,    0.1897,    0.1963,    0.2086,    0.2181,    0.2224,    0.2015,    0.1820,    0.1589,    0.1931,    0.2739,    0.2794,    0.4941,    0.5396,    0.5651,    0.5715,    0.5588,    0.6217,    0.5986,    0.6776,    0.6218,    0.7071,    0.6684,    0.7108,    1.5407,    1.5009,    1.5618,    1.4065,    1.4153,    1.3648,    1.4129,    1.4490,    1.4784,    1.3740,    1.3549,    1.4070,    3.5567,    2.4018,    2.3749,    2.3033,    2.1278,    1.9959,    1.7525,    1.6126,    1.5503,    1.3592,    1.0445,    0.9705,    0.7486,    0.5040,    0.3845,    0.3672,    0.2477,    0.1799,    0.1455,    0.0584,    0.0516,    0.0366,    0.0127,    0.0104
 2788,    2.0000,  272.8199,    0.3770,   92.1178,   92.4440,    0.9754,    0.9024,  158.4330,  173.4697,  174.3872,  175.3539,  176.3102,  177.1034,  178.0127,  179.3941,  181.1981,  183.8419,  187.9037,  194.0151,  202.7987,  214.4059,  228.5212,  242.4985,  253.3084,  260.6048,  265.5955,  268.7146,  270.4118,  271.2894,  271.7748,  272.1808,  272.3218,    0.0630,    0.2414,    0.5166,    0.8658,    1.2684,    1.7066,    2.1645,    2.4356,    2.3798,    2.2563,    2.3696,    2.3986,    1.9823,    1.9883,    2.0808,    2.1631,    2.1199,    2.0947,    2.1359,    2.1314,    2.0951,    1.9905,    1.9439,    1.9194,    0.6599,    0.6527,    0.6518,    0.6469,    0.6526,    0.6474,    0.6610,    0.6756,    0.6671,    0.6571,    0.6635,    0.6485,    0.4673,    0.4323,    0.3917,    0.3852,    0.3645,    0.3175,    0.3589,    0.3603,    0.3774,    0.4017,    0.4359,    0.4687,    0.5181,    0.5240,    0.4841,    0.5258,    0.5219,    0.5124,    0.5043,    0.5104,    0.4981,    0.4935,    0.4884,    0.4824,    1.2813,    1.2256,    1.1807,    1.1202,    1.0756,    1.0221,    0.9776,    0.9350,    0.8581,    0.8181,    0.7422,    0.7065,    1.0436,    1.0512,    0.9677,    0.9813,    1.0146,    0.9418,    0.9887,    0.9131,    0.9227,    0.8505,    0.7811,    0.7181,    1.8162,    1.2461,    0.8336,    0.7008,    0.6463,    0.5420,    0.4052,    0.2832,    0.1751,    0.1247,    0.1169,    0.0901,    0.0711,    0.0449,    0.0545,    0.0545,    0.0610,    0.0570,    0.0620,    0.0695,    0.0609,    0.0837,    0.0741,    0.0814,    0.0900,    0.0734,    0.1070,    0.1192,    0.1013,    0.1303,    0.1704,    0.1799,    0.1682,    0.0981,    0.1583,    0.1674,    0.2052,    0.2192,    0.2269,    0.2413,    0.2565,    0.2705,    0.2801,    0.3231,    0.3568,    0.3325,    0.3328,    0.3391,    0.5940,    0.6487,    0.6807,    0.7063,    0.7268,    0.7842,    0.7331,    0.7887,    0.7736,    0.8035,    0.7625,    0.8189,    1.7613,    1.7415,    1.7745,    1.8657,    1.8857,    1.8101,    1.8735,    1.9214,    1.9604,    1.8230,    1.7967,    1.8658,    4.7169,    5.1470,    5.0899,    4.9369,    4.5615,    4.2794,    3.7581,    3.4589,    3.3263,    2.9172,    2.2425,    2.0845,    1.6088,    1.9325,    1.4762,    1.4119,    0.9542,    0.6944,    0.5629,    0.2267,    0.2007,    0.1431,    0.0499,    0.0408,    0.0343,    0.1315,    0.2814,    0.4713,    0.6900,    0.9277,    1.1757,    1.6002,    2.7713,    4.1629,    5.2703,    5.7913,    5.3711,    5.7809,    6.1003,    6.3818,    6.6230,    6.8204,    6.9882,    7.1209,    7.2001,    7.2611,    7.2578,    7.2252,    2.5249,    2.5117,    2.4972,    2.4996,    2.4915,    2.4921,    2.5103,    2.4897,    2.4916,    2.5017,    2.4916,    2.5044,    1.9234,    1.9190,    1.9156,    1.9047,    1.8968,    1.8933,    1.8767,    1.8653,    1.8529,    1.8393,    1.8218,    1.8035,    1.8720,    1.8355,    1.8429,    1.7696,    1.7560,    1.7499,    1.7235,    1.6683,    1.6569,    1.6165,    1.5899,    1.5711,    4.2678,    4.1447,    4.0130,    3.8958,    3.7742,    3.6742,    3.5696,    3.4546,    3.3782,    3.2652,    3.1895,    3.0723,    4.6572,    4.2886,    4.0347,    3.6979,    3.3432,    3.0928,    2.7478,    2.5570,    2.2819,    2.1209,    1.9746,    1.8282,    4.7349,    3.8524,    3.0874,    2.2958,    1.6362,    1.1852,    0.8923,    0.6847,    0.5397,    0.4047,    0.2816,    0.2020,    0.0045,    0.0000,    0.0157,    0.0283,    0.0322,    0.0294,    0.0331,    0.0457,    0.0407,    0.0561,    0.0496,    0.0564,    0.0618,    0.0502,    0.0722,    0.0786,    0.0656,    0.0359,    0.0032,    0.0081,    0.0503,    0.0677,    0.1239,    0.1298,    0.1612,    0.1724,    0.1785,    0.1896,    0.1985,    0.2023,    0.1829,    0.1649,    0.1439,    0.1751,    0.2491,    0.2542,    0.4494,    0.4908,    0.5140,    0.5196,    0.5079,    0.5652,    0.5443,    0.6208,    0.5696,    0.6482,    0.6127,    0.6515,    1.4122,    1.3755,    1.4317,    1.2679,    1.2758,    1.2303,    1.2737,    1.3062,    1.3327,    1.2386,    1.2214,    1.2684,    3.2062,    2.0589,    2.0359,    1.9745,    1.8241,    1.7110,    1.5023,    1.3824,    1.3291,    1.1653,    0.8955,    0.8320,    0.6418,    0.4111,    0.3136,    0.2995,    0.2021,    0.1468,    0.1187,    0.0477,    0.0421,    0.0299,    0.0104,    0.0085
