Particle       ,data/QEXT_96IR_84_VIS_NC10v2_2umrod
Ncase          ,  14
dt (sols)      ,  0.020833
Qext 0.67um    ,  1.490038
Alb sfc        ,  0.220000
Conrath nu     ,  0.002000
Sun Flux (W/m2),148.389262
BWN IR (cm-1)  ,     10.0000,     34.1670,     58.3330,     82.5000,    106.6670,    130.8330,    155.0000,    179.1670,    203.3330,    227.5000,    251.6670,    275.8330,    300.0000,    320.7880,    341.5750,    362.3630,    383.1500,    403.9380,    424.7250,    445.5130,    466.3010,    487.0880,    507.8760,    528.6630,    549.4510,    556.7420,    564.0330,    571.3240,    578.6150,    585.9060,    593.1970,    600.4880,    607.7790,    615.0700,    622.3610,    629.6520,    636.9430,    642.5500,    648.1570,    653.7640,    659.3700,    664.9770,    670.5840,    676.1910,    681.7980,    687.4050,    693.0110,    698.6180,    704.2250,    710.1390,    716.0530,    721.9670,    727.8810,    733.7950,    739.7090,    745.6240,    751.5380,    757.4520,    763.3660,    769.2800,    775.1940,    791.5010,    807.8070,    824.1140,    840.4210,    856.7270,    873.0340,    889.3410,    905.6470,    921.9540,    938.2610,    954.5670,    970.8740,    996.8050,   1022.7370,   1048.6680,   1074.6000,   1100.5310,   1126.4630,   1152.3940,   1178.3250,   1204.2570,   1230.1880,   1256.1200,   1282.0510,   1360.3990,   1438.7460,   1517.0940,   1595.4410,   1673.7890,   1752.1370,   1830.4840,   1908.8320,   1987.1790,   2065.5270,   2143.8740,   2222.2220
BWN VIS (cm-1) ,   2222.2200,   2294.3160,   2366.4120,   2438.5080,   2510.6030,   2582.6990,   2654.7950,   2726.8910,   2798.9870,   2871.0820,   2943.1780,   3015.2740,   3087.3700,   3165.9750,   3244.5800,   3323.1850,   3401.7900,   3480.3950,   3559.0000,   3637.6050,   3716.2100,   3794.8150,   3873.4200,   3952.0250,   4030.6300,   4142.2920,   4253.9530,   4365.6150,   4477.2770,   4588.9380,   4700.6000,   4812.2620,   4923.9230,   5035.5850,   5147.2470,   5258.9080,   5370.5700,   5560.6150,   5750.6600,   5940.7050,   6130.7500,   6320.7950,   6510.8400,   6700.8850,   6890.9300,   7080.9750,   7271.0200,   7461.0650,   7651.1100,   8055.1840,   8459.2580,   8863.3330,   9267.4070,   9671.4810,  10075.5550,  10479.6290,  10883.7030,  11287.7780,  11691.8520,  12095.9260,  12500.0000,  13541.6670,  14583.3330,  15625.0000,  16666.6670,  17708.3330,  18750.0000,  19791.6670,  20833.3330,  21875.0000,  22916.6670,  23958.3330,  25000.0000,  26388.8890,  27777.7780,  29166.6670,  30555.5570,  31944.4460,  33333.3350,  34722.2240,  36111.1130,  37500.0030,  38888.8920,  40277.7810,  41666.6700
SUN VIS (W/m2) ,      0.1008,      0.0862,      0.0968,      0.1089,      0.1224,      0.1136,      0.1248,      0.1400,      0.1233,      0.1698,      0.1502,      0.1645,      0.1814,      0.1477,      0.2144,      0.2377,      0.1946,      0.2106,      0.2276,      0.2472,      0.2683,      0.1918,      0.3072,      0.3239,      0.3986,      0.4261,      0.4410,      0.4688,      0.4810,      0.5017,      0.5013,      0.5485,      0.5772,      0.5665,      0.6183,      0.6303,      1.0809,      1.1806,      1.2379,      1.2751,      1.2949,      1.4092,      1.3262,      1.4132,      1.3634,      1.4505,      1.3747,      1.4716,      3.1730,      3.1258,      3.2038,      3.2543,      3.2846,      3.1576,      3.2685,      3.3520,      3.4202,      3.1800,      3.1347,      3.2554,      8.2299,      7.8425,      7.7561,      7.5237,      6.9524,      6.5235,      5.7299,      5.2748,      5.0739,      4.4511,      3.4228,      3.1828,      2.4579,      2.2644,      1.7312,      1.6575,      1.1215,      0.8173,      0.6634,      0.2677,      0.2374,      0.1697,      0.0593,      0.0486
================
wavelenght [um],    0.244068,    0.252632,    0.261818,    0.271698,    0.282353,    0.293878,    0.306383,    0.320000,    0.334884,    0.351220,    0.369231,    0.389189,    0.408511,    0.426667,    0.446512,    0.468293,    0.492308,    0.518919,    0.548571,    0.581818,    0.619355,    0.662069,    0.711111,    0.768000,    0.813143,    0.840768,    0.870336,    0.902060,    0.936184,    0.972991,    1.012810,    1.056028,    1.103099,    1.154562,    1.211061,    1.273375,    1.323436,    1.357581,    1.393534,    1.431444,    1.471474,    1.513807,    1.558648,    1.606226,    1.656801,    1.710664,    1.768147,    1.829628,    1.881560,    1.921939,    1.964090,    2.008131,    2.054193,    2.102417,    2.152960,    2.205992,    2.261704,    2.320302,    2.382017,    2.447105,    2.505432,    2.555765,    2.608162,    2.662752,    2.719677,    2.779088,    2.841153,    2.906054,    2.973989,    3.045176,    3.119855,    3.198288,    3.277268,    3.356577,    3.439819,    3.527294,    3.619334,    3.716307,    3.818620,    3.926726,    4.041130,    4.162400,    4.291175,    4.428172,    4.580751,    4.751270,    4.934974,    5.133456,    5.348572,    5.582505,    5.837838,    6.117648,    6.425631,    6.766266,    7.145039,    7.568734,    7.879690,    8.044056,    8.215425,    8.394255,    8.581043,    8.776330,    8.980716,    9.194848,    9.419442,    9.655282,    9.903235,   10.164260,   10.387231,   10.566200,   10.751445,   10.943308,   11.142136,   11.348323,   11.562291,   11.784476,   12.015368,   12.255495,   12.505409,   12.765727,   12.949392,   13.049328,   13.150818,   13.253898,   13.358608,   13.464994,   13.573088,   13.682923,   13.794549,   13.908012,   14.023357,   14.140631,   14.256763,   14.371646,   14.488386,   14.607038,   14.727660,   14.850291,   14.974981,   15.101782,   15.230738,   15.361915,   15.495384,   15.631191,   15.790367,   15.974275,   16.162517,   16.355249,   16.552633,   16.754839,   16.962047,   17.174443,   17.392227,   17.615605,   17.844795,   18.080028,   18.550914,   19.294981,   20.101230,   20.977796,   21.934298,   22.982219,   24.135264,   25.410119,   26.827165,   28.411593,   30.194923,   32.217118,   34.732292,   37.914692,   41.739101,   46.421699,   52.287582,   59.850314,   69.970927,   84.210526,  105.726686,  142.012170,  216.216216,  452.826771
Qext           ,      1.1652,      1.1652,      1.1652,      1.1652,      1.1652,      1.1652,      1.1652,      1.1652,      1.1652,      1.1652,      1.1652,      1.4900,      1.4900,      1.4900,      1.4900,      1.4900,      1.4900,      1.4900,      1.4900,      1.4900,      1.4900,      1.4900,      1.4900,      1.2252,      1.2252,      1.2252,      1.2252,      1.2252,      1.2252,      1.2252,      1.2252,      1.2252,      1.2252,      1.0030,      1.0030,      1.0030,      1.0030,      1.0030,      1.0030,      1.0030,      1.0030,      1.2085,      1.2085,      1.2085,      1.2085,      1.2085,      1.2085,      1.2085,      0.9268,      0.9268,      0.9268,      0.9268,      0.9268,      0.9268,      0.9268,      0.9268,      1.0490,      1.0490,      1.0490,      1.0490,      1.0490,      1.0490,      1.4978,      1.4978,      1.4978,      1.4978,      1.4978,      1.4978,      1.3844,      1.3844,      1.3844,      1.3844,      1.3844,      1.5642,      1.5642,      1.5642,      1.5642,      1.8497,      1.8497,      1.8497,      1.8497,      1.7720,      1.7720,      1.7720,      1.6954,      1.6954,      2.0473,      2.0473,      2.0164,      2.5686,      2.5686,      3.8179,      4.2956,      2.6275,      1.6480,      1.0109,      0.6918,      0.6918,      0.5395,      0.5395,      0.4320,      0.4320,      0.6986,      0.6986,      1.1564,      1.4768,      1.4768,      1.7800,      2.2897,      2.2897,      2.8984,      2.8984,      3.2702,      3.2702,      3.1785,      2.6608,      2.6608,      1.9353,      1.9353,      1.2374,      0.7126,      0.7126,      0.7126,      0.7126,      0.3963,      0.3963,      0.3963,      0.2497,      0.2497,      0.2497,      0.2062,      0.2062,      0.2062,      0.2058,      0.2058,      0.2058,      0.2098,      0.2098,      0.2098,      0.2013,      0.2013,      0.2013,      0.1782,      0.1782,      0.1782,      0.1464,      0.1464,      0.1132,      0.1132,      0.0844,      0.0632,      0.0632,      0.0501,      0.0501,      0.0440,      0.0428,      0.0435,      0.0476,      0.0477,      0.0400,      0.0283,      0.0165,      0.0104,      0.0092,      0.0109,      0.0120,      0.0108,      0.0078,      0.0043,      0.0023,      0.0022,      0.0030,      0.0033,      0.0032,      0.0032,      0.0032,      0.0032,      0.0032,      0.0032,      0.0032
Qscat          ,      0.5400,      0.5400,      0.5400,      0.5400,      0.5400,      0.5400,      0.5400,      0.5400,      0.5400,      0.5400,      0.5400,      0.4368,      0.4368,      0.4368,      0.4368,      0.4368,      0.4368,      0.4368,      0.4368,      0.4368,      0.4368,      0.4368,      0.4368,      0.1692,      0.1692,      0.1692,      0.1692,      0.1692,      0.1692,      0.1692,      0.1692,      0.1692,      0.1692,      0.1005,      0.1005,      0.1005,      0.1005,      0.1005,      0.1005,      0.1005,      0.1005,      0.1283,      0.1283,      0.1283,      0.1283,      0.1283,      0.1283,      0.1283,      0.1179,      0.1179,      0.1179,      0.1179,      0.1179,      0.1179,      0.1179,      0.1179,      0.1106,      0.1106,      0.1106,      0.1106,      0.1106,      0.1106,      0.1236,      0.1236,      0.1236,      0.1236,      0.1236,      0.1236,      0.1371,      0.1371,      0.1371,      0.1371,      0.1371,      0.2500,      0.2500,      0.2500,      0.2500,      0.2070,      0.2070,      0.2070,      0.2070,      0.1306,      0.1306,      0.1306,      0.1782,      0.1782,      0.2717,      0.2717,      0.1988,      0.1861,      0.1861,      0.3628,      0.6497,      0.3380,      0.4444,      0.2653,      0.2945,      0.2945,      0.3639,      0.3639,      0.0587,      0.0587,      0.4290,      0.4290,      1.1563,      1.4767,      1.4767,      1.7798,      2.2029,      2.2029,      2.3523,      2.3523,      2.4565,      2.4565,      2.2929,      1.7717,      1.7717,      1.0307,      1.0307,      0.3445,     -0.0571,     -0.0571,     -0.0571,     -0.0571,     -0.1133,     -0.1133,     -0.1133,      0.0708,      0.0708,      0.0708,      0.2061,      0.2061,      0.2061,      0.2058,      0.2058,      0.2058,      0.2098,      0.2098,      0.2098,      0.2012,      0.2012,      0.2012,      0.0994,      0.0994,      0.0994,     -0.1053,     -0.1053,     -0.2376,     -0.2376,     -0.2710,     -0.2120,     -0.2120,     -0.0894,     -0.0894,      0.0440,      0.0428,      0.0435,      0.0476,      0.0477,     -0.0765,     -0.2498,     -0.2409,     -0.0553,      0.0092,      0.0109,      0.0120,     -0.0403,     -0.2510,     -0.2712,     -0.0475,      0.0022,      0.0030,      0.0033,     -0.0276,     -0.0276,     -0.0276,     -0.0276,     -0.0276,     -0.0276,     -0.0276
G factor       ,      0.4590,      0.4590,      0.4590,      0.4590,      0.4590,      0.4590,      0.4590,      0.4590,      0.4590,      0.4590,      0.4590,      0.5060,      0.5060,      0.5060,      0.5060,      0.5060,      0.5060,      0.5060,      0.5060,      0.5060,      0.5060,      0.5060,      0.5060,      0.2640,      0.2640,      0.2640,      0.2640,      0.2640,      0.2640,      0.2640,      0.2640,      0.2640,      0.2640,      0.2330,      0.2330,      0.2330,      0.2330,      0.2330,      0.2330,      0.2330,      0.2330,      0.1530,      0.1530,      0.1530,      0.1530,      0.1530,      0.1530,      0.1530,      0.1490,      0.1490,      0.1490,      0.1490,      0.1490,      0.1490,      0.1490,      0.1490,      0.0620,      0.0620,      0.0620,      0.0620,      0.0620,      0.0620,      0.1230,      0.1230,      0.1230,      0.1230,      0.1230,      0.1230,      0.1020,      0.1020,      0.1020,      0.1020,      0.1020,      0.2290,      0.2290,      0.2290,      0.2290,      0.1040,      0.1040,      0.1040,      0.1040,      0.1770,      0.1770,      0.1770,      0.3090,      0.3090,      0.3690,      0.3690,      0.4080,      0.4180,      0.4180,      0.4350,      0.4600,      0.4380,      0.3870,      0.3520,      0.2060,      0.2060,      0.0530,      0.0530,     -0.0420,     -0.0420,     -0.0460,     -0.0460,     -0.0370,     -0.0220,     -0.0220,      0.0100,      0.0400,      0.0400,      0.0520,      0.0520,      0.0530,      0.0530,      0.0510,      0.0500,      0.0500,      0.0510,      0.0510,      0.0560,      0.0630,      0.0630,      0.0630,      0.0630,      0.0670,      0.0670,      0.0670,      0.0570,      0.0570,      0.0570,      0.0360,      0.0360,      0.0360,      0.0230,      0.0230,      0.0230,      0.0210,      0.0210,      0.0210,      0.0260,      0.0260,      0.0260,      0.0340,      0.0340,      0.0340,      0.0420,      0.0420,      0.0500,      0.0500,      0.0540,      0.0530,      0.0530,      0.0430,      0.0430,      0.0270,      0.0130,      0.0100,      0.0050,      0.0140,      0.0250,      0.0330,      0.0350,      0.0210,     -0.0000,     -0.0030,      0.0030,      0.0080,      0.0120,      0.0140,      0.0030,     -0.0130,     -0.0140,     -0.0140,     -0.0140,     -0.0140,     -0.0140,     -0.0140,     -0.0140,     -0.0140,     -0.0140
================
P [mbar]       ,    0.1004,    0.1015,    0.1034,    0.1069,    0.1130,    0.1239,    0.1432,    0.1740,    0.2226,    0.3028,    0.4349,    0.6529,    1.0121,    1.6044,    2.4646,    3.4606,    4.3994,    5.2226,    5.8426,    6.2132,    6.3980,    6.4686,    6.5039,    6.5168
Temp initial[K],  163.5827,  163.6723,  163.8293,  164.1029,  164.5732,  165.3648,  166.6602,  168.4872,  170.9519,  174.2721,  178.5564,  183.8814,  190.3071,  197.9049,  205.8548,  212.8059,  218.1105,  222.1140,  224.8330,  226.3589,  227.0949,  227.3721,  227.5098,  227.5598
================
it   ,   tau    ,  Tsfc    ,   alb    ,   OLR    ,    ASR   ,  NET top ,  NET bot , T lev  01, T lev  02, T lev  03, T lev  04, T lev  05, T lev  06, T lev  07, T lev  08, T lev  09, T lev  10, T lev  11, T lev  12, T lev  13, T lev  14, T lev  15, T lev  16, T lev  17, T lev  18, T lev  19, T lev  20, T lev  21, T lev  22, T lev  23, T lev  24, T lev  25,  OLR IR01,  OLR IR02,  OLR IR03,  OLR IR04,  OLR IR05,  OLR IR06,  OLR IR07,  OLR IR08,  OLR IR09,  OLR IR10,  OLR IR11,  OLR IR12,  OLR IR13,  OLR IR14,  OLR IR15,  OLR IR16,  OLR IR17,  OLR IR18,  OLR IR19,  OLR IR20,  OLR IR21,  OLR IR22,  OLR IR23,  OLR IR24,  OLR IR25,  OLR IR26,  OLR IR27,  OLR IR28,  OLR IR29,  OLR IR30,  OLR IR31,  OLR IR32,  OLR IR33,  OLR IR34,  OLR IR35,  OLR IR36,  OLR IR37,  OLR IR38,  OLR IR39,  OLR IR40,  OLR IR41,  OLR IR42,  OLR IR43,  OLR IR44,  OLR IR45,  OLR IR46,  OLR IR47,  OLR IR48,  OLR IR49,  OLR IR50,  OLR IR51,  OLR IR52,  OLR IR53,  OLR IR54,  OLR IR55,  OLR IR56,  OLR IR57,  OLR IR58,  OLR IR59,  OLR IR60,  OLR IR61,  OLR IR62,  OLR IR63,  OLR IR64,  OLR IR65,  OLR IR66,  OLR IR67,  OLR IR68,  OLR IR69,  OLR IR70,  OLR IR71,  OLR IR72,  OLR IR73,  OLR IR74,  OLR IR75,  OLR IR76,  OLR IR77,  OLR IR78,  OLR IR79,  OLR IR80,  OLR IR81,  OLR IR82,  OLR IR83,  OLR IR84,  OLR IR85,  OLR IR86,  OLR IR87,  OLR IR88,  OLR IR89,  OLR IR90,  OLR IR91,  OLR IR92,  OLR IR93,  OLR IR94,  OLR IR95,  OLR IR96, ASR VIS01, ASR VIS02, ASR VIS03, ASR VIS04, ASR VIS05, ASR VIS06, ASR VIS07, ASR VIS08, ASR VIS09, ASR VIS10, ASR VIS11, ASR VIS12, ASR VIS13, ASR VIS14, ASR VIS15, ASR VIS16, ASR VIS17, ASR VIS18, ASR VIS19, ASR VIS20, ASR VIS21, ASR VIS22, ASR VIS23, ASR VIS24, ASR VIS25, ASR VIS26, ASR VIS27, ASR VIS28, ASR VIS29, ASR VIS30, ASR VIS31, ASR VIS32, ASR VIS33, ASR VIS34, ASR VIS35, ASR VIS36, ASR VIS37, ASR VIS38, ASR VIS39, ASR VIS40, ASR VIS41, ASR VIS42, ASR VIS43, ASR VIS44, ASR VIS45, ASR VIS46, ASR VIS47, ASR VIS48, ASR VIS49, ASR VIS50, ASR VIS51, ASR VIS52, ASR VIS53, ASR VIS54, ASR VIS55, ASR VIS56, ASR VIS57, ASR VIS58, ASR VIS59, ASR VIS60, ASR VIS61, ASR VIS62, ASR VIS63, ASR VIS64, ASR VIS65, ASR VIS66, ASR VIS67, ASR VIS68, ASR VIS69, ASR VIS70, ASR VIS71, ASR VIS72, ASR VIS73, ASR VIS74, ASR VIS75, ASR VIS76, ASR VIS77, ASR VIS78, ASR VIS79, ASR VIS80, ASR VIS81, ASR VIS82, ASR VIS83, ASR VIS84, SFC DIR01, SFC DIR02, SFC DIR03, SFC DIR04, SFC DIR05, SFC DIR06, SFC DIR07, SFC DIR08, SFC DIR09, SFC DIR10, SFC DIR11, SFC DIR12, SFC DIR13, SFC DIR14, SFC DIR15, SFC DIR16, SFC DIR17, SFC DIR18, SFC DIR19, SFC DIR20, SFC DIR21, SFC DIR22, SFC DIR23, SFC DIR24, SFC DIR25, SFC DIR26, SFC DIR27, SFC DIR28, SFC DIR29, SFC DIR30, SFC DIR31, SFC DIR32, SFC DIR33, SFC DIR34, SFC DIR35, SFC DIR36, SFC DIR37, SFC DIR38, SFC DIR39, SFC DIR40, SFC DIR41, SFC DIR42, SFC DIR43, SFC DIR44, SFC DIR45, SFC DIR46, SFC DIR47, SFC DIR48, SFC DIR49, SFC DIR50, SFC DIR51, SFC DIR52, SFC DIR53, SFC DIR54, SFC DIR55, SFC DIR56, SFC DIR57, SFC DIR58, SFC DIR59, SFC DIR60, SFC DIR61, SFC DIR62, SFC DIR63, SFC DIR64, SFC DIR65, SFC DIR66, SFC DIR67, SFC DIR68, SFC DIR69, SFC DIR70, SFC DIR71, SFC DIR72, SFC DIR73, SFC DIR74, SFC DIR75, SFC DIR76, SFC DIR77, SFC DIR78, SFC DIR79, SFC DIR80, SFC DIR81, SFC DIR82, SFC DIR83, SFC DIR84, SFC DIR85, SFC DIR86, SFC DIR87, SFC DIR88, SFC DIR89, SFC DIR90, SFC DIR91, SFC DIR92, SFC DIR93, SFC DIR94, SFC DIR95, SFC DIR96,SFC DVIS01,SFC DVIS02,SFC DVIS03,SFC DVIS04,SFC DVIS05,SFC DVIS06,SFC DVIS07,SFC DVIS08,SFC DVIS09,SFC DVIS10,SFC DVIS11,SFC DVIS12,SFC DVIS13,SFC DVIS14,SFC DVIS15,SFC DVIS16,SFC DVIS17,SFC DVIS18,SFC DVIS19,SFC DVIS20,SFC DVIS21,SFC DVIS22,SFC DVIS23,SFC DVIS24,SFC DVIS25,SFC DVIS26,SFC DVIS27,SFC DVIS28,SFC DVIS29,SFC DVIS30,SFC DVIS31,SFC DVIS32,SFC DVIS33,SFC DVIS34,SFC DVIS35,SFC DVIS36,SFC DVIS37,SFC DVIS38,SFC DVIS39,SFC DVIS40,SFC DVIS41,SFC DVIS42,SFC DVIS43,SFC DVIS44,SFC DVIS45,SFC DVIS46,SFC DVIS47,SFC DVIS48,SFC DVIS49,SFC DVIS50,SFC DVIS51,SFC DVIS52,SFC DVIS53,SFC DVIS54,SFC DVIS55,SFC DVIS56,SFC DVIS57,SFC DVIS58,SFC DVIS59,SFC DVIS60,SFC DVIS61,SFC DVIS62,SFC DVIS63,SFC DVIS64,SFC DVIS65,SFC DVIS66,SFC DVIS67,SFC DVIS68,SFC DVIS69,SFC DVIS70,SFC DVIS71,SFC DVIS72,SFC DVIS73,SFC DVIS74,SFC DVIS75,SFC DVIS76,SFC DVIS77,SFC DVIS78,SFC DVIS79,SFC DVIS80,SFC DVIS81,SFC DVIS82,SFC DVIS83,SFC DVIS84
    2,    0.0000,  227.5722,    0.2192,  139.8688,  115.8602,  -23.5218,  -14.0680,  158.4330,  163.5827,  163.6723,  163.8293,  164.1029,  164.5732,  165.3648,  166.6602,  168.4872,  170.9519,  174.2721,  178.5564,  183.8814,  190.3071,  197.9049,  205.8548,  212.8059,  218.1105,  222.1140,  224.8330,  226.3589,  227.0949,  227.3721,  227.5098,  227.5598,    0.0705,    0.2675,    0.5658,    0.9364,    1.3541,    1.7971,    2.2470,    2.6886,    3.1100,    3.5012,    3.8550,    4.1668,    3.7991,    3.9662,    4.1036,    4.2111,    4.2902,    4.3412,    4.3666,    4.3674,    4.3455,    4.3031,    4.2365,    4.1377,    1.4329,    1.4160,    1.3937,    1.3544,    1.3064,    1.2531,    1.1042,    1.0903,    1.0331,    0.8812,    0.8657,    0.6804,    0.4286,    0.3613,    0.2973,    0.2859,    0.2660,    0.2237,    0.2586,    0.2615,    0.2793,    0.3166,    0.3804,    0.4522,    0.5746,    0.6344,    0.5305,    0.6851,    0.6744,    0.6698,    0.6769,    0.7426,    0.7550,    0.7683,    0.7700,    0.7628,    2.0538,    1.9716,    1.9052,    1.8274,    1.7484,    1.6691,    1.5919,    1.5151,    1.4407,    1.3665,    1.2937,    1.2291,    1.8278,    1.6842,    1.5339,    1.3924,    1.2741,    1.1725,    1.0662,    0.9681,    0.8777,    0.7928,    0.7079,    0.6374,    1.5840,    1.1437,    0.8293,    0.5901,    0.4167,    0.2922,    0.2036,    0.1383,    0.0940,    0.0622,    0.0416,    0.0303,    0.0906,    0.0482,    0.0759,    0.0854,    0.0957,    0.0892,    0.0975,    0.1096,    0.0962,    0.1325,    0.1172,    0.1283,    0.1417,    0.1155,    0.1680,    0.1868,    0.1536,    0.1833,    0.2065,    0.2237,    0.2252,    0.1502,    0.2398,    0.2533,    0.3110,    0.3324,    0.3440,    0.3658,    0.3756,    0.3940,    0.4010,    0.4565,    0.4953,    0.4717,    0.4852,    0.4943,    0.8433,    0.9209,    0.9663,    0.9993,    1.0234,    1.1077,    1.0381,    1.1064,    1.0804,    1.1314,    1.0733,    1.1507,    2.4780,    2.4450,    2.4989,    2.5384,    2.5644,    2.4626,    2.5489,    2.6139,    2.6670,    2.4800,    2.4441,    2.5380,    6.4157,    6.1123,    6.0433,    5.8603,    5.4132,    5.0767,    4.4565,    4.0997,    3.9404,    3.4535,    2.6528,    2.4637,    1.8993,    1.7458,    1.3311,    1.2705,    0.8565,    0.6215,    0.5021,    0.2015,    0.1776,    0.1261,    0.0437,    0.0355,    0.0000,    0.0000,    0.0000,    0.0000,    0.0000,    0.0000,    0.0000,    0.0000,    0.0000,    0.0000,    0.0000,    0.0000,    0.0000,    0.0000,    0.0000,    0.0000,    0.0000,    0.0000,    0.0000,    0.0004,    0.0013,    0.0042,    0.0316,    0.1224,    0.0337,    0.0553,    0.0951,    0.1939,    0.3170,    0.4390,    0.7874,    0.8078,    0.8986,    1.0611,    1.1127,    1.2540,    0.9696,    0.9641,    0.9572,    0.9473,    0.9378,    0.9287,    0.9178,    0.9074,    0.8966,    0.8844,    0.8683,    0.8421,    0.8025,    0.6764,    0.7395,    0.4977,    0.5022,    0.4908,    0.4247,    0.2470,    0.1814,    0.1031,    0.0612,    0.0469,    0.0933,    0.0788,    0.0260,    0.0119,    0.0030,    0.0028,    0.0017,    0.0056,    0.0100,    0.0182,    0.0292,    0.0235,    0.0278,    0.0056,    0.0259,    0.0458,    0.0328,    0.0004,    0.0000,    0.0000,    0.0000,    0.0031,    0.0165,    0.0171,    0.0171,    0.0171,    0.0000,    0.0000,    0.0000,    0.0000,    0.0000,    0.0035,    0.0040,    0.0054,    0.0048,    0.0010,    0.0230,    0.0000,    0.0598,    0.1073,    0.1213,    0.1109,    0.1245,    0.1385,    0.1233,    0.1698,    0.1501,    0.1645,    0.1806,    0.1466,    0.2118,    0.2312,    0.1878,    0.1215,    0.0145,    0.0325,    0.1583,    0.1897,    0.3065,    0.3218,    0.3984,    0.4260,    0.4410,    0.4686,    0.4796,    0.4909,    0.4572,    0.4157,    0.3661,    0.4375,    0.6076,    0.6165,    1.0804,    1.1803,    1.2358,    1.2540,    1.2316,    1.3659,    1.3119,    1.3949,    1.2823,    1.4502,    1.3714,    1.4595,    3.1611,    3.0848,    3.2030,    3.2531,    3.2743,    3.1567,    3.2678,    3.3511,    3.4192,    3.1776,    3.1334,    3.2539,    8.2247,    7.8363,    7.7478,    7.5132,    6.9399,    6.5086,    5.7135,    5.2561,    5.0518,    4.4276,    3.4010,    3.1586,    2.4350,    2.2382,    1.7066,    1.6288,    1.0981,    0.7968,    0.6438,    0.2584,    0.2277,    0.1616,    0.0560,    0.0455
    2,    0.0500,  227.5722,    0.1967,  137.7219,  119.1943,  -18.0407,  -19.4449,  158.4330,  163.5827,  163.6723,  163.8293,  164.1029,  164.5732,  165.3648,  166.6602,  168.4872,  170.9519,  174.2721,  178.5564,  183.8814,  190.3071,  197.9049,  205.8548,  212.8059,  218.1105,  222.1140,  224.8330,  226.3589,  227.0949,  227.3721,  227.5098,  227.5598,    0.0706,    0.2677,    0.5662,    0.9371,    1.3550,    1.7983,    2.2485,    2.6883,    3.1097,    3.5009,    3.8590,    4.1914,    3.8191,    3.9690,    4.1020,    4.2095,    4.2888,    4.3451,    4.3850,    4.3851,    4.3485,    4.2962,    4.2296,    4.1318,    1.4308,    1.4140,    1.3942,    1.3549,    1.3085,    1.2549,    1.1055,    1.0907,    1.0333,    0.8803,    0.8649,    0.6796,    0.4283,    0.3611,    0.2972,    0.2858,    0.2660,    0.2237,    0.2585,    0.2614,    0.2792,    0.3164,    0.3799,    0.4514,    0.5729,    0.6320,    0.5289,    0.6820,    0.6714,    0.6659,    0.6728,    0.7376,    0.7444,    0.7570,    0.7585,    0.7513,    1.9920,    1.8720,    1.8074,    1.6954,    1.6214,    1.5241,    1.4488,    1.3787,    1.3226,    1.2546,    1.2050,    1.1446,    1.7248,    1.6019,    1.4593,    1.3384,    1.2458,    1.1461,    1.0526,    0.9555,    0.8630,    0.7795,    0.6941,    0.6249,    1.5386,    1.0905,    0.7642,    0.5162,    0.3674,    0.2675,    0.1861,    0.1288,    0.0874,    0.0578,    0.0391,    0.0284,    0.0912,    0.0481,    0.0782,    0.0894,    0.1003,    0.0933,    0.1022,    0.1137,    0.0999,    0.1375,    0.1216,    0.1332,    0.1471,    0.1198,    0.1743,    0.1936,    0.1597,    0.1865,    0.2066,    0.2241,    0.2300,    0.1564,    0.2467,    0.2605,    0.3199,    0.3420,    0.3540,    0.3764,    0.3849,    0.4034,    0.4094,    0.4635,    0.5011,    0.4792,    0.4968,    0.5062,    0.8713,    0.9515,    0.9983,    1.0316,    1.0546,    1.1427,    1.0719,    1.1372,    1.1082,    1.1636,    1.1036,    1.1830,    2.5480,    2.5131,    2.5699,    2.6195,    2.6460,    2.5413,    2.6304,    2.6975,    2.7523,    2.5592,    2.5223,    2.6193,    6.6211,    6.2906,    6.2197,    6.0314,    5.5713,    5.2251,    4.5869,    4.2198,    4.0560,    3.5550,    2.7309,    2.5364,    1.9555,    1.7694,    1.3492,    1.2879,    0.8684,    0.6303,    0.5093,    0.2044,    0.1802,    0.1280,    0.0444,    0.0361,    0.0001,    0.0003,    0.0005,    0.0009,    0.0012,    0.0016,    0.0020,    0.0003,    0.0003,    0.0003,    0.0047,    0.0258,    0.0221,    0.0057,    0.0017,    0.0016,    0.0014,    0.0070,    0.0232,    0.0264,    0.0161,    0.0111,    0.0383,    0.1283,    0.0357,    0.0573,    0.1002,    0.1986,    0.3237,    0.4448,    0.7918,    0.8123,    0.9021,    1.0630,    1.1140,    1.2541,    0.9696,    0.9641,    0.9572,    0.9473,    0.9378,    0.9287,    0.9178,    0.9074,    0.8966,    0.8844,    0.8683,    0.8422,    0.8030,    0.6776,    0.7407,    0.5012,    0.5055,    0.4971,    0.4321,    0.2578,    0.2015,    0.1255,    0.0846,    0.0704,    0.1919,    0.2130,    0.1578,    0.1753,    0.1596,    0.1751,    0.1681,    0.1633,    0.1410,    0.1417,    0.1189,    0.1089,    0.1301,    0.0878,    0.1000,    0.0992,    0.0647,    0.0302,    0.0176,    0.0158,    0.0160,    0.0175,    0.0323,    0.0311,    0.0681,    0.0741,    0.0672,    0.0727,    0.0463,    0.0222,    0.0151,    0.0113,    0.0092,    0.0088,    0.0066,    0.0023,    0.0205,    0.0000,    0.0533,    0.0954,    0.1079,    0.0987,    0.1107,    0.1259,    0.1121,    0.1544,    0.1365,    0.1506,    0.1653,    0.1342,    0.1938,    0.2116,    0.1705,    0.1103,    0.0132,    0.0295,    0.1437,    0.1722,    0.2867,    0.3010,    0.3726,    0.3985,    0.4125,    0.4383,    0.4526,    0.4633,    0.4315,    0.3923,    0.3455,    0.4129,    0.5734,    0.5817,    1.0006,    1.0931,    1.1445,    1.1614,    1.1406,    1.2650,    1.2150,    1.3088,    1.2031,    1.3607,    1.2867,    1.3694,    2.9659,    2.8944,    3.0052,    3.0163,    3.0359,    2.9269,    3.0299,    3.1072,    3.1703,    2.9463,    2.9053,    3.0170,    7.6260,    7.2464,    7.1645,    6.9475,    6.4173,    6.0184,    5.2831,    4.8600,    4.6710,    4.0938,    3.1445,    2.9203,    2.2513,    2.1261,    1.6210,    1.5471,    1.0431,    0.7569,    0.6115,    0.2454,    0.2163,    0.1535,    0.0532,    0.0433
    2,    0.1000,  227.5722,    0.1772,  135.8447,  122.0987,  -13.2591,  -24.5203,  158.4330,  163.5827,  163.6723,  163.8293,  164.1029,  164.5732,  165.3648,  166.6602,  168.4872,  170.9519,  174.2721,  178.5564,  183.8814,  190.3071,  197.9049,  205.8548,  212.8059,  218.1105,  222.1140,  224.8330,  226.3589,  227.0949,  227.3721,  227.5098,  227.5598,    0.0707,    0.2679,    0.5666,    0.9378,    1.3559,    1.7995,    2.2500,    2.6880,    3.1093,    3.5006,    3.8630,    4.2155,    3.8388,    3.9718,    4.1003,    4.2080,    4.2875,    4.3490,    4.4029,    4.4023,    4.3514,    4.2894,    4.2229,    4.1258,    1.4288,    1.4120,    1.3948,    1.3553,    1.3106,    1.2566,    1.1068,    1.0910,    1.0335,    0.8794,    0.8640,    0.6787,    0.4280,    0.3610,    0.2971,    0.2857,    0.2659,    0.2236,    0.2584,    0.2613,    0.2791,    0.3162,    0.3795,    0.4505,    0.5712,    0.6297,    0.5272,    0.6789,    0.6684,    0.6620,    0.6687,    0.7325,    0.7340,    0.7461,    0.7473,    0.7400,    1.9343,    1.7831,    1.7203,    1.5829,    1.5132,    1.4040,    1.3308,    1.2661,    1.2232,    1.1603,    1.1278,    1.0712,    1.6328,    1.5273,    1.3917,    1.2885,    1.2187,    1.1208,    1.0392,    0.9433,    0.8488,    0.7667,    0.6806,    0.6127,    1.4953,    1.0410,    0.7062,    0.4549,    0.3258,    0.2455,    0.1705,    0.1201,    0.0814,    0.0538,    0.0367,    0.0266,    0.0918,    0.0481,    0.0800,    0.0926,    0.1039,    0.0966,    0.1059,    0.1171,    0.1030,    0.1417,    0.1254,    0.1374,    0.1516,    0.1235,    0.1796,    0.1993,    0.1648,    0.1892,    0.2066,    0.2245,    0.2340,    0.1616,    0.2528,    0.2669,    0.3279,    0.3505,    0.3627,    0.3857,    0.3932,    0.4118,    0.4171,    0.4698,    0.5062,    0.4859,    0.5073,    0.5167,    0.8956,    0.9780,    1.0260,    1.0595,    1.0817,    1.1729,    1.1013,    1.1645,    1.1328,    1.1922,    1.1306,    1.2116,    2.6102,    2.5735,    2.6330,    2.6900,    2.7168,    2.6097,    2.7012,    2.7702,    2.8264,    2.6281,    2.5902,    2.6898,    6.7995,    6.4449,    6.3723,    6.1796,    5.7083,    5.3537,    4.7000,    4.3240,    4.1563,    3.6431,    2.7987,    2.5996,    2.0045,    1.7911,    1.3659,    1.3040,    0.8794,    0.6384,    0.5159,    0.2072,    0.1827,    0.1297,    0.0450,    0.0366,    0.0001,    0.0005,    0.0011,    0.0017,    0.0025,    0.0032,    0.0039,    0.0006,    0.0006,    0.0005,    0.0093,    0.0511,    0.0438,    0.0115,    0.0033,    0.0031,    0.0027,    0.0139,    0.0461,    0.0521,    0.0308,    0.0179,    0.0451,    0.1342,    0.0377,    0.0593,    0.1053,    0.2032,    0.3304,    0.4505,    0.7962,    0.8168,    0.9057,    1.0649,    1.1153,    1.2542,    0.9696,    0.9641,    0.9572,    0.9473,    0.9378,    0.9287,    0.9178,    0.9074,    0.8966,    0.8844,    0.8683,    0.8422,    0.8034,    0.6787,    0.7419,    0.5047,    0.5088,    0.5033,    0.4394,    0.2683,    0.2209,    0.1470,    0.1072,    0.0930,    0.2844,    0.3343,    0.2770,    0.3174,    0.2956,    0.3208,    0.3081,    0.2959,    0.2529,    0.2472,    0.1971,    0.1835,    0.2215,    0.1623,    0.1672,    0.1485,    0.0953,    0.0588,    0.0348,    0.0313,    0.0315,    0.0314,    0.0475,    0.0447,    0.1169,    0.1271,    0.1269,    0.1331,    0.0856,    0.0420,    0.0287,    0.0185,    0.0140,    0.0118,    0.0083,    0.0036,    0.0183,    0.0000,    0.0475,    0.0848,    0.0960,    0.0877,    0.0985,    0.1145,    0.1019,    0.1404,    0.1241,    0.1378,    0.1513,    0.1229,    0.1774,    0.1937,    0.1548,    0.1001,    0.0120,    0.0268,    0.1304,    0.1563,    0.2682,    0.2815,    0.3485,    0.3727,    0.3858,    0.4099,    0.4271,    0.4372,    0.4071,    0.3702,    0.3260,    0.3896,    0.5411,    0.5490,    0.9267,    1.0124,    1.0600,    1.0756,    1.0564,    1.1715,    1.1252,    1.2280,    1.1288,    1.2767,    1.2073,    1.2848,    2.7828,    2.7156,    2.8196,    2.7967,    2.8149,    2.7138,    2.8093,    2.8810,    2.9395,    2.7318,    2.6938,    2.7973,    7.0707,    6.7013,    6.6256,    6.4249,    5.9346,    5.5657,    4.8857,    4.4944,    4.3197,    3.7858,    2.9080,    2.7006,    2.0819,    2.0200,    1.5402,    1.4700,    0.9910,    0.7191,    0.5810,    0.2332,    0.2055,    0.1459,    0.0506,    0.0411
    2,    0.1500,  227.5722,    0.1601,  134.1875,  124.6258,   -9.0748,  -29.2910,  158.4330,  163.5827,  163.6723,  163.8293,  164.1029,  164.5732,  165.3648,  166.6602,  168.4872,  170.9519,  174.2721,  178.5564,  183.8814,  190.3071,  197.9049,  205.8548,  212.8059,  218.1105,  222.1140,  224.8330,  226.3589,  227.0949,  227.3721,  227.5098,  227.5598,    0.0707,    0.2681,    0.5670,    0.9384,    1.3568,    1.8007,    2.2515,    2.6877,    3.1090,    3.5004,    3.8671,    4.2391,    3.8581,    3.9746,    4.0986,    4.2064,    4.2861,    4.3529,    4.4205,    4.4191,    4.3543,    4.2825,    4.2161,    4.1198,    1.4268,    1.4100,    1.3953,    1.3558,    1.3126,    1.2583,    1.1080,    1.0913,    1.0336,    0.8785,    0.8632,    0.6778,    0.4277,    0.3608,    0.2970,    0.2856,    0.2658,    0.2236,    0.2584,    0.2612,    0.2790,    0.3160,    0.3790,    0.4497,    0.5696,    0.6273,    0.5256,    0.6759,    0.6655,    0.6581,    0.6646,    0.7275,    0.7239,    0.7354,    0.7364,    0.7291,    1.8801,    1.7035,    1.6422,    1.4860,    1.4199,    1.3032,    1.2321,    1.1719,    1.1386,    1.0800,    1.0600,    1.0067,    1.5502,    1.4594,    1.3300,    1.2421,    1.1928,    1.0966,    1.0262,    0.9313,    0.8351,    0.7542,    0.6677,    0.6009,    1.4538,    0.9948,    0.6544,    0.4035,    0.2905,    0.2259,    0.1565,    0.1122,    0.0760,    0.0502,    0.0346,    0.0250,    0.0922,    0.0481,    0.0814,    0.0952,    0.1069,    0.0993,    0.1089,    0.1200,    0.1055,    0.1453,    0.1285,    0.1409,    0.1554,    0.1266,    0.1841,    0.2042,    0.1690,    0.1914,    0.2067,    0.2247,    0.2374,    0.1659,    0.2582,    0.2725,    0.3349,    0.3579,    0.3705,    0.3939,    0.4007,    0.4194,    0.4239,    0.4754,    0.5108,    0.4918,    0.5167,    0.5263,    0.9166,    1.0010,    1.0500,    1.0837,    1.1051,    1.1992,    1.1267,    1.1888,    1.1546,    1.2175,    1.1546,    1.2370,    2.6653,    2.6272,    2.6890,    2.7512,    2.7783,    2.6691,    2.7627,    2.8332,    2.8908,    2.6879,    2.6492,    2.7511,    6.9544,    6.5782,    6.5042,    6.3076,    5.8267,    5.4649,    4.7977,    4.4141,    4.2431,    3.7193,    2.8575,    2.6543,    2.0469,    1.8109,    1.3812,    1.3187,    0.8894,    0.6458,    0.5220,    0.2096,    0.1849,    0.1314,    0.0456,    0.0371,    0.0002,    0.0008,    0.0016,    0.0026,    0.0037,    0.0048,    0.0059,    0.0009,    0.0010,    0.0008,    0.0139,    0.0760,    0.0651,    0.0172,    0.0050,    0.0047,    0.0040,    0.0209,    0.0686,    0.0773,    0.0455,    0.0248,    0.0518,    0.1401,    0.0397,    0.0613,    0.1103,    0.2077,    0.3369,    0.4561,    0.8006,    0.8212,    0.9091,    1.0668,    1.1165,    1.2542,    0.9696,    0.9641,    0.9572,    0.9473,    0.9378,    0.9287,    0.9178,    0.9074,    0.8966,    0.8844,    0.8683,    0.8423,    0.8038,    0.6798,    0.7431,    0.5081,    0.5121,    0.5093,    0.4466,    0.2786,    0.2395,    0.1678,    0.1289,    0.1147,    0.3711,    0.4443,    0.3850,    0.4418,    0.4149,    0.4455,    0.4273,    0.4089,    0.3495,    0.3382,    0.2660,    0.2491,    0.3036,    0.2302,    0.2284,    0.1942,    0.1247,    0.0862,    0.0516,    0.0465,    0.0465,    0.0449,    0.0622,    0.0579,    0.1634,    0.1765,    0.1803,    0.1838,    0.1191,    0.0598,    0.0408,    0.0251,    0.0184,    0.0146,    0.0099,    0.0047,    0.0163,    0.0000,    0.0424,    0.0754,    0.0853,    0.0780,    0.0876,    0.1041,    0.0927,    0.1277,    0.1128,    0.1262,    0.1385,    0.1124,    0.1624,    0.1773,    0.1405,    0.0909,    0.0109,    0.0243,    0.1184,    0.1419,    0.2508,    0.2633,    0.3259,    0.3486,    0.3608,    0.3834,    0.4030,    0.4125,    0.3842,    0.3493,    0.3077,    0.3677,    0.5106,    0.5180,    0.8582,    0.9376,    0.9817,    0.9961,    0.9783,    1.0850,    1.0421,    1.1521,    1.0591,    1.1978,    1.1327,    1.2055,    2.6109,    2.5479,    2.6455,    2.5930,    2.6100,    2.5162,    2.6048,    2.6712,    2.7254,    2.5329,    2.4977,    2.5937,    6.5559,    6.1976,    6.1276,    5.9420,    5.4886,    5.1473,    4.5185,    4.1566,    3.9950,    3.5013,    2.6894,    2.4976,    1.9254,    1.9195,    1.4635,    1.3968,    0.9417,    0.6834,    0.5521,    0.2216,    0.1953,    0.1386,    0.0481,    0.0391
    2,    0.2000,  227.5722,    0.1453,  132.7119,  126.8246,   -5.4004,  -33.7583,  158.4330,  163.5827,  163.6723,  163.8293,  164.1029,  164.5732,  165.3648,  166.6602,  168.4872,  170.9519,  174.2721,  178.5564,  183.8814,  190.3071,  197.9049,  205.8548,  212.8059,  218.1105,  222.1140,  224.8330,  226.3589,  227.0949,  227.3721,  227.5098,  227.5598,    0.0708,    0.2683,    0.5674,    0.9391,    1.3578,    1.8019,    2.2529,    2.6874,    3.1087,    3.5001,    3.8711,    4.2623,    3.8771,    3.9773,    4.0970,    4.2048,    4.2848,    4.3567,    4.4377,    4.4355,    4.3571,    4.2757,    4.2094,    4.1139,    1.4247,    1.4080,    1.3959,    1.3562,    1.3145,    1.2599,    1.1091,    1.0915,    1.0337,    0.8775,    0.8623,    0.6770,    0.4274,    0.3606,    0.2969,    0.2855,    0.2658,    0.2236,    0.2583,    0.2611,    0.2789,    0.3158,    0.3786,    0.4489,    0.5679,    0.6250,    0.5240,    0.6729,    0.6625,    0.6543,    0.6605,    0.7225,    0.7141,    0.7250,    0.7257,    0.7184,    1.8293,    1.6318,    1.5720,    1.4019,    1.3389,    1.2175,    1.1485,    1.0921,    1.0658,    1.0108,    1.0001,    0.9497,    1.4755,    1.3972,    1.2736,    1.1990,    1.1679,    1.0735,    1.0134,    0.9195,    0.8217,    0.7421,    0.6551,    0.5896,    1.4142,    0.9518,    0.6080,    0.3603,    0.2604,    0.2084,    0.1441,    0.1049,    0.0710,    0.0469,    0.0326,    0.0235,    0.0926,    0.0481,    0.0826,    0.0973,    0.1092,    0.1014,    0.1114,    0.1224,    0.1077,    0.1482,    0.1311,    0.1438,    0.1587,    0.1293,    0.1879,    0.2083,    0.1726,    0.1932,    0.2067,    0.2250,    0.2402,    0.1696,    0.2629,    0.2775,    0.3410,    0.3645,    0.3773,    0.4012,    0.4074,    0.4262,    0.4300,    0.4804,    0.5149,    0.4972,    0.5251,    0.5348,    0.9348,    1.0209,    1.0708,    1.1047,    1.1254,    1.2219,    1.1487,    1.2103,    1.1740,    1.2400,    1.1758,    1.2596,    2.7143,    2.6748,    2.7387,    2.8043,    2.8317,    2.7207,    2.8161,    2.8880,    2.9466,    2.7398,    2.7004,    2.8043,    7.0888,    6.6934,    6.6182,    6.4182,    5.9290,    5.5610,    4.8823,    4.4920,    4.3181,    3.7853,    2.9083,    2.7017,    2.0836,    1.8290,    1.3951,    1.3322,    0.8986,    0.6525,    0.5276,    0.2119,    0.1869,    0.1329,    0.0461,    0.0375,    0.0003,    0.0010,    0.0021,    0.0034,    0.0049,    0.0064,    0.0078,    0.0012,    0.0013,    0.0011,    0.0185,    0.1004,    0.0861,    0.0229,    0.0067,    0.0063,    0.0054,    0.0278,    0.0908,    0.1022,    0.0601,    0.0316,    0.0586,    0.1459,    0.0417,    0.0632,    0.1154,    0.2123,    0.3434,    0.4617,    0.8049,    0.8256,    0.9125,    1.0686,    1.1177,    1.2543,    0.9696,    0.9641,    0.9572,    0.9473,    0.9378,    0.9287,    0.9178,    0.9074,    0.8966,    0.8844,    0.8683,    0.8423,    0.8042,    0.6810,    0.7443,    0.5115,    0.5153,    0.5152,    0.4535,    0.2887,    0.2573,    0.1877,    0.1497,    0.1356,    0.4525,    0.5444,    0.4832,    0.5517,    0.5200,    0.5533,    0.5300,    0.5063,    0.4338,    0.4177,    0.3270,    0.3072,    0.3778,    0.2923,    0.2844,    0.2367,    0.1530,    0.1126,    0.0681,    0.0613,    0.0611,    0.0580,    0.0765,    0.0706,    0.2079,    0.2225,    0.2280,    0.2266,    0.1478,    0.0758,    0.0518,    0.0312,    0.0225,    0.0172,    0.0114,    0.0058,    0.0145,    0.0000,    0.0378,    0.0671,    0.0759,    0.0694,    0.0779,    0.0947,    0.0843,    0.1161,    0.1026,    0.1155,    0.1267,    0.1029,    0.1486,    0.1623,    0.1275,    0.0825,    0.0099,    0.0221,    0.1075,    0.1288,    0.2346,    0.2463,    0.3048,    0.3260,    0.3375,    0.3586,    0.3803,    0.3893,    0.3625,    0.3296,    0.2903,    0.3469,    0.4818,    0.4888,    0.7948,    0.8683,    0.9091,    0.9225,    0.9060,    1.0048,    0.9651,    1.0810,    0.9937,    1.1239,    1.0628,    1.1310,    2.4497,    2.3906,    2.4821,    2.4043,    2.4200,    2.3330,    2.4151,    2.4767,    2.5270,    2.3485,    2.3158,    2.4049,    6.0787,    5.7321,    5.6674,    5.4957,    5.0763,    4.7608,    4.1791,    3.8445,    3.6950,    3.2384,    2.4875,    2.3101,    1.7808,    1.8241,    1.3908,    1.3274,    0.8949,    0.6494,    0.5247,    0.2106,    0.1856,    0.1317,    0.0457,    0.0371
    2,    0.3000,  227.5722,    0.1212,  130.1935,  130.4038,    0.6973,  -41.8124,  158.4330,  163.5827,  163.6723,  163.8293,  164.1029,  164.5732,  165.3648,  166.6602,  168.4872,  170.9519,  174.2721,  178.5564,  183.8814,  190.3071,  197.9049,  205.8548,  212.8059,  218.1105,  222.1140,  224.8330,  226.3589,  227.0949,  227.3721,  227.5098,  227.5598,    0.0709,    0.2687,    0.5682,    0.9404,    1.3596,    1.8043,    2.2558,    2.6868,    3.1081,    3.4996,    3.8790,    4.3074,    3.9140,    3.9828,    4.0936,    4.2017,    4.2821,    4.3643,    4.4712,    4.4672,    4.3625,    4.2621,    4.1960,    4.1021,    1.4207,    1.4040,    1.3968,    1.3570,    1.3181,    1.2629,    1.1111,    1.0918,    1.0338,    0.8757,    0.8606,    0.6753,    0.4267,    0.3603,    0.2967,    0.2854,    0.2657,    0.2235,    0.2582,    0.2610,    0.2786,    0.3153,    0.3777,    0.4472,    0.5647,    0.6205,    0.5208,    0.6670,    0.6568,    0.6467,    0.6525,    0.7127,    0.6951,    0.7050,    0.7052,    0.6979,    1.7365,    1.5079,    1.4506,    1.2634,    1.2054,    1.0802,    1.0152,    0.9646,    0.9473,    0.8981,    0.8989,    0.8534,    1.3459,    1.2875,    1.1741,    1.1212,    1.1212,    1.0299,    0.9886,    0.8968,    0.7963,    0.7191,    0.6313,    0.5679,    1.3399,    0.8740,    0.5288,    0.2926,    0.2125,    0.1786,    0.1230,    0.0922,    0.0622,    0.0410,    0.0290,    0.0209,    0.0931,    0.0481,    0.0843,    0.1003,    0.1126,    0.1045,    0.1149,    0.1260,    0.1110,    0.1528,    0.1351,    0.1485,    0.1638,    0.1334,    0.1938,    0.2147,    0.1780,    0.1960,    0.2067,    0.2253,    0.2444,    0.1751,    0.2708,    0.2857,    0.3513,    0.3755,    0.3887,    0.4132,    0.4188,    0.4378,    0.4404,    0.4889,    0.5219,    0.5063,    0.5394,    0.5493,    0.9642,    1.0530,    1.1044,    1.1386,    1.1582,    1.2586,    1.1842,    1.2464,    1.2065,    1.2777,    1.2114,    1.2974,    2.7964,    2.7546,    2.8220,    2.8904,    2.9183,    2.8043,    2.9027,    2.9767,    3.0372,    2.8240,    2.7835,    2.8905,    7.3069,    6.8790,    6.8019,    6.5965,    6.0939,    5.7159,    5.0185,    4.6176,    4.4392,    3.8917,    2.9904,    2.7782,    2.1429,    1.8605,    1.4194,    1.3556,    0.9147,    0.6644,    0.5373,    0.2159,    0.1905,    0.1355,    0.0470,    0.0383,    0.0004,    0.0015,    0.0032,    0.0052,    0.0073,    0.0095,    0.0117,    0.0018,    0.0019,    0.0016,    0.0277,    0.1480,    0.1271,    0.0342,    0.0100,    0.0094,    0.0081,    0.0415,    0.1342,    0.1509,    0.0891,    0.0452,    0.0719,    0.1576,    0.0457,    0.0672,    0.1253,    0.2213,    0.3561,    0.4727,    0.8133,    0.8342,    0.9193,    1.0722,    1.1202,    1.2544,    0.9696,    0.9641,    0.9572,    0.9473,    0.9378,    0.9287,    0.9178,    0.9074,    0.8966,    0.8844,    0.8683,    0.8424,    0.8050,    0.6831,    0.7466,    0.5182,    0.5216,    0.5265,    0.4670,    0.3081,    0.2911,    0.2253,    0.1890,    0.1750,    0.6008,    0.7192,    0.6549,    0.7361,    0.6967,    0.7299,    0.6977,    0.6651,    0.5737,    0.5495,    0.4307,    0.4059,    0.5066,    0.4018,    0.3832,    0.3135,    0.2063,    0.1624,    0.1000,    0.0900,    0.0891,    0.0831,    0.1036,    0.0949,    0.2912,    0.3055,    0.3092,    0.2939,    0.1940,    0.1033,    0.0706,    0.0420,    0.0297,    0.0219,    0.0141,    0.0078,    0.0116,    0.0000,    0.0300,    0.0531,    0.0600,    0.0549,    0.0616,    0.0783,    0.0697,    0.0960,    0.0848,    0.0967,    0.1062,    0.0862,    0.1245,    0.1359,    0.1051,    0.0680,    0.0081,    0.0182,    0.0886,    0.1061,    0.2052,    0.2154,    0.2666,    0.2851,    0.2952,    0.3136,    0.3387,    0.3466,    0.3228,    0.2935,    0.2585,    0.3089,    0.4290,    0.4353,    0.6817,    0.7447,    0.7798,    0.7912,    0.7771,    0.8618,    0.8278,    0.9516,    0.8748,    0.9893,    0.9356,    0.9956,    2.1565,    2.1044,    2.1850,    2.0670,    2.0805,    2.0058,    2.0764,    2.1294,    2.1726,    2.0191,    1.9910,    2.0675,    5.2261,    4.9046,    4.8492,    4.7023,    4.3435,    4.0735,    3.5759,    3.2895,    3.1616,    2.7709,    2.1284,    1.9767,    1.5238,    1.6477,    1.2563,    1.1991,    0.8085,    0.5867,    0.4740,    0.1903,    0.1677,    0.1190,    0.0413,    0.0336
    2,    0.4000,  227.5722,    0.1029,  128.1174,  133.1169,    5.4865,  -48.7697,  158.4330,  163.5827,  163.6723,  163.8293,  164.1029,  164.5732,  165.3648,  166.6602,  168.4872,  170.9519,  174.2721,  178.5564,  183.8814,  190.3071,  197.9049,  205.8548,  212.8059,  218.1105,  222.1140,  224.8330,  226.3589,  227.0949,  227.3721,  227.5098,  227.5598,    0.0710,    0.2691,    0.5690,    0.9417,    1.3615,    1.8067,    2.2587,    2.6862,    3.1074,    3.4990,    3.8869,    4.3509,    3.9496,    3.9883,    4.0903,    4.1986,    4.2794,    4.3718,    4.5034,    4.4975,    4.3677,    4.2486,    4.1827,    4.0904,    1.4167,    1.4000,    1.3977,    1.3577,    1.3214,    1.2657,    1.1130,    1.0920,    1.0337,    0.8738,    0.8588,    0.6736,    0.4261,    0.3599,    0.2965,    0.2852,    0.2655,    0.2235,    0.2580,    0.2608,    0.2784,    0.3149,    0.3768,    0.4455,    0.5615,    0.6160,    0.5177,    0.6613,    0.6512,    0.6392,    0.6447,    0.7030,    0.6771,    0.6859,    0.6857,    0.6784,    1.6539,    1.4050,    1.3498,    1.1543,    1.1003,    0.9754,    0.9138,    0.8676,    0.8552,    0.8104,    0.8168,    0.7753,    1.2373,    1.1938,    1.0890,    1.0530,    1.0781,    0.9898,    0.9648,    0.8749,    0.7723,    0.6974,    0.6089,    0.5477,    1.2717,    0.8058,    0.4645,    0.2430,    0.1769,    0.1546,    0.1060,    0.0815,    0.0549,    0.0361,    0.0260,    0.0186,    0.0934,    0.0481,    0.0854,    0.1022,    0.1148,    0.1065,    0.1171,    0.1286,    0.1133,    0.1560,    0.1379,    0.1518,    0.1675,    0.1364,    0.1981,    0.2194,    0.1818,    0.1980,    0.2066,    0.2254,    0.2474,    0.1790,    0.2770,    0.2922,    0.3593,    0.3840,    0.3975,    0.4226,    0.4279,    0.4471,    0.4488,    0.4958,    0.5275,    0.5136,    0.5509,    0.5610,    0.9863,    1.0772,    1.1297,    1.1640,    1.1827,    1.2861,    1.2109,    1.2748,    1.2321,    1.3074,    1.2395,    1.3272,    2.8610,    2.8175,    2.8876,    2.9553,    2.9835,    2.8673,    2.9679,    3.0437,    3.1055,    2.8874,    2.8461,    2.9555,    7.4713,    7.0176,    6.9390,    6.7297,    6.2171,    5.8317,    5.1203,    4.7116,    4.5298,    3.9714,    3.0518,    2.8356,    2.1873,    1.8867,    1.4396,    1.3752,    0.9281,    0.6743,    0.5455,    0.2193,    0.1936,    0.1377,    0.0478,    0.0390,    0.0005,    0.0020,    0.0042,    0.0069,    0.0097,    0.0127,    0.0156,    0.0024,    0.0026,    0.0021,    0.0368,    0.1940,    0.1669,    0.0455,    0.0134,    0.0125,    0.0108,    0.0552,    0.1764,    0.1982,    0.1178,    0.0587,    0.0852,    0.1692,    0.0496,    0.0711,    0.1351,    0.2302,    0.3686,    0.4835,    0.8215,    0.8425,    0.9258,    1.0758,    1.1226,    1.2545,    0.9696,    0.9641,    0.9572,    0.9473,    0.9378,    0.9287,    0.9178,    0.9074,    0.8966,    0.8844,    0.8683,    0.8425,    0.8058,    0.6853,    0.7488,    0.5247,    0.5278,    0.5374,    0.4799,    0.3267,    0.3222,    0.2600,    0.2253,    0.2115,    0.7319,    0.8661,    0.7991,    0.8842,    0.8385,    0.8678,    0.8282,    0.7888,    0.6849,    0.6544,    0.5153,    0.4865,    0.6145,    0.4954,    0.4677,    0.3808,    0.2558,    0.2085,    0.1305,    0.1175,    0.1154,    0.1067,    0.1291,    0.1177,    0.3675,    0.3781,    0.3751,    0.3436,    0.2289,    0.1258,    0.0861,    0.0513,    0.0359,    0.0258,    0.0165,    0.0096,    0.0092,    0.0000,    0.0239,    0.0420,    0.0475,    0.0434,    0.0487,    0.0647,    0.0576,    0.0794,    0.0702,    0.0810,    0.0889,    0.0722,    0.1043,    0.1139,    0.0866,    0.0560,    0.0067,    0.0150,    0.0730,    0.0875,    0.1795,    0.1884,    0.2332,    0.2494,    0.2582,    0.2743,    0.3016,    0.3086,    0.2875,    0.2614,    0.2302,    0.2751,    0.3820,    0.3876,    0.5848,    0.6388,    0.6688,    0.6787,    0.6666,    0.7393,    0.7100,    0.8377,    0.7701,    0.8709,    0.8236,    0.8765,    1.8984,    1.8526,    1.9235,    1.7773,    1.7889,    1.7246,    1.7853,    1.8309,    1.8681,    1.7361,    1.7119,    1.7777,    4.4935,    4.1981,    4.1507,    4.0250,    3.7179,    3.4868,    3.0608,    2.8158,    2.7063,    2.3719,    1.8220,    1.6921,    1.3045,    1.4889,    1.1353,    1.0836,    0.7306,    0.5302,    0.4284,    0.1720,    0.1516,    0.1076,    0.0373,    0.0303
    2,    0.5000,  227.5722,    0.0890,  126.3708,  135.1758,    9.2920,  -54.7392,  158.4330,  163.5827,  163.6723,  163.8293,  164.1029,  164.5732,  165.3648,  166.6602,  168.4872,  170.9519,  174.2721,  178.5564,  183.8814,  190.3071,  197.9049,  205.8548,  212.8059,  218.1105,  222.1140,  224.8330,  226.3589,  227.0949,  227.3721,  227.5098,  227.5598,    0.0711,    0.2694,    0.5698,    0.9430,    1.3633,    1.8091,    2.2616,    2.6856,    3.1068,    3.4985,    3.8948,    4.3928,    3.9839,    3.9936,    4.0870,    4.1955,    4.2767,    4.3792,    4.5344,    4.5264,    4.3726,    4.2352,    4.1694,    4.0787,    1.4127,    1.3960,    1.3985,    1.3583,    1.3244,    1.2682,    1.1145,    1.0919,    1.0335,    0.8720,    0.8571,    0.6719,    0.4254,    0.3596,    0.2963,    0.2850,    0.2654,    0.2234,    0.2579,    0.2607,    0.2782,    0.3145,    0.3759,    0.4439,    0.5583,    0.6116,    0.5146,    0.6556,    0.6457,    0.6319,    0.6370,    0.6935,    0.6600,    0.6679,    0.6672,    0.6599,    1.5800,    1.3181,    1.2647,    1.0664,    1.0155,    0.8930,    0.8345,    0.7916,    0.7818,    0.7405,    0.7490,    0.7108,    1.1449,    1.1128,    1.0154,    0.9925,    1.0382,    0.9526,    0.9419,    0.8539,    0.7497,    0.6769,    0.5879,    0.5286,    1.2089,    0.7457,    0.4117,    0.2061,    0.1499,    0.1350,    0.0922,    0.0725,    0.0487,    0.0320,    0.0233,    0.0166,    0.0936,    0.0481,    0.0861,    0.1035,    0.1162,    0.1078,    0.1186,    0.1304,    0.1149,    0.1582,    0.1399,    0.1542,    0.1701,    0.1385,    0.2011,    0.2227,    0.1844,    0.1993,    0.2066,    0.2255,    0.2494,    0.1816,    0.2817,    0.2972,    0.3655,    0.3907,    0.4044,    0.4299,    0.4353,    0.4545,    0.4555,    0.5013,    0.5319,    0.5195,    0.5602,    0.5704,    1.0029,    1.0953,    1.1486,    1.1830,    1.2012,    1.3067,    1.2309,    1.2972,    1.2522,    1.3308,    1.2616,    1.3507,    2.9120,    2.8670,    2.9393,    3.0042,    3.0327,    2.9148,    3.0171,    3.0941,    3.1570,    2.9352,    2.8932,    3.0045,    7.5952,    7.1211,    7.0415,    6.8292,    6.3092,    5.9182,    5.1965,    4.7818,    4.5975,    4.0311,    3.0978,    2.8786,    2.2207,    1.9085,    1.4565,    1.3915,    0.9393,    0.6826,    0.5523,    0.2221,    0.1961,    0.1395,    0.0485,    0.0395,    0.0007,    0.0025,    0.0053,    0.0086,    0.0122,    0.0159,    0.0195,    0.0031,    0.0032,    0.0027,    0.0459,    0.2384,    0.2054,    0.0567,    0.0167,    0.0156,    0.0135,    0.0687,    0.2174,    0.2441,    0.1461,    0.0721,    0.0984,    0.1808,    0.0536,    0.0750,    0.1449,    0.2390,    0.3808,    0.4940,    0.8294,    0.8507,    0.9322,    1.0792,    1.1249,    1.2547,    0.9696,    0.9641,    0.9572,    0.9473,    0.9378,    0.9287,    0.9178,    0.9074,    0.8966,    0.8844,    0.8683,    0.8426,    0.8066,    0.6874,    0.7510,    0.5310,    0.5338,    0.5478,    0.4922,    0.3444,    0.3511,    0.2922,    0.2589,    0.2452,    0.8481,    0.9905,    0.9212,    1.0050,    0.9541,    0.9777,    0.9320,    0.8871,    0.7753,    0.7396,    0.5857,    0.5535,    0.7062,    0.5763,    0.5407,    0.4404,    0.3018,    0.2515,    0.1597,    0.1438,    0.1404,    0.1291,    0.1530,    0.1391,    0.4375,    0.4419,    0.4291,    0.3809,    0.2557,    0.1444,    0.0990,    0.0593,    0.0412,    0.0293,    0.0186,    0.0111,    0.0073,    0.0000,    0.0190,    0.0332,    0.0376,    0.0344,    0.0386,    0.0536,    0.0477,    0.0657,    0.0580,    0.0679,    0.0745,    0.0605,    0.0874,    0.0954,    0.0714,    0.0462,    0.0055,    0.0124,    0.0602,    0.0721,    0.1570,    0.1648,    0.2040,    0.2182,    0.2259,    0.2400,    0.2685,    0.2749,    0.2560,    0.2328,    0.2050,    0.2450,    0.3402,    0.3451,    0.5016,    0.5480,    0.5738,    0.5822,    0.5718,    0.6342,    0.6091,    0.7375,    0.6780,    0.7668,    0.7251,    0.7716,    1.6713,    1.6310,    1.6934,    1.5284,    1.5384,    1.4831,    1.5353,    1.5745,    1.6064,    1.4930,    1.4722,    1.5288,    3.8642,    3.5949,    3.5543,    3.4467,    3.1837,    2.9858,    2.6211,    2.4113,    2.3176,    2.0312,    1.5603,    1.4491,    1.1171,    1.3459,    1.0263,    0.9796,    0.6605,    0.4794,    0.3873,    0.1555,    0.1370,    0.0973,    0.0337,    0.0274
    2,    0.7500,  227.5722,    0.0672,  122.9929,  138.4142,   15.9085,  -66.0682,  158.4330,  163.5827,  163.6723,  163.8293,  164.1029,  164.5732,  165.3648,  166.6602,  168.4872,  170.9519,  174.2721,  178.5564,  183.8814,  190.3071,  197.9049,  205.8548,  212.8059,  218.1105,  222.1140,  224.8330,  226.3589,  227.0949,  227.3721,  227.5098,  227.5598,    0.0713,    0.2704,    0.5718,    0.9462,    1.3678,    1.8149,    2.2688,    2.6841,    3.1052,    3.4971,    3.9142,    4.4914,    4.0649,    4.0068,    4.0787,    4.1878,    4.2700,    4.3973,    4.6069,    4.5929,    4.3840,    4.2021,    4.1367,    4.0498,    1.4029,    1.3863,    1.4001,    1.3596,    1.3309,    1.2736,    1.1176,    1.0911,    1.0324,    0.8672,    0.8526,    0.6678,    0.4239,    0.3587,    0.2958,    0.2846,    0.2651,    0.2233,    0.2576,    0.2603,    0.2776,    0.3134,    0.3737,    0.4399,    0.5506,    0.6009,    0.5072,    0.6421,    0.6324,    0.6143,    0.6183,    0.6706,    0.6207,    0.6266,    0.6250,    0.6176,    1.4254,    1.1508,    1.1010,    0.9068,    0.8616,    0.7479,    0.6955,    0.6584,    0.6510,    0.6158,    0.6220,    0.5899,    0.9649,    0.9514,    0.8688,    0.8681,    0.9506,    0.8709,    0.8886,    0.8050,    0.6984,    0.6304,    0.5406,    0.4857,    1.0723,    0.6236,    0.3159,    0.1471,    0.1062,    0.1000,    0.0675,    0.0553,    0.0369,    0.0242,    0.0181,    0.0128,    0.0937,    0.0480,    0.0869,    0.1050,    0.1180,    0.1094,    0.1203,    0.1329,    0.1172,    0.1613,    0.1426,    0.1577,    0.1738,    0.1415,    0.2055,    0.2275,    0.1880,    0.2010,    0.2064,    0.2255,    0.2521,    0.1853,    0.2895,    0.3053,    0.3756,    0.4015,    0.4156,    0.4419,    0.4481,    0.4675,    0.4671,    0.5106,    0.5394,    0.5295,    0.5762,    0.5866,    1.0284,    1.1231,    1.1777,    1.2124,    1.2295,    1.3385,    1.2617,    1.3345,    1.2857,    1.3698,    1.2984,    1.3898,    2.9969,    2.9496,    3.0254,    3.0801,    3.1089,    2.9884,    3.0933,    3.1723,    3.2368,    3.0094,    2.9664,    3.0805,    7.7874,    7.2795,    7.1983,    6.9816,    6.4502,    6.0509,    5.3133,    4.8897,    4.7017,    4.1228,    3.1688,    2.9449,    2.2723,    1.9483,    1.4873,    1.4215,    0.9599,    0.6978,    0.5650,    0.2273,    0.2009,    0.1430,    0.0498,    0.0406,    0.0010,    0.0038,    0.0078,    0.0128,    0.0182,    0.0237,    0.0291,    0.0046,    0.0048,    0.0040,    0.0683,    0.3434,    0.2967,    0.0845,    0.0250,    0.0234,    0.0202,    0.1022,    0.3150,    0.3536,    0.2159,    0.1052,    0.1310,    0.2093,    0.0633,    0.0846,    0.1687,    0.2606,    0.4102,    0.5194,    0.8485,    0.8702,    0.9475,    1.0876,    1.1306,    1.2550,    0.9696,    0.9641,    0.9572,    0.9473,    0.9378,    0.9287,    0.9178,    0.9074,    0.8966,    0.8844,    0.8684,    0.8429,    0.8086,    0.6925,    0.7562,    0.5462,    0.5481,    0.5717,    0.5206,    0.3854,    0.4142,    0.3625,    0.3324,    0.3189,    1.0856,    1.2281,    1.1545,    1.2238,    1.1638,    1.1709,    1.1147,    1.0603,    0.9401,    0.8948,    0.7192,    0.6805,    0.8849,    0.7374,    0.6862,    0.5629,    0.4036,    0.3465,    0.2275,    0.2049,    0.1973,    0.1802,    0.2069,    0.1872,    0.5890,    0.5706,    0.5270,    0.4414,    0.3004,    0.1786,    0.1227,    0.0750,    0.0517,    0.0361,    0.0229,    0.0143,    0.0041,    0.0000,    0.0107,    0.0186,    0.0210,    0.0192,    0.0215,    0.0334,    0.0297,    0.0410,    0.0362,    0.0437,    0.0479,    0.0389,    0.0562,    0.0614,    0.0441,    0.0285,    0.0034,    0.0076,    0.0371,    0.0445,    0.1124,    0.1180,    0.1461,    0.1562,    0.1617,    0.1718,    0.2010,    0.2057,    0.1916,    0.1743,    0.1535,    0.1834,    0.2546,    0.2584,    0.3421,    0.3737,    0.3913,    0.3971,    0.3900,    0.4325,    0.4154,    0.5365,    0.4933,    0.5578,    0.5275,    0.5614,    1.2159,    1.1865,    1.2320,    1.0490,    1.0559,    1.0179,    1.0538,    1.0806,    1.1026,    1.0247,    1.0105,    1.0493,    2.6523,    2.4444,    2.4168,    2.3437,    2.1649,    2.0304,    1.7824,    1.6398,    1.5761,    1.3814,    1.0612,    0.9856,    0.7599,    1.0473,    0.7986,    0.7624,    0.5141,    0.3732,    0.3016,    0.1211,    0.1067,    0.0758,    0.0263,    0.0214
    2,    1.0000,  227.5722,    0.0561,  120.5261,  140.0577,   20.0189,  -73.4787,  158.4330,  163.5827,  163.6723,  163.8293,  164.1029,  164.5732,  165.3648,  166.6602,  168.4872,  170.9519,  174.2721,  178.5564,  183.8814,  190.3071,  197.9049,  205.8548,  212.8059,  218.1105,  222.1140,  224.8330,  226.3589,  227.0949,  227.3721,  227.5098,  227.5598,    0.0716,    0.2713,    0.5738,    0.9493,    1.3723,    1.8207,    2.2759,    2.6825,    3.1036,    3.4958,    3.9332,    4.5818,    4.1393,    4.0197,    4.0704,    4.1800,    4.2633,    4.4149,    4.6728,    4.6523,    4.3941,    4.1694,    4.1045,    4.0213,    1.3932,    1.3766,    1.4012,    1.3604,    1.3359,    1.2778,    1.1196,    1.0893,    1.0306,    0.8624,    0.8482,    0.6638,    0.4223,    0.3579,    0.2953,    0.2842,    0.2648,    0.2232,    0.2572,    0.2599,    0.2771,    0.3124,    0.3715,    0.4360,    0.5432,    0.5906,    0.5001,    0.6293,    0.6199,    0.5976,    0.6006,    0.6489,    0.5861,    0.5902,    0.5878,    0.5805,    1.3035,    1.0305,    0.9835,    0.7992,    0.7578,    0.6530,    0.6053,    0.5719,    0.5649,    0.5335,    0.5340,    0.5062,    0.8340,    0.8310,    0.7593,    0.7716,    0.8769,    0.8023,    0.8403,    0.7606,    0.6536,    0.5898,    0.4998,    0.4487,    0.9595,    0.5318,    0.2537,    0.1140,    0.0814,    0.0777,    0.0520,    0.0436,    0.0289,    0.0188,    0.0144,    0.0101,    0.0937,    0.0480,    0.0872,    0.1055,    0.1185,    0.1099,    0.1209,    0.1340,    0.1181,    0.1625,    0.1437,    0.1592,    0.1755,    0.1429,    0.2074,    0.2295,    0.1894,    0.2017,    0.2061,    0.2253,    0.2531,    0.1868,    0.2937,    0.3097,    0.3811,    0.4073,    0.4216,    0.4482,    0.4555,    0.4750,    0.4738,    0.5160,    0.5437,    0.5352,    0.5855,    0.5960,    1.0408,    1.1367,    1.1919,    1.2267,    1.2433,    1.3539,    1.2767,    1.3551,    1.3042,    1.3913,    1.3187,    1.4114,    3.0436,    2.9951,    3.0729,    3.1175,    3.1465,    3.0247,    3.1309,    3.2108,    3.2761,    3.0460,    3.0025,    3.1180,    7.8823,    7.3562,    7.2743,    7.0555,    6.5187,    6.1153,    5.3702,    4.9423,    4.7526,    4.1678,    3.2036,    2.9775,    2.2978,    1.9736,    1.5069,    1.4406,    0.9731,    0.7077,    0.5731,    0.2307,    0.2040,    0.1453,    0.0506,    0.0413,    0.0013,    0.0050,    0.0104,    0.0170,    0.0241,    0.0314,    0.0386,    0.0061,    0.0064,    0.0054,    0.0904,    0.4403,    0.3817,    0.1120,    0.0332,    0.0311,    0.0269,    0.1352,    0.4063,    0.4561,    0.2839,    0.1379,    0.1632,    0.2375,    0.0729,    0.0941,    0.1919,    0.2817,    0.4380,    0.5435,    0.8664,    0.8886,    0.9619,    1.0956,    1.1360,    1.2552,    0.9697,    0.9641,    0.9572,    0.9473,    0.9378,    0.9287,    0.9178,    0.9074,    0.8966,    0.8844,    0.8684,    0.8431,    0.8104,    0.6973,    0.7612,    0.5604,    0.5616,    0.5932,    0.5460,    0.4220,    0.4664,    0.4206,    0.3932,    0.3799,    1.2647,    1.3926,    1.3162,    1.3661,    1.3003,    1.2924,    1.2298,    1.1696,    1.0495,    0.9980,    0.8135,    0.7703,    1.0149,    0.8577,    0.7948,    0.6581,    0.4900,    0.4270,    0.2886,    0.2600,    0.2473,    0.2251,    0.2534,    0.2289,    0.7130,    0.6666,    0.5906,    0.4762,    0.3268,    0.2013,    0.1386,    0.0862,    0.0593,    0.0410,    0.0262,    0.0167,    0.0023,    0.0000,    0.0060,    0.0104,    0.0118,    0.0108,    0.0121,    0.0209,    0.0186,    0.0256,    0.0226,    0.0281,    0.0309,    0.0251,    0.0362,    0.0395,    0.0272,    0.0177,    0.0021,    0.0047,    0.0230,    0.0275,    0.0805,    0.0845,    0.1046,    0.1119,    0.1158,    0.1231,    0.1506,    0.1541,    0.1435,    0.1306,    0.1151,    0.1374,    0.1907,    0.1935,    0.2336,    0.2551,    0.2671,    0.2711,    0.2663,    0.2953,    0.2836,    0.3906,    0.3591,    0.4061,    0.3840,    0.4087,    0.8851,    0.8638,    0.8968,    0.7210,    0.7257,    0.6997,    0.7243,    0.7428,    0.7578,    0.7043,    0.6945,    0.7212,    1.8230,    1.6675,    1.6487,    1.5988,    1.4769,    1.3851,    1.2160,    1.1187,    1.0753,    0.9425,    0.7240,    0.6725,    0.5185,    0.8169,    0.6230,    0.5948,    0.4011,    0.2912,    0.2353,    0.0945,    0.0833,    0.0592,    0.0205,    0.0167
    2,    1.2500,  227.5722,    0.0505,  118.6221,  140.9004,   22.7657,  -78.1690,  158.4330,  163.5827,  163.6723,  163.8293,  164.1029,  164.5732,  165.3648,  166.6602,  168.4872,  170.9519,  174.2721,  178.5564,  183.8814,  190.3071,  197.9049,  205.8548,  212.8059,  218.1105,  222.1140,  224.8330,  226.3589,  227.0949,  227.3721,  227.5098,  227.5598,    0.0718,    0.2723,    0.5757,    0.9525,    1.3767,    1.8265,    2.2829,    2.6810,    3.1019,    3.4945,    3.9519,    4.6651,    4.2078,    4.0322,    4.0622,    4.1723,    4.2567,    4.4319,    4.7329,    4.7051,    4.4029,    4.1373,    4.0728,    3.9932,    1.3836,    1.3671,    1.4019,    1.3608,    1.3397,    1.2809,    1.1206,    1.0868,    1.0282,    0.8576,    0.8437,    0.6598,    0.4208,    0.3571,    0.2948,    0.2838,    0.2644,    0.2230,    0.2569,    0.2595,    0.2765,    0.3113,    0.3694,    0.4322,    0.5360,    0.5808,    0.4933,    0.6171,    0.6080,    0.5817,    0.5839,    0.6284,    0.5556,    0.5582,    0.5552,    0.5479,    1.2051,    0.9397,    0.8949,    0.7215,    0.6828,    0.5858,    0.5417,    0.5108,    0.5038,    0.4751,    0.4698,    0.4451,    0.7343,    0.7376,    0.6743,    0.6944,    0.8141,    0.7439,    0.7963,    0.7203,    0.6142,    0.5539,    0.4641,    0.4163,    0.8656,    0.4613,    0.2113,    0.0935,    0.0661,    0.0629,    0.0417,    0.0354,    0.0233,    0.0151,    0.0117,    0.0081,    0.0937,    0.0480,    0.0873,    0.1056,    0.1187,    0.1100,    0.1211,    0.1344,    0.1184,    0.1631,    0.1442,    0.1598,    0.1762,    0.1435,    0.2083,    0.2304,    0.1900,    0.2019,    0.2059,    0.2252,    0.2535,    0.1874,    0.2959,    0.3120,    0.3840,    0.4105,    0.4249,    0.4516,    0.4597,    0.4793,    0.4777,    0.5190,    0.5460,    0.5385,    0.5909,    0.6015,    1.0469,    1.1434,    1.1989,    1.2336,    1.2500,    1.3614,    1.2840,    1.3664,    1.3143,    1.4032,    1.3299,    1.4233,    3.0694,    3.0201,    3.0991,    3.1360,    3.1651,    3.0427,    3.1495,    3.2299,    3.2956,    3.0641,    3.0204,    3.1366,    7.9292,    7.3935,    7.3113,    7.0915,    6.5521,    6.1469,    5.3981,    4.9682,    4.7777,    4.1900,    3.2209,    2.9938,    2.3107,    1.9897,    1.5195,    1.4529,    0.9816,    0.7141,    0.5785,    0.2329,    0.2060,    0.1468,    0.0511,    0.0418,    0.0017,    0.0062,    0.0130,    0.0211,    0.0300,    0.0391,    0.0480,    0.0076,    0.0080,    0.0067,    0.1121,    0.5300,    0.4608,    0.1391,    0.0414,    0.0388,    0.0335,    0.1676,    0.4921,    0.5524,    0.3503,    0.1700,    0.1948,    0.2653,    0.0824,    0.1035,    0.2144,    0.3021,    0.4646,    0.5665,    0.8833,    0.9059,    0.9755,    1.1032,    1.1412,    1.2555,    0.9697,    0.9641,    0.9572,    0.9473,    0.9378,    0.9287,    0.9178,    0.9074,    0.8966,    0.8844,    0.8684,    0.8433,    0.8122,    0.7020,    0.7658,    0.5738,    0.5744,    0.6124,    0.5687,    0.4547,    0.5097,    0.4688,    0.4437,    0.4306,    1.4014,    1.5096,    1.4312,    1.4625,    1.3929,    1.3726,    1.3061,    1.2422,    1.1257,    1.0700,    0.8838,    0.8372,    1.1137,    0.9510,    0.8790,    0.7340,    0.5640,    0.4959,    0.3436,    0.3096,    0.2917,    0.2649,    0.2939,    0.2650,    0.8153,    0.7396,    0.6339,    0.4982,    0.3438,    0.2171,    0.1497,    0.0946,    0.0649,    0.0447,    0.0287,    0.0186,    0.0013,    0.0000,    0.0034,    0.0058,    0.0066,    0.0060,    0.0068,    0.0131,    0.0117,    0.0161,    0.0142,    0.0181,    0.0199,    0.0162,    0.0233,    0.0255,    0.0169,    0.0109,    0.0013,    0.0029,    0.0142,    0.0170,    0.0577,    0.0606,    0.0750,    0.0802,    0.0831,    0.0883,    0.1129,    0.1155,    0.1076,    0.0979,    0.0863,    0.1030,    0.1430,    0.1451,    0.1596,    0.1744,    0.1826,    0.1853,    0.1820,    0.2018,    0.1938,    0.2845,    0.2616,    0.2958,    0.2797,    0.2977,    0.6448,    0.6293,    0.6533,    0.4964,    0.4996,    0.4817,    0.4986,    0.5113,    0.5217,    0.4849,    0.4781,    0.4965,    1.2550,    1.1412,    1.1284,    1.0943,    1.0108,    0.9480,    0.8323,    0.7657,    0.7360,    0.6452,    0.4956,    0.4604,    0.3550,    0.6386,    0.4871,    0.4651,    0.3137,    0.2277,    0.1841,    0.0739,    0.0652,    0.0463,    0.0161,    0.0131
    2,    1.5000,  227.5722,    0.0475,  117.0931,  141.3380,   24.7324,  -80.9972,  158.4330,  163.5827,  163.6723,  163.8293,  164.1029,  164.5732,  165.3648,  166.6602,  168.4872,  170.9519,  174.2721,  178.5564,  183.8814,  190.3071,  197.9049,  205.8548,  212.8059,  218.1105,  222.1140,  224.8330,  226.3589,  227.0949,  227.3721,  227.5098,  227.5598,    0.0721,    0.2732,    0.5776,    0.9556,    1.3811,    1.8321,    2.2898,    2.6795,    3.1003,    3.4931,    3.9702,    4.7420,    4.2711,    4.0444,    4.0540,    4.1647,    4.2500,    4.4484,    4.7877,    4.7522,    4.4105,    4.1057,    4.0415,    3.9655,    1.3742,    1.3577,    1.4022,    1.3608,    1.3423,    1.2829,    1.1207,    1.0837,    1.0253,    0.8527,    0.8392,    0.6560,    0.4193,    0.3562,    0.2943,    0.2834,    0.2641,    0.2229,    0.2566,    0.2591,    0.2759,    0.3103,    0.3673,    0.4285,    0.5290,    0.5713,    0.4868,    0.6056,    0.5967,    0.5667,    0.5681,    0.6090,    0.5286,    0.5299,    0.5264,    0.5191,    1.1242,    0.8687,    0.8257,    0.6624,    0.6258,    0.5355,    0.4942,    0.4653,    0.4580,    0.4313,    0.4211,    0.3987,    0.6560,    0.6631,    0.6065,    0.6313,    0.7602,    0.6937,    0.7563,    0.6835,    0.5791,    0.5221,    0.4329,    0.3879,    0.7866,    0.4062,    0.1813,    0.0798,    0.0558,    0.0526,    0.0346,    0.0294,    0.0193,    0.0124,    0.0097,    0.0066,    0.0937,    0.0480,    0.0873,    0.1057,    0.1188,    0.1101,    0.1212,    0.1345,    0.1186,    0.1633,    0.1444,    0.1601,    0.1765,    0.1437,    0.2086,    0.2308,    0.1902,    0.2019,    0.2058,    0.2250,    0.2536,    0.1876,    0.2971,    0.3133,    0.3855,    0.4121,    0.4266,    0.4535,    0.4622,    0.4818,    0.4799,    0.5207,    0.5473,    0.5403,    0.5940,    0.6046,    1.0498,    1.1466,    1.2023,    1.2370,    1.2532,    1.3651,    1.2876,    1.3727,    1.3199,    1.4097,    1.3361,    1.4298,    3.0836,    3.0339,    3.1135,    3.1451,    3.1742,    3.0515,    3.1587,    3.2394,    3.3053,    3.0730,    3.0292,    3.1458,    7.9525,    7.4117,    7.3294,    7.1091,    6.5686,    6.1624,    5.4119,    4.9810,    4.7902,    4.2012,    3.2296,    3.0021,    2.3172,    2.0001,    1.5276,    1.4609,    0.9872,    0.7183,    0.5821,    0.2344,    0.2074,    0.1479,    0.0515,    0.0421,    0.0020,    0.0074,    0.0155,    0.0252,    0.0358,    0.0467,    0.0574,    0.0092,    0.0096,    0.0080,    0.1335,    0.6135,    0.5349,    0.1659,    0.0496,    0.0464,    0.0401,    0.1995,    0.5728,    0.6432,    0.4151,    0.2016,    0.2259,    0.2926,    0.0918,    0.1127,    0.2364,    0.3221,    0.4899,    0.5884,    0.8993,    0.9223,    0.9884,    1.1104,    1.1461,    1.2558,    0.9697,    0.9641,    0.9572,    0.9473,    0.9378,    0.9287,    0.9178,    0.9074,    0.8966,    0.8844,    0.8684,    0.8435,    0.8139,    0.7064,    0.7702,    0.5864,    0.5863,    0.6296,    0.5890,    0.4840,    0.5458,    0.5090,    0.4857,    0.4728,    1.5069,    1.5947,    1.5150,    1.5300,    1.4578,    1.4277,    1.3589,    1.2924,    1.1807,    1.1219,    0.9383,    0.8890,    1.1914,    1.0253,    0.9463,    0.7961,    0.6278,    0.5554,    0.3933,    0.3545,    0.3312,    0.3003,    0.3292,    0.2967,    0.9004,    0.7962,    0.6647,    0.5132,    0.3555,    0.2284,    0.1577,    0.1009,    0.0692,    0.0476,    0.0307,    0.0200,    0.0008,    0.0000,    0.0019,    0.0033,    0.0037,    0.0034,    0.0038,    0.0083,    0.0073,    0.0101,    0.0089,    0.0117,    0.0129,    0.0104,    0.0151,    0.0165,    0.0105,    0.0068,    0.0008,    0.0018,    0.0088,    0.0106,    0.0414,    0.0435,    0.0538,    0.0576,    0.0596,    0.0633,    0.0847,    0.0867,    0.0807,    0.0735,    0.0648,    0.0773,    0.1073,    0.1088,    0.1093,    0.1194,    0.1250,    0.1268,    0.1246,    0.1382,    0.1327,    0.2075,    0.1908,    0.2157,    0.2040,    0.2171,    0.4701,    0.4588,    0.4764,    0.3423,    0.3445,    0.3321,    0.3438,    0.3526,    0.3598,    0.3343,    0.3297,    0.3424,    0.8654,    0.7836,    0.7748,    0.7514,    0.6941,    0.6510,    0.5715,    0.5258,    0.5054,    0.4430,    0.3404,    0.3162,    0.2438,    0.5004,    0.3817,    0.3644,    0.2458,    0.1785,    0.1443,    0.0579,    0.0511,    0.0363,    0.0126,    0.0103
    2,    1.7500,  227.5722,    0.0459,  115.8281,  141.5686,   26.2282,  -82.5618,  158.4330,  163.5827,  163.6723,  163.8293,  164.1029,  164.5732,  165.3648,  166.6602,  168.4872,  170.9519,  174.2721,  178.5564,  183.8814,  190.3071,  197.9049,  205.8548,  212.8059,  218.1105,  222.1140,  224.8330,  226.3589,  227.0949,  227.3721,  227.5098,  227.5598,    0.0723,    0.2741,    0.5795,    0.9586,    1.3854,    1.8377,    2.2966,    2.6780,    3.0987,    3.4918,    3.9883,    4.8132,    4.3297,    4.0563,    4.0459,    4.1570,    4.2434,    4.4643,    4.8378,    4.7942,    4.4170,    4.0745,    4.0108,    3.9382,    1.3649,    1.3485,    1.4021,    1.3605,    1.3439,    1.2842,    1.1201,    1.0801,    1.0220,    0.8478,    0.8347,    0.6522,    0.4178,    0.3554,    0.2939,    0.2830,    0.2638,    0.2228,    0.2562,    0.2587,    0.2754,    0.3093,    0.3652,    0.4248,    0.5223,    0.5622,    0.4806,    0.5946,    0.5859,    0.5526,    0.5532,    0.5909,    0.5045,    0.5048,    0.5009,    0.4937,    1.0568,    0.8116,    0.7701,    0.6159,    0.5811,    0.4963,    0.4573,    0.4299,    0.4223,    0.3972,    0.3830,    0.3623,    0.5929,    0.6023,    0.5511,    0.5788,    0.7133,    0.6500,    0.7196,    0.6499,    0.5479,    0.4937,    0.4052,    0.3629,    0.7196,    0.3625,    0.1592,    0.0701,    0.0486,    0.0452,    0.0295,    0.0250,    0.0163,    0.0105,    0.0082,    0.0056,    0.0936,    0.0480,    0.0873,    0.1057,    0.1188,    0.1101,    0.1212,    0.1346,    0.1187,    0.1634,    0.1445,    0.1602,    0.1767,    0.1438,    0.2088,    0.2310,    0.1903,    0.2019,    0.2056,    0.2249,    0.2536,    0.1877,    0.2978,    0.3139,    0.3863,    0.4130,    0.4275,    0.4544,    0.4637,    0.4833,    0.4812,    0.5217,    0.5480,    0.5413,    0.5959,    0.6065,    1.0513,    1.1482,    1.2039,    1.2387,    1.2548,    1.3669,    1.2894,    1.3761,    1.3229,    1.4133,    1.3395,    1.4334,    3.0915,    3.0415,    3.1215,    3.1496,    3.1788,    3.0560,    3.1633,    3.2441,    3.3100,    3.0775,    3.0336,    3.1504,    7.9642,    7.4206,    7.3383,    7.1179,    6.5767,    6.1702,    5.4188,    4.9875,    4.7966,    4.2069,    3.2341,    3.0064,    2.3207,    2.0068,    1.5329,    1.4661,    0.9909,    0.7211,    0.5844,    0.2354,    0.2083,    0.1486,    0.0518,    0.0423,    0.0023,    0.0086,    0.0180,    0.0293,    0.0416,    0.0543,    0.0666,    0.0107,    0.0112,    0.0094,    0.1546,    0.6913,    0.6043,    0.1923,    0.0578,    0.0541,    0.0468,    0.2308,    0.6490,    0.7290,    0.4784,    0.2328,    0.2566,    0.3196,    0.1010,    0.1218,    0.2578,    0.3415,    0.5141,    0.6094,    0.9145,    0.9378,    1.0006,    1.1173,    1.1507,    1.2561,    0.9697,    0.9641,    0.9572,    0.9473,    0.9378,    0.9287,    0.9178,    0.9074,    0.8966,    0.8844,    0.8685,    0.8437,    0.8155,    0.7106,    0.7743,    0.5983,    0.5976,    0.6450,    0.6072,    0.5102,    0.5760,    0.5426,    0.5208,    0.5080,    1.5894,    1.6579,    1.5774,    1.5787,    1.5048,    1.4670,    1.3966,    1.3284,    1.2215,    1.1605,    0.9817,    0.9302,    1.2540,    1.0861,    1.0012,    0.8477,    0.6834,    0.6072,    0.4384,    0.3952,    0.3666,    0.3321,    0.3602,    0.3245,    0.9718,    0.8407,    0.6875,    0.5240,    0.3640,    0.2369,    0.1638,    0.1058,    0.0726,    0.0498,    0.0323,    0.0212,    0.0004,    0.0000,    0.0011,    0.0019,    0.0021,    0.0019,    0.0022,    0.0052,    0.0046,    0.0064,    0.0056,    0.0076,    0.0083,    0.0068,    0.0098,    0.0107,    0.0065,    0.0042,    0.0005,    0.0011,    0.0055,    0.0066,    0.0298,    0.0313,    0.0387,    0.0414,    0.0428,    0.0455,    0.0636,    0.0651,    0.0606,    0.0552,    0.0486,    0.0581,    0.0805,    0.0817,    0.0749,    0.0818,    0.0857,    0.0869,    0.0854,    0.0947,    0.0909,    0.1514,    0.1392,    0.1574,    0.1488,    0.1584,    0.3431,    0.3348,    0.3476,    0.2364,    0.2380,    0.2294,    0.2375,    0.2436,    0.2485,    0.2310,    0.2277,    0.2365,    0.5978,    0.5397,    0.5336,    0.5175,    0.4781,    0.4484,    0.3937,    0.3622,    0.3482,    0.3052,    0.2345,    0.2178,    0.1680,    0.3929,    0.2997,    0.2862,    0.1931,    0.1402,    0.1133,    0.0455,    0.0402,    0.0285,    0.0099,    0.0081
    2,    2.0000,  227.5722,    0.0451,  114.7566,  141.6924,   27.4236,  -83.2757,  158.4330,  163.5827,  163.6723,  163.8293,  164.1029,  164.5732,  165.3648,  166.6602,  168.4872,  170.9519,  174.2721,  178.5564,  183.8814,  190.3071,  197.9049,  205.8548,  212.8059,  218.1105,  222.1140,  224.8330,  226.3589,  227.0949,  227.3721,  227.5098,  227.5598,    0.0726,    0.2750,    0.5813,    0.9616,    1.3897,    1.8433,    2.3034,    2.6765,    3.0971,    3.4905,    4.0060,    4.8792,    4.3840,    4.0679,    4.0377,    4.1494,    4.2368,    4.4798,    4.8836,    4.8315,    4.4224,    4.0438,    3.9805,    3.9112,    1.3557,    1.3393,    1.4016,    1.3598,    1.3447,    1.2846,    1.1188,    1.0760,    1.0183,    0.8429,    0.8303,    0.6485,    0.4163,    0.3546,    0.2934,    0.2826,    0.2635,    0.2226,    0.2559,    0.2584,    0.2748,    0.3083,    0.3632,    0.4212,    0.5158,    0.5535,    0.4746,    0.5841,    0.5756,    0.5392,    0.5391,    0.5738,    0.4832,    0.4826,    0.4783,    0.4711,    0.9997,    0.7647,    0.7246,    0.5784,    0.5449,    0.4649,    0.4277,    0.4015,    0.3936,    0.3697,    0.3524,    0.3332,    0.5408,    0.5517,    0.5050,    0.5343,    0.6722,    0.6118,    0.6861,    0.6191,    0.5198,    0.4682,    0.3807,    0.3406,    0.6625,    0.3272,    0.1424,    0.0629,    0.0432,    0.0396,    0.0257,    0.0217,    0.0141,    0.0090,    0.0070,    0.0047,    0.0936,    0.0479,    0.0873,    0.1057,    0.1188,    0.1101,    0.1212,    0.1346,    0.1187,    0.1634,    0.1445,    0.1603,    0.1767,    0.1439,    0.2089,    0.2311,    0.1904,    0.2019,    0.2055,    0.2247,    0.2536,    0.1878,    0.2981,    0.3143,    0.3868,    0.4135,    0.4280,    0.4550,    0.4645,    0.4841,    0.4819,    0.5222,    0.5483,    0.5419,    0.5969,    0.6075,    1.0520,    1.1490,    1.2047,    1.2395,    1.2555,    1.3677,    1.2902,    1.3780,    1.3246,    1.4153,    1.3413,    1.4354,    3.0958,    3.0457,    3.1259,    3.1519,    3.1811,    3.0581,    3.1656,    3.2464,    3.3124,    3.0797,    3.0358,    3.1527,    7.9700,    7.4251,    7.3428,    7.1222,    6.5808,    6.1741,    5.4223,    4.9909,    4.7999,    4.2099,    3.2365,    3.0088,    2.3226,    2.0112,    1.5364,    1.4696,    0.9934,    0.7230,    0.5861,    0.2361,    0.2090,    0.1491,    0.0520,    0.0425,    0.0026,    0.0098,    0.0205,    0.0333,    0.0474,    0.0618,    0.0758,    0.0122,    0.0128,    0.0107,    0.1754,    0.7640,    0.6696,    0.2184,    0.0659,    0.0617,    0.0534,    0.2617,    0.7211,    0.8104,    0.5402,    0.2635,    0.2868,    0.3463,    0.1101,    0.1308,    0.2786,    0.3604,    0.5373,    0.6295,    0.9288,    0.9524,    1.0121,    1.1238,    1.1552,    1.2563,    0.9697,    0.9641,    0.9572,    0.9473,    0.9378,    0.9287,    0.9178,    0.9074,    0.8966,    0.8844,    0.8685,    0.8439,    0.8171,    0.7146,    0.7782,    0.6095,    0.6082,    0.6589,    0.6236,    0.5338,    0.6014,    0.5708,    0.5503,    0.5377,    1.6546,    1.7059,    1.6247,    1.6148,    1.5396,    1.4959,    1.4244,    1.3550,    1.2524,    1.1898,    1.0170,    0.9639,    1.3056,    1.1366,    1.0468,    0.8914,    0.7320,    0.6525,    0.4792,    0.4320,    0.3984,    0.3607,    0.3876,    0.3490,    1.0321,    0.8764,    0.7049,    0.5321,    0.3705,    0.2435,    0.1685,    0.1097,    0.0752,    0.0516,    0.0336,    0.0222,    0.0002,    0.0000,    0.0006,    0.0011,    0.0012,    0.0011,    0.0012,    0.0033,    0.0029,    0.0040,    0.0036,    0.0049,    0.0054,    0.0044,    0.0063,    0.0069,    0.0040,    0.0026,    0.0003,    0.0007,    0.0034,    0.0041,    0.0214,    0.0225,    0.0278,    0.0297,    0.0308,    0.0327,    0.0478,    0.0489,    0.0456,    0.0415,    0.0366,    0.0437,    0.0605,    0.0614,    0.0514,    0.0562,    0.0588,    0.0597,    0.0586,    0.0650,    0.0624,    0.1106,    0.1017,    0.1150,    0.1087,    0.1157,    0.2506,    0.2446,    0.2539,    0.1636,    0.1647,    0.1587,    0.1643,    0.1685,    0.1720,    0.1598,    0.1576,    0.1636,    0.4136,    0.3728,    0.3686,    0.3575,    0.3302,    0.3097,    0.2719,    0.2502,    0.2405,    0.2108,    0.1620,    0.1505,    0.1161,    0.3091,    0.2358,    0.2252,    0.1519,    0.1103,    0.0892,    0.0358,    0.0316,    0.0225,    0.0078,    0.0063
