Particle       ,data/QEXT_96IR_84_VIS_NC25v2_2umrod
Ncase          ,  14
dt (sols)      ,  0.020833
Qext 0.67um    ,  1.383025
Alb sfc        ,  0.220000
Conrath nu     ,  0.002000
Sun Flux (W/m2),148.389262
BWN IR (cm-1)  ,     10.0000,     34.1670,     58.3330,     82.5000,    106.6670,    130.8330,    155.0000,    179.1670,    203.3330,    227.5000,    251.6670,    275.8330,    300.0000,    320.7880,    341.5750,    362.3630,    383.1500,    403.9380,    424.7250,    445.5130,    466.3010,    487.0880,    507.8760,    528.6630,    549.4510,    556.7420,    564.0330,    571.3240,    578.6150,    585.9060,    593.1970,    600.4880,    607.7790,    615.0700,    622.3610,    629.6520,    636.9430,    642.5500,    648.1570,    653.7640,    659.3700,    664.9770,    670.5840,    676.1910,    681.7980,    687.4050,    693.0110,    698.6180,    704.2250,    710.1390,    716.0530,    721.9670,    727.8810,    733.7950,    739.7090,    745.6240,    751.5380,    757.4520,    763.3660,    769.2800,    775.1940,    791.5010,    807.8070,    824.1140,    840.4210,    856.7270,    873.0340,    889.3410,    905.6470,    921.9540,    938.2610,    954.5670,    970.8740,    996.8050,   1022.7370,   1048.6680,   1074.6000,   1100.5310,   1126.4630,   1152.3940,   1178.3250,   1204.2570,   1230.1880,   1256.1200,   1282.0510,   1360.3990,   1438.7460,   1517.0940,   1595.4410,   1673.7890,   1752.1370,   1830.4840,   1908.8320,   1987.1790,   2065.5270,   2143.8740,   2222.2220
BWN VIS (cm-1) ,   2222.2200,   2294.3160,   2366.4120,   2438.5080,   2510.6030,   2582.6990,   2654.7950,   2726.8910,   2798.9870,   2871.0820,   2943.1780,   3015.2740,   3087.3700,   3165.9750,   3244.5800,   3323.1850,   3401.7900,   3480.3950,   3559.0000,   3637.6050,   3716.2100,   3794.8150,   3873.4200,   3952.0250,   4030.6300,   4142.2920,   4253.9530,   4365.6150,   4477.2770,   4588.9380,   4700.6000,   4812.2620,   4923.9230,   5035.5850,   5147.2470,   5258.9080,   5370.5700,   5560.6150,   5750.6600,   5940.7050,   6130.7500,   6320.7950,   6510.8400,   6700.8850,   6890.9300,   7080.9750,   7271.0200,   7461.0650,   7651.1100,   8055.1840,   8459.2580,   8863.3330,   9267.4070,   9671.4810,  10075.5550,  10479.6290,  10883.7030,  11287.7780,  11691.8520,  12095.9260,  12500.0000,  13541.6670,  14583.3330,  15625.0000,  16666.6670,  17708.3330,  18750.0000,  19791.6670,  20833.3330,  21875.0000,  22916.6670,  23958.3330,  25000.0000,  26388.8890,  27777.7780,  29166.6670,  30555.5570,  31944.4460,  33333.3350,  34722.2240,  36111.1130,  37500.0030,  38888.8920,  40277.7810,  41666.6700
SUN VIS (W/m2) ,      0.1008,      0.0862,      0.0968,      0.1089,      0.1224,      0.1136,      0.1248,      0.1400,      0.1233,      0.1698,      0.1502,      0.1645,      0.1814,      0.1477,      0.2144,      0.2377,      0.1946,      0.2106,      0.2276,      0.2472,      0.2683,      0.1918,      0.3072,      0.3239,      0.3986,      0.4261,      0.4410,      0.4688,      0.4810,      0.5017,      0.5013,      0.5485,      0.5772,      0.5665,      0.6183,      0.6303,      1.0809,      1.1806,      1.2379,      1.2751,      1.2949,      1.4092,      1.3262,      1.4132,      1.3634,      1.4505,      1.3747,      1.4716,      3.1730,      3.1258,      3.2038,      3.2543,      3.2846,      3.1576,      3.2685,      3.3520,      3.4202,      3.1800,      3.1347,      3.2554,      8.2299,      7.8425,      7.7561,      7.5237,      6.9524,      6.5235,      5.7299,      5.2748,      5.0739,      4.4511,      3.4228,      3.1828,      2.4579,      2.2644,      1.7312,      1.6575,      1.1215,      0.8173,      0.6634,      0.2677,      0.2374,      0.1697,      0.0593,      0.0486
================
wavelenght [um],    0.244068,    0.252632,    0.261818,    0.271698,    0.282353,    0.293878,    0.306383,    0.320000,    0.334884,    0.351220,    0.369231,    0.389189,    0.408511,    0.426667,    0.446512,    0.468293,    0.492308,    0.518919,    0.548571,    0.581818,    0.619355,    0.662069,    0.711111,    0.768000,    0.813143,    0.840768,    0.870336,    0.902060,    0.936184,    0.972991,    1.012810,    1.056028,    1.103099,    1.154562,    1.211061,    1.273375,    1.323436,    1.357581,    1.393534,    1.431444,    1.471474,    1.513807,    1.558648,    1.606226,    1.656801,    1.710664,    1.768147,    1.829628,    1.881560,    1.921939,    1.964090,    2.008131,    2.054193,    2.102417,    2.152960,    2.205992,    2.261704,    2.320302,    2.382017,    2.447105,    2.505432,    2.555765,    2.608162,    2.662752,    2.719677,    2.779088,    2.841153,    2.906054,    2.973989,    3.045176,    3.119855,    3.198288,    3.277268,    3.356577,    3.439819,    3.527294,    3.619334,    3.716307,    3.818620,    3.926726,    4.041130,    4.162400,    4.291175,    4.428172,    4.580751,    4.751270,    4.934974,    5.133456,    5.348572,    5.582505,    5.837838,    6.117648,    6.425631,    6.766266,    7.145039,    7.568734,    7.879690,    8.044056,    8.215425,    8.394255,    8.581043,    8.776330,    8.980716,    9.194848,    9.419442,    9.655282,    9.903235,   10.164260,   10.387231,   10.566200,   10.751445,   10.943308,   11.142136,   11.348323,   11.562291,   11.784476,   12.015368,   12.255495,   12.505409,   12.765727,   12.949392,   13.049328,   13.150818,   13.253898,   13.358608,   13.464994,   13.573088,   13.682923,   13.794549,   13.908012,   14.023357,   14.140631,   14.256763,   14.371646,   14.488386,   14.607038,   14.727660,   14.850291,   14.974981,   15.101782,   15.230738,   15.361915,   15.495384,   15.631191,   15.790367,   15.974275,   16.162517,   16.355249,   16.552633,   16.754839,   16.962047,   17.174443,   17.392227,   17.615605,   17.844795,   18.080028,   18.550914,   19.294981,   20.101230,   20.977796,   21.934298,   22.982219,   24.135264,   25.410119,   26.827165,   28.411593,   30.194923,   32.217118,   34.732292,   37.914692,   41.739101,   46.421699,   52.287582,   59.850314,   69.970927,   84.210526,  105.726686,  142.012170,  216.216216,  452.826771
Qext           ,      1.1000,      1.1000,      1.1000,      1.1000,      1.1000,      1.1000,      1.1000,      1.1000,      1.1000,      1.1000,      1.1000,      1.3830,      1.3830,      1.3830,      1.3830,      1.3830,      1.3830,      1.3830,      1.3830,      1.3830,      1.3830,      1.3830,      1.3830,      1.1840,      1.1840,      1.1840,      1.1840,      1.1840,      1.1840,      1.1840,      1.1840,      1.1840,      1.1840,      1.2279,      1.2279,      1.2279,      1.2279,      1.2279,      1.2279,      1.2279,      1.2279,      1.4043,      1.4043,      1.4043,      1.4043,      1.4043,      1.4043,      1.4043,      1.4603,      1.4603,      1.4603,      1.4603,      1.4603,      1.4603,      1.4603,      1.4603,      1.5338,      1.5338,      1.5338,      1.5338,      1.5338,      1.5338,      1.6709,      1.6709,      1.6709,      1.6709,      1.6709,      1.6709,      1.5247,      1.5247,      1.5247,      1.5247,      1.5247,      1.7258,      1.7258,      1.7258,      1.7258,      2.0284,      2.0284,      2.0284,      2.0284,      2.2658,      2.2658,      2.2658,      2.4192,      2.4192,      3.0650,      3.0650,      3.2930,      3.2243,      3.2243,      2.4883,      2.2803,      2.4751,      2.9475,      3.7316,      4.9089,      4.9089,      6.3436,      6.3436,      5.6458,      5.6458,      3.5325,      3.5325,      2.4520,      1.8291,      1.8291,      1.3984,      1.1028,      1.1028,      0.9186,      0.9186,      0.7709,      0.7709,      0.7410,      0.7357,      0.7357,      0.8217,      0.8217,      1.0875,      1.3745,      1.3745,      1.3745,      1.3745,      1.9022,      1.9022,      1.9022,      2.8401,      2.8401,      2.8401,      3.5932,      3.5932,      3.5932,      3.5452,      3.5452,      3.5452,      2.9677,      2.9677,      2.9677,      2.6336,      2.6336,      2.6336,      2.9034,      2.9034,      2.9034,      3.4914,      3.4914,      3.9074,      3.9074,      3.8902,      3.4829,      3.4829,      2.8784,      2.8784,      2.2686,      1.7822,      1.6316,      1.3728,      1.4255,      1.0745,      0.6842,      1.2238,      2.3079,      2.5142,      1.4728,      0.4783,      0.2279,      0.2159,      0.1075,      0.0564,      0.0514,      0.0187,      0.0124,      0.0142,      0.0142,      0.0142,      0.0142,      0.0142,      0.0142,      0.0142
Qscat          ,      0.4925,      0.4925,      0.4925,      0.4925,      0.4925,      0.4925,      0.4925,      0.4925,      0.4925,      0.4925,      0.4925,      0.3541,      0.3541,      0.3541,      0.3541,      0.3541,      0.3541,      0.3541,      0.3541,      0.3541,      0.3541,      0.3541,      0.3541,      0.1819,      0.1819,      0.1819,      0.1819,      0.1819,      0.1819,      0.1819,      0.1819,      0.1819,      0.1819,      0.1535,      0.1535,      0.1535,      0.1535,      0.1535,      0.1535,      0.1535,      0.1535,      0.1355,      0.1355,      0.1355,      0.1355,      0.1355,      0.1355,      0.1355,      0.1621,      0.1621,      0.1621,      0.1621,      0.1621,      0.1621,      0.1621,      0.1621,      0.1733,      0.1733,      0.1733,      0.1733,      0.1733,      0.1733,      0.1481,      0.1481,      0.1481,      0.1481,      0.1481,      0.1481,      0.1326,      0.1326,      0.1326,      0.1326,      0.1326,      0.1356,      0.1356,      0.1356,      0.1356,      0.1777,      0.1777,      0.1777,      0.1777,      0.1658,      0.1658,      0.1658,      0.1836,      0.1836,      0.1909,      0.1909,      0.2649,      0.3824,      0.3824,      0.3904,      0.3303,      0.3718,      0.4620,      0.5397,      0.6664,      0.6664,      0.9330,      0.9330,      1.0451,      1.0451,      0.7561,      0.7561,      0.4769,      0.4081,      0.4081,      0.3339,      0.3120,      0.3120,      0.2880,      0.2880,      0.3341,      0.3341,      0.2878,      0.4351,      0.4351,      0.4593,      0.4593,      0.6106,      0.9360,      0.9360,      0.9360,      0.9360,      1.0781,      1.0781,      1.0781,      1.2722,      1.2722,      1.2722,      1.6593,      1.6593,      1.6593,      1.7683,      1.7683,      1.7683,      1.4201,      1.4201,      1.4201,      1.0930,      1.0930,      1.0930,      1.1622,      1.1622,      1.1622,      1.4256,      1.4256,      1.4928,      1.4928,      1.2799,      0.9980,      0.9980,      0.8371,      0.8371,      0.7901,      0.7402,      0.6835,      0.4795,      0.6736,      0.8393,      0.6841,      1.2237,      2.3077,      2.5140,      0.5949,      0.0160,      0.2279,      0.0864,     -0.0920,      0.0564,      0.0514,     -0.0406,      0.0124,      0.0142,      0.0142,      0.0142,      0.0142,      0.0142,      0.0142,      0.0142
G factor       ,      0.4470,      0.4470,      0.4470,      0.4470,      0.4470,      0.4470,      0.4470,      0.4470,      0.4470,      0.4470,      0.4470,      0.5190,      0.5190,      0.5190,      0.5190,      0.5190,      0.5190,      0.5190,      0.5190,      0.5190,      0.5190,      0.5190,      0.5190,      0.3450,      0.3450,      0.3450,      0.3450,      0.3450,      0.3450,      0.3450,      0.3450,      0.3450,      0.3450,      0.3020,      0.3020,      0.3020,      0.3020,      0.3020,      0.3020,      0.3020,      0.3020,      0.2840,      0.2840,      0.2840,      0.2840,      0.2840,      0.2840,      0.2840,      0.2550,      0.2550,      0.2550,      0.2550,      0.2550,      0.2550,      0.2550,      0.2550,      0.2800,      0.2800,      0.2800,      0.2800,      0.2800,      0.2800,      0.2450,      0.2450,      0.2450,      0.2450,      0.2450,      0.2450,      0.1690,      0.1690,      0.1690,      0.1690,      0.1690,      0.2320,      0.2320,      0.2320,      0.2320,      0.2360,      0.2360,      0.2360,      0.2360,      0.1940,      0.1940,      0.1940,      0.1640,      0.1640,      0.1910,      0.1910,      0.2030,      0.2260,      0.2260,      0.0900,      0.0450,      0.1060,      0.1570,      0.0900,      0.0620,      0.0620,      0.1020,      0.1020,      0.1580,      0.1580,      0.1550,      0.1550,      0.0910,      0.0640,      0.0640,      0.0240,      0.0010,      0.0010,     -0.0420,     -0.0420,     -0.0530,     -0.0530,     -0.0680,     -0.0450,     -0.0450,     -0.0040,     -0.0040,      0.0390,      0.0670,      0.0670,      0.0670,      0.0670,      0.0590,      0.0590,      0.0590,      0.0360,      0.0360,      0.0360,      0.0160,      0.0160,      0.0160,     -0.0100,     -0.0100,     -0.0100,     -0.0500,     -0.0500,     -0.0500,     -0.0800,     -0.0800,     -0.0800,     -0.0680,     -0.0680,     -0.0680,     -0.0380,     -0.0380,     -0.0130,     -0.0130,      0.0030,      0.0130,      0.0130,      0.0170,      0.0170,      0.0150,      0.0060,     -0.0000,     -0.0170,     -0.0210,     -0.0550,     -0.0910,      0.0040,      0.0400,      0.0360,      0.0210,      0.0090,      0.0250,      0.0080,     -0.0350,     -0.0210,      0.0020,      0.0140,      0.0350,      0.0230,      0.0230,      0.0230,      0.0230,      0.0230,      0.0230,      0.0230
================
P [mbar]       ,    0.1004,    0.1015,    0.1034,    0.1069,    0.1130,    0.1239,    0.1432,    0.1740,    0.2226,    0.3028,    0.4349,    0.6529,    1.0121,    1.6044,    2.4646,    3.4606,    4.3994,    5.2226,    5.8426,    6.2132,    6.3980,    6.4686,    6.5039,    6.5168
Temp initial[K],  163.5827,  163.6723,  163.8293,  164.1029,  164.5732,  165.3648,  166.6602,  168.4872,  170.9519,  174.2721,  178.5564,  183.8814,  190.3071,  197.9049,  205.8548,  212.8059,  218.1105,  222.1140,  224.8330,  226.3589,  227.0949,  227.3721,  227.5098,  227.5598
================
it   ,   tau    ,  Tsfc    ,   alb    ,   OLR    ,    ASR   ,  NET top ,  NET bot , T lev  01, T lev  02, T lev  03, T lev  04, T lev  05, T lev  06, T lev  07, T lev  08, T lev  09, T lev  10, T lev  11, T lev  12, T lev  13, T lev  14, T lev  15, T lev  16, T lev  17, T lev  18, T lev  19, T lev  20, T lev  21, T lev  22, T lev  23, T lev  24, T lev  25,  OLR IR01,  OLR IR02,  OLR IR03,  OLR IR04,  OLR IR05,  OLR IR06,  OLR IR07,  OLR IR08,  OLR IR09,  OLR IR10,  OLR IR11,  OLR IR12,  OLR IR13,  OLR IR14,  OLR IR15,  OLR IR16,  OLR IR17,  OLR IR18,  OLR IR19,  OLR IR20,  OLR IR21,  OLR IR22,  OLR IR23,  OLR IR24,  OLR IR25,  OLR IR26,  OLR IR27,  OLR IR28,  OLR IR29,  OLR IR30,  OLR IR31,  OLR IR32,  OLR IR33,  OLR IR34,  OLR IR35,  OLR IR36,  OLR IR37,  OLR IR38,  OLR IR39,  OLR IR40,  OLR IR41,  OLR IR42,  OLR IR43,  OLR IR44,  OLR IR45,  OLR IR46,  OLR IR47,  OLR IR48,  OLR IR49,  OLR IR50,  OLR IR51,  OLR IR52,  OLR IR53,  OLR IR54,  OLR IR55,  OLR IR56,  OLR IR57,  OLR IR58,  OLR IR59,  OLR IR60,  OLR IR61,  OLR IR62,  OLR IR63,  OLR IR64,  OLR IR65,  OLR IR66,  OLR IR67,  OLR IR68,  OLR IR69,  OLR IR70,  OLR IR71,  OLR IR72,  OLR IR73,  OLR IR74,  OLR IR75,  OLR IR76,  OLR IR77,  OLR IR78,  OLR IR79,  OLR IR80,  OLR IR81,  OLR IR82,  OLR IR83,  OLR IR84,  OLR IR85,  OLR IR86,  OLR IR87,  OLR IR88,  OLR IR89,  OLR IR90,  OLR IR91,  OLR IR92,  OLR IR93,  OLR IR94,  OLR IR95,  OLR IR96, ASR VIS01, ASR VIS02, ASR VIS03, ASR VIS04, ASR VIS05, ASR VIS06, ASR VIS07, ASR VIS08, ASR VIS09, ASR VIS10, ASR VIS11, ASR VIS12, ASR VIS13, ASR VIS14, ASR VIS15, ASR VIS16, ASR VIS17, ASR VIS18, ASR VIS19, ASR VIS20, ASR VIS21, ASR VIS22, ASR VIS23, ASR VIS24, ASR VIS25, ASR VIS26, ASR VIS27, ASR VIS28, ASR VIS29, ASR VIS30, ASR VIS31, ASR VIS32, ASR VIS33, ASR VIS34, ASR VIS35, ASR VIS36, ASR VIS37, ASR VIS38, ASR VIS39, ASR VIS40, ASR VIS41, ASR VIS42, ASR VIS43, ASR VIS44, ASR VIS45, ASR VIS46, ASR VIS47, ASR VIS48, ASR VIS49, ASR VIS50, ASR VIS51, ASR VIS52, ASR VIS53, ASR VIS54, ASR VIS55, ASR VIS56, ASR VIS57, ASR VIS58, ASR VIS59, ASR VIS60, ASR VIS61, ASR VIS62, ASR VIS63, ASR VIS64, ASR VIS65, ASR VIS66, ASR VIS67, ASR VIS68, ASR VIS69, ASR VIS70, ASR VIS71, ASR VIS72, ASR VIS73, ASR VIS74, ASR VIS75, ASR VIS76, ASR VIS77, ASR VIS78, ASR VIS79, ASR VIS80, ASR VIS81, ASR VIS82, ASR VIS83, ASR VIS84, SFC DIR01, SFC DIR02, SFC DIR03, SFC DIR04, SFC DIR05, SFC DIR06, SFC DIR07, SFC DIR08, SFC DIR09, SFC DIR10, SFC DIR11, SFC DIR12, SFC DIR13, SFC DIR14, SFC DIR15, SFC DIR16, SFC DIR17, SFC DIR18, SFC DIR19, SFC DIR20, SFC DIR21, SFC DIR22, SFC DIR23, SFC DIR24, SFC DIR25, SFC DIR26, SFC DIR27, SFC DIR28, SFC DIR29, SFC DIR30, SFC DIR31, SFC DIR32, SFC DIR33, SFC DIR34, SFC DIR35, SFC DIR36, SFC DIR37, SFC DIR38, SFC DIR39, SFC DIR40, SFC DIR41, SFC DIR42, SFC DIR43, SFC DIR44, SFC DIR45, SFC DIR46, SFC DIR47, SFC DIR48, SFC DIR49, SFC DIR50, SFC DIR51, SFC DIR52, SFC DIR53, SFC DIR54, SFC DIR55, SFC DIR56, SFC DIR57, SFC DIR58, SFC DIR59, SFC DIR60, SFC DIR61, SFC DIR62, SFC DIR63, SFC DIR64, SFC DIR65, SFC DIR66, SFC DIR67, SFC DIR68, SFC DIR69, SFC DIR70, SFC DIR71, SFC DIR72, SFC DIR73, SFC DIR74, SFC DIR75, SFC DIR76, SFC DIR77, SFC DIR78, SFC DIR79, SFC DIR80, SFC DIR81, SFC DIR82, SFC DIR83, SFC DIR84, SFC DIR85, SFC DIR86, SFC DIR87, SFC DIR88, SFC DIR89, SFC DIR90, SFC DIR91, SFC DIR92, SFC DIR93, SFC DIR94, SFC DIR95, SFC DIR96,SFC DVIS01,SFC DVIS02,SFC DVIS03,SFC DVIS04,SFC DVIS05,SFC DVIS06,SFC DVIS07,SFC DVIS08,SFC DVIS09,SFC DVIS10,SFC DVIS11,SFC DVIS12,SFC DVIS13,SFC DVIS14,SFC DVIS15,SFC DVIS16,SFC DVIS17,SFC DVIS18,SFC DVIS19,SFC DVIS20,SFC DVIS21,SFC DVIS22,SFC DVIS23,SFC DVIS24,SFC DVIS25,SFC DVIS26,SFC DVIS27,SFC DVIS28,SFC DVIS29,SFC DVIS30,SFC DVIS31,SFC DVIS32,SFC DVIS33,SFC DVIS34,SFC DVIS35,SFC DVIS36,SFC DVIS37,SFC DVIS38,SFC DVIS39,SFC DVIS40,SFC DVIS41,SFC DVIS42,SFC DVIS43,SFC DVIS44,SFC DVIS45,SFC DVIS46,SFC DVIS47,SFC DVIS48,SFC DVIS49,SFC DVIS50,SFC DVIS51,SFC DVIS52,SFC DVIS53,SFC DVIS54,SFC DVIS55,SFC DVIS56,SFC DVIS57,SFC DVIS58,SFC DVIS59,SFC DVIS60,SFC DVIS61,SFC DVIS62,SFC DVIS63,SFC DVIS64,SFC DVIS65,SFC DVIS66,SFC DVIS67,SFC DVIS68,SFC DVIS69,SFC DVIS70,SFC DVIS71,SFC DVIS72,SFC DVIS73,SFC DVIS74,SFC DVIS75,SFC DVIS76,SFC DVIS77,SFC DVIS78,SFC DVIS79,SFC DVIS80,SFC DVIS81,SFC DVIS82,SFC DVIS83,SFC DVIS84
    2,    0.0000,  227.5722,    0.2192,  139.8688,  115.8602,  -23.5218,  -14.0680,  158.4330,  163.5827,  163.6723,  163.8293,  164.1029,  164.5732,  165.3648,  166.6602,  168.4872,  170.9519,  174.2721,  178.5564,  183.8814,  190.3071,  197.9049,  205.8548,  212.8059,  218.1105,  222.1140,  224.8330,  226.3589,  227.0949,  227.3721,  227.5098,  227.5598,    0.0705,    0.2675,    0.5658,    0.9364,    1.3541,    1.7971,    2.2470,    2.6886,    3.1100,    3.5012,    3.8550,    4.1668,    3.7991,    3.9662,    4.1036,    4.2111,    4.2902,    4.3412,    4.3666,    4.3674,    4.3455,    4.3031,    4.2365,    4.1377,    1.4329,    1.4160,    1.3937,    1.3544,    1.3064,    1.2531,    1.1042,    1.0903,    1.0331,    0.8812,    0.8657,    0.6804,    0.4286,    0.3613,    0.2973,    0.2859,    0.2660,    0.2237,    0.2586,    0.2615,    0.2793,    0.3166,    0.3804,    0.4522,    0.5746,    0.6344,    0.5305,    0.6851,    0.6744,    0.6698,    0.6769,    0.7426,    0.7550,    0.7683,    0.7700,    0.7628,    2.0538,    1.9716,    1.9052,    1.8274,    1.7484,    1.6691,    1.5919,    1.5151,    1.4407,    1.3665,    1.2937,    1.2291,    1.8278,    1.6842,    1.5339,    1.3924,    1.2741,    1.1725,    1.0662,    0.9681,    0.8777,    0.7928,    0.7079,    0.6374,    1.5840,    1.1437,    0.8293,    0.5901,    0.4167,    0.2922,    0.2036,    0.1383,    0.0940,    0.0622,    0.0416,    0.0303,    0.0906,    0.0482,    0.0759,    0.0854,    0.0957,    0.0892,    0.0975,    0.1096,    0.0962,    0.1325,    0.1172,    0.1283,    0.1417,    0.1155,    0.1680,    0.1868,    0.1536,    0.1833,    0.2065,    0.2237,    0.2252,    0.1502,    0.2398,    0.2533,    0.3110,    0.3324,    0.3440,    0.3658,    0.3756,    0.3940,    0.4010,    0.4565,    0.4953,    0.4717,    0.4852,    0.4943,    0.8433,    0.9209,    0.9663,    0.9993,    1.0234,    1.1077,    1.0381,    1.1064,    1.0804,    1.1314,    1.0733,    1.1507,    2.4780,    2.4450,    2.4989,    2.5384,    2.5644,    2.4626,    2.5489,    2.6139,    2.6670,    2.4800,    2.4441,    2.5380,    6.4157,    6.1123,    6.0433,    5.8603,    5.4132,    5.0767,    4.4565,    4.0997,    3.9404,    3.4535,    2.6528,    2.4637,    1.8993,    1.7458,    1.3311,    1.2705,    0.8565,    0.6215,    0.5021,    0.2015,    0.1776,    0.1261,    0.0437,    0.0355,    0.0000,    0.0000,    0.0000,    0.0000,    0.0000,    0.0000,    0.0000,    0.0000,    0.0000,    0.0000,    0.0000,    0.0000,    0.0000,    0.0000,    0.0000,    0.0000,    0.0000,    0.0000,    0.0000,    0.0004,    0.0013,    0.0042,    0.0316,    0.1224,    0.0337,    0.0553,    0.0951,    0.1939,    0.3170,    0.4390,    0.7874,    0.8078,    0.8986,    1.0611,    1.1127,    1.2540,    0.9696,    0.9641,    0.9572,    0.9473,    0.9378,    0.9287,    0.9178,    0.9074,    0.8966,    0.8844,    0.8683,    0.8421,    0.8025,    0.6764,    0.7395,    0.4977,    0.5022,    0.4908,    0.4247,    0.2470,    0.1814,    0.1031,    0.0612,    0.0469,    0.0933,    0.0788,    0.0260,    0.0119,    0.0030,    0.0028,    0.0017,    0.0056,    0.0100,    0.0182,    0.0292,    0.0235,    0.0278,    0.0056,    0.0259,    0.0458,    0.0328,    0.0004,    0.0000,    0.0000,    0.0000,    0.0031,    0.0165,    0.0171,    0.0171,    0.0171,    0.0000,    0.0000,    0.0000,    0.0000,    0.0000,    0.0035,    0.0040,    0.0054,    0.0048,    0.0010,    0.0230,    0.0000,    0.0598,    0.1073,    0.1213,    0.1109,    0.1245,    0.1385,    0.1233,    0.1698,    0.1501,    0.1645,    0.1806,    0.1466,    0.2118,    0.2312,    0.1878,    0.1215,    0.0145,    0.0325,    0.1583,    0.1897,    0.3065,    0.3218,    0.3984,    0.4260,    0.4410,    0.4686,    0.4796,    0.4909,    0.4572,    0.4157,    0.3661,    0.4375,    0.6076,    0.6165,    1.0804,    1.1803,    1.2358,    1.2540,    1.2316,    1.3659,    1.3119,    1.3949,    1.2823,    1.4502,    1.3714,    1.4595,    3.1611,    3.0848,    3.2030,    3.2531,    3.2743,    3.1567,    3.2678,    3.3511,    3.4192,    3.1776,    3.1334,    3.2539,    8.2247,    7.8363,    7.7478,    7.5132,    6.9399,    6.5086,    5.7135,    5.2561,    5.0518,    4.4276,    3.4010,    3.1586,    2.4350,    2.2382,    1.7066,    1.6288,    1.0981,    0.7968,    0.6438,    0.2584,    0.2277,    0.1616,    0.0560,    0.0455
    2,    0.0500,  227.5722,    0.1940,  134.4060,  119.6029,  -14.3161,  -15.8747,  158.4330,  163.5827,  163.6723,  163.8293,  164.1029,  164.5732,  165.3648,  166.6602,  168.4872,  170.9519,  174.2721,  178.5564,  183.8814,  190.3071,  197.9049,  205.8548,  212.8059,  218.1105,  222.1140,  224.8330,  226.3589,  227.0949,  227.3721,  227.5098,  227.5598,    0.0705,    0.2674,    0.5655,    0.9360,    1.3534,    1.7962,    2.2459,    2.6875,    3.1126,    3.4946,    3.8468,    4.1701,    3.7807,    3.9341,    4.0741,    4.0733,    3.9396,    4.0146,    4.1796,    4.2509,    4.1928,    4.1443,    4.0971,    3.9706,    1.3696,    1.3414,    1.3058,    1.2710,    1.2140,    1.1680,    1.0325,    1.0178,    0.9688,    0.8393,    0.8279,    0.6658,    0.4231,    0.3583,    0.2962,    0.2849,    0.2653,    0.2234,    0.2577,    0.2605,    0.2776,    0.3132,    0.3731,    0.4388,    0.5484,    0.5982,    0.5102,    0.6474,    0.6377,    0.6440,    0.6492,    0.7078,    0.7271,    0.7385,    0.7395,    0.7323,    1.9889,    1.9225,    1.8570,    1.7840,    1.7067,    1.6313,    1.5538,    1.4787,    1.4012,    1.3289,    1.2519,    1.1891,    1.7535,    1.5956,    1.4525,    1.2952,    1.1493,    1.0556,    0.9028,    0.8181,    0.7241,    0.6528,    0.6068,    0.5455,    1.4020,    1.0363,    0.7607,    0.5434,    0.3804,    0.2595,    0.1804,    0.1217,    0.0833,    0.0550,    0.0377,    0.0274,    0.0915,    0.0481,    0.0789,    0.0903,    0.1013,    0.0943,    0.1032,    0.1152,    0.1013,    0.1394,    0.1233,    0.1342,    0.1482,    0.1207,    0.1755,    0.1949,    0.1608,    0.1871,    0.2066,    0.2242,    0.2309,    0.1575,    0.2504,    0.2644,    0.3247,    0.3471,    0.3592,    0.3820,    0.3915,    0.4101,    0.4155,    0.4686,    0.5053,    0.4846,    0.5051,    0.5145,    0.8788,    0.9597,    1.0068,    1.0402,    1.0630,    1.1520,    1.0810,    1.1447,    1.1149,    1.1715,    1.1111,    1.1908,    2.5651,    2.5297,    2.5873,    2.6210,    2.6475,    2.5428,    2.6319,    2.6991,    2.7539,    2.5607,    2.5238,    2.6208,    6.6249,    6.3068,    6.2357,    6.0469,    5.5856,    5.2386,    4.5988,    4.2307,    4.0664,    3.5642,    2.7379,    2.5430,    1.9606,    1.7711,    1.3505,    1.2892,    0.8693,    0.6309,    0.5098,    0.2047,    0.1804,    0.1281,    0.0444,    0.0361,    0.0000,    0.0001,    0.0003,    0.0005,    0.0007,    0.0009,    0.0011,    0.0012,    0.0069,    0.0066,    0.0081,    0.0361,    0.0412,    0.0321,    0.1124,    0.2929,    0.3506,    0.3266,    0.1871,    0.1169,    0.1925,    0.2794,    0.3015,    0.4167,    0.1445,    0.1937,    0.2638,    0.3470,    0.4773,    0.5772,    0.8758,    0.8881,    0.9612,    1.0928,    1.1341,    1.2552,    0.9697,    0.9641,    0.9572,    0.9473,    0.9378,    0.9287,    0.9178,    0.9074,    0.8966,    0.8844,    0.8684,    0.8433,    0.8121,    0.7017,    0.7527,    0.5359,    0.5384,    0.5144,    0.4528,    0.2879,    0.2130,    0.1385,    0.0983,    0.0842,    0.1792,    0.1430,    0.0891,    0.0670,    0.0557,    0.0560,    0.0535,    0.0546,    0.0659,    0.0707,    0.0876,    0.0789,    0.1314,    0.1286,    0.1360,    0.1753,    0.1956,    0.1517,    0.2085,    0.1878,    0.1897,    0.1727,    0.1365,    0.1241,    0.2230,    0.1326,    0.0707,    0.0459,    0.0342,    0.0295,    0.0202,    0.0171,    0.0125,    0.0108,    0.0076,    0.0030,    0.0197,    0.0000,    0.0511,    0.0932,    0.1055,    0.0964,    0.1082,    0.1228,    0.1093,    0.1506,    0.1331,    0.1480,    0.1625,    0.1319,    0.1905,    0.2080,    0.1674,    0.1083,    0.0129,    0.0289,    0.1410,    0.1690,    0.2763,    0.2901,    0.3591,    0.3840,    0.3975,    0.4224,    0.4344,    0.4446,    0.4141,    0.3765,    0.3316,    0.3963,    0.5503,    0.5583,    0.9813,    1.0720,    1.1224,    1.1389,    1.1186,    1.2406,    1.1915,    1.2848,    1.1811,    1.3357,    1.2631,    1.3442,    2.9115,    2.8412,    2.9501,    3.0109,    3.0306,    2.9217,    3.0245,    3.1017,    3.1647,    2.9411,    2.9002,    3.0117,    7.6125,    7.2260,    7.1443,    6.9279,    6.3992,    6.0014,    5.2682,    4.8463,    4.6579,    4.0822,    3.1357,    2.9121,    2.2449,    2.1218,    1.6178,    1.5440,    1.0410,    0.7554,    0.6103,    0.2449,    0.2158,    0.1532,    0.0531,    0.0432
    2,    0.1000,  227.5722,    0.1723,  129.6733,  122.8152,   -6.3710,  -17.8898,  158.4330,  163.5827,  163.6723,  163.8293,  164.1029,  164.5732,  165.3648,  166.6602,  168.4872,  170.9519,  174.2721,  178.5564,  183.8814,  190.3071,  197.9049,  205.8548,  212.8059,  218.1105,  222.1140,  224.8330,  226.3589,  227.0949,  227.3721,  227.5098,  227.5598,    0.0705,    0.2672,    0.5652,    0.9355,    1.3527,    1.7953,    2.2448,    2.6863,    3.1151,    3.4880,    3.8387,    4.1732,    3.7626,    3.9025,    4.0451,    3.9498,    3.6420,    3.7338,    4.0079,    4.1405,    4.0523,    4.0013,    3.9703,    3.8213,    1.3137,    1.2768,    1.2320,    1.2007,    1.1382,    1.0977,    0.9735,    0.9583,    0.9154,    0.8035,    0.7950,    0.6523,    0.4178,    0.3555,    0.2950,    0.2840,    0.2646,    0.2230,    0.2569,    0.2595,    0.2758,    0.3100,    0.3663,    0.4266,    0.5255,    0.5672,    0.4921,    0.6149,    0.6059,    0.6206,    0.6242,    0.6767,    0.7015,    0.7113,    0.7117,    0.7045,    1.9285,    1.8760,    1.8115,    1.7428,    1.6670,    1.5952,    1.5176,    1.4440,    1.3638,    1.2933,    1.2128,    1.1516,    1.6848,    1.5153,    1.3787,    1.2094,    1.0447,    0.9576,    0.7782,    0.7037,    0.6106,    0.5493,    0.5271,    0.4731,    1.2506,    0.9435,    0.7001,    0.5019,    0.3485,    0.2316,    0.1606,    0.1077,    0.0741,    0.0489,    0.0343,    0.0248,    0.0921,    0.0481,    0.0811,    0.0941,    0.1056,    0.0982,    0.1076,    0.1197,    0.1053,    0.1449,    0.1281,    0.1390,    0.1534,    0.1250,    0.1817,    0.2016,    0.1666,    0.1901,    0.2067,    0.2246,    0.2355,    0.1634,    0.2591,    0.2735,    0.3360,    0.3592,    0.3718,    0.3953,    0.4046,    0.4234,    0.4276,    0.4786,    0.5135,    0.4952,    0.5216,    0.5313,    0.9084,    0.9921,    1.0407,    1.0744,    1.0961,    1.1890,    1.1168,    1.1776,    1.1445,    1.2058,    1.1435,    1.2253,    2.6399,    2.6024,    2.6631,    2.6926,    2.7194,    2.6122,    2.7038,    2.7728,    2.8291,    2.6306,    2.5927,    2.6924,    6.8060,    6.4742,    6.4013,    6.2077,    5.7342,    5.3781,    4.7214,    4.3437,    4.1752,    3.6597,    2.8115,    2.6115,    2.0136,    1.7943,    1.3683,    1.3063,    0.8810,    0.6395,    0.5169,    0.2075,    0.1830,    0.1300,    0.0451,    0.0367,    0.0001,    0.0003,    0.0006,    0.0010,    0.0014,    0.0018,    0.0023,    0.0024,    0.0137,    0.0131,    0.0162,    0.0717,    0.0819,    0.0637,    0.2214,    0.5617,    0.6483,    0.6076,    0.3588,    0.2274,    0.3708,    0.5324,    0.5504,    0.6843,    0.2445,    0.3152,    0.4067,    0.4768,    0.6088,    0.6906,    0.9471,    0.9532,    1.0121,    1.1191,    1.1519,    1.2563,    0.9697,    0.9641,    0.9572,    0.9473,    0.9378,    0.9287,    0.9178,    0.9074,    0.8966,    0.8844,    0.8685,    0.8443,    0.8202,    0.7227,    0.7640,    0.5688,    0.5696,    0.5357,    0.4783,    0.3248,    0.2423,    0.1712,    0.1326,    0.1187,    0.2599,    0.2042,    0.1492,    0.1196,    0.1061,    0.1068,    0.1029,    0.1013,    0.1189,    0.1205,    0.1425,    0.1310,    0.2273,    0.2399,    0.2355,    0.2887,    0.3309,    0.2776,    0.3648,    0.3288,    0.3269,    0.2956,    0.2298,    0.2075,    0.3931,    0.2321,    0.1330,    0.0868,    0.0644,    0.0549,    0.0375,    0.0289,    0.0199,    0.0155,    0.0101,    0.0049,    0.0168,    0.0000,    0.0436,    0.0810,    0.0917,    0.0838,    0.0941,    0.1089,    0.0970,    0.1336,    0.1180,    0.1332,    0.1462,    0.1187,    0.1714,    0.1872,    0.1491,    0.0965,    0.0115,    0.0258,    0.1257,    0.1506,    0.2491,    0.2615,    0.3237,    0.3461,    0.3583,    0.3807,    0.3934,    0.4027,    0.3750,    0.3409,    0.3003,    0.3589,    0.4984,    0.5056,    0.8913,    0.9737,    1.0194,    1.0345,    1.0160,    1.1268,    1.0822,    1.1833,    1.0878,    1.2302,    1.1634,    1.2381,    2.6816,    2.6169,    2.7171,    2.7868,    2.8050,    2.7042,    2.7994,    2.8708,    2.9291,    2.7222,    2.6843,    2.7875,    7.0458,    6.6636,    6.5883,    6.3887,    5.9012,    5.5343,    4.8581,    4.4691,    4.2953,    3.7644,    2.8915,    2.6854,    2.0701,    2.0119,    1.5340,    1.4640,    0.9870,    0.7163,    0.5786,    0.2322,    0.2047,    0.1453,    0.0504,    0.0409
    2,    0.1500,  227.5722,    0.1538,  125.5215,  125.5698,    0.5356,  -19.9962,  158.4330,  163.5827,  163.6723,  163.8293,  164.1029,  164.5732,  165.3648,  166.6602,  168.4872,  170.9519,  174.2721,  178.5564,  183.8814,  190.3071,  197.9049,  205.8548,  212.8059,  218.1105,  222.1140,  224.8330,  226.3589,  227.0949,  227.3721,  227.5098,  227.5598,    0.0704,    0.2671,    0.5649,    0.9350,    1.3520,    1.7944,    2.2436,    2.6851,    3.1177,    3.4815,    3.8307,    4.1761,    3.7448,    3.8714,    4.0169,    3.8386,    3.3862,    3.4896,    3.8498,    4.0356,    3.9229,    3.8720,    3.8546,    3.6873,    1.2638,    1.2206,    1.1691,    1.1407,    1.0749,    1.0387,    0.9240,    0.9085,    0.8703,    0.7724,    0.7662,    0.6397,    0.4128,    0.3527,    0.2939,    0.2831,    0.2639,    0.2227,    0.2561,    0.2585,    0.2742,    0.3069,    0.3600,    0.4154,    0.5052,    0.5405,    0.4760,    0.5864,    0.5780,    0.5993,    0.6016,    0.6489,    0.6779,    0.6864,    0.6861,    0.6790,    1.8722,    1.8321,    1.7684,    1.7037,    1.6294,    1.5608,    1.4831,    1.4111,    1.3285,    1.2596,    1.1760,    1.1164,    1.6210,    1.4422,    1.3115,    1.1334,    0.9561,    0.8747,    0.6812,    0.6147,    0.5248,    0.4711,    0.4634,    0.4152,    1.1237,    0.8628,    0.6464,    0.4648,    0.3202,    0.2077,    0.1436,    0.0958,    0.0662,    0.0436,    0.0313,    0.0225,    0.0926,    0.0481,    0.0827,    0.0970,    0.1089,    0.1012,    0.1110,    0.1232,    0.1085,    0.1493,    0.1320,    0.1430,    0.1578,    0.1285,    0.1868,    0.2071,    0.1713,    0.1926,    0.2067,    0.2249,    0.2391,    0.1682,    0.2663,    0.2810,    0.3454,    0.3692,    0.3821,    0.4062,    0.4156,    0.4345,    0.4376,    0.4868,    0.5204,    0.5040,    0.5354,    0.5452,    0.9332,    1.0191,    1.0690,    1.1029,    1.1237,    1.2200,    1.1468,    1.2057,    1.1698,    1.2352,    1.1713,    1.2548,    2.7039,    2.6647,    2.7281,    2.7545,    2.7817,    2.6723,    2.7660,    2.8366,    2.8942,    2.6911,    2.6524,    2.7544,    6.9627,    6.6181,    6.5436,    6.3458,    5.8620,    5.4980,    4.8268,    4.4409,    4.2688,    3.7419,    2.8749,    2.6705,    2.0593,    1.8153,    1.3846,    1.3220,    0.8917,    0.6474,    0.5233,    0.2102,    0.1854,    0.1317,    0.0457,    0.0372,    0.0001,    0.0004,    0.0009,    0.0014,    0.0021,    0.0027,    0.0034,    0.0036,    0.0205,    0.0197,    0.0243,    0.1070,    0.1220,    0.0948,    0.3270,    0.8086,    0.9042,    0.8518,    0.5170,    0.3322,    0.5375,    0.7654,    0.7802,    0.9283,    0.3349,    0.4221,    0.5283,    0.5873,    0.7173,    0.7843,    1.0051,    1.0062,    1.0537,    1.1412,    1.1670,    1.2572,    0.9698,    0.9642,    0.9572,    0.9473,    0.9378,    0.9287,    0.9178,    0.9074,    0.8966,    0.8844,    0.8686,    0.8452,    0.8271,    0.7404,    0.7739,    0.5973,    0.5966,    0.5551,    0.5013,    0.3582,    0.2695,    0.2016,    0.1644,    0.1506,    0.3357,    0.2625,    0.2065,    0.1699,    0.1543,    0.1555,    0.1502,    0.1460,    0.1692,    0.1678,    0.1941,    0.1799,    0.3161,    0.3408,    0.3258,    0.3884,    0.4441,    0.3829,    0.4837,    0.4362,    0.4281,    0.3863,    0.3031,    0.2731,    0.5347,    0.3183,    0.1882,    0.1234,    0.0912,    0.0768,    0.0525,    0.0390,    0.0263,    0.0197,    0.0124,    0.0066,    0.0143,    0.0000,    0.0372,    0.0704,    0.0797,    0.0729,    0.0818,    0.0966,    0.0860,    0.1185,    0.1047,    0.1198,    0.1315,    0.1068,    0.1543,    0.1684,    0.1329,    0.0860,    0.0103,    0.0230,    0.1120,    0.1342,    0.2245,    0.2357,    0.2917,    0.3120,    0.3230,    0.3432,    0.3563,    0.3647,    0.3396,    0.3088,    0.2720,    0.3250,    0.4513,    0.4579,    0.8095,    0.8843,    0.9259,    0.9396,    0.9228,    1.0234,    0.9829,    1.0899,    1.0019,    1.1331,    1.0715,    1.1403,    2.4698,    2.4102,    2.5025,    2.5794,    2.5962,    2.5029,    2.5911,    2.6571,    2.7111,    2.5196,    2.4845,    2.5800,    6.5214,    6.1452,    6.0758,    5.8918,    5.4421,    5.1038,    4.4802,    4.1214,    3.9612,    3.4716,    2.6666,    2.4765,    1.9091,    1.9079,    1.4547,    1.3884,    0.9360,    0.6792,    0.5487,    0.2202,    0.1941,    0.1378,    0.0478,    0.0388
    2,    0.2000,  227.5722,    0.1379,  121.8409,  127.9324,    6.5789,  -22.1133,  158.4330,  163.5827,  163.6723,  163.8293,  164.1029,  164.5732,  165.3648,  166.6602,  168.4872,  170.9519,  174.2721,  178.5564,  183.8814,  190.3071,  197.9049,  205.8548,  212.8059,  218.1105,  222.1140,  224.8330,  226.3589,  227.0949,  227.3721,  227.5098,  227.5598,    0.0704,    0.2670,    0.5646,    0.9345,    1.3513,    1.7934,    2.2425,    2.6839,    3.1202,    3.4750,    3.8226,    4.1788,    3.7273,    3.8408,    3.9893,    3.7382,    3.1640,    3.2755,    3.7036,    3.9360,    3.8033,    3.7547,    3.7485,    3.5664,    1.2192,    1.1712,    1.1151,    1.0889,    1.0212,    0.9885,    0.8820,    0.8662,    0.8318,    0.7453,    0.7406,    0.6279,    0.4080,    0.3500,    0.2928,    0.2822,    0.2632,    0.2224,    0.2553,    0.2576,    0.2725,    0.3039,    0.3540,    0.4051,    0.4871,    0.5171,    0.4614,    0.5613,    0.5534,    0.5799,    0.5811,    0.6237,    0.6562,    0.6634,    0.6626,    0.6556,    1.8196,    1.7904,    1.7275,    1.6665,    1.5935,    1.5280,    1.4503,    1.3797,    1.2950,    1.2276,    1.1414,    1.0832,    1.5618,    1.3754,    1.2502,    1.0657,    0.8804,    0.8039,    0.6042,    0.5441,    0.4585,    0.4107,    0.4119,    0.3684,    1.0164,    0.7924,    0.5987,    0.4316,    0.2952,    0.1871,    0.1290,    0.0856,    0.0593,    0.0391,    0.0286,    0.0205,    0.0930,    0.0481,    0.0840,    0.0993,    0.1115,    0.1035,    0.1137,    0.1261,    0.1110,    0.1528,    0.1352,    0.1462,    0.1613,    0.1314,    0.1909,    0.2116,    0.1750,    0.1945,    0.2067,    0.2251,    0.2421,    0.1720,    0.2722,    0.2872,    0.3530,    0.3774,    0.3906,    0.4153,    0.4246,    0.4437,    0.4459,    0.4937,    0.5260,    0.5114,    0.5468,    0.5568,    0.9539,    1.0417,    1.0926,    1.1267,    1.1468,    1.2458,    1.1718,    1.2299,    1.1916,    1.2605,    1.1951,    1.2801,    2.7589,    2.7181,    2.7839,    2.8080,    2.8355,    2.7243,    2.8199,    2.8918,    2.9506,    2.7435,    2.7041,    2.8080,    7.0983,    6.7417,    6.6660,    6.4646,    5.9718,    5.6012,    4.9175,    4.5245,    4.3494,    3.8127,    2.9294,    2.7213,    2.0987,    1.8345,    1.3993,    1.3362,    0.9014,    0.6545,    0.5292,    0.2126,    0.1875,    0.1333,    0.0463,    0.0377,    0.0001,    0.0005,    0.0011,    0.0019,    0.0027,    0.0036,    0.0046,    0.0047,    0.0273,    0.0262,    0.0323,    0.1420,    0.1617,    0.1254,    0.4294,    1.0358,    1.1264,    1.0660,    0.6631,    0.4319,    0.6935,    0.9805,    0.9927,    1.1511,    0.4169,    0.5165,    0.6322,    0.6817,    0.8072,    0.8621,    1.0526,    1.0498,    1.0879,    1.1597,    1.1797,    1.2581,    0.9699,    0.9642,    0.9572,    0.9473,    0.9378,    0.9287,    0.9178,    0.9074,    0.8966,    0.8845,    0.8688,    0.8460,    0.8331,    0.7554,    0.7826,    0.6221,    0.6202,    0.5727,    0.5223,    0.3885,    0.2947,    0.2298,    0.1940,    0.1803,    0.4072,    0.3181,    0.2611,    0.2181,    0.2005,    0.2021,    0.1953,    0.1888,    0.2169,    0.2127,    0.2427,    0.2259,    0.3984,    0.4323,    0.4078,    0.4764,    0.5394,    0.4716,    0.5754,    0.5191,    0.5040,    0.4545,    0.3614,    0.3253,    0.6533,    0.3933,    0.2372,    0.1561,    0.1151,    0.0957,    0.0655,    0.0478,    0.0320,    0.0233,    0.0145,    0.0081,    0.0122,    0.0000,    0.0318,    0.0612,    0.0693,    0.0633,    0.0711,    0.0857,    0.0763,    0.1051,    0.0928,    0.1078,    0.1184,    0.0961,    0.1388,    0.1515,    0.1184,    0.0766,    0.0092,    0.0205,    0.0998,    0.1196,    0.2024,    0.2125,    0.2630,    0.2812,    0.2911,    0.3093,    0.3227,    0.3303,    0.3076,    0.2797,    0.2464,    0.2944,    0.4087,    0.4147,    0.7353,    0.8032,    0.8410,    0.8534,    0.8381,    0.9295,    0.8928,    1.0038,    0.9228,    1.0436,    0.9869,    1.0503,    2.2748,    2.2199,    2.3049,    2.3874,    2.4030,    2.3167,    2.3982,    2.4594,    2.5093,    2.3321,    2.2996,    2.3880,    6.0361,    5.6675,    5.6035,    5.4337,    5.0191,    4.7070,    4.1320,    3.8011,    3.6533,    3.2018,    2.4593,    2.2840,    1.7607,    1.8094,    1.3796,    1.3167,    0.8877,    0.6442,    0.5205,    0.2089,    0.1841,    0.1307,    0.0453,    0.0368
    2,    0.3000,  227.5722,    0.1125,  115.5834,  131.6994,   16.6037,  -26.1817,  158.4330,  163.5827,  163.6723,  163.8293,  164.1029,  164.5732,  165.3648,  166.6602,  168.4872,  170.9519,  174.2721,  178.5564,  183.8814,  190.3071,  197.9049,  205.8548,  212.8059,  218.1105,  222.1140,  224.8330,  226.3589,  227.0949,  227.3721,  227.5098,  227.5598,    0.0703,    0.2667,    0.5641,    0.9336,    1.3499,    1.7916,    2.2402,    2.6816,    3.1252,    3.4621,    3.8067,    4.1837,    3.6932,    3.7810,    3.9358,    3.5641,    2.7969,    2.9174,    3.4423,    3.7507,    3.5898,    3.5503,    3.5611,    3.3574,    1.1428,    1.0885,    1.0266,    1.0038,    0.9351,    0.9075,    0.8143,    0.7982,    0.7693,    0.6999,    0.6972,    0.6066,    0.3991,    0.3450,    0.2907,    0.2804,    0.2618,    0.2217,    0.2537,    0.2557,    0.2694,    0.2982,    0.3430,    0.3869,    0.4562,    0.4783,    0.4363,    0.5191,    0.5119,    0.5457,    0.5452,    0.5802,    0.6174,    0.6225,    0.6209,    0.6140,    1.7242,    1.7133,    1.6520,    1.5973,    1.5269,    1.4668,    1.3892,    1.3212,    1.2330,    1.1685,    1.0780,    1.0224,    1.4551,    1.2583,    1.1425,    0.9508,    0.7586,    0.6902,    0.4919,    0.4412,    0.3650,    0.3256,    0.3349,    0.2986,    0.8470,    0.6763,    0.5181,    0.3750,    0.2529,    0.1539,    0.1055,    0.0692,    0.0483,    0.0317,    0.0240,    0.0172,    0.0934,    0.0481,    0.0855,    0.1023,    0.1149,    0.1066,    0.1172,    0.1302,    0.1147,    0.1579,    0.1396,    0.1511,    0.1666,    0.1357,    0.1971,    0.2184,    0.1805,    0.1973,    0.2067,    0.2254,    0.2464,    0.1776,    0.2810,    0.2964,    0.3646,    0.3897,    0.4034,    0.4288,    0.4384,    0.4578,    0.4585,    0.5041,    0.5346,    0.5225,    0.5642,    0.5744,    0.9856,    1.0764,    1.1289,    1.1632,    1.1822,    1.2853,    1.2101,    1.2683,    1.2261,    1.3007,    1.2331,    1.3205,    2.8463,    2.8032,    2.8727,    2.8945,    2.9224,    2.8082,    2.9068,    2.9809,    3.0415,    2.8280,    2.7874,    2.8946,    7.3172,    6.9394,    6.8616,    6.6545,    6.1474,    5.7661,    5.0626,    4.6582,    4.4782,    3.9260,    3.0167,    2.8027,    2.1618,    1.8677,    1.4249,    1.3609,    0.9183,    0.6670,    0.5395,    0.2168,    0.1913,    0.1360,    0.0472,    0.0385,    0.0002,    0.0008,    0.0017,    0.0028,    0.0041,    0.0055,    0.0068,    0.0071,    0.0408,    0.0391,    0.0483,    0.2108,    0.2395,    0.1852,    0.6250,    1.4380,    1.4936,    1.4242,    0.9245,    0.6172,    0.9778,    1.3633,    1.3715,    1.5417,    0.5590,    0.6742,    0.7975,    0.8322,    0.9446,    0.9812,    1.1241,    1.1159,    1.1401,    1.1888,    1.1998,    1.2596,    0.9700,    0.9642,    0.9572,    0.9473,    0.9378,    0.9287,    0.9178,    0.9074,    0.8966,    0.8845,    0.8690,    0.8474,    0.8426,    0.7791,    0.7969,    0.6627,    0.6588,    0.6036,    0.5588,    0.4413,    0.3403,    0.2806,    0.2471,    0.2336,    0.5382,    0.4219,    0.3630,    0.3084,    0.2870,    0.2896,    0.2800,    0.2688,    0.3053,    0.2958,    0.3315,    0.3102,    0.5458,    0.5914,    0.5504,    0.6231,    0.6886,    0.6107,    0.7036,    0.6354,    0.6065,    0.5470,    0.4461,    0.4013,    0.8381,    0.5162,    0.3199,    0.2121,    0.1554,    0.1268,    0.0868,    0.0622,    0.0414,    0.0294,    0.0180,    0.0107,    0.0089,    0.0000,    0.0231,    0.0463,    0.0523,    0.0479,    0.0537,    0.0674,    0.0600,    0.0827,    0.0730,    0.0873,    0.0958,    0.0778,    0.1124,    0.1227,    0.0941,    0.0609,    0.0073,    0.0163,    0.0793,    0.0950,    0.1645,    0.1726,    0.2137,    0.2285,    0.2366,    0.2514,    0.2647,    0.2709,    0.2523,    0.2294,    0.2021,    0.2415,    0.3353,    0.3402,    0.6066,    0.6627,    0.6938,    0.7040,    0.6915,    0.7669,    0.7365,    0.8516,    0.7829,    0.8854,    0.8372,    0.8910,    1.9298,    1.8833,    1.9554,    2.0455,    2.0588,    1.9849,    2.0547,    2.1071,    2.1499,    1.9980,    1.9703,    2.0460,    5.1715,    4.8216,    4.7671,    4.6227,    4.2700,    4.0045,    3.5153,    3.2338,    3.1081,    2.7240,    2.0923,    1.9432,    1.4980,    1.6278,    1.2412,    1.1847,    0.7987,    0.5796,    0.4683,    0.1880,    0.1657,    0.1176,    0.0408,    0.0331
    2,    0.4000,  227.5722,    0.0938,  110.4385,  134.4764,   24.5260,  -29.8522,  158.4330,  163.5827,  163.6723,  163.8293,  164.1029,  164.5732,  165.3648,  166.6602,  168.4872,  170.9519,  174.2721,  178.5564,  183.8814,  190.3071,  197.9049,  205.8548,  212.8059,  218.1105,  222.1140,  224.8330,  226.3589,  227.0949,  227.3721,  227.5098,  227.5598,    0.0703,    0.2664,    0.5635,    0.9326,    1.3486,    1.7898,    2.2379,    2.6792,    3.1302,    3.4492,    3.7909,    4.1879,    3.6602,    3.7231,    3.8847,    3.4187,    2.5062,    2.6299,    3.2154,    3.5821,    3.4054,    3.3785,    3.4009,    3.1832,    1.0798,    1.0220,    0.9574,    0.9370,    0.8690,    0.8449,    0.7619,    0.7457,    0.7205,    0.6633,    0.6618,    0.5878,    0.3909,    0.3402,    0.2887,    0.2787,    0.2604,    0.2211,    0.2522,    0.2540,    0.2664,    0.2930,    0.3332,    0.3712,    0.4308,    0.4473,    0.4152,    0.4850,    0.4783,    0.5166,    0.5148,    0.5439,    0.5840,    0.5874,    0.5851,    0.5783,    1.6400,    1.6436,    1.5837,    1.5343,    1.4662,    1.4106,    1.3335,    1.2678,    1.1769,    1.1149,    1.0214,    0.9682,    1.3618,    1.1592,    1.0513,    0.8574,    0.6660,    0.6039,    0.4156,    0.3715,    0.3039,    0.2702,    0.2813,    0.2501,    0.7214,    0.5857,    0.4532,    0.3289,    0.2191,    0.1287,    0.0878,    0.0570,    0.0399,    0.0261,    0.0204,    0.0145,    0.0936,    0.0481,    0.0864,    0.1041,    0.1170,    0.1085,    0.1193,    0.1328,    0.1170,    0.1611,    0.1425,    0.1544,    0.1702,    0.1386,    0.2013,    0.2229,    0.1840,    0.1992,    0.2067,    0.2256,    0.2491,    0.1813,    0.2870,    0.3027,    0.3724,    0.3981,    0.4120,    0.4380,    0.4480,    0.4674,    0.4673,    0.5113,    0.5404,    0.5301,    0.5762,    0.5865,    1.0077,    1.1006,    1.1542,    1.1887,    1.2068,    1.3129,    1.2368,    1.2966,    1.2515,    1.3302,    1.2610,    1.3501,    2.9106,    2.8657,    2.9379,    2.9592,    2.9875,    2.8711,    2.9718,    3.0477,    3.1096,    2.8912,    2.8498,    2.9594,    7.4811,    7.0854,    7.0061,    6.7948,    6.2772,    5.8881,    5.1699,    4.7572,    4.5736,    4.0099,    3.0814,    2.8631,    2.2086,    1.8950,    1.4460,    1.3814,    0.9323,    0.6773,    0.5480,    0.2203,    0.1945,    0.1383,    0.0481,    0.0392,    0.0003,    0.0011,    0.0023,    0.0038,    0.0055,    0.0073,    0.0091,    0.0095,    0.0542,    0.0520,    0.0641,    0.2781,    0.3153,    0.2431,    0.8088,    1.7808,    1.7844,    1.7118,    1.1514,    0.7858,    1.2302,    1.6921,    1.6971,    1.8706,    0.6770,    0.7987,    0.9202,    0.9440,    1.0415,    1.0653,    1.1735,    1.1621,    1.1767,    1.2101,    1.2146,    1.2609,    0.9701,    0.9643,    0.9572,    0.9473,    0.9378,    0.9287,    0.9178,    0.9074,    0.8966,    0.8845,    0.8692,    0.8485,    0.8499,    0.7967,    0.8080,    0.6942,    0.6887,    0.6296,    0.5895,    0.4854,    0.3801,    0.3250,    0.2936,    0.2803,    0.6553,    0.5168,    0.4562,    0.3915,    0.3665,    0.3701,    0.3576,    0.3422,    0.3854,    0.3710,    0.4105,    0.3851,    0.6733,    0.7239,    0.6692,    0.7391,    0.7976,    0.7124,    0.7855,    0.7098,    0.6696,    0.6041,    0.5028,    0.4523,    0.9724,    0.6114,    0.3863,    0.2578,    0.1880,    0.1507,    0.1034,    0.0734,    0.0488,    0.0342,    0.0210,    0.0128,    0.0065,    0.0000,    0.0169,    0.0350,    0.0396,    0.0362,    0.0406,    0.0530,    0.0472,    0.0650,    0.0575,    0.0707,    0.0776,    0.0630,    0.0910,    0.0993,    0.0747,    0.0484,    0.0058,    0.0129,    0.0630,    0.0754,    0.1337,    0.1403,    0.1737,    0.1858,    0.1923,    0.2043,    0.2172,    0.2223,    0.2070,    0.1883,    0.1659,    0.1982,    0.2751,    0.2791,    0.5005,    0.5468,    0.5725,    0.5809,    0.5706,    0.6328,    0.6077,    0.7226,    0.6642,    0.7512,    0.7104,    0.7560,    1.6374,    1.5979,    1.6591,    1.7527,    1.7642,    1.7008,    1.7607,    1.8056,    1.8422,    1.7121,    1.6883,    1.7532,    4.4314,    4.1033,    4.0569,    3.9341,    3.6339,    3.4080,    2.9917,    2.7521,    2.6451,    2.3183,    1.7807,    1.6538,    1.2749,    1.4650,    1.1170,    1.0662,    0.7189,    0.5217,    0.4215,    0.1692,    0.1491,    0.1059,    0.0367,    0.0298
    2,    0.5000,  227.5722,    0.0799,  106.1137,  136.5271,   30.9017,  -33.0369,  158.4330,  163.5827,  163.6723,  163.8293,  164.1029,  164.5732,  165.3648,  166.6602,  168.4872,  170.9519,  174.2721,  178.5564,  183.8814,  190.3071,  197.9049,  205.8548,  212.8059,  218.1105,  222.1140,  224.8330,  226.3589,  227.0949,  227.3721,  227.5098,  227.5598,    0.0702,    0.2661,    0.5629,    0.9317,    1.3472,    1.7880,    2.2357,    2.6768,    3.1350,    3.4365,    3.7752,    4.1915,    3.6283,    3.6669,    3.8357,    3.2956,    2.2703,    2.3940,    3.0166,    3.4280,    3.2450,    3.2324,    3.2624,    3.0358,    1.0269,    0.9672,    0.9016,    0.8829,    0.8166,    0.7950,    0.7201,    0.7038,    0.6814,    0.6332,    0.6322,    0.5710,    0.3833,    0.3357,    0.2867,    0.2770,    0.2591,    0.2205,    0.2507,    0.2523,    0.2636,    0.2881,    0.3243,    0.3575,    0.4095,    0.4220,    0.3973,    0.4569,    0.4505,    0.4915,    0.4888,    0.5132,    0.5548,    0.5569,    0.5541,    0.5474,    1.5653,    1.5803,    1.5217,    1.4767,    1.4108,    1.3591,    1.2825,    1.2190,    1.1260,    1.0663,    0.9706,    0.9195,    1.2798,    1.0744,    0.9733,    0.7806,    0.5940,    0.5369,    0.3614,    0.3221,    0.2619,    0.2321,    0.2428,    0.2152,    0.6262,    0.5139,    0.4005,    0.2911,    0.1918,    0.1093,    0.0742,    0.0478,    0.0335,    0.0219,    0.0175,    0.0123,    0.0937,    0.0481,    0.0868,    0.1052,    0.1182,    0.1096,    0.1206,    0.1345,    0.1185,    0.1632,    0.1443,    0.1566,    0.1726,    0.1406,    0.2041,    0.2260,    0.1864,    0.2003,    0.2066,    0.2256,    0.2509,    0.1836,    0.2911,    0.3070,    0.3777,    0.4037,    0.4179,    0.4443,    0.4545,    0.4741,    0.4732,    0.5161,    0.5443,    0.5353,    0.5844,    0.5949,    1.0232,    1.1174,    1.1718,    1.2065,    1.2240,    1.3322,    1.2555,    1.3174,    1.2702,    1.3519,    1.2815,    1.3719,    2.9578,    2.9116,    2.9859,    3.0077,    3.0362,    2.9181,    3.0205,    3.0976,    3.1606,    2.9386,    2.8966,    3.0080,    7.6039,    7.1934,    7.1129,    6.8985,    6.3732,    5.9783,    5.2493,    4.8304,    4.6443,    4.0720,    3.1294,    2.9079,    2.2433,    1.9176,    1.4634,    1.3983,    0.9439,    0.6859,    0.5551,    0.2232,    0.1971,    0.1403,    0.0488,    0.0398,    0.0004,    0.0014,    0.0029,    0.0047,    0.0069,    0.0091,    0.0114,    0.0118,    0.0676,    0.0647,    0.0798,    0.3441,    0.3892,    0.2993,    0.9817,    2.0738,    2.0205,    1.9478,    1.3503,    0.9399,    1.4557,    1.9760,    1.9779,    2.1487,    0.7755,    0.8977,    1.0122,    1.0280,    1.1108,    1.1256,    1.2085,    1.1951,    1.2031,    1.2259,    1.2258,    1.2620,    0.9702,    0.9643,    0.9572,    0.9473,    0.9378,    0.9287,    0.9178,    0.9074,    0.8966,    0.8846,    0.8693,    0.8495,    0.8556,    0.8100,    0.8168,    0.7189,    0.7122,    0.6516,    0.6155,    0.5226,    0.4152,    0.3641,    0.3345,    0.3213,    0.7602,    0.6038,    0.5416,    0.4682,    0.4399,    0.4443,    0.4290,    0.4098,    0.4579,    0.4392,    0.4809,    0.4520,    0.7840,    0.8348,    0.7688,    0.8317,    0.8787,    0.7882,    0.8402,    0.7598,    0.7108,    0.6414,    0.5421,    0.4878,    1.0722,    0.6862,    0.4403,    0.2955,    0.2147,    0.1696,    0.1165,    0.0822,    0.0548,    0.0381,    0.0234,    0.0146,    0.0047,    0.0000,    0.0123,    0.0265,    0.0299,    0.0274,    0.0307,    0.0418,    0.0372,    0.0512,    0.0452,    0.0572,    0.0628,    0.0510,    0.0737,    0.0804,    0.0594,    0.0384,    0.0046,    0.0103,    0.0500,    0.0599,    0.1087,    0.1141,    0.1412,    0.1510,    0.1563,    0.1661,    0.1782,    0.1824,    0.1699,    0.1545,    0.1361,    0.1626,    0.2258,    0.2291,    0.4131,    0.4513,    0.4725,    0.4794,    0.4709,    0.5222,    0.5016,    0.6132,    0.5637,    0.6375,    0.6028,    0.6416,    1.3895,    1.3560,    1.4079,    1.5022,    1.5120,    1.4577,    1.5090,    1.5475,    1.5789,    1.4674,    1.4470,    1.5026,    3.7980,    3.4933,    3.4539,    3.3493,    3.0938,    2.9015,    2.5470,    2.3431,    2.2520,    1.9738,    1.5161,    1.4081,    1.0855,    1.3189,    1.0057,    0.9600,    0.6473,    0.4698,    0.3796,    0.1524,    0.1343,    0.0954,    0.0331,    0.0269
    2,    0.7500,  227.5722,    0.0591,   97.7479,  139.6162,   42.3574,  -38.8887,  158.4330,  163.5827,  163.6723,  163.8293,  164.1029,  164.5732,  165.3648,  166.6602,  168.4872,  170.9519,  174.2721,  178.5564,  183.8814,  190.3071,  197.9049,  205.8548,  212.8059,  218.1105,  222.1140,  224.8330,  226.3589,  227.0949,  227.3721,  227.5098,  227.5598,    0.0700,    0.2655,    0.5615,    0.9293,    1.3438,    1.7835,    2.2300,    2.6710,    3.1469,    3.4050,    3.7365,    4.1978,    3.5529,    3.5336,    3.7220,    3.0569,    1.8378,    1.9556,    2.6128,    3.0951,    2.9245,    2.9476,    2.9859,    2.7502,    0.9255,    0.8648,    0.8001,    0.7843,    0.7232,    0.7056,    0.6447,    0.6286,    0.6105,    0.5765,    0.5758,    0.5361,    0.3668,    0.3256,    0.2821,    0.2731,    0.2560,    0.2191,    0.2473,    0.2483,    0.2571,    0.2773,    0.3057,    0.3299,    0.3689,    0.3749,    0.3622,    0.4040,    0.3982,    0.4416,    0.4376,    0.4538,    0.4961,    0.4959,    0.4922,    0.4858,    1.4109,    1.4451,    1.3893,    1.3528,    1.2913,    1.2470,    1.1723,    1.1133,    1.0172,    0.9623,    0.8640,    0.8173,    1.1130,    0.9093,    0.8214,    0.6390,    0.4712,    0.4231,    0.2787,    0.2468,    0.1997,    0.1759,    0.1832,    0.1615,    0.4704,    0.3895,    0.3058,    0.2221,    0.1430,    0.0773,    0.0518,    0.0327,    0.0229,    0.0148,    0.0123,    0.0086,    0.0938,    0.0480,    0.0873,    0.1063,    0.1195,    0.1108,    0.1219,    0.1365,    0.1203,    0.1657,    0.1465,    0.1594,    0.1758,    0.1431,    0.2077,    0.2299,    0.1892,    0.2016,    0.2063,    0.2255,    0.2530,    0.1865,    0.2965,    0.3126,    0.3846,    0.4112,    0.4256,    0.4524,    0.4634,    0.4831,    0.4813,    0.5226,    0.5495,    0.5422,    0.5956,    0.6062,    1.0443,    1.1405,    1.1959,    1.2308,    1.2475,    1.3585,    1.2810,    1.3483,    1.2979,    1.3842,    1.3120,    1.4043,    3.0282,    2.9800,    3.0573,    3.0820,    3.1109,    2.9903,    3.0953,    3.1743,    3.2388,    3.0113,    2.9683,    3.0825,    7.7923,    7.3556,    7.2736,    7.0546,    6.5177,    6.1142,    5.3689,    4.9409,    4.7510,    4.1660,    3.2020,    2.9758,    2.2962,    1.9584,    1.4950,    1.4289,    0.9649,    0.7015,    0.5680,    0.2285,    0.2019,    0.1438,    0.0500,    0.0408,    0.0005,    0.0020,    0.0043,    0.0071,    0.0103,    0.0136,    0.0170,    0.0177,    0.1006,    0.0962,    0.1185,    0.5033,    0.5660,    0.4326,    1.3702,    2.6377,    2.4532,    2.3864,    1.7543,    1.2729,    1.9261,    2.5319,    2.5264,    2.6762,    0.9585,    1.0682,    1.1573,    1.1608,    1.2136,    1.2157,    1.2600,    1.2445,    1.2429,    1.2511,    1.2441,    1.2641,    0.9705,    0.9644,    0.9572,    0.9473,    0.9379,    0.9287,    0.9178,    0.9075,    0.8967,    0.8846,    0.8698,    0.8513,    0.8653,    0.8316,    0.8321,    0.7608,    0.7523,    0.6938,    0.6649,    0.5933,    0.4867,    0.4436,    0.4176,    0.4047,    0.9797,    0.7920,    0.7264,    0.6358,    0.6004,    0.6061,    0.5841,    0.5566,    0.6117,    0.5840,    0.6265,    0.5902,    1.0031,    1.0423,    0.9555,    0.9929,    1.0072,    0.9087,    0.9171,    0.8302,    0.7674,    0.6931,    0.5997,    0.5400,    1.2308,    0.8141,    0.5370,    0.3647,    0.2629,    0.2018,    0.1390,    0.0973,    0.0652,    0.0449,    0.0280,    0.0181,    0.0022,    0.0000,    0.0056,    0.0132,    0.0149,    0.0137,    0.0153,    0.0230,    0.0205,    0.0282,    0.0249,    0.0338,    0.0371,    0.0301,    0.0435,    0.0475,    0.0335,    0.0217,    0.0026,    0.0058,    0.0282,    0.0338,    0.0649,    0.0681,    0.0843,    0.0902,    0.0933,    0.0992,    0.1089,    0.1114,    0.1038,    0.0944,    0.0832,    0.0994,    0.1379,    0.1399,    0.2559,    0.2795,    0.2927,    0.2970,    0.2917,    0.3235,    0.3107,    0.4072,    0.3743,    0.4233,    0.4003,    0.4260,    0.9227,    0.9004,    0.9349,    1.0225,    1.0292,    0.9922,    1.0272,    1.0534,    1.0748,    0.9988,    0.9849,    1.0228,    2.5853,    2.3407,    2.3143,    2.2442,    2.0730,    1.9442,    1.7067,    1.5701,    1.5092,    1.3227,    1.0161,    0.9437,    0.7276,    1.0160,    0.7748,    0.7397,    0.4988,    0.3620,    0.2926,    0.1175,    0.1035,    0.0735,    0.0255,    0.0207
    2,    1.0000,  227.5722,    0.0492,   91.6367,  141.0866,   49.9398,  -42.2346,  158.4330,  163.5827,  163.6723,  163.8293,  164.1029,  164.5732,  165.3648,  166.6602,  168.4872,  170.9519,  174.2721,  178.5564,  183.8814,  190.3071,  197.9049,  205.8548,  212.8059,  218.1105,  222.1140,  224.8330,  226.3589,  227.0949,  227.3721,  227.5098,  227.5598,    0.0698,    0.2648,    0.5601,    0.9270,    1.3404,    1.7790,    2.2244,    2.6651,    3.1583,    3.3741,    3.6986,    4.2009,    3.4833,    3.4097,    3.6193,    2.8829,    1.5439,    1.6530,    2.3044,    2.8212,    2.6868,    2.7398,    2.7785,    2.5426,    0.8527,    0.7932,    0.7316,    0.7174,    0.6615,    0.6461,    0.5941,    0.5781,    0.5624,    0.5366,    0.5354,    0.5087,    0.3531,    0.3169,    0.2779,    0.2695,    0.2532,    0.2177,    0.2441,    0.2446,    0.2513,    0.2680,    0.2906,    0.3089,    0.3399,    0.3423,    0.3364,    0.3670,    0.3616,    0.4044,    0.3997,    0.4107,    0.4519,    0.4503,    0.4461,    0.4398,    1.2907,    1.3355,    1.2820,    1.2513,    1.1935,    1.1540,    1.0816,    1.0264,    0.9290,    0.8781,    0.7798,    0.7366,    0.9864,    0.7906,    0.7123,    0.5443,    0.3958,    0.3535,    0.2328,    0.2053,    0.1661,    0.1456,    0.1502,    0.1318,    0.3796,    0.3127,    0.2449,    0.1771,    0.1121,    0.0588,    0.0389,    0.0243,    0.0169,    0.0108,    0.0092,    0.0063,    0.0937,    0.0480,    0.0873,    0.1066,    0.1198,    0.1111,    0.1223,    0.1372,    0.1209,    0.1665,    0.1472,    0.1605,    0.1769,    0.1440,    0.2091,    0.2314,    0.1901,    0.2020,    0.2061,    0.2253,    0.2537,    0.1875,    0.2985,    0.3147,    0.3873,    0.4140,    0.4285,    0.4555,    0.4669,    0.4866,    0.4844,    0.5251,    0.5513,    0.5448,    0.6000,    0.6106,    1.0529,    1.1499,    1.2058,    1.2407,    1.2570,    1.3692,    1.2914,    1.3626,    1.3106,    1.3992,    1.3262,    1.4193,    3.0608,    3.0117,    3.0904,    3.1181,    3.1471,    3.0253,    3.1316,    3.2115,    3.2768,    3.0466,    3.0032,    3.1187,    7.8839,    7.4321,    7.3494,    7.1283,    6.5860,    6.1785,    5.4257,    4.9934,    4.8017,    4.2109,    3.2367,    3.0084,    2.3217,    1.9838,    1.5147,    1.4481,    0.9782,    0.7114,    0.5762,    0.2319,    0.2051,    0.1461,    0.0509,    0.0415,    0.0007,    0.0027,    0.0057,    0.0094,    0.0136,    0.0181,    0.0226,    0.0235,    0.1330,    0.1271,    0.1564,    0.6546,    0.7321,    0.5566,    1.7038,    3.0276,    2.7474,    2.6893,    2.0628,    1.5469,    2.2960,    2.9277,    2.9140,    3.0349,    1.0794,    1.1698,    1.2349,    1.2321,    1.2651,    1.2611,    1.2860,    1.2700,    1.2639,    1.2652,    1.2547,    1.2658,    0.9708,    0.9645,    0.9572,    0.9473,    0.9379,    0.9287,    0.9178,    0.9075,    0.8967,    0.8847,    0.8701,    0.8527,    0.8713,    0.8440,    0.8415,    0.7859,    0.7763,    0.7231,    0.6991,    0.6419,    0.5409,    0.5038,    0.4805,    0.4678,    1.1514,    0.9464,    0.8780,    0.7753,    0.7339,    0.7399,    0.7118,    0.6774,    0.7341,    0.6991,    0.7380,    0.6962,    1.1615,    1.1816,    1.0813,    1.0921,    1.0784,    0.9756,    0.9556,    0.8656,    0.7956,    0.7189,    0.6296,    0.5673,    1.3197,    0.8918,    0.5992,    0.4104,    0.2944,    0.2216,    0.1529,    0.1067,    0.0718,    0.0493,    0.0312,    0.0204,    0.0010,    0.0000,    0.0026,    0.0066,    0.0075,    0.0068,    0.0077,    0.0127,    0.0113,    0.0155,    0.0137,    0.0200,    0.0220,    0.0179,    0.0258,    0.0281,    0.0189,    0.0123,    0.0015,    0.0033,    0.0159,    0.0191,    0.0388,    0.0408,    0.0504,    0.0540,    0.0559,    0.0593,    0.0666,    0.0682,    0.0636,    0.0578,    0.0510,    0.0609,    0.0844,    0.0857,    0.1588,    0.1734,    0.1816,    0.1843,    0.1810,    0.2007,    0.1928,    0.2708,    0.2490,    0.2815,    0.2662,    0.2833,    0.6137,    0.5989,    0.6218,    0.6972,    0.7018,    0.6765,    0.7004,    0.7182,    0.7328,    0.6810,    0.6716,    0.6974,    1.7628,    1.5730,    1.5553,    1.5082,    1.3932,    1.3067,    1.1471,    1.0553,    1.0144,    0.8891,    0.6830,    0.6344,    0.4891,    0.7846,    0.5984,    0.5713,    0.3853,    0.2797,    0.2260,    0.0908,    0.0800,    0.0568,    0.0197,    0.0160
    2,    1.2500,  227.5722,    0.0444,   86.9236,  141.7963,   55.3633,  -43.8128,  158.4330,  163.5827,  163.6723,  163.8293,  164.1029,  164.5732,  165.3648,  166.6602,  168.4872,  170.9519,  174.2721,  178.5564,  183.8814,  190.3071,  197.9049,  205.8548,  212.8059,  218.1105,  222.1140,  224.8330,  226.3589,  227.0949,  227.3721,  227.5098,  227.5598,    0.0697,    0.2641,    0.5587,    0.9247,    1.3371,    1.7745,    2.2188,    2.6593,    3.1693,    3.3438,    3.6615,    4.2010,    3.4189,    3.2942,    3.5263,    2.7492,    1.3312,    1.4317,    2.0611,    2.5918,    2.5052,    2.5805,    2.6163,    2.3840,    0.7975,    0.7401,    0.6822,    0.6691,    0.6177,    0.6036,    0.5576,    0.5417,    0.5275,    0.5068,    0.5050,    0.4863,    0.3414,    0.3092,    0.2741,    0.2661,    0.2505,    0.2164,    0.2411,    0.2411,    0.2461,    0.2601,    0.2783,    0.2924,    0.3180,    0.3183,    0.3165,    0.3397,    0.3344,    0.3755,    0.3705,    0.3780,    0.4173,    0.4149,    0.4104,    0.4043,    1.1946,    1.2451,    1.1936,    1.1668,    1.1120,    1.0759,    1.0058,    0.9537,    0.8563,    0.8086,    0.7118,    0.6714,    0.8879,    0.7025,    0.6313,    0.4775,    0.3457,    0.3075,    0.2038,    0.1791,    0.1450,    0.1268,    0.1294,    0.1132,    0.3217,    0.2621,    0.2038,    0.1464,    0.0915,    0.0472,    0.0309,    0.0191,    0.0132,    0.0084,    0.0071,    0.0048,    0.0937,    0.0480,    0.0873,    0.1067,    0.1199,    0.1112,    0.1224,    0.1374,    0.1211,    0.1667,    0.1474,    0.1609,    0.1774,    0.1444,    0.2096,    0.2319,    0.1904,    0.2021,    0.2059,    0.2252,    0.2538,    0.1878,    0.2992,    0.3155,    0.3883,    0.4151,    0.4296,    0.4567,    0.4683,    0.4880,    0.4857,    0.5260,    0.5519,    0.5458,    0.6017,    0.6124,    1.0564,    1.1538,    1.2098,    1.2447,    1.2609,    1.3735,    1.2956,    1.3692,    1.3165,    1.4062,    1.3327,    1.4263,    3.0760,    3.0264,    3.1058,    3.1357,    3.1648,    3.0424,    3.1492,    3.2296,    3.2953,    3.0638,    3.0201,    3.1363,    7.9286,    7.4683,    7.3853,    7.1632,    6.6185,    6.2091,    5.4527,    5.0185,    4.8261,    4.2325,    3.2536,    3.0242,    2.3341,    1.9997,    1.5271,    1.4602,    0.9866,    0.7177,    0.5815,    0.2341,    0.2071,    0.1476,    0.0514,    0.0420,    0.0009,    0.0034,    0.0071,    0.0118,    0.0170,    0.0226,    0.0282,    0.0293,    0.1650,    0.1574,    0.1935,    0.7985,    0.8882,    0.6721,    1.9907,    3.3009,    2.9605,    2.9109,    2.3062,    1.7763,    2.5927,    3.2137,    3.1920,    3.2836,    1.1612,    1.2329,    1.2794,    1.2733,    1.2938,    1.2868,    1.3010,    1.2849,    1.2765,    1.2739,    1.2615,    1.2671,    0.9710,    0.9645,    0.9572,    0.9473,    0.9379,    0.9287,    0.9178,    0.9075,    0.8967,    0.8848,    0.8704,    0.8538,    0.8754,    0.8519,    0.8477,    0.8018,    0.7916,    0.7441,    0.7234,    0.6762,    0.5828,    0.5503,    0.5291,    0.5166,    1.2876,    1.0743,    1.0036,    0.8926,    0.8463,    0.8513,    0.8178,    0.7778,    0.8323,    0.7917,    0.8247,    0.7786,    1.2784,    1.2782,    1.1687,    1.1565,    1.1218,    1.0165,    0.9783,    0.8866,    0.8123,    0.7343,    0.6476,    0.5837,    1.3747,    0.9424,    0.6413,    0.4420,    0.3160,    0.2346,    0.1622,    0.1129,    0.0763,    0.0523,    0.0335,    0.0221,    0.0005,    0.0000,    0.0012,    0.0033,    0.0038,    0.0034,    0.0039,    0.0070,    0.0062,    0.0086,    0.0076,    0.0119,    0.0130,    0.0106,    0.0153,    0.0167,    0.0107,    0.0070,    0.0008,    0.0019,    0.0090,    0.0108,    0.0233,    0.0245,    0.0303,    0.0324,    0.0335,    0.0356,    0.0409,    0.0419,    0.0390,    0.0355,    0.0313,    0.0374,    0.0518,    0.0526,    0.0987,    0.1078,    0.1129,    0.1146,    0.1126,    0.1248,    0.1199,    0.1804,    0.1659,    0.1876,    0.1774,    0.1888,    0.4088,    0.3990,    0.4142,    0.4763,    0.4794,    0.4621,    0.4784,    0.4906,    0.5006,    0.4652,    0.4588,    0.4764,    1.2042,    1.0604,    1.0484,    1.0167,    0.9392,    0.8809,    0.7733,    0.7115,    0.6839,    0.5994,    0.4605,    0.4277,    0.3298,    0.6074,    0.4633,    0.4423,    0.2983,    0.2166,    0.1751,    0.0703,    0.0620,    0.0440,    0.0153,    0.0124
    2,    1.5000,  227.5722,    0.0421,   83.1466,  142.1446,   59.4894,  -44.2306,  158.4330,  163.5827,  163.6723,  163.8293,  164.1029,  164.5732,  165.3648,  166.6602,  168.4872,  170.9519,  174.2721,  178.5564,  183.8814,  190.3071,  197.9049,  205.8548,  212.8059,  218.1105,  222.1140,  224.8330,  226.3589,  227.0949,  227.3721,  227.5098,  227.5598,    0.0695,    0.2635,    0.5573,    0.9224,    1.3337,    1.7701,    2.2133,    2.6535,    3.1800,    3.3140,    3.6251,    4.1985,    3.3592,    3.1862,    3.4417,    2.6424,    1.1701,    1.2627,    1.8643,    2.3970,    2.3628,    2.4535,    2.4856,    2.2581,    0.7540,    0.6992,    0.6449,    0.6324,    0.5847,    0.5716,    0.5298,    0.5140,    0.5009,    0.4834,    0.4810,    0.4678,    0.3313,    0.3023,    0.2705,    0.2630,    0.2480,    0.2152,    0.2383,    0.2380,    0.2414,    0.2531,    0.2679,    0.2790,    0.3008,    0.2998,    0.3006,    0.3185,    0.3134,    0.3524,    0.3472,    0.3523,    0.3896,    0.3866,    0.3819,    0.3760,    1.1160,    1.1692,    1.1194,    1.0955,    1.0431,    1.0092,    0.9415,    0.8920,    0.7955,    0.7504,    0.6560,    0.6180,    0.8096,    0.6350,    0.5694,    0.4286,    0.3102,    0.2750,    0.1837,    0.1610,    0.1305,    0.1138,    0.1151,    0.1004,    0.2819,    0.2269,    0.1748,    0.1246,    0.0772,    0.0395,    0.0256,    0.0157,    0.0108,    0.0068,    0.0058,    0.0038,    0.0936,    0.0479,    0.0873,    0.1067,    0.1200,    0.1112,    0.1224,    0.1374,    0.1212,    0.1668,    0.1475,    0.1610,    0.1775,    0.1445,    0.2098,    0.2321,    0.1906,    0.2021,    0.2057,    0.2250,    0.2538,    0.1879,    0.2995,    0.3158,    0.3887,    0.4155,    0.4301,    0.4572,    0.4688,    0.4886,    0.4861,    0.5262,    0.5521,    0.5461,    0.6024,    0.6131,    1.0579,    1.1554,    1.2114,    1.2463,    1.2624,    1.3753,    1.2974,    1.3723,    1.3192,    1.4094,    1.3358,    1.4295,    3.0830,    3.0332,    3.1130,    3.1442,    3.1734,    3.0507,    3.1579,    3.2385,    3.3044,    3.0722,    3.0284,    3.1449,    7.9504,    7.4855,    7.4024,    7.1799,    6.6340,    6.2238,    5.4658,    5.0307,    4.8380,    4.2431,    3.2618,    3.0321,    2.3404,    2.0097,    1.5350,    1.4680,    0.9920,    0.7218,    0.5850,    0.2356,    0.2085,    0.1486,    0.0518,    0.0423,    0.0011,    0.0040,    0.0085,    0.0141,    0.0204,    0.0270,    0.0338,    0.0351,    0.1965,    0.1872,    0.2299,    0.9355,    1.0350,    0.7801,    2.2376,    3.4950,    3.1219,    3.0802,    2.5031,    1.9712,    2.8345,    3.4235,    3.3942,    3.4593,    1.2178,    1.2737,    1.3070,    1.2990,    1.3116,    1.3029,    1.3107,    1.2947,    1.2848,    1.2798,    1.2663,    1.2682,    0.9712,    0.9646,    0.9572,    0.9473,    0.9379,    0.9287,    0.9179,    0.9075,    0.8967,    0.8848,    0.8707,    0.8547,    0.8784,    0.8574,    0.8520,    0.8126,    0.8020,    0.7595,    0.7411,    0.7011,    0.6158,    0.5868,    0.5672,    0.5549,    1.3970,    1.1812,    1.1086,    0.9920,    0.9415,    0.9448,    0.9065,    0.8619,    0.9119,    0.8668,    0.8928,    0.8435,    1.3662,    1.3472,    1.2314,    1.2005,    1.1505,    1.0436,    0.9933,    0.9005,    0.8234,    0.7444,    0.6595,    0.5945,    1.4117,    0.9772,    0.6711,    0.4648,    0.3315,    0.2437,    0.1686,    0.1172,    0.0794,    0.0544,    0.0351,    0.0233,    0.0002,    0.0000,    0.0005,    0.0017,    0.0019,    0.0017,    0.0019,    0.0039,    0.0035,    0.0048,    0.0042,    0.0071,    0.0078,    0.0063,    0.0091,    0.0099,    0.0061,    0.0040,    0.0005,    0.0011,    0.0051,    0.0061,    0.0140,    0.0147,    0.0182,    0.0195,    0.0202,    0.0214,    0.0252,    0.0258,    0.0240,    0.0219,    0.0193,    0.0230,    0.0319,    0.0323,    0.0615,    0.0672,    0.0703,    0.0714,    0.0701,    0.0778,    0.0747,    0.1204,    0.1107,    0.1252,    0.1184,    0.1260,    0.2729,    0.2663,    0.2765,    0.3260,    0.3281,    0.3163,    0.3274,    0.3358,    0.3426,    0.3184,    0.3140,    0.3260,    0.8242,    0.7170,    0.7089,    0.6875,    0.6351,    0.5957,    0.5229,    0.4811,    0.4625,    0.4054,    0.3115,    0.2893,    0.2231,    0.4713,    0.3595,    0.3432,    0.2315,    0.1681,    0.1359,    0.0546,    0.0481,    0.0342,    0.0119,    0.0097
    2,    1.7500,  227.5722,    0.0409,   80.0317,  142.3191,   62.7797,  -43.9228,  158.4330,  163.5827,  163.6723,  163.8293,  164.1029,  164.5732,  165.3648,  166.6602,  168.4872,  170.9519,  174.2721,  178.5564,  183.8814,  190.3071,  197.9049,  205.8548,  212.8059,  218.1105,  222.1140,  224.8330,  226.3589,  227.0949,  227.3721,  227.5098,  227.5598,    0.0693,    0.2628,    0.5559,    0.9201,    1.3304,    1.7657,    2.2077,    2.6478,    3.1902,    3.2847,    3.5894,    4.1938,    3.3037,    3.0851,    3.3646,    2.5545,    1.0438,    1.1294,    1.7019,    2.2294,    2.2485,    2.3495,    2.3778,    2.1555,    0.7188,    0.6665,    0.6156,    0.6036,    0.5589,    0.5465,    0.5079,    0.4920,    0.4797,    0.4646,    0.4616,    0.4522,    0.3225,    0.2962,    0.2672,    0.2601,    0.2456,    0.2140,    0.2357,    0.2350,    0.2372,    0.2469,    0.2591,    0.2679,    0.2869,    0.2850,    0.2876,    0.3017,    0.2967,    0.3335,    0.3282,    0.3314,    0.3668,    0.3634,    0.3586,    0.3529,    1.0503,    1.1046,    1.0563,    1.0344,    0.9842,    0.9518,    0.8864,    0.8391,    0.7440,    0.7012,    0.6095,    0.5736,    0.7462,    0.5821,    0.5209,    0.3913,    0.2837,    0.2509,    0.1689,    0.1477,    0.1199,    0.1043,    0.1047,    0.0911,    0.2529,    0.2012,    0.1535,    0.1086,    0.0668,    0.0340,    0.0219,    0.0134,    0.0091,    0.0057,    0.0048,    0.0032,    0.0936,    0.0479,    0.0873,    0.1067,    0.1200,    0.1112,    0.1224,    0.1375,    0.1212,    0.1668,    0.1475,    0.1611,    0.1776,    0.1446,    0.2099,    0.2322,    0.1906,    0.2021,    0.2056,    0.2249,    0.2538,    0.1880,    0.2997,    0.3159,    0.3888,    0.4156,    0.4302,    0.4573,    0.4691,    0.4888,    0.4863,    0.5263,    0.5521,    0.5462,    0.6027,    0.6134,    1.0584,    1.1560,    1.2121,    1.2470,    1.2630,    1.3760,    1.2981,    1.3738,    1.3205,    1.4110,    1.3372,    1.4310,    3.0863,    3.0364,    3.1163,    3.1484,    3.1776,    3.0548,    3.1621,    3.2428,    3.3088,    3.0763,    3.0325,    3.1492,    7.9611,    7.4937,    7.4106,    7.1880,    6.6415,    6.2310,    5.4722,    5.0367,    4.8439,    4.2484,    3.2661,    3.0361,    2.3436,    2.0161,    1.5400,    1.4730,    0.9956,    0.7245,    0.5873,    0.2366,    0.2094,    0.1493,    0.0520,    0.0426,    0.0012,    0.0047,    0.0099,    0.0164,    0.0237,    0.0314,    0.0393,    0.0409,    0.2275,    0.2165,    0.2656,    1.0659,    1.1732,    0.8813,    2.4505,    3.6348,    3.2484,    3.2137,    2.6657,    2.1389,    3.0336,    3.5793,    3.5434,    3.5860,    1.2580,    1.3013,    1.3253,    1.3161,    1.3237,    1.3139,    1.3175,    1.3016,    1.2907,    1.2841,    1.2699,    1.2692,    0.9714,    0.9647,    0.9572,    0.9473,    0.9379,    0.9287,    0.9179,    0.9075,    0.8967,    0.8849,    0.8710,    0.8554,    0.8808,    0.8614,    0.8552,    0.8202,    0.8094,    0.7711,    0.7543,    0.7196,    0.6420,    0.6159,    0.5976,    0.5854,    1.4857,    1.2713,    1.1970,    1.0770,    1.0229,    1.0236,    0.9812,    0.9327,    0.9770,    0.9282,    0.9469,    0.8951,    1.4333,    1.3979,    1.2776,    1.2320,    1.1707,    1.0627,    1.0039,    0.9103,    0.8312,    0.7517,    0.6680,    0.6023,    1.4381,    1.0025,    0.6930,    0.4818,    0.3430,    0.2504,    0.1734,    0.1204,    0.0818,    0.0560,    0.0364,    0.0243,    0.0001,    0.0000,    0.0003,    0.0009,    0.0010,    0.0009,    0.0010,    0.0022,    0.0019,    0.0027,    0.0023,    0.0042,    0.0046,    0.0038,    0.0054,    0.0059,    0.0035,    0.0023,    0.0003,    0.0006,    0.0029,    0.0035,    0.0085,    0.0089,    0.0110,    0.0118,    0.0122,    0.0129,    0.0155,    0.0159,    0.0148,    0.0135,    0.0119,    0.0142,    0.0197,    0.0199,    0.0384,    0.0419,    0.0439,    0.0446,    0.0438,    0.0485,    0.0466,    0.0805,    0.0741,    0.0837,    0.0792,    0.0843,    0.1825,    0.1781,    0.1849,    0.2235,    0.2250,    0.2169,    0.2245,    0.2303,    0.2349,    0.2183,    0.2153,    0.2236,    0.5652,    0.4863,    0.4808,    0.4663,    0.4307,    0.4040,    0.3547,    0.3263,    0.3137,    0.2750,    0.2113,    0.1963,    0.1513,    0.3665,    0.2796,    0.2670,    0.1801,    0.1308,    0.1057,    0.0425,    0.0375,    0.0266,    0.0092,    0.0075
    2,    2.0000,  227.5722,    0.0403,   77.4053,  142.4091,   65.4968,  -43.1840,  158.4330,  163.5827,  163.6723,  163.8293,  164.1029,  164.5732,  165.3648,  166.6602,  168.4872,  170.9519,  174.2721,  178.5564,  183.8814,  190.3071,  197.9049,  205.8548,  212.8059,  218.1105,  222.1140,  224.8330,  226.3589,  227.0949,  227.3721,  227.5098,  227.5598,    0.0691,    0.2622,    0.5545,    0.9178,    1.3271,    1.7613,    2.2022,    2.6420,    3.2000,    3.2560,    3.5544,    4.1872,    3.2520,    2.9902,    3.2940,    2.4806,    0.9423,    1.0217,    1.5655,    2.0837,    2.1547,    2.2623,    2.2872,    2.0701,    0.6897,    0.6399,    0.5919,    0.5803,    0.5381,    0.5262,    0.4900,    0.4742,    0.4624,    0.4490,    0.4455,    0.4388,    0.3148,    0.2908,    0.2641,    0.2573,    0.2434,    0.2129,    0.2332,    0.2323,    0.2333,    0.2415,    0.2514,    0.2586,    0.2755,    0.2730,    0.2768,    0.2879,    0.2830,    0.3176,    0.3123,    0.3142,    0.3476,    0.3440,    0.3392,    0.3336,    0.9947,    1.0489,    1.0019,    0.9816,    0.9332,    0.9019,    0.8386,    0.7932,    0.6998,    0.6591,    0.5704,    0.5362,    0.6941,    0.5396,    0.4820,    0.3621,    0.2632,    0.2322,    0.1575,    0.1374,    0.1118,    0.0971,    0.0967,    0.0840,    0.2309,    0.1817,    0.1373,    0.0965,    0.0590,    0.0300,    0.0192,    0.0117,    0.0079,    0.0049,    0.0041,    0.0027,    0.0935,    0.0479,    0.0873,    0.1067,    0.1200,    0.1112,    0.1224,    0.1375,    0.1212,    0.1668,    0.1475,    0.1611,    0.1776,    0.1446,    0.2099,    0.2322,    0.1906,    0.2021,    0.2055,    0.2248,    0.2537,    0.1880,    0.2997,    0.3160,    0.3889,    0.4157,    0.4303,    0.4574,    0.4692,    0.4889,    0.4864,    0.5263,    0.5520,    0.5462,    0.6028,    0.6135,    1.0587,    1.1563,    1.2124,    1.2473,    1.2633,    1.3763,    1.2983,    1.3744,    1.3210,    1.4117,    1.3379,    1.4317,    3.0878,    3.0378,    3.1179,    3.1505,    3.1796,    3.0568,    3.1641,    3.2449,    3.3109,    3.0783,    3.0345,    3.1512,    7.9664,    7.4977,    7.4146,    7.1919,    6.6452,    6.2345,    5.4754,    5.0397,    4.8469,    4.2511,    3.2683,    3.0383,    2.3454,    2.0203,    1.5433,    1.4763,    0.9979,    0.7263,    0.5888,    0.2372,    0.2100,    0.1498,    0.0522,    0.0427,    0.0014,    0.0053,    0.0113,    0.0187,    0.0270,    0.0358,    0.0448,    0.0466,    0.2580,    0.2452,    0.3006,    1.1901,    1.3034,    0.9762,    2.6343,    3.7370,    3.3502,    3.3216,    2.8022,    2.2846,    3.1992,    3.6966,    3.6552,    3.6791,    1.2871,    1.3208,    1.3382,    1.3283,    1.3324,    1.3218,    1.3226,    1.3068,    1.2953,    1.2874,    1.2727,    1.2700,    0.9716,    0.9647,    0.9573,    0.9473,    0.9379,    0.9287,    0.9179,    0.9075,    0.8968,    0.8850,    0.8712,    0.8561,    0.8827,    0.8644,    0.8576,    0.8260,    0.8150,    0.7800,    0.7644,    0.7335,    0.6632,    0.6393,    0.6220,    0.6099,    1.5582,    1.3476,    1.2720,    1.1500,    1.0929,    1.0905,    1.0445,    0.9927,    1.0305,    0.9788,    0.9904,    0.9366,    1.4855,    1.4361,    1.3126,    1.2553,    1.1857,    1.0768,    1.0118,    0.9176,    0.8371,    0.7570,    0.6743,    0.6081,    1.4579,    1.0215,    0.7097,    0.4948,    0.3518,    0.2554,    0.1770,    0.1229,    0.0836,    0.0572,    0.0374,    0.0250,    0.0000,    0.0000,    0.0001,    0.0004,    0.0005,    0.0004,    0.0005,    0.0012,    0.0011,    0.0015,    0.0013,    0.0025,    0.0028,    0.0022,    0.0032,    0.0035,    0.0020,    0.0013,    0.0002,    0.0003,    0.0017,    0.0020,    0.0051,    0.0054,    0.0066,    0.0071,    0.0074,    0.0078,    0.0096,    0.0098,    0.0092,    0.0083,    0.0074,    0.0088,    0.0122,    0.0123,    0.0240,    0.0262,    0.0275,    0.0279,    0.0274,    0.0304,    0.0292,    0.0540,    0.0496,    0.0561,    0.0530,    0.0564,    0.1223,    0.1193,    0.1239,    0.1536,    0.1546,    0.1490,    0.1543,    0.1582,    0.1614,    0.1500,    0.1479,    0.1536,    0.3883,    0.3307,    0.3270,    0.3171,    0.2930,    0.2748,    0.2413,    0.2220,    0.2134,    0.1871,    0.1437,    0.1335,    0.1030,    0.2856,    0.2178,    0.2080,    0.1403,    0.1019,    0.0824,    0.0331,    0.0292,    0.0207,    0.0072,    0.0059
