Particle       ,data/QEXT_96IR_84_VIS_NC25v1_2umrod
Ncase          ,  14
dt (sols)      ,  0.020833
Qext 0.67um    ,  1.589613
Alb sfc        ,  0.220000
Conrath nu     ,  0.002000
Sun Flux (W/m2),148.389262
BWN IR (cm-1)  ,     10.0000,     34.1670,     58.3330,     82.5000,    106.6670,    130.8330,    155.0000,    179.1670,    203.3330,    227.5000,    251.6670,    275.8330,    300.0000,    320.7880,    341.5750,    362.3630,    383.1500,    403.9380,    424.7250,    445.5130,    466.3010,    487.0880,    507.8760,    528.6630,    549.4510,    556.7420,    564.0330,    571.3240,    578.6150,    585.9060,    593.1970,    600.4880,    607.7790,    615.0700,    622.3610,    629.6520,    636.9430,    642.5500,    648.1570,    653.7640,    659.3700,    664.9770,    670.5840,    676.1910,    681.7980,    687.4050,    693.0110,    698.6180,    704.2250,    710.1390,    716.0530,    721.9670,    727.8810,    733.7950,    739.7090,    745.6240,    751.5380,    757.4520,    763.3660,    769.2800,    775.1940,    791.5010,    807.8070,    824.1140,    840.4210,    856.7270,    873.0340,    889.3410,    905.6470,    921.9540,    938.2610,    954.5670,    970.8740,    996.8050,   1022.7370,   1048.6680,   1074.6000,   1100.5310,   1126.4630,   1152.3940,   1178.3250,   1204.2570,   1230.1880,   1256.1200,   1282.0510,   1360.3990,   1438.7460,   1517.0940,   1595.4410,   1673.7890,   1752.1370,   1830.4840,   1908.8320,   1987.1790,   2065.5270,   2143.8740,   2222.2220
BWN VIS (cm-1) ,   2222.2200,   2294.3160,   2366.4120,   2438.5080,   2510.6030,   2582.6990,   2654.7950,   2726.8910,   2798.9870,   2871.0820,   2943.1780,   3015.2740,   3087.3700,   3165.9750,   3244.5800,   3323.1850,   3401.7900,   3480.3950,   3559.0000,   3637.6050,   3716.2100,   3794.8150,   3873.4200,   3952.0250,   4030.6300,   4142.2920,   4253.9530,   4365.6150,   4477.2770,   4588.9380,   4700.6000,   4812.2620,   4923.9230,   5035.5850,   5147.2470,   5258.9080,   5370.5700,   5560.6150,   5750.6600,   5940.7050,   6130.7500,   6320.7950,   6510.8400,   6700.8850,   6890.9300,   7080.9750,   7271.0200,   7461.0650,   7651.1100,   8055.1840,   8459.2580,   8863.3330,   9267.4070,   9671.4810,  10075.5550,  10479.6290,  10883.7030,  11287.7780,  11691.8520,  12095.9260,  12500.0000,  13541.6670,  14583.3330,  15625.0000,  16666.6670,  17708.3330,  18750.0000,  19791.6670,  20833.3330,  21875.0000,  22916.6670,  23958.3330,  25000.0000,  26388.8890,  27777.7780,  29166.6670,  30555.5570,  31944.4460,  33333.3350,  34722.2240,  36111.1130,  37500.0030,  38888.8920,  40277.7810,  41666.6700
SUN VIS (W/m2) ,      0.1008,      0.0862,      0.0968,      0.1089,      0.1224,      0.1136,      0.1248,      0.1400,      0.1233,      0.1698,      0.1502,      0.1645,      0.1814,      0.1477,      0.2144,      0.2377,      0.1946,      0.2106,      0.2276,      0.2472,      0.2683,      0.1918,      0.3072,      0.3239,      0.3986,      0.4261,      0.4410,      0.4688,      0.4810,      0.5017,      0.5013,      0.5485,      0.5772,      0.5665,      0.6183,      0.6303,      1.0809,      1.1806,      1.2379,      1.2751,      1.2949,      1.4092,      1.3262,      1.4132,      1.3634,      1.4505,      1.3747,      1.4716,      3.1730,      3.1258,      3.2038,      3.2543,      3.2846,      3.1576,      3.2685,      3.3520,      3.4202,      3.1800,      3.1347,      3.2554,      8.2299,      7.8425,      7.7561,      7.5237,      6.9524,      6.5235,      5.7299,      5.2748,      5.0739,      4.4511,      3.4228,      3.1828,      2.4579,      2.2644,      1.7312,      1.6575,      1.1215,      0.8173,      0.6634,      0.2677,      0.2374,      0.1697,      0.0593,      0.0486
================
wavelenght [um],    0.244068,    0.252632,    0.261818,    0.271698,    0.282353,    0.293878,    0.306383,    0.320000,    0.334884,    0.351220,    0.369231,    0.389189,    0.408511,    0.426667,    0.446512,    0.468293,    0.492308,    0.518919,    0.548571,    0.581818,    0.619355,    0.662069,    0.711111,    0.768000,    0.813143,    0.840768,    0.870336,    0.902060,    0.936184,    0.972991,    1.012810,    1.056028,    1.103099,    1.154562,    1.211061,    1.273375,    1.323436,    1.357581,    1.393534,    1.431444,    1.471474,    1.513807,    1.558648,    1.606226,    1.656801,    1.710664,    1.768147,    1.829628,    1.881560,    1.921939,    1.964090,    2.008131,    2.054193,    2.102417,    2.152960,    2.205992,    2.261704,    2.320302,    2.382017,    2.447105,    2.505432,    2.555765,    2.608162,    2.662752,    2.719677,    2.779088,    2.841153,    2.906054,    2.973989,    3.045176,    3.119855,    3.198288,    3.277268,    3.356577,    3.439819,    3.527294,    3.619334,    3.716307,    3.818620,    3.926726,    4.041130,    4.162400,    4.291175,    4.428172,    4.580751,    4.751270,    4.934974,    5.133456,    5.348572,    5.582505,    5.837838,    6.117648,    6.425631,    6.766266,    7.145039,    7.568734,    7.879690,    8.044056,    8.215425,    8.394255,    8.581043,    8.776330,    8.980716,    9.194848,    9.419442,    9.655282,    9.903235,   10.164260,   10.387231,   10.566200,   10.751445,   10.943308,   11.142136,   11.348323,   11.562291,   11.784476,   12.015368,   12.255495,   12.505409,   12.765727,   12.949392,   13.049328,   13.150818,   13.253898,   13.358608,   13.464994,   13.573088,   13.682923,   13.794549,   13.908012,   14.023357,   14.140631,   14.256763,   14.371646,   14.488386,   14.607038,   14.727660,   14.850291,   14.974981,   15.101782,   15.230738,   15.361915,   15.495384,   15.631191,   15.790367,   15.974275,   16.162517,   16.355249,   16.552633,   16.754839,   16.962047,   17.174443,   17.392227,   17.615605,   17.844795,   18.080028,   18.550914,   19.294981,   20.101230,   20.977796,   21.934298,   22.982219,   24.135264,   25.410119,   26.827165,   28.411593,   30.194923,   32.217118,   34.732292,   37.914692,   41.739101,   46.421699,   52.287582,   59.850314,   69.970927,   84.210526,  105.726686,  142.012170,  216.216216,  452.826771
Qext           ,      1.2269,      1.2269,      1.2269,      1.2269,      1.2269,      1.2269,      1.2269,      1.2269,      1.2269,      1.2269,      1.2269,      1.5896,      1.5896,      1.5896,      1.5896,      1.5896,      1.5896,      1.5896,      1.5896,      1.5896,      1.5896,      1.5896,      1.5896,      1.3879,      1.3879,      1.3879,      1.3879,      1.3879,      1.3879,      1.3879,      1.3879,      1.3879,      1.3879,      1.3116,      1.3116,      1.3116,      1.3116,      1.3116,      1.3116,      1.3116,      1.3116,      1.5228,      1.5228,      1.5228,      1.5228,      1.5228,      1.5228,      1.5228,      1.5503,      1.5503,      1.5503,      1.5503,      1.5503,      1.5503,      1.5503,      1.5503,      1.8277,      1.8277,      1.8277,      1.8277,      1.8277,      1.8277,      2.2918,      2.2918,      2.2918,      2.2918,      2.2918,      2.2918,      1.6666,      1.6666,      1.6666,      1.6666,      1.6666,      1.9841,      1.9841,      1.9841,      1.9841,      2.0283,      2.0283,      2.0283,      2.0283,      2.4621,      2.4621,      2.4621,      3.0507,      3.0507,      2.4509,      2.4509,      2.1466,      1.9224,      1.9224,      1.7483,      2.0048,      2.6410,      3.2382,      3.3459,      3.4538,      3.4538,      4.3973,      4.3973,      3.8922,      3.8922,      2.2961,      2.2961,      1.6804,      1.8912,      1.8912,      1.8461,      1.1643,      1.1643,      0.6560,      0.6560,      0.5985,      0.5985,      0.7287,      1.0155,      1.0155,      1.4402,      1.4402,      1.7965,      1.9743,      1.9743,      1.9743,      1.9743,      2.0810,      2.0810,      2.0810,      2.2288,      2.2288,      2.2288,      2.3794,      2.3794,      2.3794,      2.4281,      2.4281,      2.4281,      2.3561,      2.3561,      2.3561,      2.2617,      2.2617,      2.2617,      2.2674,      2.2674,      2.2674,      2.4175,      2.4175,      2.6544,      2.6544,      2.8747,      3.0098,      3.0098,      3.0770,      3.0770,      3.1784,      3.4585,      3.7527,      5.6774,      9.6580,     13.4224,     14.9086,     13.5103,     10.0450,      5.9446,      2.8642,      1.4090,      0.9197,      0.6856,      0.4027,      0.1828,      0.1122,      0.0919,      0.0504,      0.0311,      0.0311,      0.0311,      0.0311,      0.0311,      0.0311,      0.0311
Qscat          ,      0.5774,      0.5774,      0.5774,      0.5774,      0.5774,      0.5774,      0.5774,      0.5774,      0.5774,      0.5774,      0.5774,      0.4657,      0.4657,      0.4657,      0.4657,      0.4657,      0.4657,      0.4657,      0.4657,      0.4657,      0.4657,      0.4657,      0.4657,      0.2404,      0.2404,      0.2404,      0.2404,      0.2404,      0.2404,      0.2404,      0.2404,      0.2404,      0.2404,      0.2019,      0.2019,      0.2019,      0.2019,      0.2019,      0.2019,      0.2019,      0.2019,      0.2262,      0.2262,      0.2262,      0.2262,      0.2262,      0.2262,      0.2262,      0.1731,      0.1731,      0.1731,      0.1731,      0.1731,      0.1731,      0.1731,      0.1731,      0.2320,      0.2320,      0.2320,      0.2320,      0.2320,      0.2320,      0.3176,      0.3176,      0.3176,      0.3176,      0.3176,      0.3176,      0.2001,      0.2001,      0.2001,      0.2001,      0.2001,      0.2132,      0.2132,      0.2132,      0.2132,      0.2220,      0.2220,      0.2220,      0.2220,      0.3527,      0.3527,      0.3527,      0.5939,      0.5939,      0.3536,      0.3536,      0.2735,      0.2382,      0.2382,      0.2193,      0.2677,      0.4734,      1.0874,      0.8926,      1.0178,      1.0178,      1.3790,      1.3790,      1.5224,      1.5224,      0.7873,      0.7873,      0.6149,      0.5488,      0.5488,      0.6929,      0.7418,      0.7418,      0.5591,      0.5591,      0.5365,      0.5365,      0.6124,      0.5207,      0.5207,      0.4700,      0.4700,      0.7489,      1.2263,      1.2263,      1.2263,      1.2263,      1.5986,      1.5986,      1.5986,      1.7717,      1.7717,      1.7717,      1.8245,      1.8245,      1.8245,      1.7898,      1.7898,      1.7898,      1.6135,      1.6135,      1.6135,      1.2796,      1.2796,      1.2796,      0.8945,      0.8945,      0.8945,      0.6346,      0.6346,      0.6248,      0.6248,      0.8592,      1.2143,      1.2143,      1.5275,      1.5275,      1.6831,      1.6599,      1.5943,      1.4217,      2.1986,      3.9034,      5.1914,      4.9146,      3.1062,      1.0802,      0.2765,      0.6351,      0.8315,      0.3201,     -0.2369,     -0.0122,      0.1122,      0.0919,     -0.2863,     -0.3096,     -0.3096,     -0.3096,     -0.3096,     -0.3096,     -0.3096,     -0.3096
G factor       ,      0.5110,      0.5110,      0.5110,      0.5110,      0.5110,      0.5110,      0.5110,      0.5110,      0.5110,      0.5110,      0.5110,      0.4510,      0.4510,      0.4510,      0.4510,      0.4510,      0.4510,      0.4510,      0.4510,      0.4510,      0.4510,      0.4510,      0.4510,      0.3320,      0.3320,      0.3320,      0.3320,      0.3320,      0.3320,      0.3320,      0.3320,      0.3320,      0.3320,      0.2730,      0.2730,      0.2730,      0.2730,      0.2730,      0.2730,      0.2730,      0.2730,      0.2570,      0.2570,      0.2570,      0.2570,      0.2570,      0.2570,      0.2570,      0.2860,      0.2860,      0.2860,      0.2860,      0.2860,      0.2860,      0.2860,      0.2860,      0.2560,      0.2560,      0.2560,      0.2560,      0.2560,      0.2560,      0.1730,      0.1730,      0.1730,      0.1730,      0.1730,      0.1730,      0.1180,      0.1180,      0.1180,      0.1180,      0.1180,      0.1840,      0.1840,      0.1840,      0.1840,      0.1450,      0.1450,      0.1450,      0.1450,      0.0950,      0.0950,      0.0950,      0.0830,      0.0830,      0.0100,      0.0100,     -0.0090,      0.0330,      0.0330,      0.1060,      0.1820,      0.2490,      0.2620,      0.1880,      0.2200,      0.2200,      0.1990,      0.1990,      0.1100,      0.1100,      0.0010,      0.0010,     -0.0020,      0.0220,      0.0220,      0.0600,      0.0830,      0.0830,      0.0390,      0.0390,     -0.0080,     -0.0080,     -0.0170,     -0.0160,     -0.0160,      0.0060,      0.0060,      0.0350,      0.0500,      0.0500,      0.0500,      0.0500,      0.0440,      0.0440,      0.0440,      0.0250,      0.0250,      0.0250,      0.0090,      0.0090,      0.0090,      0.0020,      0.0020,      0.0020,      0.0000,      0.0000,      0.0000,     -0.0000,     -0.0000,     -0.0000,     -0.0020,     -0.0020,     -0.0020,     -0.0030,     -0.0030,     -0.0030,     -0.0030,     -0.0010,      0.0030,      0.0030,      0.0060,      0.0060,      0.0080,      0.0090,      0.0080,      0.0040,      0.0020,      0.0020,      0.0030,      0.0030,      0.0020,      0.0000,     -0.0020,     -0.0020,      0.0020,      0.0020,     -0.0050,     -0.0110,     -0.0000,      0.0060,     -0.0060,     -0.0150,     -0.0150,     -0.0150,     -0.0150,     -0.0150,     -0.0150,     -0.0150
================
P [mbar]       ,    0.1004,    0.1015,    0.1034,    0.1069,    0.1130,    0.1239,    0.1432,    0.1740,    0.2226,    0.3028,    0.4349,    0.6529,    1.0121,    1.6044,    2.4646,    3.4606,    4.3994,    5.2226,    5.8426,    6.2132,    6.3980,    6.4686,    6.5039,    6.5168
Temp initial[K],  163.5827,  163.6723,  163.8293,  164.1029,  164.5732,  165.3648,  166.6602,  168.4872,  170.9519,  174.2721,  178.5564,  183.8814,  190.3071,  197.9049,  205.8548,  212.8059,  218.1105,  222.1140,  224.8330,  226.3589,  227.0949,  227.3721,  227.5098,  227.5598
================
it   ,   tau    ,  Tsfc    ,   alb    ,   OLR    ,    ASR   ,  NET top ,  NET bot , T lev  01, T lev  02, T lev  03, T lev  04, T lev  05, T lev  06, T lev  07, T lev  08, T lev  09, T lev  10, T lev  11, T lev  12, T lev  13, T lev  14, T lev  15, T lev  16, T lev  17, T lev  18, T lev  19, T lev  20, T lev  21, T lev  22, T lev  23, T lev  24, T lev  25,  OLR IR01,  OLR IR02,  OLR IR03,  OLR IR04,  OLR IR05,  OLR IR06,  OLR IR07,  OLR IR08,  OLR IR09,  OLR IR10,  OLR IR11,  OLR IR12,  OLR IR13,  OLR IR14,  OLR IR15,  OLR IR16,  OLR IR17,  OLR IR18,  OLR IR19,  OLR IR20,  OLR IR21,  OLR IR22,  OLR IR23,  OLR IR24,  OLR IR25,  OLR IR26,  OLR IR27,  OLR IR28,  OLR IR29,  OLR IR30,  OLR IR31,  OLR IR32,  OLR IR33,  OLR IR34,  OLR IR35,  OLR IR36,  OLR IR37,  OLR IR38,  OLR IR39,  OLR IR40,  OLR IR41,  OLR IR42,  OLR IR43,  OLR IR44,  OLR IR45,  OLR IR46,  OLR IR47,  OLR IR48,  OLR IR49,  OLR IR50,  OLR IR51,  OLR IR52,  OLR IR53,  OLR IR54,  OLR IR55,  OLR IR56,  OLR IR57,  OLR IR58,  OLR IR59,  OLR IR60,  OLR IR61,  OLR IR62,  OLR IR63,  OLR IR64,  OLR IR65,  OLR IR66,  OLR IR67,  OLR IR68,  OLR IR69,  OLR IR70,  OLR IR71,  OLR IR72,  OLR IR73,  OLR IR74,  OLR IR75,  OLR IR76,  OLR IR77,  OLR IR78,  OLR IR79,  OLR IR80,  OLR IR81,  OLR IR82,  OLR IR83,  OLR IR84,  OLR IR85,  OLR IR86,  OLR IR87,  OLR IR88,  OLR IR89,  OLR IR90,  OLR IR91,  OLR IR92,  OLR IR93,  OLR IR94,  OLR IR95,  OLR IR96, ASR VIS01, ASR VIS02, ASR VIS03, ASR VIS04, ASR VIS05, ASR VIS06, ASR VIS07, ASR VIS08, ASR VIS09, ASR VIS10, ASR VIS11, ASR VIS12, ASR VIS13, ASR VIS14, ASR VIS15, ASR VIS16, ASR VIS17, ASR VIS18, ASR VIS19, ASR VIS20, ASR VIS21, ASR VIS22, ASR VIS23, ASR VIS24, ASR VIS25, ASR VIS26, ASR VIS27, ASR VIS28, ASR VIS29, ASR VIS30, ASR VIS31, ASR VIS32, ASR VIS33, ASR VIS34, ASR VIS35, ASR VIS36, ASR VIS37, ASR VIS38, ASR VIS39, ASR VIS40, ASR VIS41, ASR VIS42, ASR VIS43, ASR VIS44, ASR VIS45, ASR VIS46, ASR VIS47, ASR VIS48, ASR VIS49, ASR VIS50, ASR VIS51, ASR VIS52, ASR VIS53, ASR VIS54, ASR VIS55, ASR VIS56, ASR VIS57, ASR VIS58, ASR VIS59, ASR VIS60, ASR VIS61, ASR VIS62, ASR VIS63, ASR VIS64, ASR VIS65, ASR VIS66, ASR VIS67, ASR VIS68, ASR VIS69, ASR VIS70, ASR VIS71, ASR VIS72, ASR VIS73, ASR VIS74, ASR VIS75, ASR VIS76, ASR VIS77, ASR VIS78, ASR VIS79, ASR VIS80, ASR VIS81, ASR VIS82, ASR VIS83, ASR VIS84, SFC DIR01, SFC DIR02, SFC DIR03, SFC DIR04, SFC DIR05, SFC DIR06, SFC DIR07, SFC DIR08, SFC DIR09, SFC DIR10, SFC DIR11, SFC DIR12, SFC DIR13, SFC DIR14, SFC DIR15, SFC DIR16, SFC DIR17, SFC DIR18, SFC DIR19, SFC DIR20, SFC DIR21, SFC DIR22, SFC DIR23, SFC DIR24, SFC DIR25, SFC DIR26, SFC DIR27, SFC DIR28, SFC DIR29, SFC DIR30, SFC DIR31, SFC DIR32, SFC DIR33, SFC DIR34, SFC DIR35, SFC DIR36, SFC DIR37, SFC DIR38, SFC DIR39, SFC DIR40, SFC DIR41, SFC DIR42, SFC DIR43, SFC DIR44, SFC DIR45, SFC DIR46, SFC DIR47, SFC DIR48, SFC DIR49, SFC DIR50, SFC DIR51, SFC DIR52, SFC DIR53, SFC DIR54, SFC DIR55, SFC DIR56, SFC DIR57, SFC DIR58, SFC DIR59, SFC DIR60, SFC DIR61, SFC DIR62, SFC DIR63, SFC DIR64, SFC DIR65, SFC DIR66, SFC DIR67, SFC DIR68, SFC DIR69, SFC DIR70, SFC DIR71, SFC DIR72, SFC DIR73, SFC DIR74, SFC DIR75, SFC DIR76, SFC DIR77, SFC DIR78, SFC DIR79, SFC DIR80, SFC DIR81, SFC DIR82, SFC DIR83, SFC DIR84, SFC DIR85, SFC DIR86, SFC DIR87, SFC DIR88, SFC DIR89, SFC DIR90, SFC DIR91, SFC DIR92, SFC DIR93, SFC DIR94, SFC DIR95, SFC DIR96,SFC DVIS01,SFC DVIS02,SFC DVIS03,SFC DVIS04,SFC DVIS05,SFC DVIS06,SFC DVIS07,SFC DVIS08,SFC DVIS09,SFC DVIS10,SFC DVIS11,SFC DVIS12,SFC DVIS13,SFC DVIS14,SFC DVIS15,SFC DVIS16,SFC DVIS17,SFC DVIS18,SFC DVIS19,SFC DVIS20,SFC DVIS21,SFC DVIS22,SFC DVIS23,SFC DVIS24,SFC DVIS25,SFC DVIS26,SFC DVIS27,SFC DVIS28,SFC DVIS29,SFC DVIS30,SFC DVIS31,SFC DVIS32,SFC DVIS33,SFC DVIS34,SFC DVIS35,SFC DVIS36,SFC DVIS37,SFC DVIS38,SFC DVIS39,SFC DVIS40,SFC DVIS41,SFC DVIS42,SFC DVIS43,SFC DVIS44,SFC DVIS45,SFC DVIS46,SFC DVIS47,SFC DVIS48,SFC DVIS49,SFC DVIS50,SFC DVIS51,SFC DVIS52,SFC DVIS53,SFC DVIS54,SFC DVIS55,SFC DVIS56,SFC DVIS57,SFC DVIS58,SFC DVIS59,SFC DVIS60,SFC DVIS61,SFC DVIS62,SFC DVIS63,SFC DVIS64,SFC DVIS65,SFC DVIS66,SFC DVIS67,SFC DVIS68,SFC DVIS69,SFC DVIS70,SFC DVIS71,SFC DVIS72,SFC DVIS73,SFC DVIS74,SFC DVIS75,SFC DVIS76,SFC DVIS77,SFC DVIS78,SFC DVIS79,SFC DVIS80,SFC DVIS81,SFC DVIS82,SFC DVIS83,SFC DVIS84
    2,    0.0000,  227.5722,    0.2192,  139.8688,  115.8602,  -23.5218,  -14.0680,  158.4330,  163.5827,  163.6723,  163.8293,  164.1029,  164.5732,  165.3648,  166.6602,  168.4872,  170.9519,  174.2721,  178.5564,  183.8814,  190.3071,  197.9049,  205.8548,  212.8059,  218.1105,  222.1140,  224.8330,  226.3589,  227.0949,  227.3721,  227.5098,  227.5598,    0.0705,    0.2675,    0.5658,    0.9364,    1.3541,    1.7971,    2.2470,    2.6886,    3.1100,    3.5012,    3.8550,    4.1668,    3.7991,    3.9662,    4.1036,    4.2111,    4.2902,    4.3412,    4.3666,    4.3674,    4.3455,    4.3031,    4.2365,    4.1377,    1.4329,    1.4160,    1.3937,    1.3544,    1.3064,    1.2531,    1.1042,    1.0903,    1.0331,    0.8812,    0.8657,    0.6804,    0.4286,    0.3613,    0.2973,    0.2859,    0.2660,    0.2237,    0.2586,    0.2615,    0.2793,    0.3166,    0.3804,    0.4522,    0.5746,    0.6344,    0.5305,    0.6851,    0.6744,    0.6698,    0.6769,    0.7426,    0.7550,    0.7683,    0.7700,    0.7628,    2.0538,    1.9716,    1.9052,    1.8274,    1.7484,    1.6691,    1.5919,    1.5151,    1.4407,    1.3665,    1.2937,    1.2291,    1.8278,    1.6842,    1.5339,    1.3924,    1.2741,    1.1725,    1.0662,    0.9681,    0.8777,    0.7928,    0.7079,    0.6374,    1.5840,    1.1437,    0.8293,    0.5901,    0.4167,    0.2922,    0.2036,    0.1383,    0.0940,    0.0622,    0.0416,    0.0303,    0.0906,    0.0482,    0.0759,    0.0854,    0.0957,    0.0892,    0.0975,    0.1096,    0.0962,    0.1325,    0.1172,    0.1283,    0.1417,    0.1155,    0.1680,    0.1868,    0.1536,    0.1833,    0.2065,    0.2237,    0.2252,    0.1502,    0.2398,    0.2533,    0.3110,    0.3324,    0.3440,    0.3658,    0.3756,    0.3940,    0.4010,    0.4565,    0.4953,    0.4717,    0.4852,    0.4943,    0.8433,    0.9209,    0.9663,    0.9993,    1.0234,    1.1077,    1.0381,    1.1064,    1.0804,    1.1314,    1.0733,    1.1507,    2.4780,    2.4450,    2.4989,    2.5384,    2.5644,    2.4626,    2.5489,    2.6139,    2.6670,    2.4800,    2.4441,    2.5380,    6.4157,    6.1123,    6.0433,    5.8603,    5.4132,    5.0767,    4.4565,    4.0997,    3.9404,    3.4535,    2.6528,    2.4637,    1.8993,    1.7458,    1.3311,    1.2705,    0.8565,    0.6215,    0.5021,    0.2015,    0.1776,    0.1261,    0.0437,    0.0355,    0.0000,    0.0000,    0.0000,    0.0000,    0.0000,    0.0000,    0.0000,    0.0000,    0.0000,    0.0000,    0.0000,    0.0000,    0.0000,    0.0000,    0.0000,    0.0000,    0.0000,    0.0000,    0.0000,    0.0004,    0.0013,    0.0042,    0.0316,    0.1224,    0.0337,    0.0553,    0.0951,    0.1939,    0.3170,    0.4390,    0.7874,    0.8078,    0.8986,    1.0611,    1.1127,    1.2540,    0.9696,    0.9641,    0.9572,    0.9473,    0.9378,    0.9287,    0.9178,    0.9074,    0.8966,    0.8844,    0.8683,    0.8421,    0.8025,    0.6764,    0.7395,    0.4977,    0.5022,    0.4908,    0.4247,    0.2470,    0.1814,    0.1031,    0.0612,    0.0469,    0.0933,    0.0788,    0.0260,    0.0119,    0.0030,    0.0028,    0.0017,    0.0056,    0.0100,    0.0182,    0.0292,    0.0235,    0.0278,    0.0056,    0.0259,    0.0458,    0.0328,    0.0004,    0.0000,    0.0000,    0.0000,    0.0031,    0.0165,    0.0171,    0.0171,    0.0171,    0.0000,    0.0000,    0.0000,    0.0000,    0.0000,    0.0035,    0.0040,    0.0054,    0.0048,    0.0010,    0.0230,    0.0000,    0.0598,    0.1073,    0.1213,    0.1109,    0.1245,    0.1385,    0.1233,    0.1698,    0.1501,    0.1645,    0.1806,    0.1466,    0.2118,    0.2312,    0.1878,    0.1215,    0.0145,    0.0325,    0.1583,    0.1897,    0.3065,    0.3218,    0.3984,    0.4260,    0.4410,    0.4686,    0.4796,    0.4909,    0.4572,    0.4157,    0.3661,    0.4375,    0.6076,    0.6165,    1.0804,    1.1803,    1.2358,    1.2540,    1.2316,    1.3659,    1.3119,    1.3949,    1.2823,    1.4502,    1.3714,    1.4595,    3.1611,    3.0848,    3.2030,    3.2531,    3.2743,    3.1567,    3.2678,    3.3511,    3.4192,    3.1776,    3.1334,    3.2539,    8.2247,    7.8363,    7.7478,    7.5132,    6.9399,    6.5086,    5.7135,    5.2561,    5.0518,    4.4276,    3.4010,    3.1586,    2.4350,    2.2382,    1.7066,    1.6288,    1.0981,    0.7968,    0.6438,    0.2584,    0.2277,    0.1616,    0.0560,    0.0455
    2,    0.0500,  227.5722,    0.1961,  131.4826,  119.2957,  -11.6997,   -6.6045,  158.4330,  163.5827,  163.6723,  163.8293,  164.1029,  164.5732,  165.3648,  166.6602,  168.4872,  170.9519,  174.2721,  178.5564,  183.8814,  190.3071,  197.9049,  205.8548,  212.8059,  218.1105,  222.1140,  224.8330,  226.3589,  227.0949,  227.3721,  227.5098,  227.5598,    0.0711,    0.2695,    0.5701,    0.9433,    1.3638,    1.8098,    2.2625,    2.7048,    3.1009,    3.4887,    3.8484,    4.1679,    3.7454,    3.8600,    3.9859,    4.0431,    3.9217,    3.6972,    3.5191,    3.4538,    3.5122,    3.6689,    3.8209,    3.8213,    1.3267,    1.3163,    1.3007,    1.2665,    1.2302,    1.1831,    1.0570,    1.0488,    0.9962,    0.8571,    0.8440,    0.6707,    0.4250,    0.3594,    0.2964,    0.2851,    0.2655,    0.2234,    0.2579,    0.2607,    0.2782,    0.3144,    0.3757,    0.4436,    0.5577,    0.6107,    0.5149,    0.6557,    0.6459,    0.6436,    0.6486,    0.7069,    0.7207,    0.7317,    0.7326,    0.7254,    1.9661,    1.9041,    1.8388,    1.7779,    1.7007,    1.6323,    1.5627,    1.4873,    1.4132,    1.3405,    1.2539,    1.1911,    1.7418,    1.6022,    1.4587,    1.3298,    1.1965,    1.0999,    0.9616,    0.8723,    0.7826,    0.7062,    0.6460,    0.5812,    1.4436,    1.0468,    0.7671,    0.5545,    0.3939,    0.2742,    0.1909,    0.1285,    0.0864,    0.0571,    0.0375,    0.0272,    0.0912,    0.0481,    0.0783,    0.0895,    0.1005,    0.0935,    0.1023,    0.1149,    0.1010,    0.1390,    0.1229,    0.1336,    0.1475,    0.1201,    0.1747,    0.1940,    0.1612,    0.1871,    0.2065,    0.2240,    0.2311,    0.1579,    0.2504,    0.2644,    0.3248,    0.3471,    0.3593,    0.3820,    0.3904,    0.4090,    0.4145,    0.4678,    0.5046,    0.4837,    0.5037,    0.5131,    0.8737,    0.9541,    1.0010,    1.0343,    1.0572,    1.1456,    1.0748,    1.1401,    1.1107,    1.1666,    1.1065,    1.1860,    2.5546,    2.5195,    2.5766,    2.6191,    2.6456,    2.5410,    2.6300,    2.6971,    2.7519,    2.5589,    2.5219,    2.6189,    6.6201,    6.2869,    6.2160,    6.0279,    5.5680,    5.2221,    4.5843,    4.2174,    4.0537,    3.5530,    2.7293,    2.5350,    1.9545,    1.7696,    1.3493,    1.2880,    0.8685,    0.6303,    0.5093,    0.2045,    0.1802,    0.1280,    0.0444,    0.0361,    0.0007,    0.0026,    0.0054,    0.0088,    0.0125,    0.0162,    0.0199,    0.0248,    0.0090,    0.0125,    0.0383,    0.1073,    0.1093,    0.1200,    0.2374,    0.5466,    1.0270,    1.5105,    1.8439,    1.9736,    1.8488,    1.4554,    0.9360,    0.6821,    0.2098,    0.2109,    0.2419,    0.3271,    0.4358,    0.5413,    0.8471,    0.8598,    0.9391,    1.0818,    1.1266,    1.2548,    0.9696,    0.9641,    0.9572,    0.9473,    0.9378,    0.9287,    0.9178,    0.9074,    0.8966,    0.8844,    0.8683,    0.8427,    0.8076,    0.6899,    0.7475,    0.5211,    0.5244,    0.5117,    0.4496,    0.2834,    0.2219,    0.1483,    0.1086,    0.0946,    0.2211,    0.1816,    0.1268,    0.0781,    0.0664,    0.0430,    0.0326,    0.0349,    0.0396,    0.0461,    0.0766,    0.0686,    0.1414,    0.1162,    0.1249,    0.1240,    0.1292,    0.0901,    0.1267,    0.1143,    0.1145,    0.1055,    0.0886,    0.0814,    0.1740,    0.1201,    0.0641,    0.0350,    0.0214,    0.0163,    0.0111,    0.0117,    0.0102,    0.0093,    0.0079,    0.0033,    0.0200,    0.0000,    0.0518,    0.0951,    0.1076,    0.0983,    0.1104,    0.1231,    0.1096,    0.1509,    0.1334,    0.1491,    0.1637,    0.1329,    0.1919,    0.2096,    0.1644,    0.1064,    0.0127,    0.0284,    0.1385,    0.1660,    0.2755,    0.2893,    0.3581,    0.3829,    0.3964,    0.4212,    0.4378,    0.4481,    0.4173,    0.3794,    0.3342,    0.3993,    0.5545,    0.5626,    0.9900,    1.0815,    1.1324,    1.1490,    1.1285,    1.2516,    1.2021,    1.2943,    1.1898,    1.3456,    1.2725,    1.3542,    2.9331,    2.8623,    2.9719,    3.0098,    3.0295,    2.9206,    3.0235,    3.1006,    3.1635,    2.9400,    2.8992,    3.0106,    7.6097,    7.2415,    7.1598,    6.9429,    6.4131,    6.0144,    5.2796,    4.8569,    4.6680,    4.0912,    3.1425,    2.9185,    2.2499,    2.1299,    1.6239,    1.5499,    1.0449,    0.7582,    0.6126,    0.2458,    0.2167,    0.1538,    0.0533,    0.0433
    2,    0.1000,  227.5722,    0.1761,  125.4581,  122.2595,   -2.7109,   -3.4859,  158.4330,  163.5827,  163.6723,  163.8293,  164.1029,  164.5732,  165.3648,  166.6602,  168.4872,  170.9519,  174.2721,  178.5564,  183.8814,  190.3071,  197.9049,  205.8548,  212.8059,  218.1105,  222.1140,  224.8330,  226.3589,  227.0949,  227.3721,  227.5098,  227.5598,    0.0716,    0.2716,    0.5742,    0.9501,    1.3733,    1.8221,    2.2776,    2.7205,    3.0919,    3.4762,    3.8420,    4.1679,    3.6942,    3.7600,    3.8789,    3.8962,    3.6467,    3.3084,    3.0761,    2.9925,    3.0568,    3.2614,    3.5085,    3.5665,    1.2401,    1.2337,    1.2231,    1.1929,    1.1654,    1.1234,    1.0155,    1.0117,    0.9631,    0.8351,    0.8239,    0.6615,    0.4214,    0.3574,    0.2955,    0.2844,    0.2649,    0.2232,    0.2573,    0.2600,    0.2770,    0.3123,    0.3712,    0.4354,    0.5420,    0.5892,    0.5005,    0.6294,    0.6202,    0.6197,    0.6231,    0.6750,    0.6899,    0.6990,    0.6991,    0.6920,    1.8865,    1.8415,    1.7773,    1.7313,    1.6558,    1.5972,    1.5346,    1.4606,    1.3869,    1.3156,    1.2166,    1.1555,    1.6636,    1.5275,    1.3901,    1.2723,    1.1273,    1.0352,    0.8745,    0.7925,    0.7040,    0.6347,    0.5927,    0.5328,    1.3224,    0.9624,    0.7115,    0.5219,    0.3729,    0.2577,    0.1791,    0.1196,    0.0795,    0.0526,    0.0338,    0.0245,    0.0917,    0.0481,    0.0802,    0.0928,    0.1042,    0.0969,    0.1062,    0.1191,    0.1048,    0.1442,    0.1275,    0.1379,    0.1522,    0.1240,    0.1803,    0.2001,    0.1671,    0.1901,    0.2064,    0.2243,    0.2357,    0.1639,    0.2591,    0.2735,    0.3361,    0.3592,    0.3718,    0.3953,    0.4028,    0.4216,    0.4259,    0.4772,    0.5125,    0.4938,    0.5194,    0.5290,    0.8995,    0.9823,    1.0304,    1.0640,    1.0859,    1.1777,    1.1059,    1.1694,    1.1370,    1.1973,    1.1354,    1.2167,    2.6212,    2.5842,    2.6442,    2.6890,    2.7159,    2.6088,    2.7003,    2.7691,    2.8254,    2.6271,    2.5893,    2.6888,    6.7970,    6.4377,    6.3652,    6.1727,    5.7020,    5.3478,    4.6948,    4.3193,    4.1518,    3.6392,    2.7957,    2.5968,    2.0023,    1.7916,    1.3662,    1.3043,    0.8796,    0.6385,    0.5160,    0.2072,    0.1827,    0.1298,    0.0450,    0.0366,    0.0014,    0.0051,    0.0107,    0.0174,    0.0247,    0.0322,    0.0395,    0.0492,    0.0180,    0.0249,    0.0762,    0.2113,    0.2147,    0.2337,    0.4583,    1.0137,    1.7785,    2.4322,    2.8187,    2.9536,    2.8171,    2.3520,    1.6157,    1.1472,    0.3585,    0.3440,    0.3679,    0.4417,    0.5382,    0.6297,    0.8989,    0.9054,    0.9748,    1.1001,    1.1391,    1.2556,    0.9697,    0.9641,    0.9572,    0.9473,    0.9378,    0.9287,    0.9178,    0.9074,    0.8966,    0.8844,    0.8684,    0.8433,    0.8122,    0.7020,    0.7548,    0.5422,    0.5444,    0.5306,    0.4722,    0.3162,    0.2586,    0.1894,    0.1517,    0.1378,    0.3381,    0.2772,    0.2207,    0.1409,    0.1265,    0.0816,    0.0624,    0.0632,    0.0681,    0.0730,    0.1214,    0.1112,    0.2453,    0.2170,    0.2152,    0.1959,    0.2154,    0.1704,    0.2328,    0.2100,    0.2088,    0.1899,    0.1505,    0.1367,    0.3094,    0.2099,    0.1212,    0.0671,    0.0413,    0.0312,    0.0213,    0.0191,    0.0157,    0.0129,    0.0106,    0.0053,    0.0173,    0.0000,    0.0449,    0.0843,    0.0953,    0.0872,    0.0978,    0.1094,    0.0974,    0.1342,    0.1186,    0.1351,    0.1483,    0.1204,    0.1739,    0.1899,    0.1439,    0.0931,    0.0111,    0.0249,    0.1213,    0.1453,    0.2477,    0.2600,    0.3218,    0.3442,    0.3563,    0.3786,    0.3995,    0.4089,    0.3809,    0.3463,    0.3050,    0.3645,    0.5061,    0.5135,    0.9072,    0.9910,    1.0376,    1.0529,    1.0341,    1.1468,    1.1015,    1.2009,    1.1039,    1.2485,    1.1807,    1.2565,    2.7214,    2.6557,    2.7574,    2.7848,    2.8030,    2.7023,    2.7974,    2.8687,    2.9270,    2.7202,    2.6824,    2.7855,    7.0408,    6.6924,    6.6168,    6.4164,    5.9267,    5.5583,    4.8792,    4.4885,    4.3140,    3.7809,    2.9042,    2.6971,    2.0792,    2.0274,    1.5458,    1.4753,    0.9946,    0.7217,    0.5831,    0.2340,    0.2062,    0.1464,    0.0507,    0.0412
    2,    0.1500,  227.5722,    0.1589,  120.6942,  124.8141,    4.6079,   -2.6593,  158.4330,  163.5827,  163.6723,  163.8293,  164.1029,  164.5732,  165.3648,  166.6602,  168.4872,  170.9519,  174.2721,  178.5564,  183.8814,  190.3071,  197.9049,  205.8548,  212.8059,  218.1105,  222.1140,  224.8330,  226.3589,  227.0949,  227.3721,  227.5098,  227.5598,    0.0722,    0.2735,    0.5783,    0.9566,    1.3826,    1.8342,    2.2923,    2.7358,    3.0830,    3.4639,    3.8355,    4.1668,    3.6453,    3.6656,    3.7812,    3.7666,    3.4335,    3.0468,    2.8007,    2.7102,    2.7671,    2.9769,    3.2653,    3.3574,    1.1683,    1.1646,    1.1576,    1.1305,    1.1098,    1.0718,    0.9787,    0.9783,    0.9331,    0.8149,    0.8054,    0.6527,    0.4180,    0.3556,    0.2947,    0.2837,    0.2643,    0.2229,    0.2567,    0.2593,    0.2759,    0.3101,    0.3668,    0.4277,    0.5276,    0.5697,    0.4872,    0.6055,    0.5970,    0.5980,    0.5999,    0.6463,    0.6621,    0.6696,    0.6690,    0.6619,    1.8140,    1.7834,    1.7202,    1.6873,    1.6134,    1.5636,    1.5075,    1.4348,    1.3615,    1.2915,    1.1816,    1.1221,    1.5921,    1.4592,    1.3274,    1.2194,    1.0653,    0.9772,    0.8010,    0.7251,    0.6384,    0.5749,    0.5464,    0.4908,    1.2169,    0.8884,    0.6617,    0.4920,    0.3533,    0.2426,    0.1684,    0.1115,    0.0734,    0.0485,    0.0307,    0.0221,    0.0920,    0.0481,    0.0815,    0.0955,    0.1072,    0.0996,    0.1093,    0.1225,    0.1078,    0.1484,    0.1313,    0.1416,    0.1562,    0.1272,    0.1849,    0.2051,    0.1717,    0.1924,    0.2063,    0.2244,    0.2392,    0.1686,    0.2662,    0.2809,    0.3453,    0.3691,    0.3821,    0.4062,    0.4133,    0.4322,    0.4355,    0.4852,    0.5190,    0.5023,    0.5326,    0.5424,    0.9214,    1.0062,    1.0555,    1.0892,    1.1103,    1.2050,    1.1324,    1.1948,    1.1599,    1.2239,    1.1605,    1.2434,    2.6791,    2.6405,    2.7030,    2.7494,    2.7766,    2.6674,    2.7610,    2.8314,    2.8889,    2.6862,    2.6475,    2.7493,    6.9499,    6.5679,    6.4941,    6.2977,    5.8176,    5.4564,    4.7903,    4.4073,    4.2366,    3.7137,    2.8531,    2.6503,    2.0438,    1.8117,    1.3818,    1.3193,    0.8898,    0.6460,    0.5222,    0.2097,    0.1849,    0.1314,    0.0456,    0.0371,    0.0020,    0.0076,    0.0158,    0.0258,    0.0367,    0.0478,    0.0587,    0.0731,    0.0270,    0.0372,    0.1136,    0.3123,    0.3166,    0.3417,    0.6640,    1.4136,    2.3328,    3.0090,    3.3581,    3.4674,    3.3473,    2.9188,    2.1311,    1.5367,    0.4848,    0.4586,    0.4769,    0.5407,    0.6269,    0.7063,    0.9441,    0.9456,    1.0062,    1.1166,    1.1502,    1.2563,    0.9697,    0.9641,    0.9572,    0.9473,    0.9378,    0.9287,    0.9178,    0.9074,    0.8966,    0.8844,    0.8685,    0.8438,    0.8164,    0.7129,    0.7614,    0.5613,    0.5626,    0.5478,    0.4928,    0.3460,    0.2921,    0.2268,    0.1908,    0.1771,    0.4455,    0.3664,    0.3081,    0.2006,    0.1836,    0.1185,    0.0912,    0.0906,    0.0956,    0.0989,    0.1637,    0.1514,    0.3405,    0.3092,    0.2977,    0.2623,    0.2927,    0.2424,    0.3223,    0.2908,    0.2873,    0.2602,    0.2040,    0.1846,    0.4268,    0.2886,    0.1724,    0.0966,    0.0597,    0.0450,    0.0308,    0.0259,    0.0207,    0.0161,    0.0131,    0.0070,    0.0150,    0.0000,    0.0389,    0.0747,    0.0845,    0.0773,    0.0867,    0.0973,    0.0866,    0.1192,    0.1054,    0.1225,    0.1344,    0.1092,    0.1576,    0.1721,    0.1260,    0.0815,    0.0098,    0.0218,    0.1061,    0.1272,    0.2226,    0.2337,    0.2893,    0.3094,    0.3203,    0.3403,    0.3647,    0.3732,    0.3476,    0.3160,    0.2784,    0.3327,    0.4619,    0.4687,    0.8312,    0.9081,    0.9508,    0.9648,    0.9475,    1.0508,    1.0093,    1.1142,    1.0243,    1.1584,    1.0955,    1.1658,    2.5250,    2.4641,    2.5585,    2.5766,    2.5934,    2.5002,    2.5883,    2.6543,    2.7082,    2.5168,    2.4818,    2.5772,    6.5144,    6.1852,    6.1153,    5.9301,    5.4776,    5.1370,    4.5095,    4.1484,    3.9871,    3.4944,    2.6841,    2.4927,    1.9217,    1.9300,    1.4715,    1.4044,    0.9468,    0.6871,    0.5551,    0.2228,    0.1963,    0.1394,    0.0483,    0.0393
    2,    0.2000,  227.5722,    0.1440,  116.7332,  127.0164,   10.7717,   -3.0780,  158.4330,  163.5827,  163.6723,  163.8293,  164.1029,  164.5732,  165.3648,  166.6602,  168.4872,  170.9519,  174.2721,  178.5564,  183.8814,  190.3071,  197.9049,  205.8548,  212.8059,  218.1105,  222.1140,  224.8330,  226.3589,  227.0949,  227.3721,  227.5098,  227.5598,    0.0727,    0.2754,    0.5822,    0.9631,    1.3917,    1.8459,    2.3066,    2.7507,    3.0741,    3.4517,    3.8291,    4.1648,    3.5987,    3.5765,    3.6920,    3.6515,    3.2629,    2.8570,    2.6100,    2.5169,    2.5650,    2.7666,    3.0705,    3.1832,    1.1081,    1.1059,    1.1016,    1.0770,    1.0615,    1.0268,    0.9459,    0.9481,    0.9058,    0.7963,    0.7881,    0.6443,    0.4147,    0.3538,    0.2938,    0.2830,    0.2638,    0.2227,    0.2561,    0.2586,    0.2748,    0.3081,    0.3626,    0.4203,    0.5141,    0.5517,    0.4750,    0.5838,    0.5758,    0.5781,    0.5788,    0.6204,    0.6369,    0.6431,    0.6419,    0.6348,    1.7478,    1.7293,    1.6671,    1.6457,    1.5734,    1.5315,    1.4813,    1.4099,    1.3371,    1.2684,    1.1487,    1.0906,    1.5265,    1.3966,    1.2699,    1.1706,    1.0095,    0.9250,    0.7382,    0.6677,    0.5829,    0.5244,    0.5060,    0.4541,    1.1246,    0.8232,    0.6170,    0.4644,    0.3352,    0.2286,    0.1585,    0.1041,    0.0679,    0.0448,    0.0279,    0.0200,    0.0923,    0.0481,    0.0826,    0.0976,    0.1096,    0.1018,    0.1117,    0.1253,    0.1103,    0.1518,    0.1342,    0.1446,    0.1595,    0.1299,    0.1888,    0.2093,    0.1752,    0.1941,    0.2062,    0.2245,    0.2420,    0.1723,    0.2721,    0.2871,    0.3529,    0.3772,    0.3905,    0.4151,    0.4222,    0.4412,    0.4436,    0.4919,    0.5245,    0.5094,    0.5437,    0.5536,    0.9399,    1.0265,    1.0767,    1.1106,    1.1310,    1.2282,    1.1549,    1.2169,    1.1797,    1.2470,    1.1824,    1.2666,    2.7294,    2.6895,    2.7541,    2.8017,    2.8291,    2.7181,    2.8135,    2.8853,    2.9439,    2.7372,    2.6979,    2.8016,    7.0822,    6.6803,    6.6052,    6.4057,    5.9174,    5.5502,    4.8728,    4.4833,    4.3098,    3.7780,    2.9027,    2.6966,    2.0796,    1.8302,    1.3960,    1.3330,    0.8992,    0.6529,    0.5278,    0.2120,    0.1870,    0.1329,    0.0461,    0.0375,    0.0027,    0.0100,    0.0209,    0.0341,    0.0484,    0.0631,    0.0775,    0.0966,    0.0359,    0.0495,    0.1507,    0.4103,    0.4149,    0.4444,    0.8558,    1.7563,    2.7444,    3.3778,    3.6683,    3.7501,    3.6499,    3.2850,    2.5252,    1.8649,    0.5928,    0.5579,    0.5716,    0.6269,    0.7041,    0.7730,    0.9837,    0.9810,    1.0339,    1.1313,    1.1602,    1.2569,    0.9698,    0.9642,    0.9572,    0.9473,    0.9378,    0.9287,    0.9178,    0.9074,    0.8966,    0.8844,    0.8685,    0.8443,    0.8203,    0.7229,    0.7674,    0.5787,    0.5790,    0.5636,    0.5115,    0.3731,    0.3228,    0.2610,    0.2266,    0.2130,    0.5441,    0.4495,    0.3897,    0.2573,    0.2379,    0.1540,    0.1191,    0.1170,    0.1222,    0.1240,    0.2038,    0.1894,    0.4280,    0.3936,    0.3733,    0.3235,    0.3623,    0.3072,    0.3984,    0.3595,    0.3531,    0.3192,    0.2506,    0.2261,    0.5292,    0.3578,    0.2184,    0.1237,    0.0769,    0.0577,    0.0395,    0.0322,    0.0252,    0.0190,    0.0152,    0.0086,    0.0130,    0.0000,    0.0337,    0.0662,    0.0749,    0.0685,    0.0769,    0.0865,    0.0769,    0.1060,    0.0937,    0.1110,    0.1218,    0.0989,    0.1429,    0.1560,    0.1103,    0.0713,    0.0085,    0.0191,    0.0929,    0.1114,    0.2001,    0.2101,    0.2600,    0.2781,    0.2879,    0.3059,    0.3328,    0.3406,    0.3173,    0.2885,    0.2541,    0.3036,    0.4216,    0.4278,    0.7617,    0.8321,    0.8712,    0.8840,    0.8682,    0.9629,    0.9248,    1.0339,    0.9504,    1.0749,    1.0164,    1.0817,    2.3429,    2.2863,    2.3739,    2.3840,    2.3996,    2.3134,    2.3948,    2.4559,    2.5057,    2.3287,    2.2963,    2.3846,    6.0275,    5.7168,    5.6522,    5.4810,    5.0628,    4.7481,    4.1680,    3.8343,    3.6852,    3.2298,    2.4809,    2.3040,    1.7762,    1.8375,    1.4010,    1.3371,    0.9015,    0.6542,    0.5285,    0.2121,    0.1869,    0.1327,    0.0460,    0.0374
    2,    0.3000,  227.5722,    0.1202,  110.3784,  130.5537,   20.6646,   -5.6232,  158.4330,  163.5827,  163.6723,  163.8293,  164.1029,  164.5732,  165.3648,  166.6602,  168.4872,  170.9519,  174.2721,  178.5564,  183.8814,  190.3071,  197.9049,  205.8548,  212.8059,  218.1105,  222.1140,  224.8330,  226.3589,  227.0949,  227.3721,  227.5098,  227.5598,    0.0737,    0.2791,    0.5899,    0.9754,    1.4092,    1.8686,    2.3343,    2.7793,    3.0565,    3.4275,    3.8163,    4.1583,    3.5117,    3.4124,    3.5349,    3.4561,    3.0063,    2.5967,    2.3593,    2.2664,    2.2999,    2.4761,    2.7771,    2.9094,    1.0127,    1.0122,    1.0112,    0.9902,    0.9819,    0.9522,    0.8896,    0.8955,    0.8581,    0.7631,    0.7571,    0.6286,    0.4083,    0.3502,    0.2921,    0.2816,    0.2627,    0.2222,    0.2549,    0.2572,    0.2726,    0.3041,    0.3547,    0.4066,    0.4898,    0.5201,    0.4531,    0.5460,    0.5388,    0.5430,    0.5419,    0.5755,    0.5930,    0.5970,    0.5949,    0.5880,    1.6313,    1.6316,    1.5711,    1.5692,    1.4996,    1.4713,    1.4318,    1.3627,    1.2909,    1.2246,    1.0883,    1.0330,    1.4106,    1.2859,    1.1683,    1.0836,    0.9132,    0.8350,    0.6374,    0.5752,    0.4949,    0.4442,    0.4392,    0.3934,    0.9715,    0.7141,    0.5402,    0.4157,    0.3028,    0.2039,    0.1410,    0.0913,    0.0585,    0.0385,    0.0233,    0.0166,    0.0926,    0.0480,    0.0840,    0.1006,    0.1130,    0.1049,    0.1152,    0.1292,    0.1138,    0.1567,    0.1385,    0.1492,    0.1645,    0.1340,    0.1946,    0.2156,    0.1802,    0.1965,    0.2059,    0.2245,    0.2457,    0.1774,    0.2808,    0.2961,    0.3642,    0.3893,    0.4030,    0.4284,    0.4359,    0.4551,    0.4562,    0.5022,    0.5331,    0.5204,    0.5610,    0.5711,    0.9691,    1.0584,    1.1101,    1.1441,    1.1634,    1.2645,    1.1901,    1.2529,    1.2120,    1.2846,    1.2179,    1.3043,    2.8112,    2.7690,    2.8371,    2.8859,    2.9137,    2.7999,    2.8981,    2.9721,    3.0325,    2.8196,    2.7791,    2.8860,    7.2955,    6.8609,    6.7840,    6.5792,    6.0779,    5.7010,    5.0054,    4.6056,    4.4277,    3.8816,    2.9826,    2.7711,    2.1374,    1.8626,    1.4209,    1.3571,    0.9156,    0.6650,    0.5378,    0.2161,    0.1907,    0.1356,    0.0471,    0.0383,    0.0040,    0.0148,    0.0308,    0.0502,    0.0713,    0.0930,    0.1141,    0.1425,    0.0535,    0.0737,    0.2236,    0.5978,    0.6017,    0.6354,    1.2021,    2.3034,    3.2844,    3.7798,    3.9700,    4.0143,    3.9433,    3.6907,    3.0647,    2.3788,    0.7657,    0.7200,    0.7268,    0.7681,    0.8304,    0.8823,    1.0488,    1.0401,    1.0802,    1.1563,    1.1773,    1.2581,    0.9699,    0.9642,    0.9572,    0.9473,    0.9378,    0.9287,    0.9178,    0.9074,    0.8966,    0.8844,    0.8687,    0.8452,    0.8271,    0.7402,    0.7780,    0.6090,    0.6078,    0.5915,    0.5445,    0.4205,    0.3767,    0.3211,    0.2895,    0.2762,    0.7187,    0.5997,    0.5370,    0.3626,    0.3387,    0.2209,    0.1720,    0.1672,    0.1726,    0.1715,    0.2777,    0.2596,    0.5828,    0.5422,    0.5065,    0.4329,    0.4821,    0.4187,    0.5199,    0.4693,    0.4558,    0.4114,    0.3267,    0.2943,    0.6977,    0.4733,    0.2972,    0.1718,    0.1077,    0.0804,    0.0550,    0.0432,    0.0331,    0.0240,    0.0189,    0.0113,    0.0098,    0.0000,    0.0253,    0.0521,    0.0589,    0.0538,    0.0604,    0.0683,    0.0608,    0.0837,    0.0740,    0.0912,    0.1001,    0.0812,    0.1173,    0.1281,    0.0845,    0.0547,    0.0066,    0.0146,    0.0712,    0.0853,    0.1617,    0.1698,    0.2101,    0.2247,    0.2326,    0.2472,    0.2773,    0.2838,    0.2643,    0.2403,    0.2117,    0.2530,    0.3512,    0.3564,    0.6396,    0.6987,    0.7316,    0.7423,    0.7291,    0.8086,    0.7766,    0.8901,    0.8183,    0.9254,    0.8751,    0.9313,    2.0171,    1.9684,    2.0438,    2.0411,    2.0545,    1.9806,    2.0504,    2.1027,    2.1454,    1.9938,    1.9661,    2.0416,    5.1606,    4.8849,    4.8298,    4.6835,    4.3261,    4.0572,    3.5616,    3.2764,    3.1491,    2.7599,    2.1200,    1.9689,    1.5178,    1.6659,    1.2702,    1.2123,    0.8174,    0.5931,    0.4792,    0.1923,    0.1695,    0.1203,    0.0417,    0.0339
    2,    0.4000,  227.5722,    0.1024,  105.4037,  133.1878,   28.2742,   -8.9163,  158.4330,  163.5827,  163.6723,  163.8293,  164.1029,  164.5732,  165.3648,  166.6602,  168.4872,  170.9519,  174.2721,  178.5564,  183.8814,  190.3071,  197.9049,  205.8548,  212.8059,  218.1105,  222.1140,  224.8330,  226.3589,  227.0949,  227.3721,  227.5098,  227.5598,    0.0746,    0.2826,    0.5972,    0.9872,    1.4259,    1.8903,    2.3607,    2.8064,    3.0391,    3.4036,    3.8036,    4.1488,    3.4321,    3.2648,    3.4015,    3.2964,    2.8219,    2.4250,    2.1999,    2.1094,    2.1326,    2.2849,    2.5662,    2.7036,    0.9405,    0.9406,    0.9415,    0.9229,    0.9189,    0.8928,    0.8432,    0.8513,    0.8177,    0.7344,    0.7299,    0.6143,    0.4024,    0.3468,    0.2905,    0.2802,    0.2616,    0.2217,    0.2537,    0.2558,    0.2705,    0.3003,    0.3473,    0.3942,    0.4686,    0.4931,    0.4340,    0.5141,    0.5075,    0.5131,    0.5106,    0.5380,    0.5562,    0.5585,    0.5557,    0.5489,    1.5320,    1.5459,    1.4870,    1.5004,    1.4333,    1.4159,    1.3855,    1.3187,    1.2480,    1.1839,    1.0345,    0.9815,    1.3115,    1.1914,    1.0814,    1.0085,    0.8332,    0.7604,    0.5602,    0.5045,    0.4289,    0.3841,    0.3866,    0.3457,    0.8510,    0.6270,    0.4773,    0.3742,    0.2746,    0.1828,    0.1260,    0.0805,    0.0507,    0.0333,    0.0196,    0.0139,    0.0927,    0.0480,    0.0848,    0.1025,    0.1152,    0.1069,    0.1175,    0.1317,    0.1161,    0.1598,    0.1413,    0.1523,    0.1680,    0.1368,    0.1987,    0.2200,    0.1832,    0.1979,    0.2056,    0.2243,    0.2480,    0.1805,    0.2866,    0.3022,    0.3718,    0.3974,    0.4114,    0.4373,    0.4456,    0.4650,    0.4651,    0.5096,    0.5390,    0.5283,    0.5732,    0.5836,    0.9902,    1.0814,    1.1341,    1.1683,    1.1868,    1.2907,    1.2155,    1.2800,    1.2363,    1.3129,    1.2447,    1.3327,    2.8730,    2.8290,    2.8998,    2.9488,    2.9770,    2.8610,    2.9614,    3.0370,    3.0987,    2.8811,    2.8398,    2.9491,    7.4549,    6.9955,    6.9172,    6.7085,    6.1976,    5.8134,    5.1043,    4.6968,    4.5156,    3.9590,    3.0423,    2.8268,    2.1806,    1.8897,    1.4418,    1.3773,    0.9294,    0.6752,    0.5462,    0.2195,    0.1938,    0.1378,    0.0479,    0.0390,    0.0052,    0.0194,    0.0404,    0.0657,    0.0934,    0.1218,    0.1495,    0.1869,    0.0709,    0.0976,    0.2950,    0.7745,    0.7761,    0.8095,    1.5049,    2.7091,    3.5961,    3.9679,    4.0980,    4.1244,    4.0692,    3.8860,    3.3945,    2.7529,    0.8954,    0.8448,    0.8468,    0.8774,    0.9277,    0.9666,    1.0992,    1.0865,    1.1168,    1.1765,    1.1912,    1.2591,    0.9700,    0.9642,    0.9572,    0.9473,    0.9378,    0.9287,    0.9178,    0.9074,    0.8966,    0.8845,    0.8688,    0.8460,    0.8329,    0.7547,    0.7870,    0.6346,    0.6321,    0.6152,    0.5724,    0.4607,    0.4225,    0.3721,    0.3429,    0.3297,    0.8676,    0.7312,    0.6660,    0.4583,    0.4303,    0.2828,    0.2215,    0.2142,    0.2197,    0.2160,    0.3443,    0.3229,    0.7147,    0.6680,    0.6193,    0.5271,    0.5806,    0.5105,    0.6110,    0.5517,    0.5309,    0.4789,    0.3857,    0.3472,    0.8289,    0.5650,    0.3616,    0.2129,    0.1345,    0.0999,    0.0684,    0.0525,    0.0397,    0.0283,    0.0218,    0.0135,    0.0073,    0.0000,    0.0190,    0.0409,    0.0463,    0.0423,    0.0475,    0.0540,    0.0481,    0.0662,    0.0585,    0.0749,    0.0822,    0.0667,    0.0964,    0.1052,    0.0648,    0.0420,    0.0050,    0.0112,    0.0546,    0.0654,    0.1307,    0.1372,    0.1698,    0.1816,    0.1880,    0.1998,    0.2310,    0.2364,    0.2202,    0.2003,    0.1764,    0.2108,    0.2926,    0.2969,    0.5372,    0.5868,    0.6144,    0.6235,    0.6124,    0.6791,    0.6523,    0.7664,    0.7046,    0.7968,    0.7535,    0.8019,    1.7368,    1.6949,    1.7598,    1.7479,    1.7593,    1.6961,    1.7558,    1.8006,    1.8371,    1.7073,    1.6836,    1.7483,    4.4191,    4.1757,    4.1286,    4.0036,    3.6981,    3.4683,    3.0446,    2.8009,    2.6920,    2.3594,    1.8123,    1.6832,    1.2976,    1.5108,    1.1520,    1.0995,    0.7413,    0.5380,    0.4347,    0.1745,    0.1538,    0.1092,    0.0378,    0.0308
    2,    0.5000,  227.5722,    0.0892,  101.3475,  135.1522,   34.2957,  -12.1965,  158.4330,  163.5827,  163.6723,  163.8293,  164.1029,  164.5732,  165.3648,  166.6602,  168.4872,  170.9519,  174.2721,  178.5564,  183.8814,  190.3071,  197.9049,  205.8548,  212.8059,  218.1105,  222.1140,  224.8330,  226.3589,  227.0949,  227.3721,  227.5098,  227.5598,    0.0755,    0.2860,    0.6041,    0.9985,    1.4418,    1.9109,    2.3859,    2.8321,    3.0218,    3.3800,    3.7910,    4.1367,    3.3592,    3.1317,    3.2870,    3.1638,    2.6830,    2.3024,    2.0885,    2.0004,    2.0164,    2.1492,    2.4073,    2.5426,    0.8839,    0.8841,    0.8859,    0.8690,    0.8677,    0.8442,    0.8042,    0.8135,    0.7830,    0.7093,    0.7060,    0.6011,    0.3967,    0.3436,    0.2889,    0.2789,    0.2606,    0.2213,    0.2526,    0.2545,    0.2685,    0.2967,    0.3404,    0.3829,    0.4498,    0.4697,    0.4172,    0.4868,    0.4806,    0.4872,    0.4838,    0.5063,    0.5249,    0.5259,    0.5226,    0.5160,    1.4466,    1.4702,    1.4126,    1.4383,    1.3733,    1.3648,    1.3423,    1.2775,    1.2079,    1.1459,    0.9861,    0.9353,    1.2259,    1.1099,    1.0064,    0.9430,    0.7660,    0.6977,    0.4998,    0.4491,    0.3782,    0.3379,    0.3446,    0.3076,    0.7545,    0.5566,    0.4254,    0.3387,    0.2502,    0.1647,    0.1132,    0.0714,    0.0444,    0.0291,    0.0167,    0.0118,    0.0927,    0.0480,    0.0853,    0.1038,    0.1166,    0.1081,    0.1189,    0.1334,    0.1175,    0.1618,    0.1431,    0.1545,    0.1704,    0.1387,    0.2015,    0.2231,    0.1850,    0.1987,    0.2054,    0.2242,    0.2493,    0.1823,    0.2905,    0.3063,    0.3769,    0.4029,    0.4170,    0.4433,    0.4526,    0.4721,    0.4715,    0.5147,    0.5432,    0.5338,    0.5819,    0.5924,    1.0053,    1.0980,    1.1514,    1.1858,    1.2036,    1.3096,    1.2338,    1.3005,    1.2547,    1.3344,    1.2649,    1.3542,    2.9196,    2.8743,    2.9471,    2.9959,    3.0243,    2.9067,    3.0087,    3.0855,    3.1482,    2.9271,    2.8852,    2.9962,    7.5742,    7.0958,    7.0165,    6.8049,    6.2868,    5.8972,    5.1781,    4.7649,    4.5813,    4.0168,    3.0869,    2.8685,    2.2130,    1.9123,    1.4593,    1.3942,    0.9411,    0.6838,    0.5533,    0.2224,    0.1964,    0.1398,    0.0486,    0.0396,    0.0064,    0.0238,    0.0496,    0.0807,    0.1147,    0.1496,    0.1836,    0.2298,    0.0882,    0.1212,    0.3647,    0.9412,    0.9393,    0.9687,    1.7705,    3.0118,    3.7826,    4.0661,    4.1634,    4.1814,    4.1347,    3.9909,    3.6029,    3.0290,    0.9940,    0.9421,    0.9406,    0.9629,    1.0035,    1.0324,    1.1387,    1.1233,    1.1459,    1.1930,    1.2026,    1.2600,    0.9700,    0.9642,    0.9572,    0.9473,    0.9378,    0.9287,    0.9178,    0.9074,    0.8966,    0.8845,    0.8689,    0.8468,    0.8379,    0.7671,    0.7948,    0.6563,    0.6529,    0.6356,    0.5964,    0.4950,    0.4617,    0.4157,    0.3885,    0.3755,    0.9953,    0.8466,    0.7793,    0.5454,    0.5137,    0.3403,    0.2680,    0.2583,    0.2639,    0.2576,    0.4047,    0.3802,    0.8278,    0.7752,    0.7155,    0.6088,    0.6625,    0.5867,    0.6806,    0.6147,    0.5869,    0.5293,    0.4321,    0.3888,    0.9327,    0.6387,    0.4148,    0.2481,    0.1579,    0.1167,    0.0800,    0.0605,    0.0452,    0.0319,    0.0243,    0.0153,    0.0055,    0.0000,    0.0143,    0.0322,    0.0364,    0.0333,    0.0374,    0.0427,    0.0380,    0.0523,    0.0463,    0.0615,    0.0675,    0.0548,    0.0792,    0.0865,    0.0497,    0.0322,    0.0039,    0.0086,    0.0419,    0.0502,    0.1057,    0.1110,    0.1373,    0.1469,    0.1520,    0.1615,    0.1925,    0.1970,    0.1835,    0.1669,    0.1471,    0.1757,    0.2439,    0.2474,    0.4513,    0.4930,    0.5162,    0.5238,    0.5144,    0.5705,    0.5479,    0.6601,    0.6068,    0.6862,    0.6489,    0.6906,    1.4958,    1.4597,    1.5156,    1.4971,    1.5068,    1.4527,    1.5038,    1.5422,    1.5735,    1.4623,    1.4420,    1.4974,    3.7850,    3.5711,    3.5308,    3.4239,    3.1627,    2.9662,    2.6038,    2.3954,    2.3023,    2.0179,    1.5500,    1.4396,    1.1098,    1.3706,    1.0451,    0.9976,    0.6726,    0.4881,    0.3944,    0.1583,    0.1395,    0.0991,    0.0343,    0.0279
    2,    0.7500,  227.5722,    0.0689,   93.7429,  138.1591,   44.9092,  -18.9732,  158.4330,  163.5827,  163.6723,  163.8293,  164.1029,  164.5732,  165.3648,  166.6602,  168.4872,  170.9519,  174.2721,  178.5564,  183.8814,  190.3071,  197.9049,  205.8548,  212.8059,  218.1105,  222.1140,  224.8330,  226.3589,  227.0949,  227.3721,  227.5098,  227.5598,    0.0776,    0.2937,    0.6202,    1.0245,    1.4786,    1.9585,    2.4438,    2.8909,    2.9796,    3.3226,    3.7599,    4.0984,    3.2013,    2.8504,    3.0615,    2.9136,    2.4494,    2.1060,    1.9128,    1.8297,    1.8343,    1.9342,    2.1407,    2.2581,    0.7835,    0.7835,    0.7859,    0.7715,    0.7734,    0.7541,    0.7292,    0.7398,    0.7147,    0.6582,    0.6566,    0.5723,    0.3840,    0.3361,    0.2851,    0.2757,    0.2581,    0.2201,    0.2498,    0.2513,    0.2636,    0.2883,    0.3250,    0.3584,    0.4110,    0.4231,    0.3828,    0.4332,    0.4279,    0.4358,    0.4310,    0.4450,    0.4640,    0.4628,    0.4588,    0.4524,    1.2775,    1.3146,    1.2600,    1.3065,    1.2462,    1.2530,    1.2457,    1.1855,    1.1188,    1.0613,    0.8846,    0.8383,    1.0561,    0.9488,    0.8582,    0.8116,    0.6379,    0.5783,    0.3952,    0.3534,    0.2930,    0.2605,    0.2702,    0.2402,    0.5842,    0.4303,    0.3296,    0.2697,    0.2016,    0.1296,    0.0884,    0.0544,    0.0327,    0.0213,    0.0117,    0.0081,    0.0926,    0.0479,    0.0857,    0.1052,    0.1182,    0.1096,    0.1206,    0.1354,    0.1193,    0.1642,    0.1452,    0.1575,    0.1736,    0.1414,    0.2053,    0.2272,    0.1870,    0.1994,    0.2048,    0.2237,    0.2506,    0.1844,    0.2955,    0.3116,    0.3834,    0.4099,    0.4243,    0.4510,    0.4623,    0.4820,    0.4803,    0.5219,    0.5490,    0.5414,    0.5942,    0.6048,    1.0272,    1.1219,    1.1764,    1.2109,    1.2278,    1.3368,    1.2603,    1.3324,    1.2832,    1.3678,    1.2964,    1.3877,    2.9923,    2.9449,    3.0209,    3.0680,    3.0967,    2.9767,    3.0812,    3.1598,    3.2241,    2.9976,    2.9548,    3.0684,    7.7568,    7.2485,    7.1677,    6.9519,    6.4228,    6.0252,    5.2908,    4.8690,    4.6818,    4.1054,    3.1554,    2.9325,    2.2628,    1.9542,    1.4917,    1.4256,    0.9626,    0.6998,    0.5665,    0.2279,    0.2014,    0.1434,    0.0499,    0.0407,    0.0091,    0.0342,    0.0712,    0.1160,    0.1649,    0.2151,    0.2640,    0.3315,    0.1304,    0.1786,    0.5327,    1.3180,    1.3033,    1.3138,    2.3038,    3.4821,    4.0031,    4.1744,    4.2386,    4.2488,    4.2116,    4.1109,    3.8669,    3.4549,    1.1528,    1.1052,    1.0983,    1.1070,    1.1300,    1.1425,    1.2052,    1.1867,    1.1962,    1.2226,    1.2234,    1.2620,    0.9702,    0.9643,    0.9572,    0.9473,    0.9378,    0.9287,    0.9178,    0.9074,    0.8966,    0.8845,    0.8692,    0.8483,    0.8478,    0.7909,    0.8099,    0.6987,    0.6932,    0.6758,    0.6434,    0.5621,    0.5380,    0.5005,    0.4771,    0.4644,    1.2431,    1.0790,    1.0074,    0.7320,    0.6922,    0.4677,    0.3727,    0.3576,    0.3631,    0.3511,    0.5329,    0.5020,    1.0476,    0.9809,    0.9005,    0.7704,    0.8141,    0.7282,    0.7954,    0.7190,    0.6763,    0.6102,    0.5114,    0.4601,    1.1119,    0.7697,    0.5126,    0.3169,    0.2049,    0.1500,    0.1029,    0.0762,    0.0558,    0.0388,    0.0288,    0.0187,    0.0027,    0.0000,    0.0071,    0.0177,    0.0200,    0.0183,    0.0205,    0.0238,    0.0212,    0.0291,    0.0258,    0.0377,    0.0414,    0.0336,    0.0485,    0.0530,    0.0257,    0.0167,    0.0020,    0.0045,    0.0217,    0.0260,    0.0622,    0.0653,    0.0809,    0.0865,    0.0895,    0.0951,    0.1222,    0.1251,    0.1165,    0.1060,    0.0934,    0.1115,    0.1548,    0.1570,    0.2923,    0.3193,    0.3343,    0.3393,    0.3332,    0.3695,    0.3549,    0.4547,    0.4181,    0.4727,    0.4470,    0.4758,    1.0304,    1.0056,    1.0441,    1.0176,    1.0242,    0.9874,    1.0222,    1.0483,    1.0696,    0.9940,    0.9802,    1.0179,    2.5728,    2.4207,    2.3934,    2.3210,    2.1439,    2.0107,    1.7651,    1.6239,    1.5608,    1.3680,    1.0509,    0.9760,    0.7525,    1.0761,    0.8206,    0.7833,    0.5282,    0.3834,    0.3098,    0.1244,    0.1096,    0.0779,    0.0270,    0.0220
    2,    1.0000,  227.5722,    0.0590,   88.3502,  139.6255,   51.7705,  -23.4329,  158.4330,  163.5827,  163.6723,  163.8293,  164.1029,  164.5732,  165.3648,  166.6602,  168.4872,  170.9519,  174.2721,  178.5564,  183.8814,  190.3071,  197.9049,  205.8548,  212.8059,  218.1105,  222.1140,  224.8330,  226.3589,  227.0949,  227.3721,  227.5098,  227.5598,    0.0794,    0.3006,    0.6345,    1.0477,    1.5113,    2.0009,    2.4955,    2.9425,    2.9385,    3.2670,    3.7295,    4.0518,    3.0715,    2.6264,    2.8953,    2.7389,    2.3030,    1.9868,    1.8073,    1.7277,    1.7258,    1.8054,    1.9747,    2.0701,    0.7167,    0.7161,    0.7184,    0.7053,    0.7084,    0.6917,    0.6753,    0.6858,    0.6643,    0.6192,    0.6181,    0.5483,    0.3728,    0.3293,    0.2816,    0.2727,    0.2557,    0.2190,    0.2472,    0.2483,    0.2591,    0.2807,    0.3117,    0.3383,    0.3809,    0.3881,    0.3562,    0.3939,    0.3890,    0.3975,    0.3921,    0.4009,    0.4196,    0.4173,    0.4128,    0.4067,    1.1521,    1.1945,    1.1423,    1.2008,    1.1441,    1.1596,    1.1628,    1.1065,    1.0428,    0.9892,    0.8041,    0.7613,    0.9307,    0.8306,    0.7495,    0.7132,    0.5479,    0.4947,    0.3296,    0.2935,    0.2416,    0.2140,    0.2228,    0.1973,    0.4761,    0.3487,    0.2662,    0.2209,    0.1662,    0.1048,    0.0710,    0.0428,    0.0251,    0.0163,    0.0087,    0.0059,    0.0925,    0.0478,    0.0858,    0.1057,    0.1188,    0.1101,    0.1212,    0.1360,    0.1199,    0.1651,    0.1459,    0.1587,    0.1749,    0.1424,    0.2068,    0.2288,    0.1876,    0.1995,    0.2043,    0.2233,    0.2508,    0.1850,    0.2974,    0.3135,    0.3859,    0.4125,    0.4270,    0.4539,    0.4665,    0.4862,    0.4841,    0.5249,    0.5513,    0.5446,    0.5994,    0.6101,    1.0369,    1.1325,    1.1875,    1.2220,    1.2385,    1.3488,    1.2719,    1.3482,    1.2973,    1.3843,    1.3121,    1.4043,    3.0283,    2.9799,    3.0575,    3.1029,    3.1318,    3.0105,    3.1162,    3.1958,    3.2608,    3.0317,    2.9884,    3.1034,    7.8453,    7.3220,    7.2406,    7.0228,    6.4885,    6.0870,    5.3454,    4.9195,    4.7307,    4.1485,    3.1888,    2.9639,    2.2873,    1.9811,    1.5126,    1.4459,    0.9766,    0.7102,    0.5752,    0.2315,    0.2046,    0.1458,    0.0507,    0.0414,    0.0117,    0.0437,    0.0912,    0.1485,    0.2112,    0.2754,    0.3382,    0.4257,    0.1715,    0.2342,    0.6917,    1.6447,    1.6134,    1.5990,    2.6955,    3.7247,    4.0915,    4.2202,    4.2726,    4.2800,    4.2470,    4.1633,    3.9804,    3.6759,    1.2398,    1.1994,    1.1899,    1.1910,    1.2027,    1.2062,    1.2442,    1.2247,    1.2268,    1.2415,    1.2369,    1.2635,    0.9704,    0.9643,    0.9572,    0.9473,    0.9379,    0.9287,    0.9178,    0.9075,    0.8966,    0.8846,    0.8694,    0.8495,    0.8551,    0.8078,    0.8209,    0.7290,    0.7221,    0.7050,    0.6775,    0.6106,    0.5923,    0.5608,    0.5401,    0.5276,    1.4180,    1.2510,    1.1763,    0.8827,    0.8365,    0.5759,    0.4635,    0.4437,    0.4488,    0.4319,    0.6357,    0.5997,    1.2034,    1.1243,    1.0296,    0.8876,    0.9152,    0.8226,    0.8620,    0.7798,    0.7264,    0.6557,    0.5595,    0.5036,    1.2219,    0.8531,    0.5774,    0.3659,    0.2397,    0.1741,    0.1197,    0.0873,    0.0632,    0.0436,    0.0319,    0.0209,    0.0014,    0.0000,    0.0035,    0.0098,    0.0110,    0.0101,    0.0113,    0.0133,    0.0118,    0.0163,    0.0144,    0.0232,    0.0254,    0.0206,    0.0298,    0.0325,    0.0134,    0.0087,    0.0011,    0.0023,    0.0113,    0.0135,    0.0368,    0.0386,    0.0478,    0.0511,    0.0529,    0.0562,    0.0777,    0.0795,    0.0741,    0.0674,    0.0594,    0.0710,    0.0984,    0.0999,    0.1897,    0.2073,    0.2170,    0.2202,    0.2163,    0.2399,    0.2304,    0.3138,    0.2885,    0.3262,    0.3085,    0.3283,    0.7110,    0.6938,    0.7204,    0.6930,    0.6975,    0.6725,    0.6962,    0.7139,    0.7284,    0.6770,    0.6675,    0.6932,    1.7522,    1.6464,    1.6278,    1.5786,    1.4582,    1.3676,    1.2006,    1.1046,    1.0617,    0.9306,    0.7149,    0.6640,    0.5120,    0.8467,    0.6457,    0.6164,    0.4157,    0.3018,    0.2439,    0.0979,    0.0863,    0.0613,    0.0213,    0.0173
    2,    1.2500,  227.5722,    0.0542,   84.2758,  140.3505,   56.5719,  -26.0331,  158.4330,  163.5827,  163.6723,  163.8293,  164.1029,  164.5732,  165.3648,  166.6602,  168.4872,  170.9519,  174.2721,  178.5564,  183.8814,  190.3071,  197.9049,  205.8548,  212.8059,  218.1105,  222.1140,  224.8330,  226.3589,  227.0949,  227.3721,  227.5098,  227.5598,    0.0811,    0.3068,    0.6474,    1.0685,    1.5407,    2.0388,    2.5417,    2.9878,    2.8986,    3.2133,    3.6998,    4.0006,    2.9632,    2.4451,    2.7669,    2.6102,    2.2013,    1.9051,    1.7354,    1.6585,    1.6521,    1.7178,    1.8604,    1.9357,    0.6686,    0.6674,    0.6692,    0.6571,    0.6607,    0.6456,    0.6346,    0.6446,    0.6255,    0.5882,    0.5873,    0.5280,    0.3629,    0.3231,    0.2783,    0.2698,    0.2534,    0.2180,    0.2448,    0.2454,    0.2549,    0.2738,    0.3001,    0.3214,    0.3568,    0.3608,    0.3349,    0.3638,    0.3592,    0.3678,    0.3622,    0.3677,    0.3858,    0.3828,    0.3781,    0.3722,    1.0556,    1.0991,    1.0490,    1.1141,    1.0604,    1.0807,    1.0909,    1.0380,    0.9773,    0.9269,    0.7388,    0.6988,    0.8349,    0.7412,    0.6673,    0.6373,    0.4821,    0.4337,    0.2854,    0.2533,    0.2079,    0.1835,    0.1907,    0.1684,    0.4034,    0.2932,    0.2224,    0.1855,    0.1400,    0.0869,    0.0584,    0.0346,    0.0200,    0.0129,    0.0067,    0.0045,    0.0923,    0.0477,    0.0858,    0.1058,    0.1189,    0.1102,    0.1214,    0.1362,    0.1201,    0.1653,    0.1462,    0.1592,    0.1755,    0.1428,    0.2074,    0.2295,    0.1877,    0.1995,    0.2040,    0.2229,    0.2508,    0.1851,    0.2981,    0.3143,    0.3868,    0.4134,    0.4279,    0.4549,    0.4682,    0.4880,    0.4857,    0.5261,    0.5522,    0.5459,    0.6016,    0.6123,    1.0412,    1.1372,    1.1924,    1.2269,    1.2431,    1.3540,    1.2771,    1.3561,    1.3042,    1.3926,    1.3199,    1.4125,    3.0462,    2.9973,    3.0757,    3.1198,    3.1487,    3.0269,    3.1333,    3.2133,    3.2786,    3.0482,    3.0048,    3.1204,    7.8883,    7.3576,    7.2758,    7.0571,    6.5204,    6.1171,    5.3719,    4.9442,    4.7546,    4.1698,    3.2053,    2.9794,    2.2995,    1.9986,    1.5262,    1.4592,    0.9858,    0.7171,    0.5809,    0.2339,    0.2068,    0.1474,    0.0513,    0.0419,    0.0141,    0.0526,    0.1096,    0.1786,    0.2540,    0.3313,    0.4068,    0.5135,    0.2114,    0.2879,    0.8423,    1.9284,    1.8787,    1.8391,    2.9863,    3.8582,    4.1372,    4.2460,    4.2922,    4.2981,    4.2675,    4.1931,    4.0406,    3.8000,    1.2906,    1.2566,    1.2457,    1.2423,    1.2469,    1.2451,    1.2683,    1.2488,    1.2464,    1.2541,    1.2462,    1.2647,    0.9706,    0.9644,    0.9572,    0.9473,    0.9379,    0.9287,    0.9178,    0.9075,    0.8966,    0.8846,    0.8696,    0.8505,    0.8606,    0.8203,    0.8291,    0.7514,    0.7435,    0.7268,    0.7029,    0.6465,    0.6320,    0.6048,    0.5860,    0.5737,    1.5440,    1.3801,    1.3033,    1.0058,    0.9544,    0.6689,    0.5430,    0.5192,    0.5236,    0.5025,    0.7194,    0.6792,    1.3163,    1.2267,    1.1222,    0.9747,    0.9851,    0.8881,    0.9038,    0.8181,    0.7573,    0.6839,    0.5906,    0.5318,    1.2939,    0.9091,    0.6222,    0.4018,    0.2659,    0.1921,    0.1322,    0.0955,    0.0685,    0.0471,    0.0341,    0.0225,    0.0007,    0.0000,    0.0017,    0.0054,    0.0061,    0.0056,    0.0063,    0.0074,    0.0066,    0.0091,    0.0081,    0.0143,    0.0156,    0.0127,    0.0184,    0.0200,    0.0070,    0.0046,    0.0006,    0.0012,    0.0059,    0.0071,    0.0218,    0.0229,    0.0283,    0.0303,    0.0313,    0.0333,    0.0495,    0.0507,    0.0472,    0.0430,    0.0379,    0.0452,    0.0627,    0.0636,    0.1234,    0.1348,    0.1412,    0.1433,    0.1408,    0.1561,    0.1499,    0.2169,    0.1994,    0.2254,    0.2132,    0.2269,    0.4914,    0.4796,    0.4979,    0.4730,    0.4761,    0.4589,    0.4751,    0.4872,    0.4971,    0.4620,    0.4556,    0.4731,    1.1958,    1.1236,    1.1110,    1.0774,    0.9952,    0.9334,    0.8195,    0.7539,    0.7247,    0.6352,    0.4880,    0.4533,    0.3495,    0.6676,    0.5092,    0.4861,    0.3279,    0.2380,    0.1924,    0.0772,    0.0681,    0.0484,    0.0168,    0.0137
    2,    1.5000,  227.5722,    0.0517,   81.0630,  140.7148,   60.1510,  -27.3210,  158.4330,  163.5827,  163.6723,  163.8293,  164.1029,  164.5732,  165.3648,  166.6602,  168.4872,  170.9519,  174.2721,  178.5564,  183.8814,  190.3071,  197.9049,  205.8548,  212.8059,  218.1105,  222.1140,  224.8330,  226.3589,  227.0949,  227.3721,  227.5098,  227.5598,    0.0826,    0.3124,    0.6589,    1.0872,    1.5670,    2.0729,    2.5831,    3.0276,    2.8597,    3.1613,    3.6708,    3.9471,    2.8717,    2.2962,    2.6640,    2.5113,    2.1254,    1.8446,    1.6825,    1.6077,    1.5981,    1.6534,    1.7758,    1.8343,    0.6321,    0.6301,    0.6317,    0.6201,    0.6240,    0.6101,    0.6027,    0.6121,    0.5947,    0.5631,    0.5620,    0.5105,    0.3540,    0.3175,    0.2752,    0.2671,    0.2513,    0.2169,    0.2424,    0.2427,    0.2510,    0.2676,    0.2900,    0.3070,    0.3371,    0.3390,    0.3174,    0.3400,    0.3355,    0.3440,    0.3384,    0.3417,    0.3592,    0.3557,    0.3509,    0.3451,    0.9791,    1.0218,    0.9734,    1.0418,    0.9906,    1.0132,    1.0281,    0.9782,    0.9203,    0.8727,    0.6849,    0.6472,    0.7596,    0.6716,    0.6033,    0.5773,    0.4322,    0.3877,    0.2539,    0.2248,    0.1844,    0.1623,    0.1678,    0.1478,    0.3520,    0.2537,    0.1909,    0.1592,    0.1201,    0.0736,    0.0492,    0.0288,    0.0164,    0.0106,    0.0054,    0.0036,    0.0922,    0.0477,    0.0857,    0.1059,    0.1190,    0.1103,    0.1214,    0.1363,    0.1202,    0.1654,    0.1463,    0.1593,    0.1757,    0.1430,    0.2076,    0.2297,    0.1878,    0.1994,    0.2037,    0.2226,    0.2507,    0.1852,    0.2983,    0.3145,    0.3871,    0.4138,    0.4283,    0.4553,    0.4690,    0.4887,    0.4863,    0.5265,    0.5524,    0.5464,    0.6026,    0.6133,    1.0431,    1.1392,    1.1945,    1.2291,    1.2452,    1.3563,    1.2793,    1.3600,    1.3077,    1.3967,    1.3237,    1.4166,    3.0552,    3.0060,    3.0848,    3.1280,    3.1570,    3.0349,    3.1415,    3.2217,    3.2873,    3.0563,    3.0128,    3.1287,    7.9093,    7.3748,    7.2930,    7.0738,    6.5360,    6.1318,    5.3850,    4.9564,    4.7665,    4.1804,    3.2136,    2.9873,    2.3058,    2.0100,    1.5351,    1.4680,    0.9919,    0.7217,    0.5848,    0.2355,    0.2083,    0.1485,    0.0517,    0.0423,    0.0163,    0.0608,    0.1267,    0.2065,    0.2937,    0.3832,    0.4707,    0.5955,    0.2503,    0.3399,    0.9850,    2.1752,    2.1064,    2.0440,    3.2041,    3.9371,    4.1653,    4.2627,    4.3051,    4.3100,    4.2809,    4.2123,    4.0778,    3.8756,    1.3221,    1.2930,    1.2813,    1.2753,    1.2751,    1.2702,    1.2842,    1.2650,    1.2597,    1.2629,    1.2528,    1.2658,    0.9708,    0.9645,    0.9572,    0.9473,    0.9379,    0.9287,    0.9178,    0.9075,    0.8967,    0.8847,    0.8699,    0.8514,    0.8648,    0.8296,    0.8354,    0.7684,    0.7598,    0.7436,    0.7222,    0.6739,    0.6615,    0.6375,    0.6202,    0.6080,    1.6366,    1.4785,    1.4002,    1.1073,    1.0516,    0.7497,    0.6133,    0.5858,    0.5895,    0.5646,    0.7883,    0.7447,    1.4001,    1.3018,    1.1902,    1.0406,    1.0351,    0.9350,    0.9319,    0.8439,    0.7779,    0.7027,    0.6120,    0.5512,    1.3436,    0.9486,    0.6544,    0.4288,    0.2862,    0.2058,    0.1418,    0.1017,    0.0725,    0.0498,    0.0357,    0.0237,    0.0003,    0.0000,    0.0009,    0.0030,    0.0034,    0.0031,    0.0035,    0.0042,    0.0037,    0.0051,    0.0045,    0.0088,    0.0097,    0.0078,    0.0113,    0.0124,    0.0037,    0.0024,    0.0003,    0.0007,    0.0031,    0.0037,    0.0130,    0.0136,    0.0168,    0.0180,    0.0186,    0.0198,    0.0316,    0.0323,    0.0301,    0.0274,    0.0242,    0.0289,    0.0400,    0.0406,    0.0805,    0.0879,    0.0921,    0.0935,    0.0918,    0.1018,    0.0978,    0.1502,    0.1381,    0.1561,    0.1476,    0.1571,    0.3403,    0.3321,    0.3448,    0.3235,    0.3256,    0.3139,    0.3249,    0.3332,    0.3400,    0.3160,    0.3116,    0.3236,    0.8179,    0.7694,    0.7608,    0.7378,    0.6815,    0.6392,    0.5612,    0.5163,    0.4963,    0.4350,    0.3342,    0.3105,    0.2394,    0.5275,    0.4023,    0.3842,    0.2591,    0.1881,    0.1521,    0.0611,    0.0539,    0.0383,    0.0133,    0.0108
    2,    1.7500,  227.5722,    0.0504,   78.4485,  140.9016,   62.9544,  -27.7316,  158.4330,  163.5827,  163.6723,  163.8293,  164.1029,  164.5732,  165.3648,  166.6602,  168.4872,  170.9519,  174.2721,  178.5564,  183.8814,  190.3071,  197.9049,  205.8548,  212.8059,  218.1105,  222.1140,  224.8330,  226.3589,  227.0949,  227.3721,  227.5098,  227.5598,    0.0840,    0.3175,    0.6693,    1.1040,    1.5906,    2.1034,    2.6202,    3.0626,    2.8219,    3.1110,    3.6424,    3.8932,    2.7932,    2.1725,    2.5790,    2.4326,    2.0662,    1.7977,    1.6416,    1.5686,    1.5565,    1.6036,    1.7103,    1.7549,    0.6034,    0.6007,    0.6019,    0.5908,    0.5949,    0.5818,    0.5769,    0.5857,    0.5696,    0.5421,    0.5408,    0.4952,    0.3461,    0.3123,    0.2722,    0.2645,    0.2492,    0.2159,    0.2401,    0.2401,    0.2473,    0.2618,    0.2809,    0.2946,    0.3206,    0.3210,    0.3027,    0.3206,    0.3162,    0.3245,    0.3190,    0.3207,    0.3375,    0.3337,    0.3289,    0.3233,    0.9169,    0.9579,    0.9110,    0.9806,    0.9315,    0.9550,    0.9728,    0.9254,    0.8703,    0.8252,    0.6395,    0.6038,    0.6993,    0.6162,    0.5526,    0.5290,    0.3935,    0.3519,    0.2305,    0.2035,    0.1670,    0.1466,    0.1508,    0.1325,    0.3140,    0.2245,    0.1677,    0.1392,    0.1047,    0.0636,    0.0422,    0.0245,    0.0139,    0.0088,    0.0045,    0.0030,    0.0921,    0.0476,    0.0857,    0.1059,    0.1190,    0.1103,    0.1214,    0.1363,    0.1202,    0.1654,    0.1463,    0.1594,    0.1757,    0.1431,    0.2077,    0.2298,    0.1878,    0.1993,    0.2034,    0.2224,    0.2506,    0.1852,    0.2984,    0.3146,    0.3872,    0.4139,    0.4285,    0.4555,    0.4693,    0.4890,    0.4866,    0.5267,    0.5525,    0.5465,    0.6030,    0.6137,    1.0439,    1.1402,    1.1955,    1.2300,    1.2460,    1.3573,    1.2804,    1.3619,    1.3093,    1.3987,    1.3257,    1.4187,    3.0596,    3.0102,    3.0893,    3.1320,    3.1610,    3.0388,    3.1456,    3.2259,    3.2915,    3.0602,    3.0166,    3.1327,    7.9196,    7.3833,    7.3014,    7.0821,    6.5437,    6.1392,    5.3916,    4.9625,    4.7725,    4.1858,    3.2179,    2.9914,    2.3091,    2.0174,    1.5409,    1.4738,    0.9960,    0.7248,    0.5874,    0.2366,    0.2094,    0.1493,    0.0520,    0.0425,    0.0183,    0.0684,    0.1427,    0.2325,    0.3308,    0.4316,    0.5302,    0.6723,    0.2882,    0.3903,    1.1201,    2.3902,    2.3023,    2.2210,    3.3686,    3.9873,    4.1845,    4.2744,    4.3141,    4.3185,    4.2904,    4.2259,    4.1032,    3.9252,    1.3429,    1.3173,    1.3052,    1.2975,    1.2942,    1.2872,    1.2952,    1.2763,    1.2692,    1.2693,    1.2578,    1.2667,    0.9709,    0.9645,    0.9572,    0.9473,    0.9379,    0.9287,    0.9178,    0.9075,    0.8967,    0.8847,    0.8701,    0.8521,    0.8682,    0.8369,    0.8404,    0.7816,    0.7724,    0.7566,    0.7373,    0.6951,    0.6839,    0.6623,    0.6460,    0.6340,    1.7060,    1.5544,    1.4750,    1.1916,    1.1324,    0.8205,    0.6758,    0.6451,    0.6480,    0.6198,    0.8457,    0.7993,    1.4635,    1.3580,    1.2413,    1.0914,    1.0719,    0.9696,    0.9518,    0.8622,    0.7925,    0.7161,    0.6274,    0.5652,    1.3796,    0.9775,    0.6784,    0.4495,    0.3021,    0.2165,    0.1493,    0.1065,    0.0756,    0.0518,    0.0369,    0.0246,    0.0002,    0.0000,    0.0004,    0.0017,    0.0019,    0.0017,    0.0019,    0.0024,    0.0021,    0.0029,    0.0026,    0.0054,    0.0060,    0.0049,    0.0070,    0.0077,    0.0019,    0.0013,    0.0002,    0.0003,    0.0016,    0.0020,    0.0077,    0.0081,    0.0100,    0.0107,    0.0111,    0.0118,    0.0202,    0.0207,    0.0193,    0.0176,    0.0155,    0.0185,    0.0256,    0.0260,    0.0526,    0.0575,    0.0602,    0.0611,    0.0600,    0.0666,    0.0639,    0.1042,    0.0958,    0.1083,    0.1024,    0.1090,    0.2360,    0.2304,    0.2392,    0.2217,    0.2232,    0.2152,    0.2227,    0.2284,    0.2331,    0.2166,    0.2136,    0.2218,    0.5606,    0.5286,    0.5226,    0.5068,    0.4682,    0.4391,    0.3855,    0.3547,    0.3410,    0.2989,    0.2296,    0.2133,    0.1645,    0.4176,    0.3186,    0.3042,    0.2052,    0.1490,    0.1204,    0.0484,    0.0427,    0.0303,    0.0105,    0.0086
    2,    2.0000,  227.5722,    0.0498,   76.2683,  141.0000,   65.2350,  -27.5776,  158.4330,  163.5827,  163.6723,  163.8293,  164.1029,  164.5732,  165.3648,  166.6602,  168.4872,  170.9519,  174.2721,  178.5564,  183.8814,  190.3071,  197.9049,  205.8548,  212.8059,  218.1105,  222.1140,  224.8330,  226.3589,  227.0949,  227.3721,  227.5098,  227.5598,    0.0852,    0.3220,    0.6787,    1.1191,    1.6119,    2.1308,    2.6535,    3.0934,    2.7850,    3.0622,    3.6147,    3.8397,    2.7252,    2.0687,    2.5073,    2.3683,    2.0183,    1.7600,    1.6089,    1.5373,    1.5232,    1.5638,    1.6576,    1.6906,    0.5801,    0.5767,    0.5777,    0.5670,    0.5712,    0.5587,    0.5556,    0.5639,    0.5487,    0.5244,    0.5228,    0.4818,    0.3389,    0.3075,    0.2695,    0.2621,    0.2472,    0.2150,    0.2380,    0.2377,    0.2438,    0.2565,    0.2729,    0.2838,    0.3066,    0.3059,    0.2902,    0.3044,    0.3001,    0.3082,    0.3028,    0.3034,    0.3196,    0.3156,    0.3107,    0.3052,    0.8655,    0.9043,    0.8587,    0.9281,    0.8808,    0.9042,    0.9238,    0.8787,    0.8262,    0.7833,    0.6009,    0.5669,    0.6501,    0.5714,    0.5115,    0.4894,    0.3627,    0.3236,    0.2123,    0.1871,    0.1536,    0.1346,    0.1377,    0.1208,    0.2849,    0.2022,    0.1498,    0.1237,    0.0926,    0.0558,    0.0368,    0.0212,    0.0119,    0.0076,    0.0038,    0.0025,    0.0920,    0.0476,    0.0857,    0.1059,    0.1190,    0.1103,    0.1214,    0.1363,    0.1202,    0.1655,    0.1463,    0.1594,    0.1758,    0.1431,    0.2077,    0.2298,    0.1878,    0.1993,    0.2032,    0.2222,    0.2505,    0.1852,    0.2985,    0.3147,    0.3873,    0.4140,    0.4285,    0.4555,    0.4695,    0.4892,    0.4867,    0.5267,    0.5524,    0.5466,    0.6032,    0.6139,    1.0443,    1.1406,    1.1959,    1.2304,    1.2464,    1.3578,    1.2808,    1.3629,    1.3101,    1.3998,    1.3266,    1.4197,    3.0618,    3.0124,    3.0916,    3.1340,    3.1630,    3.0407,    3.1475,    3.2279,    3.2936,    3.0622,    3.0186,    3.1347,    7.9246,    7.3874,    7.3056,    7.0862,    6.5475,    6.1429,    5.3949,    4.9656,    4.7757,    4.1886,    3.2202,    2.9936,    2.3109,    2.0224,    1.5449,    1.4777,    0.9988,    0.7269,    0.5892,    0.2374,    0.2101,    0.1499,    0.0522,    0.0427,    0.0202,    0.0756,    0.1576,    0.2568,    0.3655,    0.4769,    0.5860,    0.7445,    0.3251,    0.4390,    1.2480,    2.5778,    2.4714,    2.3754,    3.4941,    4.0215,    4.1985,    4.2830,    4.3208,    4.3247,    4.2975,    4.2359,    4.1218,    3.9600,    1.3574,    1.3344,    1.3220,    1.3131,    1.3078,    1.2994,    1.3033,    1.2848,    1.2762,    1.2742,    1.2617,    1.2675,    0.9711,    0.9646,    0.9572,    0.9473,    0.9379,    0.9287,    0.9178,    0.9075,    0.8967,    0.8847,    0.8702,    0.8528,    0.8710,    0.8426,    0.8443,    0.7920,    0.7824,    0.7670,    0.7492,    0.7118,    0.7012,    0.6814,    0.6660,    0.6540,    1.7589,    1.6138,    1.5336,    1.2621,    1.2001,    0.8830,    0.7318,    0.6983,    0.7003,    0.6690,    0.8939,    0.8451,    1.5125,    1.4011,    1.2806,    1.1313,    1.0999,    0.9959,    0.9666,    0.8758,    0.8034,    0.7261,    0.6389,    0.5757,    1.4067,    0.9995,    0.6967,    0.4658,    0.3148,    0.2249,    0.1553,    0.1104,    0.0780,    0.0534,    0.0378,    0.0253,    0.0001,    0.0000,    0.0002,    0.0009,    0.0011,    0.0010,    0.0011,    0.0013,    0.0012,    0.0016,    0.0015,    0.0034,    0.0037,    0.0030,    0.0043,    0.0047,    0.0010,    0.0007,    0.0001,    0.0002,    0.0009,    0.0010,    0.0046,    0.0049,    0.0060,    0.0064,    0.0066,    0.0071,    0.0130,    0.0133,    0.0124,    0.0113,    0.0099,    0.0119,    0.0164,    0.0167,    0.0345,    0.0377,    0.0395,    0.0400,    0.0394,    0.0436,    0.0419,    0.0724,    0.0666,    0.0753,    0.0712,    0.0757,    0.1640,    0.1601,    0.1662,    0.1523,    0.1533,    0.1478,    0.1530,    0.1569,    0.1601,    0.1488,    0.1467,    0.1524,    0.3851,    0.3642,    0.3601,    0.3492,    0.3226,    0.3026,    0.2657,    0.2444,    0.2350,    0.2060,    0.1583,    0.1470,    0.1134,    0.3313,    0.2527,    0.2413,    0.1628,    0.1182,    0.0956,    0.0384,    0.0339,    0.0241,    0.0083,    0.0068
