Particle       ,data/QEXT_96IR_84_VIS_NC250v1_2umrod
Ncase          ,  14
dt (sols)      ,  0.020833
Qext 0.67um    ,  1.264450
Alb sfc        ,  0.220000
Conrath nu     ,  0.002000
Sun Flux (W/m2),148.389262
BWN IR (cm-1)  ,     10.0000,     34.1670,     58.3330,     82.5000,    106.6670,    130.8330,    155.0000,    179.1670,    203.3330,    227.5000,    251.6670,    275.8330,    300.0000,    320.7880,    341.5750,    362.3630,    383.1500,    403.9380,    424.7250,    445.5130,    466.3010,    487.0880,    507.8760,    528.6630,    549.4510,    556.7420,    564.0330,    571.3240,    578.6150,    585.9060,    593.1970,    600.4880,    607.7790,    615.0700,    622.3610,    629.6520,    636.9430,    642.5500,    648.1570,    653.7640,    659.3700,    664.9770,    670.5840,    676.1910,    681.7980,    687.4050,    693.0110,    698.6180,    704.2250,    710.1390,    716.0530,    721.9670,    727.8810,    733.7950,    739.7090,    745.6240,    751.5380,    757.4520,    763.3660,    769.2800,    775.1940,    791.5010,    807.8070,    824.1140,    840.4210,    856.7270,    873.0340,    889.3410,    905.6470,    921.9540,    938.2610,    954.5670,    970.8740,    996.8050,   1022.7370,   1048.6680,   1074.6000,   1100.5310,   1126.4630,   1152.3940,   1178.3250,   1204.2570,   1230.1880,   1256.1200,   1282.0510,   1360.3990,   1438.7460,   1517.0940,   1595.4410,   1673.7890,   1752.1370,   1830.4840,   1908.8320,   1987.1790,   2065.5270,   2143.8740,   2222.2220
BWN VIS (cm-1) ,   2222.2200,   2294.3160,   2366.4120,   2438.5080,   2510.6030,   2582.6990,   2654.7950,   2726.8910,   2798.9870,   2871.0820,   2943.1780,   3015.2740,   3087.3700,   3165.9750,   3244.5800,   3323.1850,   3401.7900,   3480.3950,   3559.0000,   3637.6050,   3716.2100,   3794.8150,   3873.4200,   3952.0250,   4030.6300,   4142.2920,   4253.9530,   4365.6150,   4477.2770,   4588.9380,   4700.6000,   4812.2620,   4923.9230,   5035.5850,   5147.2470,   5258.9080,   5370.5700,   5560.6150,   5750.6600,   5940.7050,   6130.7500,   6320.7950,   6510.8400,   6700.8850,   6890.9300,   7080.9750,   7271.0200,   7461.0650,   7651.1100,   8055.1840,   8459.2580,   8863.3330,   9267.4070,   9671.4810,  10075.5550,  10479.6290,  10883.7030,  11287.7780,  11691.8520,  12095.9260,  12500.0000,  13541.6670,  14583.3330,  15625.0000,  16666.6670,  17708.3330,  18750.0000,  19791.6670,  20833.3330,  21875.0000,  22916.6670,  23958.3330,  25000.0000,  26388.8890,  27777.7780,  29166.6670,  30555.5570,  31944.4460,  33333.3350,  34722.2240,  36111.1130,  37500.0030,  38888.8920,  40277.7810,  41666.6700
SUN VIS (W/m2) ,      0.1008,      0.0862,      0.0968,      0.1089,      0.1224,      0.1136,      0.1248,      0.1400,      0.1233,      0.1698,      0.1502,      0.1645,      0.1814,      0.1477,      0.2144,      0.2377,      0.1946,      0.2106,      0.2276,      0.2472,      0.2683,      0.1918,      0.3072,      0.3239,      0.3986,      0.4261,      0.4410,      0.4688,      0.4810,      0.5017,      0.5013,      0.5485,      0.5772,      0.5665,      0.6183,      0.6303,      1.0809,      1.1806,      1.2379,      1.2751,      1.2949,      1.4092,      1.3262,      1.4132,      1.3634,      1.4505,      1.3747,      1.4716,      3.1730,      3.1258,      3.2038,      3.2543,      3.2846,      3.1576,      3.2685,      3.3520,      3.4202,      3.1800,      3.1347,      3.2554,      8.2299,      7.8425,      7.7561,      7.5237,      6.9524,      6.5235,      5.7299,      5.2748,      5.0739,      4.4511,      3.4228,      3.1828,      2.4579,      2.2644,      1.7312,      1.6575,      1.1215,      0.8173,      0.6634,      0.2677,      0.2374,      0.1697,      0.0593,      0.0486
================
wavelenght [um],    0.244068,    0.252632,    0.261818,    0.271698,    0.282353,    0.293878,    0.306383,    0.320000,    0.334884,    0.351220,    0.369231,    0.389189,    0.408511,    0.426667,    0.446512,    0.468293,    0.492308,    0.518919,    0.548571,    0.581818,    0.619355,    0.662069,    0.711111,    0.768000,    0.813143,    0.840768,    0.870336,    0.902060,    0.936184,    0.972991,    1.012810,    1.056028,    1.103099,    1.154562,    1.211061,    1.273375,    1.323436,    1.357581,    1.393534,    1.431444,    1.471474,    1.513807,    1.558648,    1.606226,    1.656801,    1.710664,    1.768147,    1.829628,    1.881560,    1.921939,    1.964090,    2.008131,    2.054193,    2.102417,    2.152960,    2.205992,    2.261704,    2.320302,    2.382017,    2.447105,    2.505432,    2.555765,    2.608162,    2.662752,    2.719677,    2.779088,    2.841153,    2.906054,    2.973989,    3.045176,    3.119855,    3.198288,    3.277268,    3.356577,    3.439819,    3.527294,    3.619334,    3.716307,    3.818620,    3.926726,    4.041130,    4.162400,    4.291175,    4.428172,    4.580751,    4.751270,    4.934974,    5.133456,    5.348572,    5.582505,    5.837838,    6.117648,    6.425631,    6.766266,    7.145039,    7.568734,    7.879690,    8.044056,    8.215425,    8.394255,    8.581043,    8.776330,    8.980716,    9.194848,    9.419442,    9.655282,    9.903235,   10.164260,   10.387231,   10.566200,   10.751445,   10.943308,   11.142136,   11.348323,   11.562291,   11.784476,   12.015368,   12.255495,   12.505409,   12.765727,   12.949392,   13.049328,   13.150818,   13.253898,   13.358608,   13.464994,   13.573088,   13.682923,   13.794549,   13.908012,   14.023357,   14.140631,   14.256763,   14.371646,   14.488386,   14.607038,   14.727660,   14.850291,   14.974981,   15.101782,   15.230738,   15.361915,   15.495384,   15.631191,   15.790367,   15.974275,   16.162517,   16.355249,   16.552633,   16.754839,   16.962047,   17.174443,   17.392227,   17.615605,   17.844795,   18.080028,   18.550914,   19.294981,   20.101230,   20.977796,   21.934298,   22.982219,   24.135264,   25.410119,   26.827165,   28.411593,   30.194923,   32.217118,   34.732292,   37.914692,   41.739101,   46.421699,   52.287582,   59.850314,   69.970927,   84.210526,  105.726686,  142.012170,  216.216216,  452.826771
Qext           ,      1.0112,      1.0112,      1.0112,      1.0112,      1.0112,      1.0112,      1.0112,      1.0112,      1.0112,      1.0112,      1.0112,      1.2645,      1.2645,      1.2645,      1.2645,      1.2645,      1.2645,      1.2645,      1.2645,      1.2645,      1.2645,      1.2645,      1.2645,      1.1428,      1.1428,      1.1428,      1.1428,      1.1428,      1.1428,      1.1428,      1.1428,      1.1428,      1.1428,      1.1483,      1.1483,      1.1483,      1.1483,      1.1483,      1.1483,      1.1483,      1.1483,      1.2280,      1.2280,      1.2280,      1.2280,      1.2280,      1.2280,      1.2280,      1.3365,      1.3365,      1.3365,      1.3365,      1.3365,      1.3365,      1.3365,      1.3365,      1.4908,      1.4908,      1.4908,      1.4908,      1.4908,      1.4908,      1.5067,      1.5067,      1.5067,      1.5067,      1.5067,      1.5067,      1.5530,      1.5530,      1.5530,      1.5530,      1.5530,      1.5966,      1.5966,      1.5966,      1.5966,      1.7024,      1.7024,      1.7024,      1.7024,      1.9093,      1.9093,      1.9093,      2.1577,      2.1577,      2.2482,      2.2482,      2.2214,      2.0955,      2.0955,      2.0892,      2.0916,      2.2827,      2.2837,      1.6798,      1.7807,      1.7807,      2.0101,      2.0101,      1.6454,      1.6454,      1.7186,      1.7186,      2.0502,      1.8851,      1.8851,      1.5418,      1.4329,      1.4329,      1.5086,      1.5086,      1.7438,      1.7438,      1.7948,      1.6808,      1.6808,      1.6523,      1.6523,      1.6617,      1.6756,      1.6756,      1.6756,      1.6756,      1.6512,      1.6512,      1.6512,      1.6059,      1.6059,      1.6059,      1.5206,      1.5206,      1.5206,      1.3444,      1.3444,      1.3444,      1.1577,      1.1577,      1.1577,      1.0525,      1.0525,      1.0525,      0.9947,      0.9947,      0.9947,      0.9320,      0.9320,      0.8933,      0.8933,      0.9241,      1.0060,      1.0060,      1.0699,      1.0699,      1.0618,      0.9826,      0.9318,      0.8292,      1.0672,      1.2920,      1.2804,      1.2356,      1.1359,      1.0563,      1.2439,      1.4031,      1.3462,      1.3131,      1.4119,      1.5511,      1.3197,      0.9834,      0.8106,      0.6425,      0.6425,      0.6425,      0.6425,      0.6425,      0.6425,      0.6425
Qscat          ,      0.4911,      0.4911,      0.4911,      0.4911,      0.4911,      0.4911,      0.4911,      0.4911,      0.4911,      0.4911,      0.4911,      0.4006,      0.4006,      0.4006,      0.4006,      0.4006,      0.4006,      0.4006,      0.4006,      0.4006,      0.4006,      0.4006,      0.4006,      0.2074,      0.2074,      0.2074,      0.2074,      0.2074,      0.2074,      0.2074,      0.2074,      0.2074,      0.2074,      0.1585,      0.1585,      0.1585,      0.1585,      0.1585,      0.1585,      0.1585,      0.1585,      0.1419,      0.1419,      0.1419,      0.1419,      0.1419,      0.1419,      0.1419,      0.1385,      0.1385,      0.1385,      0.1385,      0.1385,      0.1385,      0.1385,      0.1385,      0.1514,      0.1514,      0.1514,      0.1514,      0.1514,      0.1514,      0.1822,      0.1822,      0.1822,      0.1822,      0.1822,      0.1822,      0.1774,      0.1774,      0.1774,      0.1774,      0.1774,      0.1707,      0.1707,      0.1707,      0.1707,      0.1921,      0.1921,      0.1921,      0.1921,      0.1895,      0.1895,      0.1895,      0.2276,      0.2276,      0.2685,      0.2685,      0.2692,      0.2908,      0.2908,      0.3330,      0.4345,      0.5120,      0.5655,      0.4957,      0.5347,      0.5347,      0.6293,      0.6293,      0.7132,      0.7132,      0.7039,      0.7039,      0.7226,      0.6719,      0.6719,      0.6120,      0.7545,      0.7545,      0.9014,      0.9014,      0.8297,      0.8297,      0.7848,      0.8315,      0.8315,      0.9276,      0.9276,      0.9050,      0.9026,      0.9026,      0.9026,      0.9026,      0.9331,      0.9331,      0.9331,      0.9892,      0.9892,      0.9892,      1.0623,      1.0623,      1.0623,      1.0606,      1.0606,      1.0606,      1.0546,      1.0546,      1.0546,      1.0524,      1.0524,      1.0524,      0.9946,      0.9946,      0.9946,      0.9320,      0.9320,      0.8932,      0.8932,      0.9241,      0.9204,      0.9204,      0.8237,      0.8237,      0.7431,      0.6764,      0.6523,      0.5971,      0.6361,      0.8646,      0.9650,      0.7220,      0.7324,      0.7985,      1.0506,      1.4030,      1.3460,      1.3130,      1.4117,      1.5509,      1.1503,      0.9833,      0.8105,      0.6425,      0.6425,      0.6425,      0.6425,      0.6425,      0.6425,      0.6425
G factor       ,      0.4160,      0.4160,      0.4160,      0.4160,      0.4160,      0.4160,      0.4160,      0.4160,      0.4160,      0.4160,      0.4160,      0.3660,      0.3660,      0.3660,      0.3660,      0.3660,      0.3660,      0.3660,      0.3660,      0.3660,      0.3660,      0.3660,      0.3660,      0.2890,      0.2890,      0.2890,      0.2890,      0.2890,      0.2890,      0.2890,      0.2890,      0.2890,      0.2890,      0.3020,      0.3020,      0.3020,      0.3020,      0.3020,      0.3020,      0.3020,      0.3020,      0.2920,      0.2920,      0.2920,      0.2920,      0.2920,      0.2920,      0.2920,      0.3150,      0.3150,      0.3150,      0.3150,      0.3150,      0.3150,      0.3150,      0.3150,      0.2640,      0.2640,      0.2640,      0.2640,      0.2640,      0.2640,      0.3210,      0.3210,      0.3210,      0.3210,      0.3210,      0.3210,      0.2900,      0.2900,      0.2900,      0.2900,      0.2900,      0.2590,      0.2590,      0.2590,      0.2590,      0.2540,      0.2540,      0.2540,      0.2540,      0.2690,      0.2690,      0.2690,      0.2890,      0.2890,      0.2840,      0.2840,      0.2570,      0.2750,      0.2750,      0.2900,      0.3030,      0.2880,      0.2860,      0.1700,      0.2690,      0.2690,      0.3500,      0.3500,      0.3050,      0.3050,      0.3480,      0.3480,      0.3440,      0.2780,      0.2780,      0.1860,      0.1770,      0.1770,      0.2100,      0.2100,      0.2580,      0.2580,      0.2390,      0.2250,      0.2250,      0.1920,      0.1920,      0.0820,      0.0240,      0.0240,      0.0240,      0.0240,      0.0790,      0.0790,      0.0790,      0.1850,      0.1850,      0.1850,      0.2680,      0.2680,      0.2680,      0.3000,      0.3000,      0.3000,      0.3280,      0.3280,      0.3280,      0.3640,      0.3640,      0.3640,      0.3670,      0.3670,      0.3670,      0.3400,      0.3400,      0.3190,      0.3190,      0.3100,      0.2990,      0.2990,      0.2890,      0.2890,      0.2850,      0.2850,      0.2830,      0.2730,      0.3200,      0.3550,      0.3010,      0.1980,      0.1440,      0.1530,      0.2580,      0.2980,      0.2190,      0.2700,      0.3090,      0.0580,     -0.0510,      0.0030,     -0.0100,     -0.0100,     -0.0100,     -0.0100,     -0.0100,     -0.0100,     -0.0100,     -0.0100
================
P [mbar]       ,    0.1004,    0.1015,    0.1034,    0.1069,    0.1130,    0.1239,    0.1432,    0.1740,    0.2226,    0.3028,    0.4349,    0.6529,    1.0121,    1.6044,    2.4646,    3.4606,    4.3994,    5.2226,    5.8426,    6.2132,    6.3980,    6.4686,    6.5039,    6.5168
Temp initial[K],  163.5827,  163.6723,  163.8293,  164.1029,  164.5732,  165.3648,  166.6602,  168.4872,  170.9519,  174.2721,  178.5564,  183.8814,  190.3071,  197.9049,  205.8548,  212.8059,  218.1105,  222.1140,  224.8330,  226.3589,  227.0949,  227.3721,  227.5098,  227.5598
================
it   ,   tau    ,  Tsfc    ,   alb    ,   OLR    ,    ASR   ,  NET top ,  NET bot , T lev  01, T lev  02, T lev  03, T lev  04, T lev  05, T lev  06, T lev  07, T lev  08, T lev  09, T lev  10, T lev  11, T lev  12, T lev  13, T lev  14, T lev  15, T lev  16, T lev  17, T lev  18, T lev  19, T lev  20, T lev  21, T lev  22, T lev  23, T lev  24, T lev  25,  OLR IR01,  OLR IR02,  OLR IR03,  OLR IR04,  OLR IR05,  OLR IR06,  OLR IR07,  OLR IR08,  OLR IR09,  OLR IR10,  OLR IR11,  OLR IR12,  OLR IR13,  OLR IR14,  OLR IR15,  OLR IR16,  OLR IR17,  OLR IR18,  OLR IR19,  OLR IR20,  OLR IR21,  OLR IR22,  OLR IR23,  OLR IR24,  OLR IR25,  OLR IR26,  OLR IR27,  OLR IR28,  OLR IR29,  OLR IR30,  OLR IR31,  OLR IR32,  OLR IR33,  OLR IR34,  OLR IR35,  OLR IR36,  OLR IR37,  OLR IR38,  OLR IR39,  OLR IR40,  OLR IR41,  OLR IR42,  OLR IR43,  OLR IR44,  OLR IR45,  OLR IR46,  OLR IR47,  OLR IR48,  OLR IR49,  OLR IR50,  OLR IR51,  OLR IR52,  OLR IR53,  OLR IR54,  OLR IR55,  OLR IR56,  OLR IR57,  OLR IR58,  OLR IR59,  OLR IR60,  OLR IR61,  OLR IR62,  OLR IR63,  OLR IR64,  OLR IR65,  OLR IR66,  OLR IR67,  OLR IR68,  OLR IR69,  OLR IR70,  OLR IR71,  OLR IR72,  OLR IR73,  OLR IR74,  OLR IR75,  OLR IR76,  OLR IR77,  OLR IR78,  OLR IR79,  OLR IR80,  OLR IR81,  OLR IR82,  OLR IR83,  OLR IR84,  OLR IR85,  OLR IR86,  OLR IR87,  OLR IR88,  OLR IR89,  OLR IR90,  OLR IR91,  OLR IR92,  OLR IR93,  OLR IR94,  OLR IR95,  OLR IR96, ASR VIS01, ASR VIS02, ASR VIS03, ASR VIS04, ASR VIS05, ASR VIS06, ASR VIS07, ASR VIS08, ASR VIS09, ASR VIS10, ASR VIS11, ASR VIS12, ASR VIS13, ASR VIS14, ASR VIS15, ASR VIS16, ASR VIS17, ASR VIS18, ASR VIS19, ASR VIS20, ASR VIS21, ASR VIS22, ASR VIS23, ASR VIS24, ASR VIS25, ASR VIS26, ASR VIS27, ASR VIS28, ASR VIS29, ASR VIS30, ASR VIS31, ASR VIS32, ASR VIS33, ASR VIS34, ASR VIS35, ASR VIS36, ASR VIS37, ASR VIS38, ASR VIS39, ASR VIS40, ASR VIS41, ASR VIS42, ASR VIS43, ASR VIS44, ASR VIS45, ASR VIS46, ASR VIS47, ASR VIS48, ASR VIS49, ASR VIS50, ASR VIS51, ASR VIS52, ASR VIS53, ASR VIS54, ASR VIS55, ASR VIS56, ASR VIS57, ASR VIS58, ASR VIS59, ASR VIS60, ASR VIS61, ASR VIS62, ASR VIS63, ASR VIS64, ASR VIS65, ASR VIS66, ASR VIS67, ASR VIS68, ASR VIS69, ASR VIS70, ASR VIS71, ASR VIS72, ASR VIS73, ASR VIS74, ASR VIS75, ASR VIS76, ASR VIS77, ASR VIS78, ASR VIS79, ASR VIS80, ASR VIS81, ASR VIS82, ASR VIS83, ASR VIS84, SFC DIR01, SFC DIR02, SFC DIR03, SFC DIR04, SFC DIR05, SFC DIR06, SFC DIR07, SFC DIR08, SFC DIR09, SFC DIR10, SFC DIR11, SFC DIR12, SFC DIR13, SFC DIR14, SFC DIR15, SFC DIR16, SFC DIR17, SFC DIR18, SFC DIR19, SFC DIR20, SFC DIR21, SFC DIR22, SFC DIR23, SFC DIR24, SFC DIR25, SFC DIR26, SFC DIR27, SFC DIR28, SFC DIR29, SFC DIR30, SFC DIR31, SFC DIR32, SFC DIR33, SFC DIR34, SFC DIR35, SFC DIR36, SFC DIR37, SFC DIR38, SFC DIR39, SFC DIR40, SFC DIR41, SFC DIR42, SFC DIR43, SFC DIR44, SFC DIR45, SFC DIR46, SFC DIR47, SFC DIR48, SFC DIR49, SFC DIR50, SFC DIR51, SFC DIR52, SFC DIR53, SFC DIR54, SFC DIR55, SFC DIR56, SFC DIR57, SFC DIR58, SFC DIR59, SFC DIR60, SFC DIR61, SFC DIR62, SFC DIR63, SFC DIR64, SFC DIR65, SFC DIR66, SFC DIR67, SFC DIR68, SFC DIR69, SFC DIR70, SFC DIR71, SFC DIR72, SFC DIR73, SFC DIR74, SFC DIR75, SFC DIR76, SFC DIR77, SFC DIR78, SFC DIR79, SFC DIR80, SFC DIR81, SFC DIR82, SFC DIR83, SFC DIR84, SFC DIR85, SFC DIR86, SFC DIR87, SFC DIR88, SFC DIR89, SFC DIR90, SFC DIR91, SFC DIR92, SFC DIR93, SFC DIR94, SFC DIR95, SFC DIR96,SFC DVIS01,SFC DVIS02,SFC DVIS03,SFC DVIS04,SFC DVIS05,SFC DVIS06,SFC DVIS07,SFC DVIS08,SFC DVIS09,SFC DVIS10,SFC DVIS11,SFC DVIS12,SFC DVIS13,SFC DVIS14,SFC DVIS15,SFC DVIS16,SFC DVIS17,SFC DVIS18,SFC DVIS19,SFC DVIS20,SFC DVIS21,SFC DVIS22,SFC DVIS23,SFC DVIS24,SFC DVIS25,SFC DVIS26,SFC DVIS27,SFC DVIS28,SFC DVIS29,SFC DVIS30,SFC DVIS31,SFC DVIS32,SFC DVIS33,SFC DVIS34,SFC DVIS35,SFC DVIS36,SFC DVIS37,SFC DVIS38,SFC DVIS39,SFC DVIS40,SFC DVIS41,SFC DVIS42,SFC DVIS43,SFC DVIS44,SFC DVIS45,SFC DVIS46,SFC DVIS47,SFC DVIS48,SFC DVIS49,SFC DVIS50,SFC DVIS51,SFC DVIS52,SFC DVIS53,SFC DVIS54,SFC DVIS55,SFC DVIS56,SFC DVIS57,SFC DVIS58,SFC DVIS59,SFC DVIS60,SFC DVIS61,SFC DVIS62,SFC DVIS63,SFC DVIS64,SFC DVIS65,SFC DVIS66,SFC DVIS67,SFC DVIS68,SFC DVIS69,SFC DVIS70,SFC DVIS71,SFC DVIS72,SFC DVIS73,SFC DVIS74,SFC DVIS75,SFC DVIS76,SFC DVIS77,SFC DVIS78,SFC DVIS79,SFC DVIS80,SFC DVIS81,SFC DVIS82,SFC DVIS83,SFC DVIS84
    2,    0.0000,  227.5722,    0.2192,  139.8688,  115.8602,  -23.5218,  -14.0680,  158.4330,  163.5827,  163.6723,  163.8293,  164.1029,  164.5732,  165.3648,  166.6602,  168.4872,  170.9519,  174.2721,  178.5564,  183.8814,  190.3071,  197.9049,  205.8548,  212.8059,  218.1105,  222.1140,  224.8330,  226.3589,  227.0949,  227.3721,  227.5098,  227.5598,    0.0705,    0.2675,    0.5658,    0.9364,    1.3541,    1.7971,    2.2470,    2.6886,    3.1100,    3.5012,    3.8550,    4.1668,    3.7991,    3.9662,    4.1036,    4.2111,    4.2902,    4.3412,    4.3666,    4.3674,    4.3455,    4.3031,    4.2365,    4.1377,    1.4329,    1.4160,    1.3937,    1.3544,    1.3064,    1.2531,    1.1042,    1.0903,    1.0331,    0.8812,    0.8657,    0.6804,    0.4286,    0.3613,    0.2973,    0.2859,    0.2660,    0.2237,    0.2586,    0.2615,    0.2793,    0.3166,    0.3804,    0.4522,    0.5746,    0.6344,    0.5305,    0.6851,    0.6744,    0.6698,    0.6769,    0.7426,    0.7550,    0.7683,    0.7700,    0.7628,    2.0538,    1.9716,    1.9052,    1.8274,    1.7484,    1.6691,    1.5919,    1.5151,    1.4407,    1.3665,    1.2937,    1.2291,    1.8278,    1.6842,    1.5339,    1.3924,    1.2741,    1.1725,    1.0662,    0.9681,    0.8777,    0.7928,    0.7079,    0.6374,    1.5840,    1.1437,    0.8293,    0.5901,    0.4167,    0.2922,    0.2036,    0.1383,    0.0940,    0.0622,    0.0416,    0.0303,    0.0906,    0.0482,    0.0759,    0.0854,    0.0957,    0.0892,    0.0975,    0.1096,    0.0962,    0.1325,    0.1172,    0.1283,    0.1417,    0.1155,    0.1680,    0.1868,    0.1536,    0.1833,    0.2065,    0.2237,    0.2252,    0.1502,    0.2398,    0.2533,    0.3110,    0.3324,    0.3440,    0.3658,    0.3756,    0.3940,    0.4010,    0.4565,    0.4953,    0.4717,    0.4852,    0.4943,    0.8433,    0.9209,    0.9663,    0.9993,    1.0234,    1.1077,    1.0381,    1.1064,    1.0804,    1.1314,    1.0733,    1.1507,    2.4780,    2.4450,    2.4989,    2.5384,    2.5644,    2.4626,    2.5489,    2.6139,    2.6670,    2.4800,    2.4441,    2.5380,    6.4157,    6.1123,    6.0433,    5.8603,    5.4132,    5.0767,    4.4565,    4.0997,    3.9404,    3.4535,    2.6528,    2.4637,    1.8993,    1.7458,    1.3311,    1.2705,    0.8565,    0.6215,    0.5021,    0.2015,    0.1776,    0.1261,    0.0437,    0.0355,    0.0000,    0.0000,    0.0000,    0.0000,    0.0000,    0.0000,    0.0000,    0.0000,    0.0000,    0.0000,    0.0000,    0.0000,    0.0000,    0.0000,    0.0000,    0.0000,    0.0000,    0.0000,    0.0000,    0.0004,    0.0013,    0.0042,    0.0316,    0.1224,    0.0337,    0.0553,    0.0951,    0.1939,    0.3170,    0.4390,    0.7874,    0.8078,    0.8986,    1.0611,    1.1127,    1.2540,    0.9696,    0.9641,    0.9572,    0.9473,    0.9378,    0.9287,    0.9178,    0.9074,    0.8966,    0.8844,    0.8683,    0.8421,    0.8025,    0.6764,    0.7395,    0.4977,    0.5022,    0.4908,    0.4247,    0.2470,    0.1814,    0.1031,    0.0612,    0.0469,    0.0933,    0.0788,    0.0260,    0.0119,    0.0030,    0.0028,    0.0017,    0.0056,    0.0100,    0.0182,    0.0292,    0.0235,    0.0278,    0.0056,    0.0259,    0.0458,    0.0328,    0.0004,    0.0000,    0.0000,    0.0000,    0.0031,    0.0165,    0.0171,    0.0171,    0.0171,    0.0000,    0.0000,    0.0000,    0.0000,    0.0000,    0.0035,    0.0040,    0.0054,    0.0048,    0.0010,    0.0230,    0.0000,    0.0598,    0.1073,    0.1213,    0.1109,    0.1245,    0.1385,    0.1233,    0.1698,    0.1501,    0.1645,    0.1806,    0.1466,    0.2118,    0.2312,    0.1878,    0.1215,    0.0145,    0.0325,    0.1583,    0.1897,    0.3065,    0.3218,    0.3984,    0.4260,    0.4410,    0.4686,    0.4796,    0.4909,    0.4572,    0.4157,    0.3661,    0.4375,    0.6076,    0.6165,    1.0804,    1.1803,    1.2358,    1.2540,    1.2316,    1.3659,    1.3119,    1.3949,    1.2823,    1.4502,    1.3714,    1.4595,    3.1611,    3.0848,    3.2030,    3.2531,    3.2743,    3.1567,    3.2678,    3.3511,    3.4192,    3.1776,    3.1334,    3.2539,    8.2247,    7.8363,    7.7478,    7.5132,    6.9399,    6.5086,    5.7135,    5.2561,    5.0518,    4.4276,    3.4010,    3.1586,    2.4350,    2.2382,    1.7066,    1.6288,    1.0981,    0.7968,    0.6438,    0.2584,    0.2277,    0.1616,    0.0560,    0.0455
    2,    0.0500,  227.5722,    0.1964,  134.7006,  119.2478,  -14.9657,  -16.5580,  158.4330,  163.5827,  163.6723,  163.8293,  164.1029,  164.5732,  165.3648,  166.6602,  168.4872,  170.9519,  174.2721,  178.5564,  183.8814,  190.3071,  197.9049,  205.8548,  212.8059,  218.1105,  222.1140,  224.8330,  226.3589,  227.0949,  227.3721,  227.5098,  227.5598,    0.0688,    0.2607,    0.5514,    0.9126,    1.3197,    1.7514,    2.1900,    2.6031,    2.9922,    3.3335,    3.6413,    4.0097,    3.6583,    3.8055,    3.9475,    4.0717,    4.1601,    4.2071,    4.2307,    4.2292,    4.2176,    4.1954,    4.1453,    4.0401,    1.3972,    1.3781,    1.3559,    1.3188,    1.2749,    1.2245,    1.0853,    1.0730,    1.0180,    0.8706,    0.8563,    0.6762,    0.4270,    0.3604,    0.2969,    0.2855,    0.2658,    0.2236,    0.2583,    0.2611,    0.2787,    0.3154,    0.3779,    0.4467,    0.5637,    0.6192,    0.5184,    0.6625,    0.6524,    0.6456,    0.6509,    0.7099,    0.7189,    0.7298,    0.7306,    0.7234,    1.9513,    1.8796,    1.8149,    1.7413,    1.6654,    1.5852,    1.5143,    1.4409,    1.3766,    1.3056,    1.2376,    1.1755,    1.7425,    1.5916,    1.4490,    1.3108,    1.2111,    1.1135,    1.0135,    0.9198,    0.8237,    0.7436,    0.6674,    0.6007,    1.4928,    1.0557,    0.7634,    0.5458,    0.3842,    0.2687,    0.1869,    0.1260,    0.0855,    0.0565,    0.0379,    0.0275,    0.0914,    0.0481,    0.0786,    0.0898,    0.1007,    0.0937,    0.1026,    0.1150,    0.1011,    0.1391,    0.1230,    0.1346,    0.1485,    0.1210,    0.1760,    0.1954,    0.1603,    0.1868,    0.2066,    0.2241,    0.2305,    0.1571,    0.2512,    0.2652,    0.3258,    0.3482,    0.3604,    0.3832,    0.3918,    0.4104,    0.4158,    0.4689,    0.5056,    0.4849,    0.5055,    0.5149,    0.8762,    0.9569,    1.0039,    1.0373,    1.0601,    1.1488,    1.0779,    1.1446,    1.1148,    1.1713,    1.1109,    1.1907,    2.5648,    2.5294,    2.5869,    2.6197,    2.6462,    2.5415,    2.6306,    2.6977,    2.7525,    2.5594,    2.5225,    2.6195,    6.6216,    6.2704,    6.1997,    6.0121,    5.5535,    5.2084,    4.5723,    4.2064,    4.0431,    3.5437,    2.7223,    2.5284,    1.9494,    1.7665,    1.3471,    1.2858,    0.8670,    0.6293,    0.5085,    0.2041,    0.1799,    0.1278,    0.0443,    0.0360,    0.0018,    0.0068,    0.0144,    0.0238,    0.0344,    0.0457,    0.0571,    0.0856,    0.1178,    0.1999,    0.2137,    0.1571,    0.1409,    0.1607,    0.1562,    0.1777,    0.1807,    0.2119,    0.2325,    0.1968,    0.2051,    0.1857,    0.1605,    0.2615,    0.0849,    0.1086,    0.1436,    0.2379,    0.3485,    0.4661,    0.8005,    0.8192,    0.9075,    1.0662,    1.1161,    1.2543,    0.9696,    0.9641,    0.9572,    0.9473,    0.9378,    0.9287,    0.9178,    0.9074,    0.8966,    0.8844,    0.8683,    0.8426,    0.8061,    0.6859,    0.7467,    0.5187,    0.5221,    0.5130,    0.4512,    0.2856,    0.2263,    0.1533,    0.1138,    0.0997,    0.2319,    0.2035,    0.1485,    0.1335,    0.1193,    0.1231,    0.1099,    0.1079,    0.0912,    0.0946,    0.1008,    0.0914,    0.1411,    0.1305,    0.1377,    0.1515,    0.1118,    0.0740,    0.0641,    0.0578,    0.0656,    0.0618,    0.0637,    0.0592,    0.1186,    0.1113,    0.0678,    0.0436,    0.0306,    0.0212,    0.0145,    0.0136,    0.0108,    0.0097,    0.0075,    0.0030,    0.0200,    0.0000,    0.0519,    0.0945,    0.1069,    0.0978,    0.1097,    0.1230,    0.1095,    0.1508,    0.1333,    0.1467,    0.1610,    0.1307,    0.1888,    0.2061,    0.1682,    0.1088,    0.0130,    0.0291,    0.1417,    0.1698,    0.2742,    0.2879,    0.3564,    0.3811,    0.3945,    0.4192,    0.4342,    0.4444,    0.4139,    0.3763,    0.3315,    0.3961,    0.5501,    0.5581,    0.9868,    1.0780,    1.1286,    1.1453,    1.1248,    1.2475,    1.1981,    1.2834,    1.1798,    1.3343,    1.2618,    1.3428,    2.9085,    2.8383,    2.9470,    3.0024,    3.0220,    2.9135,    3.0160,    3.0929,    3.1557,    2.9328,    2.8920,    3.0032,    7.5910,    7.2472,    7.1654,    6.9484,    6.4182,    6.0192,    5.2839,    4.8608,    4.6718,    4.0945,    3.1451,    2.9209,    2.2518,    2.1253,    1.6204,    1.5466,    1.0427,    0.7566,    0.6113,    0.2453,    0.2162,    0.1535,    0.0532,    0.0432
    2,    0.1000,  227.5722,    0.1768,  129.9727,  122.1558,   -7.3298,  -18.8516,  158.4330,  163.5827,  163.6723,  163.8293,  164.1029,  164.5732,  165.3648,  166.6602,  168.4872,  170.9519,  174.2721,  178.5564,  183.8814,  190.3071,  197.9049,  205.8548,  212.8059,  218.1105,  222.1140,  224.8330,  226.3589,  227.0949,  227.3721,  227.5098,  227.5598,    0.0671,    0.2542,    0.5378,    0.8900,    1.2870,    1.7081,    2.1357,    2.5228,    2.8830,    3.1837,    3.4501,    3.8640,    3.5275,    3.6573,    3.8028,    3.9432,    4.0399,    4.0841,    4.1065,    4.1018,    4.0997,    4.0949,    4.0591,    3.9482,    1.3637,    1.3426,    1.3205,    1.2856,    1.2451,    1.1974,    1.0672,    1.0563,    1.0034,    0.8603,    0.8472,    0.6720,    0.4254,    0.3596,    0.2965,    0.2852,    0.2655,    0.2235,    0.2580,    0.2608,    0.2781,    0.3143,    0.3754,    0.4414,    0.5534,    0.6049,    0.5072,    0.6418,    0.6322,    0.6235,    0.6273,    0.6805,    0.6867,    0.6957,    0.6957,    0.6885,    1.8598,    1.7969,    1.7338,    1.6637,    1.5905,    1.5099,    1.4443,    1.3739,    1.3184,    1.2502,    1.1864,    1.1265,    1.6648,    1.5083,    1.3725,    1.2375,    1.1536,    1.0598,    0.9653,    0.8756,    0.7751,    0.6994,    0.6306,    0.5673,    1.4100,    0.9778,    0.7049,    0.5062,    0.3552,    0.2477,    0.1720,    0.1152,    0.0779,    0.0515,    0.0346,    0.0250,    0.0919,    0.0481,    0.0806,    0.0932,    0.1046,    0.0972,    0.1066,    0.1193,    0.1049,    0.1444,    0.1277,    0.1396,    0.1540,    0.1255,    0.1824,    0.2024,    0.1658,    0.1896,    0.2066,    0.2244,    0.2348,    0.1626,    0.2605,    0.2749,    0.3378,    0.3611,    0.3737,    0.3974,    0.4052,    0.4240,    0.4281,    0.4791,    0.5141,    0.4958,    0.5224,    0.5321,    0.9040,    0.9873,    1.0357,    1.0693,    1.0911,    1.1835,    1.1115,    1.1772,    1.1441,    1.2055,    1.1432,    1.2249,    2.6391,    2.6016,    2.6623,    2.6897,    2.7166,    2.6095,    2.7010,    2.7699,    2.8262,    2.6279,    2.5900,    2.6896,    6.7989,    6.4072,    6.3351,    6.1435,    5.6750,    5.3225,    4.6727,    4.2989,    4.1322,    3.6220,    2.7826,    2.5846,    1.9930,    1.7856,    1.3618,    1.3000,    0.8767,    0.6364,    0.5144,    0.2065,    0.1821,    0.1294,    0.0449,    0.0365,    0.0035,    0.0133,    0.0280,    0.0464,    0.0671,    0.0890,    0.1113,    0.1659,    0.2271,    0.3815,    0.4050,    0.3029,    0.2717,    0.3089,    0.3009,    0.3439,    0.3505,    0.4100,    0.4492,    0.3809,    0.3964,    0.3573,    0.2839,    0.3940,    0.1336,    0.1590,    0.1894,    0.2795,    0.3785,    0.4920,    0.8130,    0.8303,    0.9161,    1.0710,    1.1194,    1.2545,    0.9696,    0.9641,    0.9572,    0.9473,    0.9378,    0.9287,    0.9178,    0.9074,    0.8966,    0.8844,    0.8684,    0.8430,    0.8095,    0.6948,    0.7534,    0.5381,    0.5405,    0.5333,    0.4754,    0.3207,    0.2668,    0.1985,    0.1611,    0.1473,    0.3573,    0.3171,    0.2600,    0.2441,    0.2252,    0.2320,    0.2083,    0.2010,    0.1658,    0.1649,    0.1667,    0.1540,    0.2448,    0.2430,    0.2384,    0.2462,    0.1840,    0.1412,    0.1229,    0.1108,    0.1245,    0.1145,    0.1066,    0.0975,    0.2108,    0.1947,    0.1279,    0.0826,    0.0580,    0.0403,    0.0275,    0.0227,    0.0168,    0.0136,    0.0099,    0.0047,    0.0173,    0.0000,    0.0450,    0.0833,    0.0943,    0.0862,    0.0967,    0.1092,    0.0972,    0.1339,    0.1183,    0.1308,    0.1435,    0.1166,    0.1683,    0.1838,    0.1505,    0.0974,    0.0117,    0.0260,    0.1269,    0.1520,    0.2453,    0.2576,    0.3188,    0.3409,    0.3529,    0.3750,    0.3931,    0.4023,    0.3747,    0.3407,    0.3001,    0.3586,    0.4980,    0.5052,    0.9012,    0.9845,    1.0308,    1.0460,    1.0273,    1.1393,    1.0943,    1.1809,    1.0855,    1.2277,    1.1610,    1.2355,    2.6760,    2.6114,    2.7114,    2.7711,    2.7892,    2.6890,    2.7836,    2.8546,    2.9126,    2.7068,    2.6692,    2.7718,    7.0061,    6.7028,    6.6272,    6.4265,    5.9361,    5.5671,    4.8870,    4.4957,    4.3209,    3.7870,    2.9089,    2.7015,    2.0827,    2.0184,    1.5390,    1.4688,    0.9903,    0.7186,    0.5806,    0.2330,    0.2053,    0.1458,    0.0505,    0.0411
    2,    0.1500,  227.5722,    0.1600,  125.6325,  124.6507,   -0.4944,  -20.9509,  158.4330,  163.5827,  163.6723,  163.8293,  164.1029,  164.5732,  165.3648,  166.6602,  168.4872,  170.9519,  174.2721,  178.5564,  183.8814,  190.3071,  197.9049,  205.8548,  212.8059,  218.1105,  222.1140,  224.8330,  226.3589,  227.0949,  227.3721,  227.5098,  227.5598,    0.0654,    0.2481,    0.5248,    0.8685,    1.2559,    1.6668,    2.0841,    2.4473,    2.7814,    3.0494,    3.2779,    3.7286,    3.4058,    3.5203,    3.6683,    3.8244,    3.9285,    3.9711,    3.9928,    3.9843,    3.9908,    4.0011,    3.9774,    3.8615,    1.3323,    1.3095,    1.2874,    1.2543,    1.2168,    1.1716,    1.0498,    1.0403,    0.9893,    0.8504,    0.8384,    0.6679,    0.4238,    0.3587,    0.2961,    0.2849,    0.2653,    0.2233,    0.2577,    0.2604,    0.2775,    0.3131,    0.3730,    0.4363,    0.5436,    0.5915,    0.4966,    0.6227,    0.6136,    0.6033,    0.6058,    0.6540,    0.6578,    0.6652,    0.6644,    0.6573,    1.7778,    1.7221,    1.6605,    1.5935,    1.5228,    1.4419,    1.3810,    1.3132,    1.2651,    1.1996,    1.1395,    1.0816,    1.5937,    1.4329,    1.3033,    1.1716,    1.1011,    1.0106,    0.9211,    0.8352,    0.7312,    0.6594,    0.5971,    0.5368,    1.3344,    0.9084,    0.6530,    0.4707,    0.3291,    0.2289,    0.1587,    0.1056,    0.0713,    0.0470,    0.0316,    0.0228,    0.0924,    0.0481,    0.0821,    0.0959,    0.1077,    0.1001,    0.1098,    0.1227,    0.1080,    0.1487,    0.1315,    0.1436,    0.1585,    0.1291,    0.1876,    0.2080,    0.1703,    0.1919,    0.2066,    0.2247,    0.2383,    0.1672,    0.2680,    0.2828,    0.3476,    0.3715,    0.3846,    0.4089,    0.4164,    0.4353,    0.4384,    0.4876,    0.5211,    0.5048,    0.5364,    0.5463,    0.9275,    1.0129,    1.0625,    1.0963,    1.1173,    1.2128,    1.1398,    1.2052,    1.1693,    1.2347,    1.1707,    1.2542,    2.7026,    2.6634,    2.7269,    2.7500,    2.7772,    2.6680,    2.7616,    2.8320,    2.8896,    2.6868,    2.6481,    2.7499,    6.9515,    6.5255,    6.4521,    6.2571,    5.7800,    5.4212,    4.7594,    4.3789,    4.2093,    3.6898,    2.8348,    2.6333,    2.0307,    1.8031,    1.3752,    1.3130,    0.8856,    0.6430,    0.5198,    0.2087,    0.1841,    0.1308,    0.0454,    0.0369,    0.0051,    0.0194,    0.0410,    0.0679,    0.0982,    0.1303,    0.1630,    0.2414,    0.3286,    0.5473,    0.5771,    0.4384,    0.3934,    0.4460,    0.4354,    0.4997,    0.5102,    0.5956,    0.6514,    0.5536,    0.5761,    0.5198,    0.4020,    0.5203,    0.1798,    0.2068,    0.2328,    0.3190,    0.4069,    0.5165,    0.8251,    0.8409,    0.9243,    1.0757,    1.1225,    1.2547,    0.9696,    0.9641,    0.9572,    0.9473,    0.9378,    0.9287,    0.9178,    0.9074,    0.8966,    0.8844,    0.8684,    0.8434,    0.8126,    0.7031,    0.7596,    0.5559,    0.5574,    0.5518,    0.4974,    0.3526,    0.3034,    0.2394,    0.2040,    0.1902,    0.4711,    0.4209,    0.3619,    0.3452,    0.3218,    0.3307,    0.2979,    0.2857,    0.2346,    0.2295,    0.2275,    0.2118,    0.3399,    0.3446,    0.3294,    0.3314,    0.2502,    0.2027,    0.1768,    0.1594,    0.1776,    0.1620,    0.1455,    0.1322,    0.2949,    0.2687,    0.1813,    0.1177,    0.0827,    0.0574,    0.0392,    0.0308,    0.0223,    0.0171,    0.0121,    0.0064,    0.0150,    0.0000,    0.0390,    0.0734,    0.0831,    0.0760,    0.0852,    0.0970,    0.0863,    0.1189,    0.1051,    0.1166,    0.1280,    0.1039,    0.1501,    0.1638,    0.1348,    0.0872,    0.0104,    0.0233,    0.1136,    0.1361,    0.2195,    0.2304,    0.2852,    0.3050,    0.3157,    0.3355,    0.3559,    0.3642,    0.3392,    0.3084,    0.2717,    0.3247,    0.4508,    0.4574,    0.8231,    0.8992,    0.9414,    0.9553,    0.9382,    1.0405,    0.9994,    1.0865,    0.9988,    1.1296,    1.0682,    1.1368,    2.4621,    2.4027,    2.4947,    2.5576,    2.5743,    2.4818,    2.5692,    2.6347,    2.6882,    2.4983,    2.4635,    2.5582,    6.4663,    6.1997,    6.1297,    5.9441,    5.4906,    5.1493,    4.5202,    4.1583,    3.9967,    3.5028,    2.6906,    2.4988,    1.9264,    1.9172,    1.4618,    1.3952,    0.9406,    0.6826,    0.5515,    0.2213,    0.1951,    0.1385,    0.0480,    0.0390
    2,    0.2000,  227.5722,    0.1455,  121.6350,  126.7918,    5.6444,  -22.8591,  158.4330,  163.5827,  163.6723,  163.8293,  164.1029,  164.5732,  165.3648,  166.6602,  168.4872,  170.9519,  174.2721,  178.5564,  183.8814,  190.3071,  197.9049,  205.8548,  212.8059,  218.1105,  222.1140,  224.8330,  226.3589,  227.0949,  227.3721,  227.5098,  227.5598,    0.0639,    0.2422,    0.5124,    0.8480,    1.2262,    1.6274,    2.0349,    2.3762,    2.6868,    2.9283,    3.1222,    3.6023,    3.2921,    3.3931,    3.5430,    3.7144,    3.8253,    3.8671,    3.8885,    3.8757,    3.8899,    3.9133,    3.8999,    3.7798,    1.3027,    1.2784,    1.2563,    1.2250,    1.1900,    1.1472,    1.0330,    1.0247,    0.9757,    0.8408,    0.8297,    0.6638,    0.4223,    0.3578,    0.2957,    0.2845,    0.2650,    0.2232,    0.2574,    0.2601,    0.2769,    0.3120,    0.3706,    0.4313,    0.5343,    0.5789,    0.4867,    0.6050,    0.5963,    0.5847,    0.5862,    0.6299,    0.6317,    0.6377,    0.6364,    0.6294,    1.7040,    1.6542,    1.5939,    1.5296,    1.4611,    1.3803,    1.3234,    1.2581,    1.2164,    1.1531,    1.0963,    1.0403,    1.5284,    1.3646,    1.2406,    1.1119,    1.0528,    0.9654,    0.8806,    0.7980,    0.6915,    0.6232,    0.5665,    0.5091,    1.2652,    0.8465,    0.6067,    0.4386,    0.3057,    0.2120,    0.1467,    0.0970,    0.0653,    0.0431,    0.0290,    0.0209,    0.0927,    0.0481,    0.0833,    0.0981,    0.1101,    0.1023,    0.1123,    0.1255,    0.1105,    0.1521,    0.1345,    0.1469,    0.1620,    0.1320,    0.1918,    0.2125,    0.1739,    0.1938,    0.2066,    0.2249,    0.2411,    0.1709,    0.2741,    0.2891,    0.3555,    0.3800,    0.3933,    0.4182,    0.4256,    0.4447,    0.4468,    0.4946,    0.5269,    0.5123,    0.5480,    0.5580,    0.9473,    1.0345,    1.0851,    1.1191,    1.1393,    1.2375,    1.1638,    1.2291,    1.1908,    1.2597,    1.1943,    1.2793,    2.7570,    2.7163,    2.7821,    2.8019,    2.8293,    2.7184,    2.8137,    2.8855,    2.9441,    2.7375,    2.6981,    2.8019,    7.0828,    6.6277,    6.5533,    6.3553,    5.8709,    5.5065,    4.8345,    4.4481,    4.2760,    3.7484,    2.8800,    2.6755,    2.0633,    1.8190,    1.3875,    1.3249,    0.8938,    0.6490,    0.5247,    0.2108,    0.1859,    0.1321,    0.0459,    0.0373,    0.0067,    0.0253,    0.0534,    0.0884,    0.1279,    0.1697,    0.2122,    0.3126,    0.4232,    0.6992,    0.7329,    0.5647,    0.5071,    0.5732,    0.5607,    0.6462,    0.6609,    0.7698,    0.8406,    0.7159,    0.7452,    0.6738,    0.5153,    0.6408,    0.2238,    0.2520,    0.2740,    0.3564,    0.4341,    0.5400,    0.8366,    0.8510,    0.9323,    1.0802,    1.1256,    1.2549,    0.9696,    0.9641,    0.9572,    0.9473,    0.9378,    0.9287,    0.9178,    0.9074,    0.8966,    0.8844,    0.8684,    0.8437,    0.8156,    0.7108,    0.7652,    0.5724,    0.5730,    0.5687,    0.5175,    0.3816,    0.3367,    0.2765,    0.2428,    0.2292,    0.5747,    0.5159,    0.4552,    0.4376,    0.4102,    0.4204,    0.3797,    0.3631,    0.2981,    0.2893,    0.2837,    0.2652,    0.4273,    0.4366,    0.4119,    0.4081,    0.3108,    0.2591,    0.2263,    0.2041,    0.2255,    0.2049,    0.1810,    0.1639,    0.3718,    0.3347,    0.2288,    0.1493,    0.1049,    0.0728,    0.0498,    0.0381,    0.0271,    0.0202,    0.0141,    0.0078,    0.0130,    0.0000,    0.0338,    0.0647,    0.0732,    0.0670,    0.0751,    0.0861,    0.0766,    0.1056,    0.0933,    0.1039,    0.1141,    0.0926,    0.1338,    0.1461,    0.1207,    0.0781,    0.0093,    0.0209,    0.1017,    0.1219,    0.1963,    0.2061,    0.2551,    0.2728,    0.2825,    0.3001,    0.3222,    0.3297,    0.3071,    0.2792,    0.2460,    0.2939,    0.4081,    0.4141,    0.7517,    0.8212,    0.8598,    0.8725,    0.8569,    0.9503,    0.9128,    0.9996,    0.9189,    1.0393,    0.9828,    1.0459,    2.2653,    2.2107,    2.2953,    2.3606,    2.3760,    2.2906,    2.3713,    2.4318,    2.4811,    2.3058,    2.2738,    2.3612,    5.9682,    5.7348,    5.6701,    5.4984,    5.0788,    4.7632,    4.1813,    3.8465,    3.6970,    3.2402,    2.4889,    2.3115,    1.7820,    1.8212,    1.3886,    1.3254,    0.8936,    0.6485,    0.5239,    0.2103,    0.1853,    0.1316,    0.0456,    0.0371
    2,    0.3000,  227.5722,    0.1225,  114.5209,  130.2084,   16.1754,  -26.1288,  158.4330,  163.5827,  163.6723,  163.8293,  164.1029,  164.5732,  165.3648,  166.6602,  168.4872,  170.9519,  174.2721,  178.5564,  183.8814,  190.3071,  197.9049,  205.8548,  212.8059,  218.1105,  222.1140,  224.8330,  226.3589,  227.0949,  227.3721,  227.5098,  227.5598,    0.0610,    0.2313,    0.4893,    0.8098,    1.1710,    1.5541,    1.9432,    2.2457,    2.5157,    2.7196,    2.8512,    3.3738,    3.0863,    3.1645,    3.3165,    3.5176,    3.6401,    3.6823,    3.7038,    3.6815,    3.7093,    3.7539,    3.7564,    3.6296,    1.2485,    1.2218,    1.1996,    1.1713,    1.1403,    1.1017,    1.0013,    0.9953,    0.9498,    0.8224,    0.8132,    0.6560,    0.4192,    0.3561,    0.2949,    0.2839,    0.2645,    0.2230,    0.2568,    0.2594,    0.2757,    0.3098,    0.3661,    0.4219,    0.5170,    0.5558,    0.4687,    0.5735,    0.5655,    0.5518,    0.5516,    0.5880,    0.5867,    0.5905,    0.5883,    0.5813,    1.5765,    1.5359,    1.4780,    1.4181,    1.3534,    1.2731,    1.2228,    1.1616,    1.1302,    1.0711,    1.0196,    0.9670,    1.4130,    1.2455,    1.1311,    1.0085,    0.9674,    0.8856,    0.8086,    0.7321,    0.6224,    0.5602,    0.5128,    0.4603,    1.1435,    0.7412,    0.5279,    0.3836,    0.2656,    0.1832,    0.1263,    0.0825,    0.0553,    0.0364,    0.0246,    0.0176,    0.0932,    0.0481,    0.0849,    0.1011,    0.1136,    0.1054,    0.1158,    0.1295,    0.1141,    0.1570,    0.1389,    0.1517,    0.1673,    0.1362,    0.1978,    0.2191,    0.1792,    0.1965,    0.2065,    0.2251,    0.2453,    0.1764,    0.2830,    0.2985,    0.3672,    0.3925,    0.4063,    0.4319,    0.4396,    0.4590,    0.4597,    0.5053,    0.5356,    0.5237,    0.5657,    0.5760,    0.9781,    1.0682,    1.1203,    1.1546,    1.1737,    1.2759,    1.2010,    1.2670,    1.2249,    1.2993,    1.2318,    1.3191,    2.8434,    2.8003,    2.8697,    2.8850,    2.9128,    2.7990,    2.8972,    2.9711,    3.0315,    2.8187,    2.7782,    2.8851,    7.2932,    6.7924,    6.7163,    6.5135,    6.0173,    5.6441,    4.9555,    4.5597,    4.3836,    3.8430,    2.9530,    2.7435,    2.1161,    1.8467,    1.4089,    1.3456,    0.9080,    0.6595,    0.5334,    0.2143,    0.1892,    0.1345,    0.0467,    0.0380,    0.0095,    0.0362,    0.0765,    0.1267,    0.1831,    0.2431,    0.3039,    0.4431,    0.5944,    0.9681,    1.0040,    0.7933,    0.7130,    0.8019,    0.7873,    0.9140,    0.9376,    1.0875,    1.1836,    1.0130,    1.0547,    0.9585,    0.7281,    0.8657,    0.3057,    0.3359,    0.3503,    0.4258,    0.4846,    0.5837,    0.8583,    0.8703,    0.9473,    1.0888,    1.1314,    1.2553,    0.9697,    0.9641,    0.9572,    0.9473,    0.9378,    0.9287,    0.9178,    0.9074,    0.8966,    0.8844,    0.8685,    0.8444,    0.8210,    0.7249,    0.7754,    0.6017,    0.6008,    0.5986,    0.5529,    0.4327,    0.3947,    0.3411,    0.3104,    0.2971,    0.7558,    0.6834,    0.6197,    0.6001,    0.5658,    0.5768,    0.5232,    0.4989,    0.4113,    0.3959,    0.3843,    0.3606,    0.5820,    0.5961,    0.5548,    0.5402,    0.4179,    0.3588,    0.3142,    0.2834,    0.3083,    0.2790,    0.2430,    0.2194,    0.5067,    0.4465,    0.3096,    0.2036,    0.1432,    0.0994,    0.0680,    0.0506,    0.0355,    0.0256,    0.0176,    0.0104,    0.0098,    0.0000,    0.0254,    0.0503,    0.0569,    0.0520,    0.0584,    0.0679,    0.0604,    0.0832,    0.0736,    0.0826,    0.0907,    0.0737,    0.1064,    0.1161,    0.0967,    0.0626,    0.0075,    0.0168,    0.0815,    0.0977,    0.1571,    0.1650,    0.2042,    0.2184,    0.2261,    0.2402,    0.2641,    0.2703,    0.2517,    0.2289,    0.2017,    0.2409,    0.3345,    0.3394,    0.6271,    0.6851,    0.7173,    0.7278,    0.7148,    0.7928,    0.7614,    0.8463,    0.7780,    0.8799,    0.8320,    0.8855,    1.9179,    1.8716,    1.9432,    2.0111,    2.0243,    1.9515,    2.0202,    2.0718,    2.1138,    1.9645,    1.9372,    2.0116,    5.0847,    4.9084,    4.8530,    4.7060,    4.3470,    4.0768,    3.5788,    3.2923,    3.1643,    2.7734,    2.1303,    1.9785,    1.5253,    1.6439,    1.2535,    1.1965,    0.8067,    0.5855,    0.4730,    0.1899,    0.1673,    0.1188,    0.0412,    0.0335
    2,    0.4000,  227.5722,    0.1055,  108.3843,  132.7302,   24.8341,  -28.7269,  158.4330,  163.5827,  163.6723,  163.8293,  164.1029,  164.5732,  165.3648,  166.6602,  168.4872,  170.9519,  174.2721,  178.5564,  183.8814,  190.3071,  197.9049,  205.8548,  212.8059,  218.1105,  222.1140,  224.8330,  226.3589,  227.0949,  227.3721,  227.5098,  227.5598,    0.0584,    0.2213,    0.4682,    0.7749,    1.1205,    1.4871,    1.8594,    2.1287,    2.3651,    2.5470,    2.6235,    3.1725,    2.9046,    2.9648,    3.1172,    3.3470,    3.4791,    3.5237,    3.5460,    3.5136,    3.5527,    3.6131,    3.6266,    3.4950,    1.2002,    1.1717,    1.1492,    1.1234,    1.0952,    1.0604,    0.9718,    0.9678,    0.9255,    0.8050,    0.7974,    0.6483,    0.4161,    0.3545,    0.2941,    0.2832,    0.2640,    0.2227,    0.2562,    0.2587,    0.2745,    0.3076,    0.3617,    0.4131,    0.5012,    0.5352,    0.4527,    0.5462,    0.5387,    0.5236,    0.5221,    0.5526,    0.5492,    0.5513,    0.5484,    0.5416,    1.4704,    1.4364,    1.3805,    1.3239,    1.2625,    1.1831,    1.1379,    1.0802,    1.0566,    1.0009,    0.9537,    0.9039,    1.3141,    1.1455,    1.0392,    0.9221,    0.8942,    0.8173,    0.7469,    0.6756,    0.5646,    0.5076,    0.4673,    0.4189,    1.0403,    0.6555,    0.4641,    0.3385,    0.2328,    0.1596,    0.1096,    0.0708,    0.0473,    0.0310,    0.0210,    0.0149,    0.0934,    0.0481,    0.0858,    0.1030,    0.1157,    0.1073,    0.1180,    0.1321,    0.1164,    0.1602,    0.1416,    0.1548,    0.1707,    0.1390,    0.2018,    0.2234,    0.1828,    0.1982,    0.2064,    0.2251,    0.2480,    0.1800,    0.2889,    0.3047,    0.3749,    0.4007,    0.4148,    0.4410,    0.4493,    0.4688,    0.4686,    0.5126,    0.5416,    0.5314,    0.5779,    0.5883,    1.0000,    1.0922,    1.1454,    1.1798,    1.1981,    1.3032,    1.2275,    1.2948,    1.2498,    1.3284,    1.2593,    1.3482,    2.9066,    2.8618,    2.9339,    2.9465,    2.9746,    2.8587,    2.9591,    3.0346,    3.0962,    2.8788,    2.8376,    2.9467,    7.4490,    6.9155,    6.8381,    6.6318,    6.1267,    5.7470,    5.0460,    4.6432,    4.4641,    3.9139,    3.0076,    2.7946,    2.1558,    1.8698,    1.4267,    1.3629,    0.9198,    0.6683,    0.5407,    0.2173,    0.1919,    0.1365,    0.0474,    0.0386,    0.0122,    0.0462,    0.0976,    0.1616,    0.2337,    0.3101,    0.3877,    0.5600,    0.7451,    1.1989,    1.2318,    0.9947,    0.8948,    1.0017,    0.9867,    1.1529,    1.1858,    1.3695,    1.4855,    1.2779,    1.3306,    1.2153,    0.9244,    1.0714,    0.3803,    0.4117,    0.4194,    0.4887,    0.5308,    0.6236,    0.8783,    0.8881,    0.9613,    1.0967,    1.1368,    1.2557,    0.9697,    0.9641,    0.9572,    0.9473,    0.9378,    0.9287,    0.9178,    0.9074,    0.8966,    0.8844,    0.8686,    0.8451,    0.8259,    0.7373,    0.7843,    0.6270,    0.6248,    0.6239,    0.5828,    0.4757,    0.4432,    0.3952,    0.3669,    0.3538,    0.9080,    0.8258,    0.7594,    0.7378,    0.6975,    0.7076,    0.6443,    0.6135,    0.5091,    0.4879,    0.4713,    0.4432,    0.7139,    0.7285,    0.6736,    0.6488,    0.5090,    0.4436,    0.3893,    0.3512,    0.3767,    0.3404,    0.2951,    0.2660,    0.6206,    0.5369,    0.3750,    0.2484,    0.1747,    0.1214,    0.0831,    0.0609,    0.0424,    0.0301,    0.0205,    0.0125,    0.0074,    0.0000,    0.0191,    0.0391,    0.0443,    0.0405,    0.0454,    0.0536,    0.0477,    0.0657,    0.0580,    0.0657,    0.0721,    0.0586,    0.0846,    0.0924,    0.0776,    0.0502,    0.0060,    0.0135,    0.0654,    0.0783,    0.1258,    0.1321,    0.1635,    0.1748,    0.1810,    0.1923,    0.2165,    0.2216,    0.2064,    0.1877,    0.1654,    0.1976,    0.2743,    0.2783,    0.5232,    0.5716,    0.5984,    0.6073,    0.5964,    0.6615,    0.6353,    0.7166,    0.6588,    0.7450,    0.7045,    0.7498,    1.6239,    1.5848,    1.6454,    1.7137,    1.7249,    1.6630,    1.7215,    1.7654,    1.8013,    1.6740,    1.6507,    1.7142,    4.3329,    4.2028,    4.1554,    4.0296,    3.7222,    3.4908,    3.0644,    2.8191,    2.7096,    2.3748,    1.8242,    1.6943,    1.3062,    1.4845,    1.1320,    1.0805,    0.7286,    0.5288,    0.4273,    0.1715,    0.1512,    0.1073,    0.0372,    0.0303
    2,    0.5000,  227.5722,    0.0930,  103.0402,  134.5947,   32.0431,  -30.7320,  158.4330,  163.5827,  163.6723,  163.8293,  164.1029,  164.5732,  165.3648,  166.6602,  168.4872,  170.9519,  174.2721,  178.5564,  183.8814,  190.3071,  197.9049,  205.8548,  212.8059,  218.1105,  222.1140,  224.8330,  226.3589,  227.0949,  227.3721,  227.5098,  227.5598,    0.0560,    0.2122,    0.4488,    0.7429,    1.0741,    1.4256,    1.7825,    2.0234,    2.2315,    2.4026,    2.4296,    2.9939,    2.7432,    2.7888,    2.9405,    3.1982,    3.3384,    3.3865,    3.4099,    3.3675,    3.4159,    3.4880,    3.5088,    3.3738,    1.1570,    1.1271,    1.1042,    1.0806,    1.0542,    1.0226,    0.9443,    0.9420,    0.9026,    0.7886,    0.7825,    0.6409,    0.4132,    0.3528,    0.2934,    0.2826,    0.2635,    0.2225,    0.2557,    0.2581,    0.2734,    0.3055,    0.3574,    0.4049,    0.4868,    0.5166,    0.4383,    0.5223,    0.5151,    0.4991,    0.4967,    0.5225,    0.5176,    0.5184,    0.5150,    0.5083,    1.3809,    1.3516,    1.2975,    1.2435,    1.1848,    1.1066,    1.0654,    1.0107,    0.9931,    0.9403,    0.8965,    0.8491,    1.2286,    1.0606,    0.9610,    0.8491,    0.8311,    0.7583,    0.6936,    0.6266,    0.5159,    0.4632,    0.4284,    0.3837,    0.9519,    0.5852,    0.4118,    0.3010,    0.2057,    0.1403,    0.0960,    0.0614,    0.0408,    0.0267,    0.0181,    0.0128,    0.0935,    0.0480,    0.0864,    0.1042,    0.1171,    0.1086,    0.1194,    0.1337,    0.1178,    0.1622,    0.1434,    0.1568,    0.1729,    0.1407,    0.2044,    0.2262,    0.1851,    0.1994,    0.2062,    0.2251,    0.2498,    0.1823,    0.2928,    0.3088,    0.3799,    0.4061,    0.4204,    0.4469,    0.4560,    0.4756,    0.4747,    0.5176,    0.5457,    0.5368,    0.5863,    0.5968,    1.0157,    1.1093,    1.1632,    1.1978,    1.2155,    1.3227,    1.2464,    1.3152,    1.2680,    1.3497,    1.2793,    1.3696,    2.9529,    2.9068,    2.9809,    2.9921,    3.0204,    2.9030,    3.0049,    3.0815,    3.1442,    2.9233,    2.8815,    2.9924,    7.5645,    7.0075,    6.9292,    6.7203,    6.2086,    5.8239,    5.1137,    4.7057,    4.5244,    3.9670,    3.0487,    2.8329,    2.1856,    1.8889,    1.4415,    1.3773,    0.9297,    0.6756,    0.5467,    0.2198,    0.1941,    0.1382,    0.0480,    0.0392,    0.0146,    0.0553,    0.1170,    0.1936,    0.2800,    0.3716,    0.4646,    0.6654,    0.8788,    1.3993,    1.4258,    1.1733,    1.0563,    1.1777,    1.1635,    1.3675,    1.4095,    1.6208,    1.7524,    1.5153,    1.5774,    1.4475,    1.1060,    1.2601,    0.4484,    0.4805,    0.4824,    0.5460,    0.5731,    0.6603,    0.8968,    0.9048,    0.9744,    1.1042,    1.1419,    1.2560,    0.9697,    0.9641,    0.9572,    0.9473,    0.9378,    0.9287,    0.9178,    0.9074,    0.8966,    0.8844,    0.8686,    0.8457,    0.8302,    0.7483,    0.7920,    0.6488,    0.6456,    0.6456,    0.6083,    0.5124,    0.4841,    0.4407,    0.4146,    0.4016,    1.0371,    0.9476,    0.8790,    0.8550,    0.8097,    0.8177,    0.7472,    0.7108,    0.5941,    0.5679,    0.5469,    0.5151,    0.8270,    0.8391,    0.7729,    0.7389,    0.5869,    0.5162,    0.4539,    0.4096,    0.4337,    0.3915,    0.3392,    0.3054,    0.7175,    0.6107,    0.4285,    0.2857,    0.2009,    0.1397,    0.0958,    0.0695,    0.0482,    0.0338,    0.0229,    0.0143,    0.0055,    0.0000,    0.0144,    0.0304,    0.0344,    0.0315,    0.0353,    0.0423,    0.0376,    0.0518,    0.0458,    0.0523,    0.0574,    0.0466,    0.0673,    0.0735,    0.0622,    0.0403,    0.0048,    0.0108,    0.0525,    0.0628,    0.1008,    0.1058,    0.1309,    0.1400,    0.1450,    0.1540,    0.1775,    0.1817,    0.1693,    0.1539,    0.1356,    0.1620,    0.2249,    0.2282,    0.4366,    0.4770,    0.4994,    0.5068,    0.4977,    0.5520,    0.5302,    0.6069,    0.5579,    0.6310,    0.5967,    0.6350,    1.3753,    1.3421,    1.3935,    1.4607,    1.4702,    1.4174,    1.4673,    1.5047,    1.5353,    1.4268,    1.4070,    1.4611,    3.6931,    3.6005,    3.5599,    3.4521,    3.1888,    2.9906,    2.6253,    2.4152,    2.3214,    2.0346,    1.5629,    1.4516,    1.1191,    1.3411,    1.0227,    0.9762,    0.6583,    0.4778,    0.3861,    0.1550,    0.1366,    0.0970,    0.0336,    0.0274
    2,    0.7500,  227.5722,    0.0740,   92.2913,  137.4098,   45.6080,  -33.6655,  158.4330,  163.5827,  163.6723,  163.8293,  164.1029,  164.5732,  165.3648,  166.6602,  168.4872,  170.9519,  174.2721,  178.5564,  183.8814,  190.3071,  197.9049,  205.8548,  212.8059,  218.1105,  222.1140,  224.8330,  226.3589,  227.0949,  227.3721,  227.5098,  227.5598,    0.0507,    0.1923,    0.4068,    0.6733,    0.9735,    1.2921,    1.6156,    1.8007,    1.9553,    2.1309,    2.0506,    2.6246,    2.4085,    2.4284,    2.5756,    2.9003,    3.0554,    3.1144,    3.1404,    3.0749,    3.1403,    3.2294,    3.2578,    3.1188,    1.0665,    1.0347,    1.0107,    0.9913,    0.9663,    0.9413,    0.8829,    0.8840,    0.8510,    0.7511,    0.7481,    0.6234,    0.4060,    0.3488,    0.2914,    0.2810,    0.2622,    0.2219,    0.2543,    0.2564,    0.2706,    0.3004,    0.3475,    0.3864,    0.4556,    0.4774,    0.4081,    0.4737,    0.4673,    0.4500,    0.4462,    0.4637,    0.4563,    0.4551,    0.4509,    0.4445,    1.2084,    1.1861,    1.1355,    1.0860,    1.0327,    0.9577,    0.9236,    0.8745,    0.8669,    0.8198,    0.7819,    0.7394,    1.0588,    0.8963,    0.8099,    0.7094,    0.7061,    0.6417,    0.5876,    0.5295,    0.4228,    0.3785,    0.3530,    0.3152,    0.7799,    0.4565,    0.3168,    0.2318,    0.1561,    0.1051,    0.0712,    0.0446,    0.0293,    0.0191,    0.0129,    0.0090,    0.0935,    0.0480,    0.0869,    0.1055,    0.1186,    0.1100,    0.1210,    0.1357,    0.1196,    0.1646,    0.1456,    0.1592,    0.1756,    0.1429,    0.2075,    0.2296,    0.1880,    0.2007,    0.2059,    0.2250,    0.2519,    0.1853,    0.2977,    0.3139,    0.3863,    0.4129,    0.4274,    0.4544,    0.4650,    0.4847,    0.4828,    0.5242,    0.5510,    0.5438,    0.5976,    0.6082,    1.0378,    1.1334,    1.1885,    1.2232,    1.2400,    1.3503,    1.2731,    1.3453,    1.2950,    1.3811,    1.3091,    1.4011,    3.0214,    2.9733,    3.0504,    3.0608,    3.0894,    2.9697,    3.0739,    3.1524,    3.2165,    2.9905,    2.9478,    3.0612,    7.7387,    7.1484,    7.0687,    6.8559,    6.3341,    5.9420,    5.2178,    4.8018,    4.6172,    4.0488,    3.1119,    2.8921,    2.2316,    1.9240,    1.4687,    1.4037,    0.9479,    0.6892,    0.5580,    0.2245,    0.1984,    0.1413,    0.0491,    0.0401,    0.0198,    0.0752,    0.1591,    0.2632,    0.3806,    0.5052,    0.6317,    0.8882,    1.1550,    1.8013,    1.8050,    1.5428,    1.3911,    1.5383,    1.5286,    1.8184,    1.8814,    2.1408,    2.2961,    2.0115,    2.0906,    1.9385,    1.5046,    1.6689,    0.5948,    0.6273,    0.6171,    0.6687,    0.6651,    0.7401,    0.9377,    0.9417,    1.0035,    1.1208,    1.1533,    1.2569,    0.9698,    0.9642,    0.9572,    0.9473,    0.9378,    0.9287,    0.9178,    0.9074,    0.8966,    0.8845,    0.8688,    0.8469,    0.8393,    0.7708,    0.8073,    0.6922,    0.6868,    0.6875,    0.6576,    0.5828,    0.5620,    0.5272,    0.5049,    0.4923,    1.2839,    1.1839,    1.1111,    1.0807,    1.0259,    1.0255,    0.9440,    0.8973,    0.7633,    0.7272,    0.6976,    0.6582,    1.0471,    1.0456,    0.9587,    0.9052,    0.7379,    0.6570,    0.5804,    0.5240,    0.5396,    0.4867,    0.4231,    0.3807,    0.9039,    0.7444,    0.5256,    0.3549,    0.2497,    0.1738,    0.1194,    0.0853,    0.0589,    0.0408,    0.0275,    0.0177,    0.0027,    0.0000,    0.0071,    0.0163,    0.0184,    0.0168,    0.0189,    0.0234,    0.0209,    0.0287,    0.0254,    0.0296,    0.0325,    0.0264,    0.0381,    0.0416,    0.0359,    0.0233,    0.0028,    0.0063,    0.0303,    0.0363,    0.0579,    0.0608,    0.0753,    0.0805,    0.0833,    0.0885,    0.1082,    0.1108,    0.1032,    0.0939,    0.0827,    0.0988,    0.1371,    0.1391,    0.2781,    0.3038,    0.3181,    0.3228,    0.3170,    0.3516,    0.3376,    0.4010,    0.3687,    0.4169,    0.3943,    0.4196,    0.9088,    0.8869,    0.9208,    0.9810,    0.9874,    0.9519,    0.9854,    1.0106,    1.0311,    0.9583,    0.9449,    0.9812,    2.4803,    2.4517,    2.4241,    2.3507,    2.1714,    2.0365,    1.7878,    1.6447,    1.5809,    1.3856,    1.0644,    0.9886,    0.7622,    1.0423,    0.7949,    0.7588,    0.5117,    0.3715,    0.3002,    0.1205,    0.1063,    0.0755,    0.0262,    0.0213
    2,    1.0000,  227.5722,    0.0649,   84.1866,  138.7553,   55.0591,  -34.4806,  158.4330,  163.5827,  163.6723,  163.8293,  164.1029,  164.5732,  165.3648,  166.6602,  168.4872,  170.9519,  174.2721,  178.5564,  183.8814,  190.3071,  197.9049,  205.8548,  212.8059,  218.1105,  222.1140,  224.8330,  226.3589,  227.0949,  227.3721,  227.5098,  227.5598,    0.0464,    0.1759,    0.3720,    0.6156,    0.8902,    1.1814,    1.4772,    1.6221,    1.7401,    1.9448,    1.7740,    2.3365,    2.1467,    2.1506,    2.2913,    2.6791,    2.8441,    2.9134,    2.9409,    2.8571,    2.9325,    3.0283,    3.0555,    2.9163,    0.9952,    0.9627,    0.9376,    0.9211,    0.8948,    0.8747,    0.8302,    0.8338,    0.8059,    0.7181,    0.7174,    0.6071,    0.3992,    0.3449,    0.2896,    0.2794,    0.2610,    0.2214,    0.2529,    0.2548,    0.2679,    0.2957,    0.3385,    0.3704,    0.4298,    0.4459,    0.3841,    0.4366,    0.4307,    0.4130,    0.4085,    0.4206,    0.4121,    0.4097,    0.4051,    0.3989,    1.0844,    1.0655,    1.0175,    0.9709,    0.9215,    0.8500,    0.8202,    0.7753,    0.7732,    0.7303,    0.6962,    0.6574,    0.9332,    0.7790,    0.7020,    0.6111,    0.6143,    0.5563,    0.5095,    0.4579,    0.3578,    0.3193,    0.2992,    0.2665,    0.6569,    0.3717,    0.2548,    0.1858,    0.1236,    0.0823,    0.0552,    0.0340,    0.0222,    0.0143,    0.0097,    0.0066,    0.0935,    0.0480,    0.0870,    0.1060,    0.1191,    0.1104,    0.1215,    0.1363,    0.1202,    0.1654,    0.1463,    0.1601,    0.1765,    0.1437,    0.2086,    0.2308,    0.1890,    0.2011,    0.2056,    0.2247,    0.2526,    0.1864,    0.2994,    0.3157,    0.3885,    0.4153,    0.4299,    0.4570,    0.4685,    0.4883,    0.4860,    0.5267,    0.5530,    0.5465,    0.6020,    0.6127,    1.0473,    1.1438,    1.1993,    1.2341,    1.2505,    1.3620,    1.2845,    1.3591,    1.3073,    1.3956,    1.3227,    1.4156,    3.0528,    3.0038,    3.0823,    3.0933,    3.1221,    3.0012,    3.1066,    3.1859,    3.2507,    3.0223,    2.9792,    3.0938,    7.8212,    7.2167,    7.1364,    6.9217,    6.3952,    5.9995,    5.2685,    4.8488,    4.6627,    4.0890,    3.1431,    2.9213,    2.2545,    1.9462,    1.4860,    1.4207,    0.9596,    0.6979,    0.5653,    0.2275,    0.2012,    0.1433,    0.0499,    0.0408,    0.0242,    0.0917,    0.1939,    0.3209,    0.4641,    0.6159,    0.7701,    1.0668,    1.3704,    2.1036,    2.0819,    1.8312,    1.6531,    1.8163,    1.8131,    2.1763,    2.2567,    2.5413,    2.7049,    2.4005,    2.4883,    2.3271,    1.8382,    2.0046,    0.7139,    0.7452,    0.7264,    0.7683,    0.7413,    0.8063,    0.9722,    0.9732,    1.0285,    1.1351,    1.1631,    1.2577,    0.9699,    0.9642,    0.9572,    0.9473,    0.9378,    0.9287,    0.9178,    0.9074,    0.8966,    0.8845,    0.8689,    0.8480,    0.8464,    0.7881,    0.8186,    0.7236,    0.7168,    0.7172,    0.6922,    0.6321,    0.6154,    0.5865,    0.5669,    0.5546,    1.4551,    1.3510,    1.2752,    1.2382,    1.1769,    1.1667,    1.0805,    1.0268,    0.8874,    0.8441,    0.8082,    0.7633,    1.2029,    1.1842,    1.0837,    1.0152,    0.8445,    0.7565,    0.6710,    0.6060,    0.6105,    0.5506,    0.4811,    0.4329,    1.0347,    0.8312,    0.5889,    0.4015,    0.2825,    0.1968,    0.1354,    0.0960,    0.0661,    0.0455,    0.0307,    0.0200,    0.0014,    0.0000,    0.0035,    0.0087,    0.0099,    0.0090,    0.0101,    0.0130,    0.0116,    0.0160,    0.0141,    0.0168,    0.0184,    0.0150,    0.0216,    0.0236,    0.0208,    0.0135,    0.0016,    0.0036,    0.0176,    0.0210,    0.0334,    0.0351,    0.0434,    0.0464,    0.0480,    0.0510,    0.0661,    0.0677,    0.0631,    0.0574,    0.0506,    0.0604,    0.0838,    0.0850,    0.1774,    0.1938,    0.2029,    0.2059,    0.2023,    0.2243,    0.2154,    0.2655,    0.2441,    0.2760,    0.2610,    0.2778,    0.6016,    0.5871,    0.6096,    0.6603,    0.6646,    0.6407,    0.6633,    0.6802,    0.6940,    0.6450,    0.6360,    0.6604,    1.6694,    1.6756,    1.6567,    1.6066,    1.4841,    1.3919,    1.2219,    1.1242,    1.0806,    0.9471,    0.7276,    0.6758,    0.5211,    0.8121,    0.6194,    0.5914,    0.3988,    0.2896,    0.2340,    0.0940,    0.0829,    0.0589,    0.0204,    0.0166
    2,    1.2500,  227.5722,    0.0605,   77.8606,  139.4080,   62.0387,  -33.9944,  158.4330,  163.5827,  163.6723,  163.8293,  164.1029,  164.5732,  165.3648,  166.6602,  168.4872,  170.9519,  174.2721,  178.5564,  183.8814,  190.3071,  197.9049,  205.8548,  212.8059,  218.1105,  222.1140,  224.8330,  226.3589,  227.0949,  227.3721,  227.5098,  227.5598,    0.0427,    0.1620,    0.3426,    0.5671,    0.8199,    1.0882,    1.3607,    1.4758,    1.5675,    1.8127,    1.5632,    2.1054,    1.9362,    1.9298,    2.0636,    2.5105,    2.6817,    2.7594,    2.7871,    2.6896,    2.7703,    2.8673,    2.8897,    2.7523,    0.9377,    0.9052,    0.8792,    0.8646,    0.8358,    0.8194,    0.7844,    0.7899,    0.7662,    0.6887,    0.6897,    0.5920,    0.3927,    0.3412,    0.2878,    0.2779,    0.2598,    0.2208,    0.2515,    0.2533,    0.2653,    0.2912,    0.3302,    0.3564,    0.4081,    0.4202,    0.3644,    0.4073,    0.4017,    0.3841,    0.3792,    0.3876,    0.3785,    0.3754,    0.3706,    0.3646,    0.9907,    0.9735,    0.9277,    0.8832,    0.8368,    0.7688,    0.7417,    0.7000,    0.7009,    0.6612,    0.6298,    0.5938,    0.8372,    0.6920,    0.6221,    0.5390,    0.5447,    0.4916,    0.4501,    0.4035,    0.3107,    0.2765,    0.2596,    0.2306,    0.5662,    0.3132,    0.2124,    0.1541,    0.1014,    0.0668,    0.0445,    0.0271,    0.0175,    0.0112,    0.0075,    0.0051,    0.0934,    0.0479,    0.0870,    0.1061,    0.1192,    0.1105,    0.1216,    0.1365,    0.1204,    0.1657,    0.1465,    0.1604,    0.1768,    0.1440,    0.2090,    0.2312,    0.1894,    0.2012,    0.2053,    0.2245,    0.2527,    0.1868,    0.3001,    0.3163,    0.3893,    0.4162,    0.4308,    0.4580,    0.4699,    0.4897,    0.4873,    0.5276,    0.5536,    0.5475,    0.6038,    0.6145,    1.0514,    1.1482,    1.2040,    1.2388,    1.2550,    1.3671,    1.2895,    1.3654,    1.3129,    1.4022,    1.3290,    1.4223,    3.0673,    3.0179,    3.0970,    3.1087,    3.1376,    3.0162,    3.1221,    3.2018,    3.2669,    3.0374,    2.9941,    3.1093,    7.8603,    7.2500,    7.1695,    6.9539,    6.4251,    6.0277,    5.2935,    4.8719,    4.6852,    4.1089,    3.1586,    2.9360,    2.2660,    1.9604,    1.4971,    1.4315,    0.9672,    0.7036,    0.5701,    0.2295,    0.2030,    0.1447,    0.0504,    0.0412,    0.0278,    0.1056,    0.2233,    0.3695,    0.5343,    0.7091,    0.8867,    1.2132,    1.5431,    2.3382,    2.2929,    2.0625,    1.8637,    2.0372,    2.0410,    2.4660,    2.5597,    2.8538,    3.0162,    2.7100,    2.8001,    2.6376,    2.1201,    2.2832,    0.8118,    0.8412,    0.8162,    0.8501,    0.8055,    0.8622,    1.0017,    1.0004,    1.0501,    1.1475,    1.1717,    1.2584,    0.9699,    0.9642,    0.9572,    0.9473,    0.9378,    0.9287,    0.9178,    0.9074,    0.8966,    0.8845,    0.8691,    0.8489,    0.8521,    0.8015,    0.8271,    0.7470,    0.7391,    0.7387,    0.7171,    0.6674,    0.6532,    0.6284,    0.6106,    0.5984,    1.5768,    1.4719,    1.3941,    1.3509,    1.2851,    1.2653,    1.1775,    1.1190,    0.9806,    0.9320,    0.8909,    0.8420,    1.3160,    1.2802,    1.1707,    1.0908,    0.9217,    0.8286,    0.7375,    0.6663,    0.6597,    0.5951,    0.5225,    0.4701,    1.1291,    0.8904,    0.6322,    0.4341,    0.3055,    0.2129,    0.1468,    0.1035,    0.0712,    0.0489,    0.0330,    0.0217,    0.0007,    0.0000,    0.0017,    0.0047,    0.0053,    0.0049,    0.0055,    0.0073,    0.0065,    0.0089,    0.0079,    0.0096,    0.0105,    0.0085,    0.0123,    0.0134,    0.0121,    0.0079,    0.0010,    0.0021,    0.0102,    0.0122,    0.0193,    0.0203,    0.0251,    0.0268,    0.0278,    0.0295,    0.0405,    0.0414,    0.0386,    0.0352,    0.0310,    0.0370,    0.0513,    0.0520,    0.1134,    0.1239,    0.1297,    0.1317,    0.1293,    0.1434,    0.1377,    0.1761,    0.1619,    0.1831,    0.1731,    0.1842,    0.3990,    0.3894,    0.4043,    0.4454,    0.4484,    0.4322,    0.4475,    0.4589,    0.4682,    0.4351,    0.4291,    0.4456,    1.1263,    1.1494,    1.1365,    1.1021,    1.0181,    0.9549,    0.8383,    0.7712,    0.7413,    0.6498,    0.4992,    0.4637,    0.3575,    0.6344,    0.4839,    0.4620,    0.3116,    0.2263,    0.1829,    0.0735,    0.0648,    0.0460,    0.0160,    0.0130
    2,    1.5000,  227.5722,    0.0583,   72.7837,  139.7303,   67.4387,  -32.7630,  158.4330,  163.5827,  163.6723,  163.8293,  164.1029,  164.5732,  165.3648,  166.6602,  168.4872,  170.9519,  174.2721,  178.5564,  183.8814,  190.3071,  197.9049,  205.8548,  212.8059,  218.1105,  222.1140,  224.8330,  226.3589,  227.0949,  227.3721,  227.5098,  227.5598,    0.0396,    0.1501,    0.3176,    0.5256,    0.7600,    1.0087,    1.2612,    1.3538,    1.4261,    1.7157,    1.3972,    1.9159,    1.7634,    1.7502,    1.8771,    2.3788,    2.5537,    2.6373,    2.6641,    2.5570,    2.6399,    2.7352,    2.7516,    2.6168,    0.8905,    0.8582,    0.8316,    0.8184,    0.7863,    0.7727,    0.7442,    0.7511,    0.7309,    0.6622,    0.6647,    0.5778,    0.3865,    0.3376,    0.2860,    0.2764,    0.2586,    0.2203,    0.2502,    0.2517,    0.2628,    0.2869,    0.3225,    0.3440,    0.3896,    0.3987,    0.3479,    0.3835,    0.3781,    0.3608,    0.3556,    0.3615,    0.3522,    0.3486,    0.3437,    0.3378,    0.9174,    0.9010,    0.8570,    0.8143,    0.7703,    0.7056,    0.6803,    0.6411,    0.6435,    0.6064,    0.5769,    0.5432,    0.7618,    0.6255,    0.5610,    0.4846,    0.4906,    0.4415,    0.4038,    0.3612,    0.2754,    0.2445,    0.2297,    0.2035,    0.4976,    0.2712,    0.1823,    0.1313,    0.0857,    0.0560,    0.0369,    0.0223,    0.0143,    0.0091,    0.0061,    0.0041,    0.0933,    0.0479,    0.0870,    0.1061,    0.1193,    0.1106,    0.1217,    0.1366,    0.1204,    0.1658,    0.1466,    0.1605,    0.1769,    0.1440,    0.2091,    0.2313,    0.1895,    0.2012,    0.2051,    0.2243,    0.2527,    0.1869,    0.3003,    0.3166,    0.3896,    0.4165,    0.4311,    0.4583,    0.4705,    0.4902,    0.4878,    0.5279,    0.5538,    0.5479,    0.6044,    0.6152,    1.0531,    1.1502,    1.2060,    1.2408,    1.2569,    1.3692,    1.2916,    1.3683,    1.3154,    1.4053,    1.3319,    1.4253,    3.0739,    3.0243,    3.1038,    3.1160,    3.1449,    3.0233,    3.1295,    3.2094,    3.2747,    3.0446,    3.0012,    3.1167,    7.8790,    7.2663,    7.1857,    6.9698,    6.4398,    6.0417,    5.3059,    4.8835,    4.6964,    4.1189,    3.1664,    2.9434,    2.2720,    1.9696,    1.5043,    1.4386,    0.9722,    0.7074,    0.5733,    0.2309,    0.2043,    0.1457,    0.0508,    0.0415,    0.0310,    0.1174,    0.2483,    0.4110,    0.5943,    0.7887,    0.9862,    1.3354,    1.6846,    2.5243,    2.4590,    2.2521,    2.0367,    2.2170,    2.2277,    2.7039,    2.8071,    3.1000,    3.2554,    2.9591,    3.0470,    2.8875,    2.3599,    2.5162,    0.8929,    0.9199,    0.8909,    0.9182,    0.8602,    0.9099,    1.0272,    1.0240,    1.0690,    1.1583,    1.1793,    1.2590,    0.9700,    0.9642,    0.9572,    0.9473,    0.9378,    0.9287,    0.9178,    0.9074,    0.8966,    0.8845,    0.8692,    0.8497,    0.8567,    0.8122,    0.8337,    0.7647,    0.7561,    0.7546,    0.7356,    0.6933,    0.6805,    0.6586,    0.6422,    0.6301,    1.6655,    1.5612,    1.4820,    1.4332,    1.3643,    1.3360,    1.2482,    1.1863,    1.0517,    0.9992,    0.9541,    0.9022,    1.3998,    1.3488,    1.2330,    1.1444,    0.9789,    0.8823,    0.7874,    0.7117,    0.6950,    0.6272,    0.5528,    0.4975,    1.1992,    0.9325,    0.6631,    0.4577,    0.3223,    0.2247,    0.1551,    0.1090,    0.0750,    0.0514,    0.0347,    0.0230,    0.0003,    0.0000,    0.0009,    0.0026,    0.0029,    0.0026,    0.0030,    0.0041,    0.0036,    0.0050,    0.0044,    0.0055,    0.0060,    0.0049,    0.0070,    0.0077,    0.0071,    0.0046,    0.0006,    0.0012,    0.0060,    0.0071,    0.0112,    0.0117,    0.0145,    0.0155,    0.0161,    0.0171,    0.0248,    0.0254,    0.0237,    0.0216,    0.0190,    0.0227,    0.0315,    0.0319,    0.0727,    0.0794,    0.0831,    0.0844,    0.0829,    0.0919,    0.0882,    0.1170,    0.1076,    0.1217,    0.1151,    0.1225,    0.2652,    0.2588,    0.2687,    0.3012,    0.3032,    0.2923,    0.3026,    0.3103,    0.3166,    0.2943,    0.2902,    0.3013,    0.7617,    0.7913,    0.7824,    0.7587,    0.7009,    0.6574,    0.5771,    0.5310,    0.5104,    0.4474,    0.3437,    0.3193,    0.2462,    0.4968,    0.3789,    0.3618,    0.2441,    0.1772,    0.1433,    0.0575,    0.0508,    0.0361,    0.0125,    0.0102
    2,    1.7500,  227.5722,    0.0572,   68.6151,  139.8930,   71.7709,  -31.1472,  158.4330,  163.5827,  163.6723,  163.8293,  164.1029,  164.5732,  165.3648,  166.6602,  168.4872,  170.9519,  174.2721,  178.5564,  183.8814,  190.3071,  197.9049,  205.8548,  212.8059,  218.1105,  222.1140,  224.8330,  226.3589,  227.0949,  227.3721,  227.5098,  227.5598,    0.0369,    0.1399,    0.2959,    0.4898,    0.7082,    0.9400,    1.1753,    1.2504,    1.3082,    1.6426,    1.2632,    1.7578,    1.6190,    1.6013,    1.7215,    2.2738,    2.4504,    2.5378,    2.5630,    2.4493,    2.5323,    2.6246,    2.6351,    2.5030,    0.8509,    0.8191,    0.7920,    0.7798,    0.7443,    0.7329,    0.7085,    0.7165,    0.6993,    0.6383,    0.6418,    0.5645,    0.3806,    0.3341,    0.2842,    0.2749,    0.2575,    0.2197,    0.2490,    0.2503,    0.2604,    0.2829,    0.3154,    0.3330,    0.3737,    0.3804,    0.3338,    0.3638,    0.3586,    0.3416,    0.3363,    0.3403,    0.3309,    0.3270,    0.3220,    0.3163,    0.8583,    0.8423,    0.7999,    0.7587,    0.7167,    0.6552,    0.6311,    0.5940,    0.5969,    0.5618,    0.5339,    0.5020,    0.7013,    0.5733,    0.5132,    0.4422,    0.4476,    0.4017,    0.3669,    0.3275,    0.2483,    0.2199,    0.2064,    0.1825,    0.4443,    0.2400,    0.1600,    0.1145,    0.0741,    0.0481,    0.0315,    0.0189,    0.0120,    0.0076,    0.0051,    0.0034,    0.0933,    0.0479,    0.0870,    0.1061,    0.1193,    0.1106,    0.1217,    0.1366,    0.1204,    0.1658,    0.1466,    0.1605,    0.1770,    0.1441,    0.2091,    0.2314,    0.1896,    0.2011,    0.2049,    0.2241,    0.2527,    0.1870,    0.3004,    0.3167,    0.3897,    0.4166,    0.4312,    0.4584,    0.4707,    0.4904,    0.4879,    0.5280,    0.5538,    0.5480,    0.6047,    0.6155,    1.0539,    1.1510,    1.2069,    1.2416,    1.2577,    1.3701,    1.2925,    1.3696,    1.3165,    1.4067,    1.3332,    1.4267,    3.0770,    3.0273,    3.1069,    3.1195,    3.1484,    3.0267,    3.1330,    3.2130,    3.2784,    3.0480,    3.0046,    3.1202,    7.8879,    7.2744,    7.1937,    6.9776,    6.4472,    6.0487,    5.3121,    4.8893,    4.7022,    4.1241,    3.1705,    2.9474,    2.2751,    1.9755,    1.5090,    1.4433,    0.9755,    0.7099,    0.5754,    0.2318,    0.2051,    0.1463,    0.0510,    0.0417,    0.0337,    0.1276,    0.2700,    0.4468,    0.6461,    0.8575,    1.0721,    1.4389,    1.8026,    2.6742,    2.5933,    2.4104,    2.1813,    2.3662,    2.3834,    2.9014,    3.0109,    3.2956,    3.4410,    3.1613,    3.2440,    3.0900,    2.5654,    2.7125,    0.9607,    0.9851,    0.9534,    0.9753,    0.9075,    0.9510,    1.0495,    1.0448,    1.0856,    1.1679,    1.1860,    1.2597,    0.9700,    0.9642,    0.9572,    0.9473,    0.9378,    0.9287,    0.9178,    0.9074,    0.8966,    0.8846,    0.8694,    0.8504,    0.8605,    0.8207,    0.8388,    0.7784,    0.7691,    0.7667,    0.7494,    0.7127,    0.7007,    0.6809,    0.6654,    0.6535,    1.7314,    1.6284,    1.5483,    1.4947,    1.4234,    1.3880,    1.3008,    1.2365,    1.1070,    1.0515,    1.0030,    0.9488,    1.4633,    1.3993,    1.2790,    1.1837,    1.0223,    0.9230,    0.8257,    0.7466,    0.7212,    0.6509,    0.5757,    0.5182,    1.2525,    0.9635,    0.6860,    0.4755,    0.3348,    0.2336,    0.1614,    0.1131,    0.0778,    0.0533,    0.0360,    0.0240,    0.0002,    0.0000,    0.0004,    0.0014,    0.0016,    0.0014,    0.0016,    0.0023,    0.0020,    0.0028,    0.0025,    0.0031,    0.0034,    0.0028,    0.0040,    0.0044,    0.0041,    0.0027,    0.0003,    0.0007,    0.0035,    0.0042,    0.0065,    0.0068,    0.0085,    0.0090,    0.0094,    0.0099,    0.0153,    0.0156,    0.0146,    0.0133,    0.0117,    0.0140,    0.0194,    0.0196,    0.0467,    0.0510,    0.0534,    0.0542,    0.0532,    0.0590,    0.0567,    0.0780,    0.0717,    0.0810,    0.0766,    0.0816,    0.1766,    0.1724,    0.1790,    0.2042,    0.2056,    0.1982,    0.2051,    0.2104,    0.2147,    0.1995,    0.1967,    0.2043,    0.5164,    0.5466,    0.5404,    0.5241,    0.4841,    0.4541,    0.3987,    0.3668,    0.3526,    0.3091,    0.2375,    0.2206,    0.1701,    0.3898,    0.2974,    0.2840,    0.1916,    0.1391,    0.1125,    0.0452,    0.0399,    0.0283,    0.0098,    0.0080
    2,    2.0000,  227.5722,    0.0567,   65.1264,  139.9774,   75.3449,  -29.3733,  158.4330,  163.5827,  163.6723,  163.8293,  164.1029,  164.5732,  165.3648,  166.6602,  168.4872,  170.9519,  174.2721,  178.5564,  183.8814,  190.3071,  197.9049,  205.8548,  212.8059,  218.1105,  222.1140,  224.8330,  226.3589,  227.0949,  227.3721,  227.5098,  227.5598,    0.0345,    0.1310,    0.2771,    0.4586,    0.6631,    0.8800,    1.1004,    1.1616,    1.2083,    1.5859,    1.1527,    1.6239,    1.4964,    1.4757,    1.5898,    2.1883,    2.3652,    2.4546,    2.4779,    2.3598,    2.4416,    2.5303,    2.5353,    2.4060,    0.8172,    0.7860,    0.7586,    0.7471,    0.7083,    0.6986,    0.6767,    0.6854,    0.6708,    0.6166,    0.6209,    0.5520,    0.3749,    0.3307,    0.2825,    0.2735,    0.2563,    0.2192,    0.2477,    0.2488,    0.2581,    0.2791,    0.3089,    0.3232,    0.3597,    0.3646,    0.3217,    0.3471,    0.3420,    0.3255,    0.3202,    0.3227,    0.3133,    0.3092,    0.3042,    0.2987,    0.8097,    0.7939,    0.7528,    0.7131,    0.6728,    0.6142,    0.5909,    0.5555,    0.5583,    0.5249,    0.4983,    0.4680,    0.6519,    0.5315,    0.4749,    0.4085,    0.4127,    0.3696,    0.3370,    0.3003,    0.2269,    0.2006,    0.1880,    0.1659,    0.4022,    0.2160,    0.1431,    0.1016,    0.0654,    0.0422,    0.0274,    0.0164,    0.0104,    0.0066,    0.0043,    0.0028,    0.0932,    0.0478,    0.0870,    0.1061,    0.1193,    0.1106,    0.1217,    0.1366,    0.1204,    0.1658,    0.1466,    0.1605,    0.1770,    0.1441,    0.2092,    0.2314,    0.1896,    0.2011,    0.2048,    0.2240,    0.2526,    0.1870,    0.3004,    0.3167,    0.3897,    0.4166,    0.4313,    0.4585,    0.4708,    0.4905,    0.4880,    0.5280,    0.5537,    0.5480,    0.6048,    0.6156,    1.0542,    1.1513,    1.2072,    1.2420,    1.2580,    1.3705,    1.2928,    1.3702,    1.3170,    1.4074,    1.3338,    1.4274,    3.0784,    3.0286,    3.1084,    3.1212,    3.1501,    3.0283,    3.1347,    3.2147,    3.2801,    3.0497,    3.0062,    3.1219,    7.8923,    7.2784,    7.1977,    6.9816,    6.4509,    6.0522,    5.3153,    4.8924,    4.7052,    4.1269,    3.1727,    2.9495,    2.2769,    1.9794,    1.5121,    1.4464,    0.9777,    0.7116,    0.5769,    0.2324,    0.2058,    0.1468,    0.0512,    0.0419,    0.0360,    0.1366,    0.2889,    0.4781,    0.6913,    0.9174,    1.1471,    1.5277,    1.9027,    2.7964,    2.7040,    2.5446,    2.3040,    2.4919,    2.5153,    3.0666,    3.1800,    3.4521,    3.5860,    3.3267,    3.4023,    3.2551,    2.7422,    2.8787,    1.0175,    1.0394,    1.0062,    1.0235,    0.9487,    0.9869,    1.0691,    1.0632,    1.1004,    1.1764,    1.1921,    1.2602,    0.9701,    0.9642,    0.9572,    0.9473,    0.9378,    0.9287,    0.9178,    0.9074,    0.8966,    0.8846,    0.8695,    0.8511,    0.8636,    0.8277,    0.8428,    0.7891,    0.7794,    0.7761,    0.7601,    0.7275,    0.7160,    0.6977,    0.6830,    0.6711,    1.7813,    1.6799,    1.5991,    1.5414,    1.4685,    1.4272,    1.3408,    1.2747,    1.1505,    1.0927,    1.0415,    0.9856,    1.5123,    1.4374,    1.3138,    1.2134,    1.0559,    0.9545,    0.8556,    0.7739,    0.7411,    0.6691,    0.5933,    0.5342,    1.2941,    0.9872,    0.7035,    0.4892,    0.3445,    0.2405,    0.1663,    0.1164,    0.0800,    0.0548,    0.0371,    0.0248,    0.0001,    0.0000,    0.0002,    0.0008,    0.0009,    0.0008,    0.0009,    0.0013,    0.0011,    0.0016,    0.0014,    0.0018,    0.0020,    0.0016,    0.0023,    0.0025,    0.0024,    0.0016,    0.0002,    0.0004,    0.0020,    0.0024,    0.0038,    0.0040,    0.0049,    0.0053,    0.0055,    0.0058,    0.0094,    0.0096,    0.0090,    0.0082,    0.0072,    0.0086,    0.0119,    0.0121,    0.0300,    0.0328,    0.0343,    0.0349,    0.0342,    0.0380,    0.0365,    0.0520,    0.0479,    0.0541,    0.0511,    0.0544,    0.1179,    0.1151,    0.1195,    0.1388,    0.1397,    0.1347,    0.1394,    0.1430,    0.1459,    0.1356,    0.1337,    0.1388,    0.3509,    0.3787,    0.3744,    0.3631,    0.3355,    0.3146,    0.2762,    0.2542,    0.2443,    0.2142,    0.1645,    0.1529,    0.1179,    0.3066,    0.2339,    0.2233,    0.1507,    0.1094,    0.0885,    0.0355,    0.0314,    0.0223,    0.0077,    0.0063
