Particle       ,data/QEXT_96IR_84_VIS_NC50v2_2umrod
Ncase          ,  14
dt (sols)      ,  0.020833
Qext 0.67um    ,  1.529831
Alb sfc        ,  0.220000
Conrath nu     ,  0.002000
Sun Flux (W/m2),148.389262
BWN IR (cm-1)  ,     10.0000,     34.1670,     58.3330,     82.5000,    106.6670,    130.8330,    155.0000,    179.1670,    203.3330,    227.5000,    251.6670,    275.8330,    300.0000,    320.7880,    341.5750,    362.3630,    383.1500,    403.9380,    424.7250,    445.5130,    466.3010,    487.0880,    507.8760,    528.6630,    549.4510,    556.7420,    564.0330,    571.3240,    578.6150,    585.9060,    593.1970,    600.4880,    607.7790,    615.0700,    622.3610,    629.6520,    636.9430,    642.5500,    648.1570,    653.7640,    659.3700,    664.9770,    670.5840,    676.1910,    681.7980,    687.4050,    693.0110,    698.6180,    704.2250,    710.1390,    716.0530,    721.9670,    727.8810,    733.7950,    739.7090,    745.6240,    751.5380,    757.4520,    763.3660,    769.2800,    775.1940,    791.5010,    807.8070,    824.1140,    840.4210,    856.7270,    873.0340,    889.3410,    905.6470,    921.9540,    938.2610,    954.5670,    970.8740,    996.8050,   1022.7370,   1048.6680,   1074.6000,   1100.5310,   1126.4630,   1152.3940,   1178.3250,   1204.2570,   1230.1880,   1256.1200,   1282.0510,   1360.3990,   1438.7460,   1517.0940,   1595.4410,   1673.7890,   1752.1370,   1830.4840,   1908.8320,   1987.1790,   2065.5270,   2143.8740,   2222.2220
BWN VIS (cm-1) ,   2222.2200,   2294.3160,   2366.4120,   2438.5080,   2510.6030,   2582.6990,   2654.7950,   2726.8910,   2798.9870,   2871.0820,   2943.1780,   3015.2740,   3087.3700,   3165.9750,   3244.5800,   3323.1850,   3401.7900,   3480.3950,   3559.0000,   3637.6050,   3716.2100,   3794.8150,   3873.4200,   3952.0250,   4030.6300,   4142.2920,   4253.9530,   4365.6150,   4477.2770,   4588.9380,   4700.6000,   4812.2620,   4923.9230,   5035.5850,   5147.2470,   5258.9080,   5370.5700,   5560.6150,   5750.6600,   5940.7050,   6130.7500,   6320.7950,   6510.8400,   6700.8850,   6890.9300,   7080.9750,   7271.0200,   7461.0650,   7651.1100,   8055.1840,   8459.2580,   8863.3330,   9267.4070,   9671.4810,  10075.5550,  10479.6290,  10883.7030,  11287.7780,  11691.8520,  12095.9260,  12500.0000,  13541.6670,  14583.3330,  15625.0000,  16666.6670,  17708.3330,  18750.0000,  19791.6670,  20833.3330,  21875.0000,  22916.6670,  23958.3330,  25000.0000,  26388.8890,  27777.7780,  29166.6670,  30555.5570,  31944.4460,  33333.3350,  34722.2240,  36111.1130,  37500.0030,  38888.8920,  40277.7810,  41666.6700
SUN VIS (W/m2) ,      0.1008,      0.0862,      0.0968,      0.1089,      0.1224,      0.1136,      0.1248,      0.1400,      0.1233,      0.1698,      0.1502,      0.1645,      0.1814,      0.1477,      0.2144,      0.2377,      0.1946,      0.2106,      0.2276,      0.2472,      0.2683,      0.1918,      0.3072,      0.3239,      0.3986,      0.4261,      0.4410,      0.4688,      0.4810,      0.5017,      0.5013,      0.5485,      0.5772,      0.5665,      0.6183,      0.6303,      1.0809,      1.1806,      1.2379,      1.2751,      1.2949,      1.4092,      1.3262,      1.4132,      1.3634,      1.4505,      1.3747,      1.4716,      3.1730,      3.1258,      3.2038,      3.2543,      3.2846,      3.1576,      3.2685,      3.3520,      3.4202,      3.1800,      3.1347,      3.2554,      8.2299,      7.8425,      7.7561,      7.5237,      6.9524,      6.5235,      5.7299,      5.2748,      5.0739,      4.4511,      3.4228,      3.1828,      2.4579,      2.2644,      1.7312,      1.6575,      1.1215,      0.8173,      0.6634,      0.2677,      0.2374,      0.1697,      0.0593,      0.0486
================
wavelenght [um],    0.244068,    0.252632,    0.261818,    0.271698,    0.282353,    0.293878,    0.306383,    0.320000,    0.334884,    0.351220,    0.369231,    0.389189,    0.408511,    0.426667,    0.446512,    0.468293,    0.492308,    0.518919,    0.548571,    0.581818,    0.619355,    0.662069,    0.711111,    0.768000,    0.813143,    0.840768,    0.870336,    0.902060,    0.936184,    0.972991,    1.012810,    1.056028,    1.103099,    1.154562,    1.211061,    1.273375,    1.323436,    1.357581,    1.393534,    1.431444,    1.471474,    1.513807,    1.558648,    1.606226,    1.656801,    1.710664,    1.768147,    1.829628,    1.881560,    1.921939,    1.964090,    2.008131,    2.054193,    2.102417,    2.152960,    2.205992,    2.261704,    2.320302,    2.382017,    2.447105,    2.505432,    2.555765,    2.608162,    2.662752,    2.719677,    2.779088,    2.841153,    2.906054,    2.973989,    3.045176,    3.119855,    3.198288,    3.277268,    3.356577,    3.439819,    3.527294,    3.619334,    3.716307,    3.818620,    3.926726,    4.041130,    4.162400,    4.291175,    4.428172,    4.580751,    4.751270,    4.934974,    5.133456,    5.348572,    5.582505,    5.837838,    6.117648,    6.425631,    6.766266,    7.145039,    7.568734,    7.879690,    8.044056,    8.215425,    8.394255,    8.581043,    8.776330,    8.980716,    9.194848,    9.419442,    9.655282,    9.903235,   10.164260,   10.387231,   10.566200,   10.751445,   10.943308,   11.142136,   11.348323,   11.562291,   11.784476,   12.015368,   12.255495,   12.505409,   12.765727,   12.949392,   13.049328,   13.150818,   13.253898,   13.358608,   13.464994,   13.573088,   13.682923,   13.794549,   13.908012,   14.023357,   14.140631,   14.256763,   14.371646,   14.488386,   14.607038,   14.727660,   14.850291,   14.974981,   15.101782,   15.230738,   15.361915,   15.495384,   15.631191,   15.790367,   15.974275,   16.162517,   16.355249,   16.552633,   16.754839,   16.962047,   17.174443,   17.392227,   17.615605,   17.844795,   18.080028,   18.550914,   19.294981,   20.101230,   20.977796,   21.934298,   22.982219,   24.135264,   25.410119,   26.827165,   28.411593,   30.194923,   32.217118,   34.732292,   37.914692,   41.739101,   46.421699,   52.287582,   59.850314,   69.970927,   84.210526,  105.726686,  142.012170,  216.216216,  452.826771
Qext           ,      1.2034,      1.2034,      1.2034,      1.2034,      1.2034,      1.2034,      1.2034,      1.2034,      1.2034,      1.2034,      1.2034,      1.5298,      1.5298,      1.5298,      1.5298,      1.5298,      1.5298,      1.5298,      1.5298,      1.5298,      1.5298,      1.5298,      1.5298,      1.3728,      1.3728,      1.3728,      1.3728,      1.3728,      1.3728,      1.3728,      1.3728,      1.3728,      1.3728,      1.3198,      1.3198,      1.3198,      1.3198,      1.3198,      1.3198,      1.3198,      1.3198,      1.3387,      1.3387,      1.3387,      1.3387,      1.3387,      1.3387,      1.3387,      1.5457,      1.5457,      1.5457,      1.5457,      1.5457,      1.5457,      1.5457,      1.5457,      1.8977,      1.8977,      1.8977,      1.8977,      1.8977,      1.8977,      1.8645,      1.8645,      1.8645,      1.8645,      1.8645,      1.8645,      2.1789,      2.1789,      2.1789,      2.1789,      2.1789,      1.5697,      1.5697,      1.5697,      1.5697,      1.5324,      1.5324,      1.5324,      1.5324,      1.7226,      1.7226,      1.7226,      2.5023,      2.5023,      2.8280,      2.8280,      3.0301,      3.2455,      3.2455,      2.9690,      2.4479,      1.9082,      1.7210,      2.1517,      2.2961,      2.2961,      2.2182,      2.2182,      1.9723,      1.9723,      1.8677,      1.8677,      2.0068,      2.3618,      2.3618,      2.2669,      1.9409,      1.9409,      1.7025,      1.7025,      1.8160,      1.8160,      2.0024,      2.4558,      2.4558,      3.0945,      3.0945,      3.5464,      3.7080,      3.7080,      3.7080,      3.7080,      3.5069,      3.5069,      3.5069,      3.1387,      3.1387,      3.1387,      3.0649,      3.0649,      3.0649,      3.4329,      3.4329,      3.4329,      4.0404,      4.0404,      4.0404,      4.7846,      4.7846,      4.7846,      5.6866,      5.6866,      5.6866,      6.5349,      6.5349,      6.8409,      6.8409,      6.2511,      4.9243,      4.9243,      3.4772,      3.4772,      2.5808,      2.5705,      2.9479,      4.8992,      5.7321,      4.3472,      2.7212,      1.5962,      1.0399,      0.8877,      0.9795,      0.8755,      0.8388,      1.3105,      1.7534,      1.2701,      0.4406,      0.1108,      0.0901,      0.0727,      0.0727,      0.0727,      0.0727,      0.0727,      0.0727,      0.0727
Qscat          ,      0.5801,      0.5801,      0.5801,      0.5801,      0.5801,      0.5801,      0.5801,      0.5801,      0.5801,      0.5801,      0.5801,      0.4821,      0.4821,      0.4821,      0.4821,      0.4821,      0.4821,      0.4821,      0.4821,      0.4821,      0.4821,      0.4821,      0.4821,      0.2472,      0.2472,      0.2472,      0.2472,      0.2472,      0.2472,      0.2472,      0.2472,      0.2472,      0.2472,      0.2009,      0.2009,      0.2009,      0.2009,      0.2009,      0.2009,      0.2009,      0.2009,      0.1453,      0.1453,      0.1453,      0.1453,      0.1453,      0.1453,      0.1453,      0.1367,      0.1367,      0.1367,      0.1367,      0.1367,      0.1367,      0.1367,      0.1367,      0.1891,      0.1891,      0.1891,      0.1891,      0.1891,      0.1891,      0.2056,      0.2056,      0.2056,      0.2056,      0.2056,      0.2056,      0.2532,      0.2532,      0.2532,      0.2532,      0.2532,      0.1928,      0.1928,      0.1928,      0.1928,      0.1824,      0.1824,      0.1824,      0.1824,      0.1530,      0.1530,      0.1530,      0.2336,      0.2336,      0.2929,      0.2929,      0.2908,      0.4085,      0.4085,      0.5358,      0.5067,      0.3568,      0.3672,      0.5099,      0.4217,      0.4217,      0.4277,      0.4277,      0.4381,      0.4381,      0.4104,      0.4104,      0.3827,      0.4209,      0.4209,      0.3660,      0.3739,      0.3739,      0.3213,      0.3213,      0.3415,      0.3415,      0.3644,      0.4098,      0.4098,      0.5117,      0.5117,      0.5041,      0.4820,      0.4820,      0.4820,      0.4820,      0.4950,      0.4950,      0.4950,      0.4702,      0.4702,      0.4702,      0.4679,      0.4679,      0.4679,      0.5490,      0.5490,      0.5490,      0.6610,      0.6610,      0.6610,      0.7886,      0.7886,      0.7886,      0.9941,      0.9941,      0.9941,      1.2741,      1.2741,      1.5093,      1.5093,      1.5941,      1.5613,      1.5613,      1.5588,      1.5588,      1.7194,      2.0549,      2.2529,      2.7723,      2.1850,      1.1309,      0.7021,      0.6370,      0.5012,      0.5309,      0.7330,      0.4205,      0.1258,      0.9056,      1.7533,      0.9918,      0.0053,      0.1108,      0.0901,     -0.0243,     -0.0243,     -0.0243,     -0.0243,     -0.0243,     -0.0243,     -0.0243
G factor       ,      0.5220,      0.5220,      0.5220,      0.5220,      0.5220,      0.5220,      0.5220,      0.5220,      0.5220,      0.5220,      0.5220,      0.4310,      0.4310,      0.4310,      0.4310,      0.4310,      0.4310,      0.4310,      0.4310,      0.4310,      0.4310,      0.4310,      0.4310,      0.3290,      0.3290,      0.3290,      0.3290,      0.3290,      0.3290,      0.3290,      0.3290,      0.3290,      0.3290,      0.2880,      0.2880,      0.2880,      0.2880,      0.2880,      0.2880,      0.2880,      0.2880,      0.1920,      0.1920,      0.1920,      0.1920,      0.1920,      0.1920,      0.1920,      0.2350,      0.2350,      0.2350,      0.2350,      0.2350,      0.2350,      0.2350,      0.2350,      0.1990,      0.1990,      0.1990,      0.1990,      0.1990,      0.1990,      0.1590,      0.1590,      0.1590,      0.1590,      0.1590,      0.1590,      0.1010,      0.1010,      0.1010,      0.1010,      0.1010,      0.0270,      0.0270,      0.0270,      0.0270,      0.0700,      0.0700,      0.0700,      0.0700,      0.1590,      0.1590,      0.1590,      0.1860,      0.1860,      0.1580,      0.1580,      0.1430,      0.1690,      0.1690,      0.1690,      0.1430,      0.1120,      0.1500,      0.2540,      0.2660,      0.2660,      0.2410,      0.2410,      0.1720,      0.1720,      0.1640,      0.1640,      0.1670,      0.1730,      0.1730,      0.1670,      0.1340,      0.1340,      0.0960,      0.0960,      0.0800,      0.0800,      0.0850,      0.1050,      0.1050,      0.0990,      0.0990,      0.0660,      0.0250,      0.0250,      0.0250,      0.0250,     -0.0140,     -0.0140,     -0.0140,     -0.0350,     -0.0350,     -0.0350,     -0.0260,     -0.0260,     -0.0260,     -0.0050,     -0.0050,     -0.0050,      0.0130,      0.0130,      0.0130,      0.0310,      0.0310,      0.0310,      0.0490,      0.0490,      0.0490,      0.0580,      0.0580,      0.0560,      0.0560,      0.0470,      0.0370,      0.0370,      0.0420,      0.0420,      0.0830,      0.1380,      0.1450,      0.1260,      0.0810,      0.0500,      0.0340,      0.0300,      0.0210,     -0.0060,     -0.0240,     -0.0350,     -0.0500,     -0.0430,     -0.0250,     -0.0080,      0.0100,      0.0040,      0.0020,      0.0090,      0.0090,      0.0090,      0.0090,      0.0090,      0.0090,      0.0090
================
P [mbar]       ,    0.1004,    0.1015,    0.1034,    0.1069,    0.1130,    0.1239,    0.1432,    0.1740,    0.2226,    0.3028,    0.4349,    0.6529,    1.0121,    1.6044,    2.4646,    3.4606,    4.3994,    5.2226,    5.8426,    6.2132,    6.3980,    6.4686,    6.5039,    6.5168
Temp initial[K],  163.5827,  163.6723,  163.8293,  164.1029,  164.5732,  165.3648,  166.6602,  168.4872,  170.9519,  174.2721,  178.5564,  183.8814,  190.3071,  197.9049,  205.8548,  212.8059,  218.1105,  222.1140,  224.8330,  226.3589,  227.0949,  227.3721,  227.5098,  227.5598
================
it   ,   tau    ,  Tsfc    ,   alb    ,   OLR    ,    ASR   ,  NET top ,  NET bot , T lev  01, T lev  02, T lev  03, T lev  04, T lev  05, T lev  06, T lev  07, T lev  08, T lev  09, T lev  10, T lev  11, T lev  12, T lev  13, T lev  14, T lev  15, T lev  16, T lev  17, T lev  18, T lev  19, T lev  20, T lev  21, T lev  22, T lev  23, T lev  24, T lev  25,  OLR IR01,  OLR IR02,  OLR IR03,  OLR IR04,  OLR IR05,  OLR IR06,  OLR IR07,  OLR IR08,  OLR IR09,  OLR IR10,  OLR IR11,  OLR IR12,  OLR IR13,  OLR IR14,  OLR IR15,  OLR IR16,  OLR IR17,  OLR IR18,  OLR IR19,  OLR IR20,  OLR IR21,  OLR IR22,  OLR IR23,  OLR IR24,  OLR IR25,  OLR IR26,  OLR IR27,  OLR IR28,  OLR IR29,  OLR IR30,  OLR IR31,  OLR IR32,  OLR IR33,  OLR IR34,  OLR IR35,  OLR IR36,  OLR IR37,  OLR IR38,  OLR IR39,  OLR IR40,  OLR IR41,  OLR IR42,  OLR IR43,  OLR IR44,  OLR IR45,  OLR IR46,  OLR IR47,  OLR IR48,  OLR IR49,  OLR IR50,  OLR IR51,  OLR IR52,  OLR IR53,  OLR IR54,  OLR IR55,  OLR IR56,  OLR IR57,  OLR IR58,  OLR IR59,  OLR IR60,  OLR IR61,  OLR IR62,  OLR IR63,  OLR IR64,  OLR IR65,  OLR IR66,  OLR IR67,  OLR IR68,  OLR IR69,  OLR IR70,  OLR IR71,  OLR IR72,  OLR IR73,  OLR IR74,  OLR IR75,  OLR IR76,  OLR IR77,  OLR IR78,  OLR IR79,  OLR IR80,  OLR IR81,  OLR IR82,  OLR IR83,  OLR IR84,  OLR IR85,  OLR IR86,  OLR IR87,  OLR IR88,  OLR IR89,  OLR IR90,  OLR IR91,  OLR IR92,  OLR IR93,  OLR IR94,  OLR IR95,  OLR IR96, ASR VIS01, ASR VIS02, ASR VIS03, ASR VIS04, ASR VIS05, ASR VIS06, ASR VIS07, ASR VIS08, ASR VIS09, ASR VIS10, ASR VIS11, ASR VIS12, ASR VIS13, ASR VIS14, ASR VIS15, ASR VIS16, ASR VIS17, ASR VIS18, ASR VIS19, ASR VIS20, ASR VIS21, ASR VIS22, ASR VIS23, ASR VIS24, ASR VIS25, ASR VIS26, ASR VIS27, ASR VIS28, ASR VIS29, ASR VIS30, ASR VIS31, ASR VIS32, ASR VIS33, ASR VIS34, ASR VIS35, ASR VIS36, ASR VIS37, ASR VIS38, ASR VIS39, ASR VIS40, ASR VIS41, ASR VIS42, ASR VIS43, ASR VIS44, ASR VIS45, ASR VIS46, ASR VIS47, ASR VIS48, ASR VIS49, ASR VIS50, ASR VIS51, ASR VIS52, ASR VIS53, ASR VIS54, ASR VIS55, ASR VIS56, ASR VIS57, ASR VIS58, ASR VIS59, ASR VIS60, ASR VIS61, ASR VIS62, ASR VIS63, ASR VIS64, ASR VIS65, ASR VIS66, ASR VIS67, ASR VIS68, ASR VIS69, ASR VIS70, ASR VIS71, ASR VIS72, ASR VIS73, ASR VIS74, ASR VIS75, ASR VIS76, ASR VIS77, ASR VIS78, ASR VIS79, ASR VIS80, ASR VIS81, ASR VIS82, ASR VIS83, ASR VIS84, SFC DIR01, SFC DIR02, SFC DIR03, SFC DIR04, SFC DIR05, SFC DIR06, SFC DIR07, SFC DIR08, SFC DIR09, SFC DIR10, SFC DIR11, SFC DIR12, SFC DIR13, SFC DIR14, SFC DIR15, SFC DIR16, SFC DIR17, SFC DIR18, SFC DIR19, SFC DIR20, SFC DIR21, SFC DIR22, SFC DIR23, SFC DIR24, SFC DIR25, SFC DIR26, SFC DIR27, SFC DIR28, SFC DIR29, SFC DIR30, SFC DIR31, SFC DIR32, SFC DIR33, SFC DIR34, SFC DIR35, SFC DIR36, SFC DIR37, SFC DIR38, SFC DIR39, SFC DIR40, SFC DIR41, SFC DIR42, SFC DIR43, SFC DIR44, SFC DIR45, SFC DIR46, SFC DIR47, SFC DIR48, SFC DIR49, SFC DIR50, SFC DIR51, SFC DIR52, SFC DIR53, SFC DIR54, SFC DIR55, SFC DIR56, SFC DIR57, SFC DIR58, SFC DIR59, SFC DIR60, SFC DIR61, SFC DIR62, SFC DIR63, SFC DIR64, SFC DIR65, SFC DIR66, SFC DIR67, SFC DIR68, SFC DIR69, SFC DIR70, SFC DIR71, SFC DIR72, SFC DIR73, SFC DIR74, SFC DIR75, SFC DIR76, SFC DIR77, SFC DIR78, SFC DIR79, SFC DIR80, SFC DIR81, SFC DIR82, SFC DIR83, SFC DIR84, SFC DIR85, SFC DIR86, SFC DIR87, SFC DIR88, SFC DIR89, SFC DIR90, SFC DIR91, SFC DIR92, SFC DIR93, SFC DIR94, SFC DIR95, SFC DIR96,SFC DVIS01,SFC DVIS02,SFC DVIS03,SFC DVIS04,SFC DVIS05,SFC DVIS06,SFC DVIS07,SFC DVIS08,SFC DVIS09,SFC DVIS10,SFC DVIS11,SFC DVIS12,SFC DVIS13,SFC DVIS14,SFC DVIS15,SFC DVIS16,SFC DVIS17,SFC DVIS18,SFC DVIS19,SFC DVIS20,SFC DVIS21,SFC DVIS22,SFC DVIS23,SFC DVIS24,SFC DVIS25,SFC DVIS26,SFC DVIS27,SFC DVIS28,SFC DVIS29,SFC DVIS30,SFC DVIS31,SFC DVIS32,SFC DVIS33,SFC DVIS34,SFC DVIS35,SFC DVIS36,SFC DVIS37,SFC DVIS38,SFC DVIS39,SFC DVIS40,SFC DVIS41,SFC DVIS42,SFC DVIS43,SFC DVIS44,SFC DVIS45,SFC DVIS46,SFC DVIS47,SFC DVIS48,SFC DVIS49,SFC DVIS50,SFC DVIS51,SFC DVIS52,SFC DVIS53,SFC DVIS54,SFC DVIS55,SFC DVIS56,SFC DVIS57,SFC DVIS58,SFC DVIS59,SFC DVIS60,SFC DVIS61,SFC DVIS62,SFC DVIS63,SFC DVIS64,SFC DVIS65,SFC DVIS66,SFC DVIS67,SFC DVIS68,SFC DVIS69,SFC DVIS70,SFC DVIS71,SFC DVIS72,SFC DVIS73,SFC DVIS74,SFC DVIS75,SFC DVIS76,SFC DVIS77,SFC DVIS78,SFC DVIS79,SFC DVIS80,SFC DVIS81,SFC DVIS82,SFC DVIS83,SFC DVIS84
    2,    0.0000,  227.5722,    0.2192,  139.8688,  115.8602,  -23.5218,  -14.0680,  158.4330,  163.5827,  163.6723,  163.8293,  164.1029,  164.5732,  165.3648,  166.6602,  168.4872,  170.9519,  174.2721,  178.5564,  183.8814,  190.3071,  197.9049,  205.8548,  212.8059,  218.1105,  222.1140,  224.8330,  226.3589,  227.0949,  227.3721,  227.5098,  227.5598,    0.0705,    0.2675,    0.5658,    0.9364,    1.3541,    1.7971,    2.2470,    2.6886,    3.1100,    3.5012,    3.8550,    4.1668,    3.7991,    3.9662,    4.1036,    4.2111,    4.2902,    4.3412,    4.3666,    4.3674,    4.3455,    4.3031,    4.2365,    4.1377,    1.4329,    1.4160,    1.3937,    1.3544,    1.3064,    1.2531,    1.1042,    1.0903,    1.0331,    0.8812,    0.8657,    0.6804,    0.4286,    0.3613,    0.2973,    0.2859,    0.2660,    0.2237,    0.2586,    0.2615,    0.2793,    0.3166,    0.3804,    0.4522,    0.5746,    0.6344,    0.5305,    0.6851,    0.6744,    0.6698,    0.6769,    0.7426,    0.7550,    0.7683,    0.7700,    0.7628,    2.0538,    1.9716,    1.9052,    1.8274,    1.7484,    1.6691,    1.5919,    1.5151,    1.4407,    1.3665,    1.2937,    1.2291,    1.8278,    1.6842,    1.5339,    1.3924,    1.2741,    1.1725,    1.0662,    0.9681,    0.8777,    0.7928,    0.7079,    0.6374,    1.5840,    1.1437,    0.8293,    0.5901,    0.4167,    0.2922,    0.2036,    0.1383,    0.0940,    0.0622,    0.0416,    0.0303,    0.0906,    0.0482,    0.0759,    0.0854,    0.0957,    0.0892,    0.0975,    0.1096,    0.0962,    0.1325,    0.1172,    0.1283,    0.1417,    0.1155,    0.1680,    0.1868,    0.1536,    0.1833,    0.2065,    0.2237,    0.2252,    0.1502,    0.2398,    0.2533,    0.3110,    0.3324,    0.3440,    0.3658,    0.3756,    0.3940,    0.4010,    0.4565,    0.4953,    0.4717,    0.4852,    0.4943,    0.8433,    0.9209,    0.9663,    0.9993,    1.0234,    1.1077,    1.0381,    1.1064,    1.0804,    1.1314,    1.0733,    1.1507,    2.4780,    2.4450,    2.4989,    2.5384,    2.5644,    2.4626,    2.5489,    2.6139,    2.6670,    2.4800,    2.4441,    2.5380,    6.4157,    6.1123,    6.0433,    5.8603,    5.4132,    5.0767,    4.4565,    4.0997,    3.9404,    3.4535,    2.6528,    2.4637,    1.8993,    1.7458,    1.3311,    1.2705,    0.8565,    0.6215,    0.5021,    0.2015,    0.1776,    0.1261,    0.0437,    0.0355,    0.0000,    0.0000,    0.0000,    0.0000,    0.0000,    0.0000,    0.0000,    0.0000,    0.0000,    0.0000,    0.0000,    0.0000,    0.0000,    0.0000,    0.0000,    0.0000,    0.0000,    0.0000,    0.0000,    0.0004,    0.0013,    0.0042,    0.0316,    0.1224,    0.0337,    0.0553,    0.0951,    0.1939,    0.3170,    0.4390,    0.7874,    0.8078,    0.8986,    1.0611,    1.1127,    1.2540,    0.9696,    0.9641,    0.9572,    0.9473,    0.9378,    0.9287,    0.9178,    0.9074,    0.8966,    0.8844,    0.8683,    0.8421,    0.8025,    0.6764,    0.7395,    0.4977,    0.5022,    0.4908,    0.4247,    0.2470,    0.1814,    0.1031,    0.0612,    0.0469,    0.0933,    0.0788,    0.0260,    0.0119,    0.0030,    0.0028,    0.0017,    0.0056,    0.0100,    0.0182,    0.0292,    0.0235,    0.0278,    0.0056,    0.0259,    0.0458,    0.0328,    0.0004,    0.0000,    0.0000,    0.0000,    0.0031,    0.0165,    0.0171,    0.0171,    0.0171,    0.0000,    0.0000,    0.0000,    0.0000,    0.0000,    0.0035,    0.0040,    0.0054,    0.0048,    0.0010,    0.0230,    0.0000,    0.0598,    0.1073,    0.1213,    0.1109,    0.1245,    0.1385,    0.1233,    0.1698,    0.1501,    0.1645,    0.1806,    0.1466,    0.2118,    0.2312,    0.1878,    0.1215,    0.0145,    0.0325,    0.1583,    0.1897,    0.3065,    0.3218,    0.3984,    0.4260,    0.4410,    0.4686,    0.4796,    0.4909,    0.4572,    0.4157,    0.3661,    0.4375,    0.6076,    0.6165,    1.0804,    1.1803,    1.2358,    1.2540,    1.2316,    1.3659,    1.3119,    1.3949,    1.2823,    1.4502,    1.3714,    1.4595,    3.1611,    3.0848,    3.2030,    3.2531,    3.2743,    3.1567,    3.2678,    3.3511,    3.4192,    3.1776,    3.1334,    3.2539,    8.2247,    7.8363,    7.7478,    7.5132,    6.9399,    6.5086,    5.7135,    5.2561,    5.0518,    4.4276,    3.4010,    3.1586,    2.4350,    2.2382,    1.7066,    1.6288,    1.0981,    0.7968,    0.6438,    0.2584,    0.2277,    0.1616,    0.0560,    0.0455
    2,    0.0500,  227.5722,    0.1964,  133.2502,  119.2453,  -13.5178,  -12.3693,  158.4330,  163.5827,  163.6723,  163.8293,  164.1029,  164.5732,  165.3648,  166.6602,  168.4872,  170.9519,  174.2721,  178.5564,  183.8814,  190.3071,  197.9049,  205.8548,  212.8059,  218.1105,  222.1140,  224.8330,  226.3589,  227.0949,  227.3721,  227.5098,  227.5598,    0.0706,    0.2675,    0.5659,    0.9365,    1.3541,    1.7971,    2.2469,    2.6806,    3.0986,    3.4846,    3.7214,    3.9322,    3.6678,    3.9143,    4.0225,    4.0962,    4.1956,    4.2402,    4.2219,    4.1504,    4.0111,    3.8487,    3.8120,    3.8532,    1.3436,    1.3291,    1.2911,    1.2573,    1.1907,    1.1465,    1.0089,    0.9909,    0.9444,    0.8212,    0.8110,    0.6583,    0.4203,    0.3569,    0.2957,    0.2846,    0.2650,    0.2234,    0.2577,    0.2605,    0.2780,    0.3141,    0.3748,    0.4426,    0.5556,    0.6082,    0.5116,    0.6502,    0.6403,    0.6319,    0.6366,    0.6926,    0.6999,    0.7099,    0.7103,    0.7030,    1.8979,    1.8380,    1.7736,    1.7245,    1.6489,    1.5894,    1.5218,    1.4479,    1.3803,    1.3088,    1.2319,    1.1698,    1.7253,    1.5845,    1.4422,    1.3205,    1.2118,    1.1141,    1.0098,    0.9163,    0.8253,    0.7451,    0.6638,    0.5973,    1.4891,    1.0854,    0.7808,    0.5458,    0.3784,    0.2621,    0.1822,    0.1243,    0.0850,    0.0562,    0.0380,    0.0276,    0.0912,    0.0481,    0.0780,    0.0886,    0.0994,    0.0925,    0.1013,    0.1138,    0.1000,    0.1377,    0.1218,    0.1353,    0.1493,    0.1217,    0.1769,    0.1964,    0.1605,    0.1868,    0.2065,    0.2241,    0.2306,    0.1572,    0.2517,    0.2657,    0.3264,    0.3489,    0.3611,    0.3840,    0.3915,    0.4101,    0.4155,    0.4686,    0.5054,    0.4846,    0.5051,    0.5145,    0.8733,    0.9537,    1.0006,    1.0339,    1.0569,    1.1452,    1.0744,    1.1417,    1.1122,    1.1683,    1.1081,    1.1877,    2.5583,    2.5231,    2.5804,    2.6200,    2.6465,    2.5418,    2.6309,    2.6980,    2.7528,    2.5597,    2.5228,    2.6198,    6.6223,    6.2759,    6.2051,    6.0173,    5.5583,    5.2129,    4.5763,    4.2100,    4.0466,    3.5467,    2.7246,    2.5306,    1.9510,    1.7691,    1.3490,    1.2877,    0.8683,    0.6302,    0.5092,    0.2044,    0.1802,    0.1279,    0.0444,    0.0361,    0.0004,    0.0013,    0.0028,    0.0046,    0.0066,    0.0086,    0.0107,    0.0080,    0.0114,    0.0846,    0.1806,    0.2346,    0.1951,    0.1654,    0.1550,    0.1553,    0.1524,    0.1867,    0.2921,    0.5091,    0.7681,    0.9122,    0.7259,    0.4901,    0.1441,    0.1759,    0.2663,    0.3494,    0.5135,    0.6084,    0.9121,    0.9328,    0.9962,    1.1143,    1.1487,    1.2561,    0.9697,    0.9641,    0.9572,    0.9473,    0.9378,    0.9287,    0.9178,    0.9074,    0.8966,    0.8844,    0.8684,    0.8432,    0.8110,    0.6986,    0.7542,    0.5402,    0.5425,    0.5355,    0.4778,    0.3239,    0.2707,    0.2026,    0.1654,    0.1514,    0.3641,    0.3055,    0.2481,    0.1833,    0.1667,    0.1307,    0.1121,    0.1099,    0.1022,    0.1048,    0.1203,    0.1099,    0.1767,    0.1473,    0.1526,    0.1422,    0.1142,    0.0760,    0.0717,    0.0646,    0.0648,    0.0610,    0.0689,    0.0638,    0.1238,    0.0795,    0.0499,    0.0436,    0.0362,    0.0272,    0.0186,    0.0150,    0.0112,    0.0100,    0.0074,    0.0029,    0.0207,    0.0000,    0.0537,    0.0976,    0.1104,    0.1009,    0.1133,    0.1258,    0.1119,    0.1542,    0.1363,    0.1439,    0.1579,    0.1282,    0.1852,    0.2022,    0.1674,    0.1083,    0.0130,    0.0289,    0.1411,    0.1691,    0.2725,    0.2861,    0.3541,    0.3787,    0.3921,    0.4166,    0.4355,    0.4458,    0.4152,    0.3775,    0.3325,    0.3973,    0.5517,    0.5598,    0.9949,    1.0868,    1.1379,    1.1547,    1.1340,    1.2577,    1.2080,    1.2898,    1.1857,    1.3410,    1.2681,    1.3495,    2.9230,    2.8524,    2.9617,    3.0046,    3.0243,    2.9156,    3.0182,    3.0952,    3.1581,    2.9350,    2.8941,    3.0054,    7.5966,    7.2522,    7.1703,    6.9531,    6.4225,    6.0232,    5.2874,    4.8640,    4.6749,    4.0972,    3.1472,    2.9228,    2.2532,    2.1298,    1.6238,    1.5498,    1.0449,    0.7582,    0.6125,    0.2458,    0.2166,    0.1538,    0.0533,    0.0433
    2,    0.1000,  227.5722,    0.1767,  127.5938,  122.1631,   -4.9433,  -11.5072,  158.4330,  163.5827,  163.6723,  163.8293,  164.1029,  164.5732,  165.3648,  166.6602,  168.4872,  170.9519,  174.2721,  178.5564,  183.8814,  190.3071,  197.9049,  205.8548,  212.8059,  218.1105,  222.1140,  224.8330,  226.3589,  227.0949,  227.3721,  227.5098,  227.5598,    0.0706,    0.2676,    0.5659,    0.9366,    1.3541,    1.7970,    2.2468,    2.6727,    3.0874,    3.4684,    3.5993,    3.7227,    3.5486,    3.8649,    3.9463,    3.9890,    4.1068,    4.1460,    4.0914,    3.9646,    3.7468,    3.5177,    3.4917,    3.6130,    1.2667,    1.2547,    1.2073,    1.1777,    1.1005,    1.0628,    0.9353,    0.9147,    0.8755,    0.7730,    0.7663,    0.6387,    0.4126,    0.3527,    0.2942,    0.2833,    0.2641,    0.2230,    0.2569,    0.2595,    0.2767,    0.3116,    0.3694,    0.4337,    0.5384,    0.5848,    0.4945,    0.6194,    0.6101,    0.5989,    0.6017,    0.6497,    0.6531,    0.6605,    0.6597,    0.6525,    1.7651,    1.7221,    1.6595,    1.6328,    1.5601,    1.5170,    1.4576,    1.3862,    1.3246,    1.2556,    1.1754,    1.1157,    1.6328,    1.4949,    1.3599,    1.2549,    1.1546,    1.0605,    0.9583,    0.8690,    0.7779,    0.7018,    0.6240,    0.5611,    1.4029,    1.0315,    0.7364,    0.5062,    0.3449,    0.2361,    0.1638,    0.1122,    0.0771,    0.0509,    0.0348,    0.0251,    0.0917,    0.0481,    0.0797,    0.0913,    0.1025,    0.0953,    0.1044,    0.1173,    0.1032,    0.1420,    0.1256,    0.1407,    0.1552,    0.1264,    0.1838,    0.2039,    0.1661,    0.1897,    0.2065,    0.2244,    0.2350,    0.1629,    0.2613,    0.2757,    0.3389,    0.3622,    0.3749,    0.3986,    0.4047,    0.4235,    0.4277,    0.4787,    0.5138,    0.4954,    0.5217,    0.5314,    0.8990,    0.9818,    1.0300,    1.0635,    1.0855,    1.1773,    1.1055,    1.1722,    1.1396,    1.2002,    1.1382,    1.2197,    2.6277,    2.5905,    2.6508,    2.6904,    2.7173,    2.6101,    2.7017,    2.7706,    2.8269,    2.6285,    2.5906,    2.6902,    6.8005,    6.4176,    6.3454,    6.1535,    5.6842,    5.3311,    4.6802,    4.3058,    4.1388,    3.6278,    2.7870,    2.5887,    1.9961,    1.7908,    1.3656,    1.3037,    0.8792,    0.6382,    0.5158,    0.2071,    0.1826,    0.1297,    0.0450,    0.0366,    0.0007,    0.0027,    0.0056,    0.0092,    0.0131,    0.0172,    0.0213,    0.0160,    0.0226,    0.1670,    0.3487,    0.4443,    0.3764,    0.3230,    0.3028,    0.3021,    0.2976,    0.3634,    0.5606,    0.9491,    1.3787,    1.5956,    1.2778,    0.8097,    0.2415,    0.2820,    0.4101,    0.4800,    0.6668,    0.7407,    1.0036,    1.0221,    1.0661,    1.1530,    1.1751,    1.2579,    0.9698,    0.9642,    0.9572,    0.9473,    0.9378,    0.9287,    0.9178,    0.9074,    0.8966,    0.8844,    0.8685,    0.8441,    0.8183,    0.7176,    0.7668,    0.5765,    0.5769,    0.5729,    0.5222,    0.3882,    0.3444,    0.2849,    0.2514,    0.2377,    0.5900,    0.4992,    0.4381,    0.3347,    0.3113,    0.2463,    0.2129,    0.2051,    0.1869,    0.1843,    0.2031,    0.1884,    0.3100,    0.2737,    0.2657,    0.2296,    0.1885,    0.1452,    0.1370,    0.1234,    0.1231,    0.1132,    0.1160,    0.1058,    0.2206,    0.1372,    0.0955,    0.0827,    0.0678,    0.0508,    0.0347,    0.0252,    0.0175,    0.0140,    0.0098,    0.0046,    0.0186,    0.0000,    0.0482,    0.0888,    0.1005,    0.0919,    0.1031,    0.1142,    0.1016,    0.1400,    0.1237,    0.1258,    0.1381,    0.1121,    0.1619,    0.1768,    0.1493,    0.0966,    0.0115,    0.0258,    0.1258,    0.1507,    0.2423,    0.2543,    0.3148,    0.3367,    0.3485,    0.3703,    0.3955,    0.4048,    0.3770,    0.3427,    0.3019,    0.3608,    0.5010,    0.5083,    0.9161,    1.0007,    1.0478,    1.0632,    1.0442,    1.1581,    1.1123,    1.1927,    1.0964,    1.2400,    1.1726,    1.2479,    2.7027,    2.6375,    2.7385,    2.7752,    2.7933,    2.6929,    2.7877,    2.8588,    2.9169,    2.7108,    2.6731,    2.7759,    7.0165,    6.7120,    6.6362,    6.4352,    5.9442,    5.5747,    4.8936,    4.5018,    4.3267,    3.7921,    2.9128,    2.7051,    2.0854,    2.0272,    1.5456,    1.4751,    0.9945,    0.7216,    0.5830,    0.2340,    0.2062,    0.1464,    0.0507,    0.0412
    2,    0.1500,  227.5722,    0.1598,  122.6803,  124.6761,    2.4834,  -11.2355,  158.4330,  163.5827,  163.6723,  163.8293,  164.1029,  164.5732,  165.3648,  166.6602,  168.4872,  170.9519,  174.2721,  178.5564,  183.8814,  190.3071,  197.9049,  205.8548,  212.8059,  218.1105,  222.1140,  224.8330,  226.3589,  227.0949,  227.3721,  227.5098,  227.5598,    0.0706,    0.2676,    0.5660,    0.9367,    1.3542,    1.7970,    2.2466,    2.6648,    3.0762,    3.4525,    3.4876,    3.5343,    3.4401,    3.8178,    3.8748,    3.8889,    4.0234,    4.0582,    3.9732,    3.8038,    3.5328,    3.2668,    3.2432,    3.4083,    1.1998,    1.1906,    1.1378,    1.1114,    1.0283,    0.9953,    0.8766,    0.8545,    0.8205,    0.7335,    0.7290,    0.6211,    0.4054,    0.3487,    0.2928,    0.2821,    0.2631,    0.2227,    0.2561,    0.2585,    0.2755,    0.3092,    0.3644,    0.4253,    0.5226,    0.5636,    0.4791,    0.5921,    0.5834,    0.5700,    0.5712,    0.6125,    0.6129,    0.6182,    0.6165,    0.6093,    1.6511,    1.6209,    1.5600,    1.5507,    1.4805,    1.4509,    1.3986,    1.3295,    1.2731,    1.2065,    1.1238,    1.0661,    1.5490,    1.4142,    1.2856,    1.1949,    1.1021,    1.0114,    0.9112,    0.8258,    0.7348,    0.6626,    0.5878,    0.5283,    1.3244,    0.9817,    0.6957,    0.4707,    0.3155,    0.2135,    0.1478,    0.1016,    0.0702,    0.0463,    0.0319,    0.0230,    0.0921,    0.0481,    0.0811,    0.0936,    0.1051,    0.0977,    0.1071,    0.1203,    0.1058,    0.1457,    0.1288,    0.1449,    0.1598,    0.1302,    0.1891,    0.2097,    0.1705,    0.1920,    0.2065,    0.2246,    0.2385,    0.1675,    0.2689,    0.2838,    0.3488,    0.3729,    0.3859,    0.4103,    0.4157,    0.4347,    0.4378,    0.4872,    0.5208,    0.5044,    0.5356,    0.5455,    0.9211,    1.0059,    1.0552,    1.0889,    1.1101,    1.2048,    1.1321,    1.1986,    1.1633,    1.2278,    1.1642,    1.2473,    2.6876,    2.6488,    2.7116,    2.7511,    2.7782,    2.6690,    2.7626,    2.8331,    2.8907,    2.6878,    2.6491,    2.7510,    6.9541,    6.5403,    6.4668,    6.2713,    5.7931,    5.4335,    4.7702,    4.3888,    4.2188,    3.6980,    2.8411,    2.6392,    2.0352,    1.8106,    1.3809,    1.3184,    0.8892,    0.6456,    0.5218,    0.2096,    0.1848,    0.1313,    0.0456,    0.0371,    0.0011,    0.0040,    0.0084,    0.0137,    0.0196,    0.0258,    0.0319,    0.0239,    0.0338,    0.2472,    0.5057,    0.6327,    0.5453,    0.4733,    0.4437,    0.4412,    0.4361,    0.5307,    0.8079,    1.3306,    1.8678,    2.1165,    1.7230,    1.0899,    0.3281,    0.3759,    0.5316,    0.5904,    0.7875,    0.8450,    1.0716,    1.0867,    1.1169,    1.1816,    1.1947,    1.2593,    0.9700,    0.9642,    0.9572,    0.9473,    0.9378,    0.9287,    0.9178,    0.9074,    0.8966,    0.8844,    0.8686,    0.8449,    0.8247,    0.7340,    0.7776,    0.6075,    0.6063,    0.6044,    0.5596,    0.4420,    0.4057,    0.3532,    0.3228,    0.3093,    0.7792,    0.6654,    0.6010,    0.4687,    0.4394,    0.3509,    0.3049,    0.2921,    0.2647,    0.2575,    0.2785,    0.2598,    0.4296,    0.3867,    0.3668,    0.3091,    0.2566,    0.2085,    0.1965,    0.1770,    0.1759,    0.1604,    0.1585,    0.1438,    0.3085,    0.1905,    0.1374,    0.1177,    0.0957,    0.0715,    0.0488,    0.0341,    0.0232,    0.0177,    0.0120,    0.0062,    0.0167,    0.0000,    0.0433,    0.0808,    0.0914,    0.0836,    0.0938,    0.1037,    0.0923,    0.1271,    0.1123,    0.1100,    0.1208,    0.0981,    0.1416,    0.1546,    0.1330,    0.0861,    0.0103,    0.0230,    0.1121,    0.1344,    0.2154,    0.2261,    0.2799,    0.2993,    0.3098,    0.3292,    0.3591,    0.3675,    0.3423,    0.3112,    0.2741,    0.3276,    0.4549,    0.4615,    0.8435,    0.9215,    0.9648,    0.9790,    0.9615,    1.0663,    1.0242,    1.1028,    1.0138,    1.1465,    1.0842,    1.1538,    2.4991,    2.4388,    2.5322,    2.5633,    2.5800,    2.4873,    2.5749,    2.6406,    2.6942,    2.5038,    2.4690,    2.5639,    6.4807,    6.2125,    6.1424,    5.9563,    5.5018,    5.1598,    4.5294,    4.1668,    4.0048,    3.5099,    2.6960,    2.5038,    1.9302,    1.9297,    1.4713,    1.4042,    0.9467,    0.6870,    0.5550,    0.2227,    0.1963,    0.1393,    0.0483,    0.0393
    2,    0.2000,  227.5722,    0.1452,  118.3572,  126.8410,    8.9716,  -11.3768,  158.4330,  163.5827,  163.6723,  163.8293,  164.1029,  164.5732,  165.3648,  166.6602,  168.4872,  170.9519,  174.2721,  178.5564,  183.8814,  190.3071,  197.9049,  205.8548,  212.8059,  218.1105,  222.1140,  224.8330,  226.3589,  227.0949,  227.3721,  227.5098,  227.5598,    0.0706,    0.2677,    0.5661,    0.9367,    1.3542,    1.7969,    2.2464,    2.6569,    3.0651,    3.4368,    3.3850,    3.3641,    3.3410,    3.7729,    3.8075,    3.7953,    3.9448,    3.9761,    3.8658,    3.6634,    3.3559,    3.0698,    3.0456,    3.2322,    1.1413,    1.1350,    1.0793,    1.0553,    0.9691,    0.9397,    0.8286,    0.8056,    0.7756,    0.7005,    0.6975,    0.6052,    0.3987,    0.3449,    0.2913,    0.2809,    0.2622,    0.2224,    0.2553,    0.2576,    0.2743,    0.3069,    0.3596,    0.4174,    0.5082,    0.5445,    0.4651,    0.5678,    0.5595,    0.5444,    0.5444,    0.5801,    0.5780,    0.5817,    0.5792,    0.5721,    1.5523,    1.5319,    1.4724,    1.4767,    1.4090,    1.3905,    1.3442,    1.2773,    1.2254,    1.1609,    1.0763,    1.0206,    1.4730,    1.3412,    1.2184,    1.1398,    1.0537,    0.9660,    0.8679,    0.7861,    0.6956,    0.6268,    0.5550,    0.4984,    1.2527,    0.9355,    0.6583,    0.4388,    0.2896,    0.1939,    0.1339,    0.0923,    0.0640,    0.0422,    0.0293,    0.0211,    0.0924,    0.0481,    0.0822,    0.0955,    0.1073,    0.0996,    0.1093,    0.1227,    0.1080,    0.1487,    0.1315,    0.1481,    0.1634,    0.1331,    0.1933,    0.2142,    0.1742,    0.1938,    0.2065,    0.2248,    0.2413,    0.1712,    0.2751,    0.2902,    0.3568,    0.3814,    0.3948,    0.4197,    0.4249,    0.4441,    0.4463,    0.4942,    0.5266,    0.5118,    0.5472,    0.5572,    0.9400,    1.0266,    1.0767,    1.1107,    1.1312,    1.2283,    1.1549,    1.2213,    1.1837,    1.2515,    1.1867,    1.2712,    2.7394,    2.6991,    2.7641,    2.8034,    2.8308,    2.7198,    2.8152,    2.8870,    2.9457,    2.7389,    2.6996,    2.8034,    7.0865,    6.6465,    6.5718,    6.3733,    5.8875,    5.5221,    4.8481,    4.4606,    4.2880,    3.7589,    2.8880,    2.6829,    2.0691,    1.8288,    1.3949,    1.3319,    0.8985,    0.6524,    0.5274,    0.2118,    0.1869,    0.1328,    0.0461,    0.0375,    0.0014,    0.0053,    0.0111,    0.0182,    0.0261,    0.0343,    0.0424,    0.0317,    0.0449,    0.3252,    0.6525,    0.8029,    0.7030,    0.6166,    0.5783,    0.5731,    0.5683,    0.6894,    1.0360,    1.6622,    2.2615,    2.5175,    2.0858,    1.3374,    0.4056,    0.4596,    0.6350,    0.6845,    0.8832,    0.9279,    1.1227,    1.1341,    1.1544,    1.2030,    1.2096,    1.2606,    0.9701,    0.9642,    0.9572,    0.9473,    0.9378,    0.9287,    0.9178,    0.9074,    0.8966,    0.8845,    0.8687,    0.8456,    0.8303,    0.7483,    0.7869,    0.6342,    0.6316,    0.6310,    0.5910,    0.4873,    0.4567,    0.4100,    0.3823,    0.3690,    0.9382,    0.8084,    0.7413,    0.5875,    0.5530,    0.4457,    0.3891,    0.3716,    0.3364,    0.3248,    0.3472,    0.3249,    0.5370,    0.4878,    0.4573,    0.3816,    0.3190,    0.2665,    0.2509,    0.2261,    0.2237,    0.2031,    0.1969,    0.1781,    0.3886,    0.2399,    0.1758,    0.1492,    0.1204,    0.0895,    0.0612,    0.0421,    0.0282,    0.0209,    0.0139,    0.0077,    0.0150,    0.0000,    0.0389,    0.0735,    0.0832,    0.0761,    0.0854,    0.0941,    0.0838,    0.1154,    0.1020,    0.0962,    0.1056,    0.0857,    0.1238,    0.1352,    0.1186,    0.0767,    0.0092,    0.0205,    0.0999,    0.1198,    0.1915,    0.2010,    0.2488,    0.2661,    0.2754,    0.2926,    0.3261,    0.3337,    0.3108,    0.2826,    0.2489,    0.2975,    0.4130,    0.4191,    0.7767,    0.8485,    0.8883,    0.9014,    0.8853,    0.9819,    0.9430,    1.0197,    0.9374,    1.0602,    1.0025,    1.0669,    2.3108,    2.2551,    2.3414,    2.3676,    2.3831,    2.2974,    2.3783,    2.4390,    2.4885,    2.3127,    2.2805,    2.3682,    5.9860,    5.7506,    5.6857,    5.5135,    5.0928,    4.7762,    4.1927,    3.8570,    3.7071,    3.2490,    2.4956,    2.3177,    1.7868,    1.8371,    1.4007,    1.3369,    0.9013,    0.6540,    0.5284,    0.2121,    0.1869,    0.1327,    0.0460,    0.0374
    2,    0.3000,  227.5722,    0.1218,  111.0705,  130.3149,   19.7328,  -12.4194,  158.4330,  163.5827,  163.6723,  163.8293,  164.1029,  164.5732,  165.3648,  166.6602,  168.4872,  170.9519,  174.2721,  178.5564,  183.8814,  190.3071,  197.9049,  205.8548,  212.8059,  218.1105,  222.1140,  224.8330,  226.3589,  227.0949,  227.3721,  227.5098,  227.5598,    0.0706,    0.2677,    0.5662,    0.9368,    1.3542,    1.7968,    2.2460,    2.6413,    3.0431,    3.4063,    3.2038,    3.0685,    3.1673,    3.6889,    3.6843,    3.6253,    3.8011,    3.8272,    3.6783,    3.4298,    3.0799,    2.7789,    2.7517,    2.9465,    1.0442,    1.0433,    0.9864,    0.9659,    0.8778,    0.8533,    0.7549,    0.7312,    0.7067,    0.6484,    0.6469,    0.5776,    0.3867,    0.3379,    0.2886,    0.2786,    0.2604,    0.2218,    0.2538,    0.2558,    0.2719,    0.3025,    0.3506,    0.4030,    0.4825,    0.5113,    0.4407,    0.5264,    0.5187,    0.5014,    0.4995,    0.5265,    0.5209,    0.5221,    0.5185,    0.5115,    1.3903,    1.3831,    1.3262,    1.3494,    1.2857,    1.2840,    1.2474,    1.1844,    1.1401,    1.0793,    0.9923,    0.9400,    1.3404,    1.2146,    1.1020,    1.0426,    0.9676,    0.8855,    0.7915,    0.7160,    0.6270,    0.5643,    0.4978,    0.4465,    1.1269,    0.8528,    0.5921,    0.3839,    0.2464,    0.1616,    0.1111,    0.0769,    0.0537,    0.0354,    0.0249,    0.0178,    0.0929,    0.0481,    0.0838,    0.0985,    0.1106,    0.1027,    0.1127,    0.1265,    0.1114,    0.1533,    0.1356,    0.1526,    0.1683,    0.1371,    0.1991,    0.2205,    0.1794,    0.1965,    0.2064,    0.2249,    0.2454,    0.1766,    0.2840,    0.2995,    0.3684,    0.3938,    0.4076,    0.4333,    0.4391,    0.4584,    0.4592,    0.5049,    0.5354,    0.5233,    0.5650,    0.5752,    0.9700,    1.0594,    1.1111,    1.1453,    1.1647,    1.2658,    1.1913,    1.2579,    1.2165,    1.2898,    1.2228,    1.3095,    2.8227,    2.7801,    2.8487,    2.8873,    2.9151,    2.8012,    2.8995,    2.9735,    3.0339,    2.8209,    2.7805,    2.8874,    7.2990,    6.8179,    6.7415,    6.5380,    6.0398,    5.6652,    4.9740,    4.5767,    4.3999,    3.8573,    2.9639,    2.7537,    2.1240,    1.8606,    1.4194,    1.3556,    0.9147,    0.6643,    0.5372,    0.2159,    0.1905,    0.1354,    0.0470,    0.0383,    0.0021,    0.0079,    0.0166,    0.0272,    0.0389,    0.0512,    0.0633,    0.0473,    0.0669,    0.4753,    0.9196,    1.0986,    0.9886,    0.8836,    0.8296,    0.8176,    0.8155,    0.9829,    1.4411,    2.2028,    2.8387,    3.0719,    2.6311,    1.7543,    0.5384,    0.6016,    0.7992,    0.8339,    1.0213,    1.0477,    1.1913,    1.1960,    1.2037,    1.2318,    1.2299,    1.2625,    0.9703,    0.9643,    0.9572,    0.9473,    0.9378,    0.9287,    0.9178,    0.9074,    0.8966,    0.8845,    0.8689,    0.8469,    0.8394,    0.7713,    0.8019,    0.6769,    0.6723,    0.6728,    0.6403,    0.5581,    0.5353,    0.4975,    0.4738,    0.4608,    1.1861,    1.0385,    0.9671,    0.7870,    0.7439,    0.6100,    0.5370,    0.5114,    0.4633,    0.4440,    0.4671,    0.4387,    0.7208,    0.6601,    0.6118,    0.5080,    0.4291,    0.3690,    0.3462,    0.3121,    0.3064,    0.2772,    0.2633,    0.2374,    0.5285,    0.3281,    0.2438,    0.2034,    0.1618,    0.1195,    0.0819,    0.0555,    0.0369,    0.0265,    0.0173,    0.0102,    0.0121,    0.0000,    0.0313,    0.0609,    0.0689,    0.0630,    0.0707,    0.0776,    0.0691,    0.0951,    0.0841,    0.0736,    0.0808,    0.0656,    0.0947,    0.1034,    0.0943,    0.0610,    0.0073,    0.0163,    0.0794,    0.0952,    0.1513,    0.1589,    0.1966,    0.2103,    0.2177,    0.2313,    0.2688,    0.2752,    0.2563,    0.2330,    0.2053,    0.2453,    0.3406,    0.3455,    0.6585,    0.7194,    0.7532,    0.7643,    0.7507,    0.8325,    0.7996,    0.8719,    0.8016,    0.9065,    0.8572,    0.9123,    1.9759,    1.9282,    2.0021,    2.0201,    2.0333,    1.9603,    2.0293,    2.0810,    2.1233,    1.9733,    1.9458,    2.0206,    5.1075,    4.9285,    4.8729,    4.7254,    4.3648,    4.0935,    3.5934,    3.3057,    3.1773,    2.7847,    2.1390,    1.9866,    1.5315,    1.6655,    1.2699,    1.2120,    0.8171,    0.5930,    0.4791,    0.1923,    0.1695,    0.1203,    0.0417,    0.0339
    2,    0.4000,  227.5722,    0.1044,  105.1402,  132.8988,   28.2475,  -13.9649,  158.4330,  163.5827,  163.6723,  163.8293,  164.1029,  164.5732,  165.3648,  166.6602,  168.4872,  170.9519,  174.2721,  178.5564,  183.8814,  190.3071,  197.9049,  205.8548,  212.8059,  218.1105,  222.1140,  224.8330,  226.3589,  227.0949,  227.3721,  227.5098,  227.5598,    0.0707,    0.2678,    0.5663,    0.9369,    1.3542,    1.7966,    2.2456,    2.6259,    3.0214,    3.3768,    3.0492,    2.8207,    3.0206,    3.6119,    3.5745,    3.4755,    3.6729,    3.6961,    3.5201,    3.2431,    2.8739,    2.5729,    2.5428,    2.7262,    0.9673,    0.9714,    0.9159,    0.8976,    0.8104,    0.7892,    0.7009,    0.6773,    0.6563,    0.6090,    0.6080,    0.5546,    0.3761,    0.3316,    0.2860,    0.2765,    0.2587,    0.2212,    0.2523,    0.2540,    0.2696,    0.2983,    0.3425,    0.3901,    0.4606,    0.4835,    0.4201,    0.4924,    0.4853,    0.4667,    0.4636,    0.4841,    0.4764,    0.4757,    0.4715,    0.4646,    1.2639,    1.2643,    1.2096,    1.2439,    1.1837,    1.1935,    1.1642,    1.1044,    1.0659,    1.0084,    0.9204,    0.8711,    1.2292,    1.1092,    1.0049,    0.9597,    0.8936,    0.8163,    0.7263,    0.6562,    0.5694,    0.5118,    0.4499,    0.4030,    1.0207,    0.7810,    0.5355,    0.3389,    0.2122,    0.1367,    0.0934,    0.0649,    0.0456,    0.0299,    0.0213,    0.0152,    0.0932,    0.0481,    0.0849,    0.1005,    0.1129,    0.1048,    0.1152,    0.1291,    0.1137,    0.1566,    0.1385,    0.1554,    0.1713,    0.1395,    0.2026,    0.2242,    0.1828,    0.1981,    0.2062,    0.2250,    0.2480,    0.1801,    0.2897,    0.3055,    0.3758,    0.4017,    0.4158,    0.4421,    0.4489,    0.4684,    0.4682,    0.5124,    0.5415,    0.5312,    0.5774,    0.5877,    0.9921,    1.0835,    1.1363,    1.1707,    1.1892,    1.2933,    1.2179,    1.2852,    1.2410,    1.3184,    1.2498,    1.3382,    2.8848,    2.8405,    2.9117,    2.9496,    2.9777,    2.8617,    2.9622,    3.0378,    3.0995,    2.8818,    2.8406,    2.9498,    7.4569,    6.9464,    6.8686,    6.6614,    6.1540,    5.7725,    5.0684,    4.6638,    4.4839,    3.9312,    3.0209,    2.8069,    2.1652,    1.8873,    1.4400,    1.3755,    0.9283,    0.6744,    0.5455,    0.2193,    0.1936,    0.1377,    0.0478,    0.0390,    0.0028,    0.0105,    0.0220,    0.0361,    0.0516,    0.0679,    0.0840,    0.0627,    0.0886,    0.6176,    1.1563,    1.3464,    1.2403,    1.1265,    1.0594,    1.0393,    1.0417,    1.2478,    1.7878,    2.6158,    3.2230,    3.4156,    3.0086,    2.0905,    0.6478,    0.7169,    0.9209,    0.9449,    1.1117,    1.1265,    1.2327,    1.2323,    1.2329,    1.2493,    1.2426,    1.2641,    0.9705,    0.9644,    0.9572,    0.9473,    0.9379,    0.9287,    0.9178,    0.9074,    0.8966,    0.8845,    0.8691,    0.8480,    0.8466,    0.7889,    0.8133,    0.7091,    0.7028,    0.7033,    0.6761,    0.6093,    0.5913,    0.5597,    0.5388,    0.5261,    1.3653,    1.2117,    1.1373,    0.9458,    0.8959,    0.7461,    0.6615,    0.6292,    0.5714,    0.5457,    0.5674,    0.5340,    0.8706,    0.7998,    0.7372,    0.6138,    0.5224,    0.4558,    0.4266,    0.3846,    0.3750,    0.3387,    0.3181,    0.2865,    0.6458,    0.4043,    0.3018,    0.2481,    0.1948,    0.1431,    0.0981,    0.0662,    0.0439,    0.0310,    0.0202,    0.0123,    0.0097,    0.0000,    0.0253,    0.0504,    0.0571,    0.0522,    0.0585,    0.0640,    0.0569,    0.0784,    0.0693,    0.0563,    0.0618,    0.0502,    0.0725,    0.0791,    0.0749,    0.0485,    0.0058,    0.0130,    0.0631,    0.0757,    0.1196,    0.1256,    0.1555,    0.1663,    0.1721,    0.1829,    0.2217,    0.2269,    0.2113,    0.1922,    0.1693,    0.2023,    0.2808,    0.2849,    0.5584,    0.6100,    0.6387,    0.6481,    0.6365,    0.7059,    0.6780,    0.7457,    0.6855,    0.7752,    0.7331,    0.7802,    1.6898,    1.6490,    1.7121,    1.7240,    1.7353,    1.6729,    1.7318,    1.7760,    1.8120,    1.6840,    1.6606,    1.7244,    4.3588,    4.2258,    4.1781,    4.0516,    3.7425,    3.5099,    3.0811,    2.8345,    2.7243,    2.3877,    1.8341,    1.7034,    1.3132,    1.5104,    1.1516,    1.0992,    0.7411,    0.5378,    0.4345,    0.1744,    0.1537,    0.1091,    0.0378,    0.0308
    2,    0.5000,  227.5722,    0.0914,  100.2057,  134.8241,   35.1077,  -15.6495,  158.4330,  163.5827,  163.6723,  163.8293,  164.1029,  164.5732,  165.3648,  166.6602,  168.4872,  170.9519,  174.2721,  178.5564,  183.8814,  190.3071,  197.9049,  205.8548,  212.8059,  218.1105,  222.1140,  224.8330,  226.3589,  227.0949,  227.3721,  227.5098,  227.5598,    0.0707,    0.2679,    0.5664,    0.9370,    1.3542,    1.7964,    2.2451,    2.6107,    3.0001,    3.3483,    2.9166,    2.6100,    2.8958,    3.5410,    3.4763,    3.3427,    3.5582,    3.5798,    3.3851,    3.0900,    2.7138,    2.4182,    2.3855,    2.5520,    0.9053,    0.9137,    0.8603,    0.8436,    0.7586,    0.7396,    0.6595,    0.6364,    0.6177,    0.5782,    0.5772,    0.5350,    0.3667,    0.3258,    0.2836,    0.2744,    0.2570,    0.2206,    0.2508,    0.2523,    0.2675,    0.2944,    0.3351,    0.3786,    0.4415,    0.4599,    0.4025,    0.4642,    0.4574,    0.4382,    0.4342,    0.4499,    0.4409,    0.4390,    0.4343,    0.4275,    1.1633,    1.1677,    1.1149,    1.1556,    1.0982,    1.1158,    1.0919,    1.0350,    1.0011,    0.9464,    0.8584,    0.8116,    1.1351,    1.0205,    0.9233,    0.8885,    0.8296,    0.7564,    0.6703,    0.6048,    0.5205,    0.4672,    0.4094,    0.3662,    0.9302,    0.7185,    0.4870,    0.3015,    0.1847,    0.1172,    0.0797,    0.0555,    0.0391,    0.0256,    0.0184,    0.0130,    0.0933,    0.0481,    0.0857,    0.1020,    0.1146,    0.1063,    0.1169,    0.1310,    0.1154,    0.1588,    0.1405,    0.1570,    0.1731,    0.1410,    0.2047,    0.2265,    0.1851,    0.1992,    0.2060,    0.2249,    0.2497,    0.1823,    0.2934,    0.3093,    0.3806,    0.4069,    0.4211,    0.4477,    0.4557,    0.4753,    0.4745,    0.5175,    0.5457,    0.5367,    0.5860,    0.5965,    1.0083,    1.1012,    1.1548,    1.1893,    1.2073,    1.3135,    1.2375,    1.3056,    1.2593,    1.3396,    1.2699,    1.3595,    2.9311,    2.8855,    2.9588,    2.9959,    3.0243,    2.9067,    3.0087,    3.0855,    3.1482,    2.9271,    2.8852,    2.9962,    7.5741,    7.0426,    6.9639,    6.7539,    6.2396,    5.8530,    5.1393,    4.7292,    4.5470,    3.9867,    3.0638,    2.8469,    2.1963,    1.9096,    1.4572,    1.3922,    0.9397,    0.6828,    0.5525,    0.2221,    0.1961,    0.1396,    0.0485,    0.0395,    0.0035,    0.0130,    0.0273,    0.0448,    0.0642,    0.0844,    0.1044,    0.0780,    0.1099,    0.7525,    1.3673,    1.5573,    1.4634,    1.3477,    1.2698,    1.2410,    1.2493,    1.4874,    2.0856,    2.9335,    3.4836,    3.6351,    3.2752,    2.3657,    0.7394,    0.8117,    1.0124,    1.0283,    1.1724,    1.1795,    1.2590,    1.2549,    1.2514,    1.2606,    1.2511,    1.2654,    0.9707,    0.9644,    0.9572,    0.9473,    0.9379,    0.9287,    0.9178,    0.9075,    0.8966,    0.8846,    0.8693,    0.8489,    0.8523,    0.8025,    0.8221,    0.7335,    0.7261,    0.7260,    0.7025,    0.6470,    0.6318,    0.6047,    0.5858,    0.5734,    1.4967,    1.3435,    1.2670,    1.0729,    1.0177,    0.8594,    0.7668,    0.7289,    0.6639,    0.6328,    0.6519,    0.6142,    0.9935,    0.9140,    0.8398,    0.7028,    0.6020,    0.5299,    0.4946,    0.4461,    0.4322,    0.3900,    0.3637,    0.3273,    0.7449,    0.4705,    0.3515,    0.2852,    0.2216,    0.1619,    0.1112,    0.0749,    0.0497,    0.0348,    0.0226,    0.0140,    0.0078,    0.0000,    0.0204,    0.0418,    0.0473,    0.0432,    0.0485,    0.0527,    0.0469,    0.0647,    0.0571,    0.0431,    0.0473,    0.0384,    0.0555,    0.0606,    0.0596,    0.0386,    0.0046,    0.0103,    0.0502,    0.0602,    0.0946,    0.0993,    0.1230,    0.1315,    0.1361,    0.1446,    0.1829,    0.1872,    0.1743,    0.1585,    0.1397,    0.1669,    0.2316,    0.2350,    0.4735,    0.5173,    0.5416,    0.5496,    0.5398,    0.5987,    0.5750,    0.6378,    0.5863,    0.6631,    0.6270,    0.6673,    1.4453,    1.4105,    1.4645,    1.4716,    1.4812,    1.4280,    1.4783,    1.5160,    1.5468,    1.4375,    1.4175,    1.4720,    3.7207,    3.6250,    3.5841,    3.4756,    3.2104,    3.0109,    2.6431,    2.4316,    2.3371,    2.0484,    1.5735,    1.4614,    1.1266,    1.3702,    1.0448,    0.9972,    0.6724,    0.4880,    0.3943,    0.1583,    0.1395,    0.0990,    0.0343,    0.0279
    2,    0.7500,  227.5722,    0.0716,   90.8422,  137.7674,   47.4157,  -19.4170,  158.4330,  163.5827,  163.6723,  163.8293,  164.1029,  164.5732,  165.3648,  166.6602,  168.4872,  170.9519,  174.2721,  178.5564,  183.8814,  190.3071,  197.9049,  205.8548,  212.8059,  218.1105,  222.1140,  224.8330,  226.3589,  227.0949,  227.3721,  227.5098,  227.5598,    0.0707,    0.2680,    0.5666,    0.9371,    1.3540,    1.7958,    2.2438,    2.5734,    2.9480,    3.2811,    2.6576,    2.1993,    2.6548,    3.3864,    3.2712,    3.0704,    3.3189,    3.3403,    3.1202,    2.8048,    2.4351,    2.1582,    2.1176,    2.2451,    0.7934,    0.8094,    0.7613,    0.7470,    0.6694,    0.6538,    0.5885,    0.5671,    0.5518,    0.5239,    0.5221,    0.4966,    0.3474,    0.3134,    0.2780,    0.2696,    0.2532,    0.2192,    0.2475,    0.2484,    0.2624,    0.2856,    0.3190,    0.3545,    0.4035,    0.4140,    0.3680,    0.4110,    0.4049,    0.3855,    0.3804,    0.3883,    0.3779,    0.3742,    0.3689,    0.3625,    0.9853,    0.9922,    0.9433,    0.9883,    0.9365,    0.9635,    0.9480,    0.8968,    0.8705,    0.8216,    0.7362,    0.6945,    0.9547,    0.8519,    0.7683,    0.7490,    0.7025,    0.6379,    0.5604,    0.5041,    0.4267,    0.3818,    0.3325,    0.2964,    0.7558,    0.5937,    0.3925,    0.2325,    0.1366,    0.0841,    0.0565,    0.0393,    0.0278,    0.0181,    0.0133,    0.0092,    0.0935,    0.0480,    0.0866,    0.1040,    0.1169,    0.1083,    0.1192,    0.1334,    0.1176,    0.1619,    0.1432,    0.1588,    0.1751,    0.1426,    0.2070,    0.2290,    0.1878,    0.2004,    0.2057,    0.2247,    0.2516,    0.1851,    0.2978,    0.3140,    0.3864,    0.4130,    0.4275,    0.4545,    0.4651,    0.4848,    0.4830,    0.5245,    0.5514,    0.5441,    0.5978,    0.6084,    1.0324,    1.1275,    1.1823,    1.2170,    1.2340,    1.3435,    1.2666,    1.3366,    1.2870,    1.3721,    1.3005,    1.3920,    3.0017,    2.9541,    3.0305,    3.0660,    3.0947,    2.9748,    3.0792,    3.1578,    3.2220,    2.9957,    2.9529,    3.0665,    7.7519,    7.1906,    7.1104,    6.8963,    6.3715,    5.9770,    5.2485,    4.8301,    4.6444,    4.0726,    3.1301,    2.9090,    2.2447,    1.9508,    1.4891,    1.4231,    0.9609,    0.6986,    0.5655,    0.2275,    0.2010,    0.1431,    0.0498,    0.0406,    0.0051,    0.0193,    0.0405,    0.0664,    0.0951,    0.1249,    0.1546,    0.1153,    0.1620,    1.0600,    1.8060,    1.9682,    1.9216,    1.8186,    1.7235,    1.6739,    1.6992,    1.9936,    2.6630,    3.4515,    3.8406,    3.9157,    3.6622,    2.8681,    0.9124,    0.9849,    1.1573,    1.1609,    1.2556,    1.2528,    1.2936,    1.2847,    1.2762,    1.2764,    1.2634,    1.2677,    0.9711,    0.9646,    0.9572,    0.9473,    0.9379,    0.9287,    0.9178,    0.9075,    0.8967,    0.8846,    0.8697,    0.8507,    0.8622,    0.8253,    0.8367,    0.7732,    0.7641,    0.7617,    0.7439,    0.7052,    0.6931,    0.6726,    0.6568,    0.6447,    1.6990,    1.5572,    1.4774,    1.2947,    1.2306,    1.0690,    0.9667,    0.9184,    0.8424,    0.8010,    0.8107,    0.7652,    1.2163,    1.1194,    1.0250,    0.8704,    0.7548,    0.6725,    0.6243,    0.5634,    0.5387,    0.4858,    0.4483,    0.4033,    0.9333,    0.6019,    0.4483,    0.3542,    0.2694,    0.1949,    0.1342,    0.0906,    0.0604,    0.0417,    0.0272,    0.0174,    0.0046,    0.0000,    0.0119,    0.0261,    0.0295,    0.0270,    0.0303,    0.0326,    0.0290,    0.0400,    0.0353,    0.0222,    0.0243,    0.0197,    0.0285,    0.0311,    0.0337,    0.0218,    0.0026,    0.0059,    0.0284,    0.0340,    0.0527,    0.0554,    0.0685,    0.0733,    0.0759,    0.0806,    0.1131,    0.1157,    0.1078,    0.0981,    0.0864,    0.1032,    0.1432,    0.1453,    0.3139,    0.3429,    0.3590,    0.3643,    0.3578,    0.3968,    0.3811,    0.4320,    0.3972,    0.4491,    0.4247,    0.4520,    0.9790,    0.9554,    0.9919,    0.9920,    0.9985,    0.9626,    0.9965,    1.0219,    1.0426,    0.9690,    0.9555,    0.9922,    2.5080,    2.4763,    2.4484,    2.3743,    2.1932,    2.0570,    1.8057,    1.6612,    1.5967,    1.3995,    1.0751,    0.9985,    0.7699,    1.0757,    0.8203,    0.7830,    0.5280,    0.3833,    0.3097,    0.1243,    0.1096,    0.0778,    0.0270,    0.0219
    2,    1.0000,  227.5722,    0.0619,   84.2182,  139.2010,   55.4746,  -21.9579,  158.4330,  163.5827,  163.6723,  163.8293,  164.1029,  164.5732,  165.3648,  166.6602,  168.4872,  170.9519,  174.2721,  178.5564,  183.8814,  190.3071,  197.9049,  205.8548,  212.8059,  218.1105,  222.1140,  224.8330,  226.3589,  227.0949,  227.3721,  227.5098,  227.5598,    0.0708,    0.2681,    0.5667,    0.9370,    1.3537,    1.7949,    2.2422,    2.5371,    2.8977,    3.2193,    2.4718,    1.9003,    2.4836,    3.2573,    3.1101,    2.8620,    3.1315,    3.1548,    2.9250,    2.6065,    2.2551,    1.9954,    1.9458,    2.0451,    0.7193,    0.7392,    0.6954,    0.6825,    0.6125,    0.5987,    0.5432,    0.5233,    0.5097,    0.4880,    0.4853,    0.4685,    0.3322,    0.3032,    0.2730,    0.2653,    0.2498,    0.2180,    0.2444,    0.2448,    0.2579,    0.2779,    0.3057,    0.3353,    0.3751,    0.3809,    0.3425,    0.3740,    0.3682,    0.3495,    0.3439,    0.3476,    0.3370,    0.3326,    0.3271,    0.3209,    0.8706,    0.8757,    0.8298,    0.8719,    0.8242,    0.8530,    0.8415,    0.7946,    0.7728,    0.7281,    0.6470,    0.6091,    0.8279,    0.7348,    0.6607,    0.6484,    0.6094,    0.5513,    0.4811,    0.4315,    0.3611,    0.3221,    0.2791,    0.2481,    0.6329,    0.5017,    0.3250,    0.1866,    0.1066,    0.0643,    0.0427,    0.0295,    0.0209,    0.0135,    0.0100,    0.0068,    0.0935,    0.0480,    0.0869,    0.1048,    0.1178,    0.1092,    0.1202,    0.1344,    0.1185,    0.1631,    0.1443,    0.1594,    0.1757,    0.1430,    0.2076,    0.2297,    0.1887,    0.2007,    0.2053,    0.2244,    0.2522,    0.1861,    0.2993,    0.3155,    0.3883,    0.4151,    0.4297,    0.4568,    0.4689,    0.4887,    0.4865,    0.5272,    0.5535,    0.5471,    0.6025,    0.6133,    1.0435,    1.1397,    1.1951,    1.2298,    1.2463,    1.3573,    1.2800,    1.3515,    1.3002,    1.3877,    1.3153,    1.4077,    3.0357,    2.9871,    3.0650,    3.0994,    3.1283,    3.0072,    3.1128,    3.1923,    3.2572,    3.0283,    2.9851,    3.1000,    7.8367,    7.2628,    7.1820,    6.9659,    6.4360,    6.0378,    5.3021,    4.8797,    4.6924,    4.1150,    3.1630,    2.9398,    2.2688,    1.9773,    1.5097,    1.4432,    0.9748,    0.7089,    0.5741,    0.2310,    0.2043,    0.1455,    0.0506,    0.0414,    0.0068,    0.0254,    0.0533,    0.0873,    0.1251,    0.1644,    0.2035,    0.1516,    0.2123,    1.3295,    2.1489,    2.2674,    2.2725,    2.1929,    2.0921,    2.0260,    2.0684,    2.3935,    3.0669,    3.7373,    4.0023,    4.0359,    3.8490,    3.1972,    1.0318,    1.0978,    1.2352,    1.2326,    1.2943,    1.2873,    1.3100,    1.2992,    1.2886,    1.2847,    1.2703,    1.2695,    0.9715,    0.9647,    0.9572,    0.9473,    0.9379,    0.9287,    0.9179,    0.9075,    0.8967,    0.8847,    0.8701,    0.8520,    0.8685,    0.8387,    0.8452,    0.7958,    0.7857,    0.7814,    0.7663,    0.7363,    0.7251,    0.7077,    0.6934,    0.6816,    1.8058,    1.6765,    1.5953,    1.4302,    1.3610,    1.2072,    1.1030,    1.0478,    0.9671,    0.9187,    0.9179,    0.8673,    1.3596,    1.2507,    1.1437,    0.9842,    0.8613,    0.7720,    0.7137,    0.6445,    0.6100,    0.5501,    0.5048,    0.4541,    1.0630,    0.6977,    0.5171,    0.4007,    0.3002,    0.2157,    0.1487,    0.1008,    0.0675,    0.0464,    0.0304,    0.0198,    0.0027,    0.0000,    0.0070,    0.0164,    0.0185,    0.0169,    0.0190,    0.0202,    0.0180,    0.0248,    0.0219,    0.0114,    0.0126,    0.0102,    0.0147,    0.0161,    0.0191,    0.0124,    0.0015,    0.0033,    0.0161,    0.0193,    0.0295,    0.0309,    0.0383,    0.0409,    0.0424,    0.0450,    0.0700,    0.0717,    0.0668,    0.0608,    0.0536,    0.0640,    0.0887,    0.0900,    0.2083,    0.2276,    0.2383,    0.2418,    0.2375,    0.2634,    0.2530,    0.2931,    0.2695,    0.3047,    0.2882,    0.3067,    0.6642,    0.6482,    0.6730,    0.6701,    0.6745,    0.6502,    0.6731,    0.6903,    0.7043,    0.6546,    0.6454,    0.6703,    1.6942,    1.6976,    1.6785,    1.6277,    1.5036,    1.4102,    1.2380,    1.1390,    1.0948,    0.9596,    0.7372,    0.6847,    0.5279,    0.8464,    0.6455,    0.6162,    0.4156,    0.3017,    0.2438,    0.0979,    0.0863,    0.0613,    0.0213,    0.0173
    2,    1.2500,  227.5722,    0.0571,   79.2784,  139.9093,   61.1239,  -23.3267,  158.4330,  163.5827,  163.6723,  163.8293,  164.1029,  164.5732,  165.3648,  166.6602,  168.4872,  170.9519,  174.2721,  178.5564,  183.8814,  190.3071,  197.9049,  205.8548,  212.8059,  218.1105,  222.1140,  224.8330,  226.3589,  227.0949,  227.3721,  227.5098,  227.5598,    0.0708,    0.2682,    0.5667,    0.9369,    1.3532,    1.7939,    2.2403,    2.5019,    2.8491,    3.1622,    2.3344,    1.6730,    2.3571,    3.1477,    2.9803,    2.6990,    2.9813,    3.0067,    2.7739,    2.4604,    2.1286,    1.8827,    1.8247,    1.9029,    0.6665,    0.6881,    0.6481,    0.6360,    0.5728,    0.5601,    0.5113,    0.4927,    0.4801,    0.4622,    0.4587,    0.4469,    0.3200,    0.2947,    0.2686,    0.2614,    0.2467,    0.2167,    0.2416,    0.2416,    0.2537,    0.2712,    0.2946,    0.3197,    0.3529,    0.3558,    0.3230,    0.3467,    0.3412,    0.3233,    0.3176,    0.3189,    0.3084,    0.3037,    0.2982,    0.2923,    0.7913,    0.7936,    0.7500,    0.7874,    0.7428,    0.7702,    0.7605,    0.7169,    0.6975,    0.6563,    0.5799,    0.5449,    0.7355,    0.6500,    0.5829,    0.5735,    0.5392,    0.4861,    0.4221,    0.3775,    0.3134,    0.2789,    0.2408,    0.2135,    0.5434,    0.4325,    0.2757,    0.1548,    0.0868,    0.0517,    0.0340,    0.0233,    0.0164,    0.0105,    0.0078,    0.0053,    0.0935,    0.0480,    0.0870,    0.1051,    0.1182,    0.1095,    0.1206,    0.1349,    0.1189,    0.1636,    0.1447,    0.1595,    0.1758,    0.1432,    0.2078,    0.2299,    0.1890,    0.2008,    0.2050,    0.2241,    0.2523,    0.1864,    0.2998,    0.3161,    0.3890,    0.4158,    0.4304,    0.4575,    0.4705,    0.4903,    0.4879,    0.5283,    0.5543,    0.5482,    0.6045,    0.6152,    1.0487,    1.1453,    1.2010,    1.2357,    1.2520,    1.3637,    1.2862,    1.3586,    1.3066,    1.3952,    1.3224,    1.4152,    3.0520,    3.0030,    3.0816,    3.1154,    3.1443,    3.0227,    3.1288,    3.2087,    3.2740,    3.0440,    3.0006,    3.1160,    7.8772,    7.2982,    7.2171,    7.0001,    6.4678,    6.0677,    5.3286,    4.9043,    4.7162,    4.1361,    3.1795,    2.9554,    2.2810,    1.9945,    1.5231,    1.4563,    0.9838,    0.7156,    0.5797,    0.2334,    0.2064,    0.1471,    0.0512,    0.0419,    0.0083,    0.0313,    0.0657,    0.1078,    0.1544,    0.2029,    0.2512,    0.1868,    0.2610,    1.5659,    2.4222,    2.4949,    2.5454,    2.4915,    2.3936,    2.3166,    2.3740,    2.7119,    3.3534,    3.9034,    4.0870,    4.0987,    3.9493,    3.4202,    1.1169,    1.1738,    1.2802,    1.2741,    1.3155,    1.3064,    1.3197,    1.3079,    1.2963,    1.2898,    1.2748,    1.2709,    0.9718,    0.9648,    0.9573,    0.9474,    0.9379,    0.9287,    0.9179,    0.9075,    0.8967,    0.8848,    0.8704,    0.8530,    0.8729,    0.8473,    0.8507,    0.8097,    0.7991,    0.7934,    0.7797,    0.7546,    0.7436,    0.7280,    0.7146,    0.7028,    1.8679,    1.7483,    1.6663,    1.5170,    1.4446,    1.3012,    1.1983,    1.1385,    1.0561,    1.0028,    0.9924,    0.9384,    1.4555,    1.3381,    1.2231,    1.0637,    0.9375,    0.8433,    0.7771,    0.7022,    0.6594,    0.5948,    0.5438,    0.4893,    1.1554,    0.7692,    0.5676,    0.4333,    0.3210,    0.2295,    0.1585,    0.1078,    0.0724,    0.0497,    0.0327,    0.0215,    0.0016,    0.0000,    0.0041,    0.0103,    0.0116,    0.0106,    0.0119,    0.0125,    0.0112,    0.0154,    0.0136,    0.0059,    0.0065,    0.0053,    0.0076,    0.0083,    0.0108,    0.0070,    0.0009,    0.0019,    0.0091,    0.0109,    0.0165,    0.0173,    0.0215,    0.0230,    0.0238,    0.0252,    0.0435,    0.0445,    0.0415,    0.0377,    0.0333,    0.0397,    0.0551,    0.0559,    0.1385,    0.1513,    0.1584,    0.1607,    0.1579,    0.1751,    0.1681,    0.1993,    0.1832,    0.2071,    0.1959,    0.2085,    0.4515,    0.4406,    0.4575,    0.4537,    0.4566,    0.4402,    0.4557,    0.4674,    0.4768,    0.4432,    0.4370,    0.4538,    1.1471,    1.1680,    1.1548,    1.1199,    1.0345,    0.9703,    0.8518,    0.7837,    0.7533,    0.6603,    0.5073,    0.4712,    0.3633,    0.6675,    0.5091,    0.4860,    0.3278,    0.2380,    0.1924,    0.0772,    0.0681,    0.0484,    0.0168,    0.0137
    2,    1.5000,  227.5722,    0.0547,   75.4453,  140.2652,   65.3142,  -23.8201,  158.4330,  163.5827,  163.6723,  163.8293,  164.1029,  164.5732,  165.3648,  166.6602,  168.4872,  170.9519,  174.2721,  178.5564,  183.8814,  190.3071,  197.9049,  205.8548,  212.8059,  218.1105,  222.1140,  224.8330,  226.3589,  227.0949,  227.3721,  227.5098,  227.5598,    0.0708,    0.2682,    0.5667,    0.9367,    1.3526,    1.7927,    2.2383,    2.4676,    2.8021,    3.1095,    2.2298,    1.4943,    2.2602,    3.0534,    2.8735,    2.5689,    2.8587,    2.8855,    2.6528,    2.3479,    2.0342,    1.7991,    1.7341,    1.7953,    0.6267,    0.6489,    0.6123,    0.6008,    0.5433,    0.5313,    0.4875,    0.4698,    0.4579,    0.4426,    0.4384,    0.4297,    0.3099,    0.2875,    0.2647,    0.2578,    0.2438,    0.2156,    0.2389,    0.2386,    0.2499,    0.2652,    0.2851,    0.3066,    0.3352,    0.3362,    0.3074,    0.3258,    0.3204,    0.3035,    0.2977,    0.2974,    0.2874,    0.2824,    0.2770,    0.2713,    0.7331,    0.7329,    0.6912,    0.7237,    0.6814,    0.7063,    0.6972,    0.6562,    0.6384,    0.5998,    0.5280,    0.4953,    0.6658,    0.5865,    0.5247,    0.5162,    0.4850,    0.4358,    0.3771,    0.3364,    0.2778,    0.2466,    0.2124,    0.1878,    0.4764,    0.3791,    0.2386,    0.1319,    0.0732,    0.0432,    0.0281,    0.0192,    0.0134,    0.0085,    0.0063,    0.0042,    0.0934,    0.0479,    0.0870,    0.1053,    0.1183,    0.1097,    0.1207,    0.1350,    0.1190,    0.1639,    0.1449,    0.1595,    0.1759,    0.1432,    0.2079,    0.2300,    0.1891,    0.2007,    0.2048,    0.2239,    0.2523,    0.1865,    0.2999,    0.3162,    0.3892,    0.4160,    0.4306,    0.4578,    0.4711,    0.4909,    0.4884,    0.5286,    0.5545,    0.5486,    0.6053,    0.6160,    1.0511,    1.1480,    1.2037,    1.2384,    1.2546,    1.3666,    1.2891,    1.3621,    1.3096,    1.3989,    1.3258,    1.4188,    3.0599,    3.0106,    3.0896,    3.1230,    3.1520,    3.0301,    3.1365,    3.2166,    3.2820,    3.0514,    3.0080,    3.1237,    7.8967,    7.3157,    7.2345,    7.0171,    6.4835,    6.0827,    5.3418,    4.9166,    4.7282,    4.1468,    3.1879,    2.9633,    2.2873,    2.0057,    1.5318,    1.4649,    0.9898,    0.7202,    0.5836,    0.2350,    0.2079,    0.1482,    0.0516,    0.0422,    0.0099,    0.0371,    0.0778,    0.1277,    0.1829,    0.2404,    0.2976,    0.2211,    0.3080,    1.7733,    2.6429,    2.6738,    2.7602,    2.7305,    2.6414,    2.5591,    2.6287,    2.9673,    3.5595,    4.0054,    4.1376,    4.1370,    4.0092,    3.5751,    1.1789,    1.2261,    1.3080,    1.3000,    1.3287,    1.3184,    1.3261,    1.3139,    1.3015,    1.2935,    1.2780,    1.2720,    0.9721,    0.9649,    0.9573,    0.9474,    0.9379,    0.9287,    0.9179,    0.9075,    0.8967,    0.8848,    0.8707,    0.8539,    0.8761,    0.8533,    0.8545,    0.8189,    0.8081,    0.8015,    0.7885,    0.7664,    0.7555,    0.7410,    0.7280,    0.7164,    1.9076,    1.7947,    1.7123,    1.5751,    1.5009,    1.3670,    1.2667,    1.2037,    1.1211,    1.0644,    1.0457,    0.9893,    1.5222,    1.3987,    1.2783,    1.1209,    0.9933,    0.8957,    0.8234,    0.7444,    0.6949,    0.6270,    0.5718,    0.5147,    1.2230,    0.8238,    0.6054,    0.4571,    0.3359,    0.2393,    0.1655,    0.1128,    0.0760,    0.0521,    0.0345,    0.0228,    0.0009,    0.0000,    0.0024,    0.0065,    0.0073,    0.0067,    0.0075,    0.0078,    0.0069,    0.0096,    0.0085,    0.0031,    0.0034,    0.0028,    0.0040,    0.0043,    0.0062,    0.0040,    0.0005,    0.0011,    0.0052,    0.0062,    0.0093,    0.0098,    0.0121,    0.0129,    0.0134,    0.0142,    0.0270,    0.0277,    0.0258,    0.0235,    0.0207,    0.0247,    0.0342,    0.0347,    0.0922,    0.1007,    0.1055,    0.1070,    0.1051,    0.1166,    0.1119,    0.1357,    0.1248,    0.1411,    0.1334,    0.1420,    0.3075,    0.3001,    0.3116,    0.3079,    0.3099,    0.2988,    0.3093,    0.3172,    0.3236,    0.3007,    0.2966,    0.3080,    0.7785,    0.8063,    0.7973,    0.7732,    0.7142,    0.6699,    0.5881,    0.5411,    0.5201,    0.4559,    0.3503,    0.3253,    0.2509,    0.5275,    0.4023,    0.3841,    0.2591,    0.1881,    0.1521,    0.0611,    0.0539,    0.0383,    0.0133,    0.0108
    2,    1.7500,  227.5722,    0.0535,   72.3759,  140.4479,   68.5675,  -23.7237,  158.4330,  163.5827,  163.6723,  163.8293,  164.1029,  164.5732,  165.3648,  166.6602,  168.4872,  170.9519,  174.2721,  178.5564,  183.8814,  190.3071,  197.9049,  205.8548,  212.8059,  218.1105,  222.1140,  224.8330,  226.3589,  227.0949,  227.3721,  227.5098,  227.5598,    0.0708,    0.2683,    0.5666,    0.9364,    1.3518,    1.7913,    2.2361,    2.4342,    2.7566,    3.0606,    2.1482,    1.3501,    2.1833,    2.9714,    2.7838,    2.4632,    2.7565,    2.7841,    2.5530,    2.2586,    1.9605,    1.7342,    1.6633,    1.7100,    0.5954,    0.6176,    0.5842,    0.5732,    0.5204,    0.5089,    0.4688,    0.4520,    0.4406,    0.4271,    0.4223,    0.4156,    0.3014,    0.2813,    0.2611,    0.2546,    0.2412,    0.2145,    0.2365,    0.2358,    0.2464,    0.2598,    0.2768,    0.2956,    0.3207,    0.3203,    0.2947,    0.3092,    0.3040,    0.2878,    0.2821,    0.2808,    0.2711,    0.2661,    0.2608,    0.2552,    0.6885,    0.6862,    0.6460,    0.6740,    0.6338,    0.6557,    0.6466,    0.6078,    0.5909,    0.5545,    0.4870,    0.4562,    0.6117,    0.5375,    0.4798,    0.4714,    0.4421,    0.3962,    0.3418,    0.3043,    0.2505,    0.2218,    0.1907,    0.1682,    0.4250,    0.3373,    0.2102,    0.1150,    0.0633,    0.0371,    0.0240,    0.0163,    0.0113,    0.0072,    0.0052,    0.0035,    0.0934,    0.0479,    0.0870,    0.1053,    0.1184,    0.1097,    0.1208,    0.1351,    0.1191,    0.1639,    0.1450,    0.1596,    0.1759,    0.1432,    0.2079,    0.2300,    0.1891,    0.2007,    0.2046,    0.2237,    0.2522,    0.1865,    0.3000,    0.3163,    0.3893,    0.4161,    0.4307,    0.4579,    0.4714,    0.4911,    0.4886,    0.5288,    0.5545,    0.5487,    0.6056,    0.6163,    1.0522,    1.1492,    1.2049,    1.2397,    1.2558,    1.3680,    1.2904,    1.3638,    1.3110,    1.4006,    1.3274,    1.4206,    3.0637,    3.0143,    3.0935,    3.1267,    3.1556,    3.0337,    3.1402,    3.2204,    3.2859,    3.0550,    3.0115,    3.1274,    7.9061,    7.3243,    7.2431,    7.0255,    6.4914,    6.0902,    5.3485,    4.9229,    4.7344,    4.1524,    3.1922,    2.9675,    2.2906,    2.0131,    1.5376,    1.4706,    0.9939,    0.7232,    0.5861,    0.2361,    0.2089,    0.1490,    0.0519,    0.0425,    0.0114,    0.0427,    0.0896,    0.1470,    0.2107,    0.2769,    0.3428,    0.2545,    0.3535,    1.9554,    2.8229,    2.8182,    2.9308,    2.9226,    2.8461,    2.7631,    2.8422,    3.1731,    3.7098,    4.0719,    4.1711,    4.1630,    4.0483,    3.6852,    1.2250,    1.2631,    1.3264,    1.3172,    1.3378,    1.3268,    1.3308,    1.3182,    1.3053,    1.2962,    1.2805,    1.2729,    0.9723,    0.9650,    0.9573,    0.9474,    0.9379,    0.9287,    0.9179,    0.9075,    0.8967,    0.8849,    0.8709,    0.8547,    0.8786,    0.8577,    0.8574,    0.8256,    0.8146,    0.8072,    0.7948,    0.7746,    0.7638,    0.7499,    0.7373,    0.7257,    1.9348,    1.8266,    1.7440,    1.6159,    1.5404,    1.4146,    1.3169,    1.2516,    1.1696,    1.1104,    1.0848,    1.0268,    1.5702,    1.4423,    1.3181,    1.1632,    1.0353,    0.9351,    0.8580,    0.7761,    0.7211,    0.6508,    0.5925,    0.5335,    1.2740,    0.8662,    0.6345,    0.4749,    0.3469,    0.2465,    0.1706,    0.1165,    0.0788,    0.0540,    0.0358,    0.0238,    0.0006,    0.0000,    0.0014,    0.0041,    0.0046,    0.0042,    0.0047,    0.0049,    0.0043,    0.0060,    0.0053,    0.0016,    0.0018,    0.0014,    0.0021,    0.0023,    0.0035,    0.0023,    0.0003,    0.0006,    0.0030,    0.0036,    0.0052,    0.0055,    0.0068,    0.0073,    0.0075,    0.0080,    0.0168,    0.0172,    0.0161,    0.0146,    0.0129,    0.0154,    0.0213,    0.0216,    0.0615,    0.0672,    0.0703,    0.0714,    0.0701,    0.0777,    0.0747,    0.0926,    0.0852,    0.0963,    0.0911,    0.0969,    0.2099,    0.2048,    0.2127,    0.2094,    0.2108,    0.2032,    0.2104,    0.2158,    0.2201,    0.2046,    0.2017,    0.2095,    0.5295,    0.5585,    0.5522,    0.5355,    0.4947,    0.4640,    0.4073,    0.3748,    0.3603,    0.3158,    0.2426,    0.2254,    0.1738,    0.4177,    0.3186,    0.3042,    0.2052,    0.1490,    0.1205,    0.0484,    0.0427,    0.0303,    0.0105,    0.0086
    2,    2.0000,  227.5722,    0.0529,   69.8544,  140.5441,   71.1865,  -23.2577,  158.4330,  163.5827,  163.6723,  163.8293,  164.1029,  164.5732,  165.3648,  166.6602,  168.4872,  170.9519,  174.2721,  178.5564,  183.8814,  190.3071,  197.9049,  205.8548,  212.8059,  218.1105,  222.1140,  224.8330,  226.3589,  227.0949,  227.3721,  227.5098,  227.5598,    0.0708,    0.2682,    0.5665,    0.9359,    1.3510,    1.7897,    2.2337,    2.4018,    2.7125,    3.0152,    2.0829,    1.2314,    2.1207,    2.8993,    2.7072,    2.3758,    2.6701,    2.6976,    2.4692,    2.1856,    1.9009,    1.6819,    1.6062,    1.6403,    0.5698,    0.5919,    0.5615,    0.5508,    0.5020,    0.4908,    0.4537,    0.4377,    0.4267,    0.4145,    0.4092,    0.4039,    0.2942,    0.2758,    0.2579,    0.2517,    0.2388,    0.2135,    0.2342,    0.2333,    0.2432,    0.2550,    0.2697,    0.2862,    0.3086,    0.3072,    0.2841,    0.2957,    0.2905,    0.2751,    0.2694,    0.2675,    0.2581,    0.2531,    0.2479,    0.2425,    0.6531,    0.6490,    0.6102,    0.6344,    0.5957,    0.6148,    0.6055,    0.5685,    0.5521,    0.5175,    0.4539,    0.4246,    0.5687,    0.4987,    0.4443,    0.4355,    0.4076,    0.3644,    0.3137,    0.2787,    0.2289,    0.2023,    0.1737,    0.1529,    0.3846,    0.3040,    0.1879,    0.1021,    0.0560,    0.0327,    0.0210,    0.0141,    0.0097,    0.0061,    0.0045,    0.0029,    0.0933,    0.0479,    0.0870,    0.1054,    0.1184,    0.1098,    0.1208,    0.1351,    0.1191,    0.1640,    0.1450,    0.1596,    0.1759,    0.1432,    0.2079,    0.2300,    0.1892,    0.2006,    0.2044,    0.2236,    0.2521,    0.1866,    0.3000,    0.3163,    0.3893,    0.4161,    0.4307,    0.4579,    0.4715,    0.4912,    0.4887,    0.5288,    0.5545,    0.5487,    0.6057,    0.6165,    1.0527,    1.1497,    1.2055,    1.2403,    1.2563,    1.3686,    1.2910,    1.3646,    1.3117,    1.4015,    1.3282,    1.4214,    3.0656,    3.0160,    3.0954,    3.1284,    3.1574,    3.0354,    3.1420,    3.2222,    3.2878,    3.0568,    3.0132,    3.1292,    7.9106,    7.3287,    7.2474,    7.0298,    6.4954,    6.0940,    5.3520,    4.9261,    4.7376,    4.1553,    3.1946,    2.9698,    2.2925,    2.0180,    1.5415,    1.4745,    0.9966,    0.7253,    0.5879,    0.2369,    0.2096,    0.1496,    0.0521,    0.0426,    0.0128,    0.0482,    0.1011,    0.1659,    0.2377,    0.3125,    0.3869,    0.2870,    0.3975,    2.1155,    2.9709,    2.9371,    3.0671,    3.0776,    3.0159,    2.9360,    3.0219,    3.3401,    3.8210,    4.1177,    4.1951,    4.1818,    4.0758,    3.7653,    1.2597,    1.2899,    1.3393,    1.3294,    1.3445,    1.3330,    1.3343,    1.3215,    1.3083,    1.2983,    1.2825,    1.2737,    0.9726,    0.9651,    0.9573,    0.9474,    0.9379,    0.9287,    0.9179,    0.9075,    0.8968,    0.8850,    0.8712,    0.8553,    0.8806,    0.8611,    0.8596,    0.8305,    0.8194,    0.8116,    0.7994,    0.7807,    0.7699,    0.7564,    0.7440,    0.7325,    1.9547,    1.8498,    1.7671,    1.6457,    1.5693,    1.4500,    1.3548,    1.2879,    1.2066,    1.1455,    1.1143,    1.0550,    1.6061,    1.4748,    1.3479,    1.1954,    1.0675,    0.9654,    0.8846,    0.8004,    0.7410,    0.6690,    0.6083,    0.5478,    1.3134,    0.8997,    0.6573,    0.4886,    0.3553,    0.2520,    0.1746,    0.1194,    0.0809,    0.0554,    0.0369,    0.0246,    0.0003,    0.0000,    0.0008,    0.0026,    0.0029,    0.0027,    0.0030,    0.0030,    0.0027,    0.0037,    0.0033,    0.0009,    0.0009,    0.0008,    0.0011,    0.0012,    0.0020,    0.0013,    0.0002,    0.0004,    0.0017,    0.0021,    0.0030,    0.0031,    0.0039,    0.0041,    0.0043,    0.0045,    0.0105,    0.0108,    0.0100,    0.0091,    0.0081,    0.0096,    0.0133,    0.0135,    0.0411,    0.0449,    0.0470,    0.0477,    0.0468,    0.0519,    0.0499,    0.0633,    0.0583,    0.0658,    0.0623,    0.0663,    0.1435,    0.1401,    0.1454,    0.1428,    0.1437,    0.1386,    0.1434,    0.1471,    0.1501,    0.1395,    0.1376,    0.1428,    0.3611,    0.3880,    0.3836,    0.3720,    0.3437,    0.3224,    0.2830,    0.2604,    0.2503,    0.2194,    0.1686,    0.1566,    0.1208,    0.3314,    0.2528,    0.2414,    0.1628,    0.1182,    0.0956,    0.0384,    0.0339,    0.0241,    0.0084,    0.0068
