Particle       ,data/QEXT_96IR_84_VIS_NC100v1_2umrod
Ncase          ,  14
dt (sols)      ,  0.020833
Qext 0.67um    ,  1.245056
Alb sfc        ,  0.220000
Conrath nu     ,  0.002000
Sun Flux (W/m2),148.389262
BWN IR (cm-1)  ,     10.0000,     34.1670,     58.3330,     82.5000,    106.6670,    130.8330,    155.0000,    179.1670,    203.3330,    227.5000,    251.6670,    275.8330,    300.0000,    320.7880,    341.5750,    362.3630,    383.1500,    403.9380,    424.7250,    445.5130,    466.3010,    487.0880,    507.8760,    528.6630,    549.4510,    556.7420,    564.0330,    571.3240,    578.6150,    585.9060,    593.1970,    600.4880,    607.7790,    615.0700,    622.3610,    629.6520,    636.9430,    642.5500,    648.1570,    653.7640,    659.3700,    664.9770,    670.5840,    676.1910,    681.7980,    687.4050,    693.0110,    698.6180,    704.2250,    710.1390,    716.0530,    721.9670,    727.8810,    733.7950,    739.7090,    745.6240,    751.5380,    757.4520,    763.3660,    769.2800,    775.1940,    791.5010,    807.8070,    824.1140,    840.4210,    856.7270,    873.0340,    889.3410,    905.6470,    921.9540,    938.2610,    954.5670,    970.8740,    996.8050,   1022.7370,   1048.6680,   1074.6000,   1100.5310,   1126.4630,   1152.3940,   1178.3250,   1204.2570,   1230.1880,   1256.1200,   1282.0510,   1360.3990,   1438.7460,   1517.0940,   1595.4410,   1673.7890,   1752.1370,   1830.4840,   1908.8320,   1987.1790,   2065.5270,   2143.8740,   2222.2220
BWN VIS (cm-1) ,   2222.2200,   2294.3160,   2366.4120,   2438.5080,   2510.6030,   2582.6990,   2654.7950,   2726.8910,   2798.9870,   2871.0820,   2943.1780,   3015.2740,   3087.3700,   3165.9750,   3244.5800,   3323.1850,   3401.7900,   3480.3950,   3559.0000,   3637.6050,   3716.2100,   3794.8150,   3873.4200,   3952.0250,   4030.6300,   4142.2920,   4253.9530,   4365.6150,   4477.2770,   4588.9380,   4700.6000,   4812.2620,   4923.9230,   5035.5850,   5147.2470,   5258.9080,   5370.5700,   5560.6150,   5750.6600,   5940.7050,   6130.7500,   6320.7950,   6510.8400,   6700.8850,   6890.9300,   7080.9750,   7271.0200,   7461.0650,   7651.1100,   8055.1840,   8459.2580,   8863.3330,   9267.4070,   9671.4810,  10075.5550,  10479.6290,  10883.7030,  11287.7780,  11691.8520,  12095.9260,  12500.0000,  13541.6670,  14583.3330,  15625.0000,  16666.6670,  17708.3330,  18750.0000,  19791.6670,  20833.3330,  21875.0000,  22916.6670,  23958.3330,  25000.0000,  26388.8890,  27777.7780,  29166.6670,  30555.5570,  31944.4460,  33333.3350,  34722.2240,  36111.1130,  37500.0030,  38888.8920,  40277.7810,  41666.6700
SUN VIS (W/m2) ,      0.1008,      0.0862,      0.0968,      0.1089,      0.1224,      0.1136,      0.1248,      0.1400,      0.1233,      0.1698,      0.1502,      0.1645,      0.1814,      0.1477,      0.2144,      0.2377,      0.1946,      0.2106,      0.2276,      0.2472,      0.2683,      0.1918,      0.3072,      0.3239,      0.3986,      0.4261,      0.4410,      0.4688,      0.4810,      0.5017,      0.5013,      0.5485,      0.5772,      0.5665,      0.6183,      0.6303,      1.0809,      1.1806,      1.2379,      1.2751,      1.2949,      1.4092,      1.3262,      1.4132,      1.3634,      1.4505,      1.3747,      1.4716,      3.1730,      3.1258,      3.2038,      3.2543,      3.2846,      3.1576,      3.2685,      3.3520,      3.4202,      3.1800,      3.1347,      3.2554,      8.2299,      7.8425,      7.7561,      7.5237,      6.9524,      6.5235,      5.7299,      5.2748,      5.0739,      4.4511,      3.4228,      3.1828,      2.4579,      2.2644,      1.7312,      1.6575,      1.1215,      0.8173,      0.6634,      0.2677,      0.2374,      0.1697,      0.0593,      0.0486
================
wavelenght [um],    0.244068,    0.252632,    0.261818,    0.271698,    0.282353,    0.293878,    0.306383,    0.320000,    0.334884,    0.351220,    0.369231,    0.389189,    0.408511,    0.426667,    0.446512,    0.468293,    0.492308,    0.518919,    0.548571,    0.581818,    0.619355,    0.662069,    0.711111,    0.768000,    0.813143,    0.840768,    0.870336,    0.902060,    0.936184,    0.972991,    1.012810,    1.056028,    1.103099,    1.154562,    1.211061,    1.273375,    1.323436,    1.357581,    1.393534,    1.431444,    1.471474,    1.513807,    1.558648,    1.606226,    1.656801,    1.710664,    1.768147,    1.829628,    1.881560,    1.921939,    1.964090,    2.008131,    2.054193,    2.102417,    2.152960,    2.205992,    2.261704,    2.320302,    2.382017,    2.447105,    2.505432,    2.555765,    2.608162,    2.662752,    2.719677,    2.779088,    2.841153,    2.906054,    2.973989,    3.045176,    3.119855,    3.198288,    3.277268,    3.356577,    3.439819,    3.527294,    3.619334,    3.716307,    3.818620,    3.926726,    4.041130,    4.162400,    4.291175,    4.428172,    4.580751,    4.751270,    4.934974,    5.133456,    5.348572,    5.582505,    5.837838,    6.117648,    6.425631,    6.766266,    7.145039,    7.568734,    7.879690,    8.044056,    8.215425,    8.394255,    8.581043,    8.776330,    8.980716,    9.194848,    9.419442,    9.655282,    9.903235,   10.164260,   10.387231,   10.566200,   10.751445,   10.943308,   11.142136,   11.348323,   11.562291,   11.784476,   12.015368,   12.255495,   12.505409,   12.765727,   12.949392,   13.049328,   13.150818,   13.253898,   13.358608,   13.464994,   13.573088,   13.682923,   13.794549,   13.908012,   14.023357,   14.140631,   14.256763,   14.371646,   14.488386,   14.607038,   14.727660,   14.850291,   14.974981,   15.101782,   15.230738,   15.361915,   15.495384,   15.631191,   15.790367,   15.974275,   16.162517,   16.355249,   16.552633,   16.754839,   16.962047,   17.174443,   17.392227,   17.615605,   17.844795,   18.080028,   18.550914,   19.294981,   20.101230,   20.977796,   21.934298,   22.982219,   24.135264,   25.410119,   26.827165,   28.411593,   30.194923,   32.217118,   34.732292,   37.914692,   41.739101,   46.421699,   52.287582,   59.850314,   69.970927,   84.210526,  105.726686,  142.012170,  216.216216,  452.826771
Qext           ,      0.9982,      0.9982,      0.9982,      0.9982,      0.9982,      0.9982,      0.9982,      0.9982,      0.9982,      0.9982,      0.9982,      1.2451,      1.2451,      1.2451,      1.2451,      1.2451,      1.2451,      1.2451,      1.2451,      1.2451,      1.2451,      1.2451,      1.2451,      1.1410,      1.1410,      1.1410,      1.1410,      1.1410,      1.1410,      1.1410,      1.1410,      1.1410,      1.1410,      1.1243,      1.1243,      1.1243,      1.1243,      1.1243,      1.1243,      1.1243,      1.1243,      1.2872,      1.2872,      1.2872,      1.2872,      1.2872,      1.2872,      1.2872,      1.3325,      1.3325,      1.3325,      1.3325,      1.3325,      1.3325,      1.3325,      1.3325,      1.6177,      1.6177,      1.6177,      1.6177,      1.6177,      1.6177,      1.6117,      1.6117,      1.6117,      1.6117,      1.6117,      1.6117,      1.5649,      1.5649,      1.5649,      1.5649,      1.5649,      1.3483,      1.3483,      1.3483,      1.3483,      1.5316,      1.5316,      1.5316,      1.5316,      1.6869,      1.6869,      1.6869,      1.8364,      1.8364,      1.7425,      1.7425,      1.6303,      1.6777,      1.6777,      1.8584,      2.2057,      2.3166,      1.9858,      1.9958,      2.0173,      2.0173,      2.0272,      2.0272,      1.9329,      1.9329,      1.9354,      1.9354,      1.8285,      1.6748,      1.6748,      1.7796,      2.0536,      2.0536,      2.0155,      2.0155,      2.0772,      2.0772,      1.6659,      1.3684,      1.3684,      1.3065,      1.3065,      1.3572,      1.5062,      1.5062,      1.5062,      1.5062,      1.6648,      1.6648,      1.6648,      1.8251,      1.8251,      1.8251,      1.8361,      1.8361,      1.8361,      1.6476,      1.6476,      1.6476,      1.7491,      1.7491,      1.7491,      1.8971,      1.8971,      1.8971,      2.1795,      2.1795,      2.1795,      2.5437,      2.5437,      2.3822,      2.3822,      1.9228,      1.6349,      1.6349,      1.5607,      1.5607,      1.6096,      1.7123,      1.7832,      2.0817,      2.0620,      2.5091,      3.2767,      3.8722,      2.9781,      1.8480,      1.6184,      0.9405,      0.9809,      2.1002,      4.3249,      3.8656,      1.2728,      1.5770,      1.1336,      1.1783,      1.1783,      1.1783,      1.1783,      1.1783,      1.1783,      1.1783
Qscat          ,      0.4401,      0.4401,      0.4401,      0.4401,      0.4401,      0.4401,      0.4401,      0.4401,      0.4401,      0.4401,      0.4401,      0.3480,      0.3480,      0.3480,      0.3480,      0.3480,      0.3480,      0.3480,      0.3480,      0.3480,      0.3480,      0.3480,      0.3480,      0.1866,      0.1866,      0.1866,      0.1866,      0.1866,      0.1866,      0.1866,      0.1866,      0.1866,      0.1866,      0.1477,      0.1477,      0.1477,      0.1477,      0.1477,      0.1477,      0.1477,      0.1477,      0.1327,      0.1327,      0.1327,      0.1327,      0.1327,      0.1327,      0.1327,      0.1154,      0.1154,      0.1154,      0.1154,      0.1154,      0.1154,      0.1154,      0.1154,      0.1314,      0.1314,      0.1314,      0.1314,      0.1314,      0.1314,      0.1431,      0.1431,      0.1431,      0.1431,      0.1431,      0.1431,      0.1617,      0.1617,      0.1617,      0.1617,      0.1617,      0.1608,      0.1608,      0.1608,      0.1608,      0.1808,      0.1808,      0.1808,      0.1808,      0.1792,      0.1792,      0.1792,      0.2088,      0.2088,      0.2068,      0.2068,      0.2054,      0.2329,      0.2329,      0.3049,      0.3743,      0.3656,      0.3319,      0.3298,      0.4148,      0.4148,      0.4576,      0.4576,      0.6289,      0.6289,      0.5402,      0.5402,      0.5192,      0.5036,      0.5036,      0.5611,      0.7277,      0.7277,      0.7023,      0.7023,      0.7134,      0.7134,      0.6259,      0.5268,      0.5268,      0.4988,      0.4988,      0.5568,      0.6790,      0.6790,      0.6790,      0.6790,      0.9152,      0.9152,      0.9152,      1.1563,      1.1563,      1.1563,      1.4721,      1.4721,      1.4721,      1.5582,      1.5582,      1.5582,      1.3853,      1.3853,      1.3853,      1.4655,      1.4655,      1.4655,      1.5731,      1.5731,      1.5731,      1.5246,      1.5246,      1.3072,      1.3072,      1.0461,      0.9223,      0.9223,      0.8499,      0.8499,      0.8882,      1.0134,      1.0701,      1.4574,      1.6918,      1.6717,      1.7399,      1.8401,      1.4976,      1.0004,      0.8826,      0.8941,      0.9808,      1.6792,      4.3245,      3.8652,      1.2726,      1.5768,      1.1335,      1.1701,      1.1701,      1.1701,      1.1701,      1.1701,      1.1701,      1.1701
G factor       ,      0.4620,      0.4620,      0.4620,      0.4620,      0.4620,      0.4620,      0.4620,      0.4620,      0.4620,      0.4620,      0.4620,      0.4320,      0.4320,      0.4320,      0.4320,      0.4320,      0.4320,      0.4320,      0.4320,      0.4320,      0.4320,      0.4320,      0.4320,      0.3720,      0.3720,      0.3720,      0.3720,      0.3720,      0.3720,      0.3720,      0.3720,      0.3720,      0.3720,      0.3390,      0.3390,      0.3390,      0.3390,      0.3390,      0.3390,      0.3390,      0.3390,      0.3710,      0.3710,      0.3710,      0.3710,      0.3710,      0.3710,      0.3710,      0.3350,      0.3350,      0.3350,      0.3350,      0.3350,      0.3350,      0.3350,      0.3350,      0.3530,      0.3530,      0.3530,      0.3530,      0.3530,      0.3530,      0.3590,      0.3590,      0.3590,      0.3590,      0.3590,      0.3590,      0.3250,      0.3250,      0.3250,      0.3250,      0.3250,      0.1970,      0.1970,      0.1970,      0.1970,      0.3160,      0.3160,      0.3160,      0.3160,      0.3080,      0.3080,      0.3080,      0.2990,      0.2990,      0.2690,      0.2690,      0.2560,      0.2570,      0.2570,      0.2500,      0.2910,      0.2020,      0.2040,      0.2110,      0.2460,      0.2460,      0.2550,      0.2550,      0.2560,      0.2560,      0.2850,      0.2850,      0.3190,      0.2750,      0.2750,      0.3090,      0.2860,      0.2860,      0.2620,      0.2620,      0.2660,      0.2660,      0.2410,      0.2300,      0.2300,      0.2410,      0.2410,      0.2460,      0.2140,      0.2140,      0.2140,      0.2140,      0.1720,      0.1720,      0.1720,      0.1460,      0.1460,      0.1460,      0.1410,      0.1410,      0.1410,      0.1310,      0.1310,      0.1310,      0.1820,      0.1820,      0.1820,      0.3050,      0.3050,      0.3050,      0.4090,      0.4090,      0.4090,      0.4120,      0.4120,      0.3840,      0.3840,      0.3600,      0.3370,      0.3370,      0.2950,      0.2950,      0.2520,      0.2100,      0.1840,      0.0990,      0.0260,      0.0800,      0.1330,      0.1430,      0.0880,     -0.0170,     -0.0550,     -0.1070,     -0.0930,      0.0030,      0.1610,      0.1170,      0.0810,     -0.0060,      0.0200,     -0.0000,     -0.0000,     -0.0000,     -0.0000,     -0.0000,     -0.0000,     -0.0000
================
P [mbar]       ,    0.1004,    0.1015,    0.1034,    0.1069,    0.1130,    0.1239,    0.1432,    0.1740,    0.2226,    0.3028,    0.4349,    0.6529,    1.0121,    1.6044,    2.4646,    3.4606,    4.3994,    5.2226,    5.8426,    6.2132,    6.3980,    6.4686,    6.5039,    6.5168
Temp initial[K],  163.5827,  163.6723,  163.8293,  164.1029,  164.5732,  165.3648,  166.6602,  168.4872,  170.9519,  174.2721,  178.5564,  183.8814,  190.3071,  197.9049,  205.8548,  212.8059,  218.1105,  222.1140,  224.8330,  226.3589,  227.0949,  227.3721,  227.5098,  227.5598
================
it   ,   tau    ,  Tsfc    ,   alb    ,   OLR    ,    ASR   ,  NET top ,  NET bot , T lev  01, T lev  02, T lev  03, T lev  04, T lev  05, T lev  06, T lev  07, T lev  08, T lev  09, T lev  10, T lev  11, T lev  12, T lev  13, T lev  14, T lev  15, T lev  16, T lev  17, T lev  18, T lev  19, T lev  20, T lev  21, T lev  22, T lev  23, T lev  24, T lev  25,  OLR IR01,  OLR IR02,  OLR IR03,  OLR IR04,  OLR IR05,  OLR IR06,  OLR IR07,  OLR IR08,  OLR IR09,  OLR IR10,  OLR IR11,  OLR IR12,  OLR IR13,  OLR IR14,  OLR IR15,  OLR IR16,  OLR IR17,  OLR IR18,  OLR IR19,  OLR IR20,  OLR IR21,  OLR IR22,  OLR IR23,  OLR IR24,  OLR IR25,  OLR IR26,  OLR IR27,  OLR IR28,  OLR IR29,  OLR IR30,  OLR IR31,  OLR IR32,  OLR IR33,  OLR IR34,  OLR IR35,  OLR IR36,  OLR IR37,  OLR IR38,  OLR IR39,  OLR IR40,  OLR IR41,  OLR IR42,  OLR IR43,  OLR IR44,  OLR IR45,  OLR IR46,  OLR IR47,  OLR IR48,  OLR IR49,  OLR IR50,  OLR IR51,  OLR IR52,  OLR IR53,  OLR IR54,  OLR IR55,  OLR IR56,  OLR IR57,  OLR IR58,  OLR IR59,  OLR IR60,  OLR IR61,  OLR IR62,  OLR IR63,  OLR IR64,  OLR IR65,  OLR IR66,  OLR IR67,  OLR IR68,  OLR IR69,  OLR IR70,  OLR IR71,  OLR IR72,  OLR IR73,  OLR IR74,  OLR IR75,  OLR IR76,  OLR IR77,  OLR IR78,  OLR IR79,  OLR IR80,  OLR IR81,  OLR IR82,  OLR IR83,  OLR IR84,  OLR IR85,  OLR IR86,  OLR IR87,  OLR IR88,  OLR IR89,  OLR IR90,  OLR IR91,  OLR IR92,  OLR IR93,  OLR IR94,  OLR IR95,  OLR IR96, ASR VIS01, ASR VIS02, ASR VIS03, ASR VIS04, ASR VIS05, ASR VIS06, ASR VIS07, ASR VIS08, ASR VIS09, ASR VIS10, ASR VIS11, ASR VIS12, ASR VIS13, ASR VIS14, ASR VIS15, ASR VIS16, ASR VIS17, ASR VIS18, ASR VIS19, ASR VIS20, ASR VIS21, ASR VIS22, ASR VIS23, ASR VIS24, ASR VIS25, ASR VIS26, ASR VIS27, ASR VIS28, ASR VIS29, ASR VIS30, ASR VIS31, ASR VIS32, ASR VIS33, ASR VIS34, ASR VIS35, ASR VIS36, ASR VIS37, ASR VIS38, ASR VIS39, ASR VIS40, ASR VIS41, ASR VIS42, ASR VIS43, ASR VIS44, ASR VIS45, ASR VIS46, ASR VIS47, ASR VIS48, ASR VIS49, ASR VIS50, ASR VIS51, ASR VIS52, ASR VIS53, ASR VIS54, ASR VIS55, ASR VIS56, ASR VIS57, ASR VIS58, ASR VIS59, ASR VIS60, ASR VIS61, ASR VIS62, ASR VIS63, ASR VIS64, ASR VIS65, ASR VIS66, ASR VIS67, ASR VIS68, ASR VIS69, ASR VIS70, ASR VIS71, ASR VIS72, ASR VIS73, ASR VIS74, ASR VIS75, ASR VIS76, ASR VIS77, ASR VIS78, ASR VIS79, ASR VIS80, ASR VIS81, ASR VIS82, ASR VIS83, ASR VIS84, SFC DIR01, SFC DIR02, SFC DIR03, SFC DIR04, SFC DIR05, SFC DIR06, SFC DIR07, SFC DIR08, SFC DIR09, SFC DIR10, SFC DIR11, SFC DIR12, SFC DIR13, SFC DIR14, SFC DIR15, SFC DIR16, SFC DIR17, SFC DIR18, SFC DIR19, SFC DIR20, SFC DIR21, SFC DIR22, SFC DIR23, SFC DIR24, SFC DIR25, SFC DIR26, SFC DIR27, SFC DIR28, SFC DIR29, SFC DIR30, SFC DIR31, SFC DIR32, SFC DIR33, SFC DIR34, SFC DIR35, SFC DIR36, SFC DIR37, SFC DIR38, SFC DIR39, SFC DIR40, SFC DIR41, SFC DIR42, SFC DIR43, SFC DIR44, SFC DIR45, SFC DIR46, SFC DIR47, SFC DIR48, SFC DIR49, SFC DIR50, SFC DIR51, SFC DIR52, SFC DIR53, SFC DIR54, SFC DIR55, SFC DIR56, SFC DIR57, SFC DIR58, SFC DIR59, SFC DIR60, SFC DIR61, SFC DIR62, SFC DIR63, SFC DIR64, SFC DIR65, SFC DIR66, SFC DIR67, SFC DIR68, SFC DIR69, SFC DIR70, SFC DIR71, SFC DIR72, SFC DIR73, SFC DIR74, SFC DIR75, SFC DIR76, SFC DIR77, SFC DIR78, SFC DIR79, SFC DIR80, SFC DIR81, SFC DIR82, SFC DIR83, SFC DIR84, SFC DIR85, SFC DIR86, SFC DIR87, SFC DIR88, SFC DIR89, SFC DIR90, SFC DIR91, SFC DIR92, SFC DIR93, SFC DIR94, SFC DIR95, SFC DIR96,SFC DVIS01,SFC DVIS02,SFC DVIS03,SFC DVIS04,SFC DVIS05,SFC DVIS06,SFC DVIS07,SFC DVIS08,SFC DVIS09,SFC DVIS10,SFC DVIS11,SFC DVIS12,SFC DVIS13,SFC DVIS14,SFC DVIS15,SFC DVIS16,SFC DVIS17,SFC DVIS18,SFC DVIS19,SFC DVIS20,SFC DVIS21,SFC DVIS22,SFC DVIS23,SFC DVIS24,SFC DVIS25,SFC DVIS26,SFC DVIS27,SFC DVIS28,SFC DVIS29,SFC DVIS30,SFC DVIS31,SFC DVIS32,SFC DVIS33,SFC DVIS34,SFC DVIS35,SFC DVIS36,SFC DVIS37,SFC DVIS38,SFC DVIS39,SFC DVIS40,SFC DVIS41,SFC DVIS42,SFC DVIS43,SFC DVIS44,SFC DVIS45,SFC DVIS46,SFC DVIS47,SFC DVIS48,SFC DVIS49,SFC DVIS50,SFC DVIS51,SFC DVIS52,SFC DVIS53,SFC DVIS54,SFC DVIS55,SFC DVIS56,SFC DVIS57,SFC DVIS58,SFC DVIS59,SFC DVIS60,SFC DVIS61,SFC DVIS62,SFC DVIS63,SFC DVIS64,SFC DVIS65,SFC DVIS66,SFC DVIS67,SFC DVIS68,SFC DVIS69,SFC DVIS70,SFC DVIS71,SFC DVIS72,SFC DVIS73,SFC DVIS74,SFC DVIS75,SFC DVIS76,SFC DVIS77,SFC DVIS78,SFC DVIS79,SFC DVIS80,SFC DVIS81,SFC DVIS82,SFC DVIS83,SFC DVIS84
    2,    0.0000,  227.5722,    0.2192,  139.8688,  115.8602,  -23.5218,  -14.0680,  158.4330,  163.5827,  163.6723,  163.8293,  164.1029,  164.5732,  165.3648,  166.6602,  168.4872,  170.9519,  174.2721,  178.5564,  183.8814,  190.3071,  197.9049,  205.8548,  212.8059,  218.1105,  222.1140,  224.8330,  226.3589,  227.0949,  227.3721,  227.5098,  227.5598,    0.0705,    0.2675,    0.5658,    0.9364,    1.3541,    1.7971,    2.2470,    2.6886,    3.1100,    3.5012,    3.8550,    4.1668,    3.7991,    3.9662,    4.1036,    4.2111,    4.2902,    4.3412,    4.3666,    4.3674,    4.3455,    4.3031,    4.2365,    4.1377,    1.4329,    1.4160,    1.3937,    1.3544,    1.3064,    1.2531,    1.1042,    1.0903,    1.0331,    0.8812,    0.8657,    0.6804,    0.4286,    0.3613,    0.2973,    0.2859,    0.2660,    0.2237,    0.2586,    0.2615,    0.2793,    0.3166,    0.3804,    0.4522,    0.5746,    0.6344,    0.5305,    0.6851,    0.6744,    0.6698,    0.6769,    0.7426,    0.7550,    0.7683,    0.7700,    0.7628,    2.0538,    1.9716,    1.9052,    1.8274,    1.7484,    1.6691,    1.5919,    1.5151,    1.4407,    1.3665,    1.2937,    1.2291,    1.8278,    1.6842,    1.5339,    1.3924,    1.2741,    1.1725,    1.0662,    0.9681,    0.8777,    0.7928,    0.7079,    0.6374,    1.5840,    1.1437,    0.8293,    0.5901,    0.4167,    0.2922,    0.2036,    0.1383,    0.0940,    0.0622,    0.0416,    0.0303,    0.0906,    0.0482,    0.0759,    0.0854,    0.0957,    0.0892,    0.0975,    0.1096,    0.0962,    0.1325,    0.1172,    0.1283,    0.1417,    0.1155,    0.1680,    0.1868,    0.1536,    0.1833,    0.2065,    0.2237,    0.2252,    0.1502,    0.2398,    0.2533,    0.3110,    0.3324,    0.3440,    0.3658,    0.3756,    0.3940,    0.4010,    0.4565,    0.4953,    0.4717,    0.4852,    0.4943,    0.8433,    0.9209,    0.9663,    0.9993,    1.0234,    1.1077,    1.0381,    1.1064,    1.0804,    1.1314,    1.0733,    1.1507,    2.4780,    2.4450,    2.4989,    2.5384,    2.5644,    2.4626,    2.5489,    2.6139,    2.6670,    2.4800,    2.4441,    2.5380,    6.4157,    6.1123,    6.0433,    5.8603,    5.4132,    5.0767,    4.4565,    4.0997,    3.9404,    3.4535,    2.6528,    2.4637,    1.8993,    1.7458,    1.3311,    1.2705,    0.8565,    0.6215,    0.5021,    0.2015,    0.1776,    0.1261,    0.0437,    0.0355,    0.0000,    0.0000,    0.0000,    0.0000,    0.0000,    0.0000,    0.0000,    0.0000,    0.0000,    0.0000,    0.0000,    0.0000,    0.0000,    0.0000,    0.0000,    0.0000,    0.0000,    0.0000,    0.0000,    0.0004,    0.0013,    0.0042,    0.0316,    0.1224,    0.0337,    0.0553,    0.0951,    0.1939,    0.3170,    0.4390,    0.7874,    0.8078,    0.8986,    1.0611,    1.1127,    1.2540,    0.9696,    0.9641,    0.9572,    0.9473,    0.9378,    0.9287,    0.9178,    0.9074,    0.8966,    0.8844,    0.8683,    0.8421,    0.8025,    0.6764,    0.7395,    0.4977,    0.5022,    0.4908,    0.4247,    0.2470,    0.1814,    0.1031,    0.0612,    0.0469,    0.0933,    0.0788,    0.0260,    0.0119,    0.0030,    0.0028,    0.0017,    0.0056,    0.0100,    0.0182,    0.0292,    0.0235,    0.0278,    0.0056,    0.0259,    0.0458,    0.0328,    0.0004,    0.0000,    0.0000,    0.0000,    0.0031,    0.0165,    0.0171,    0.0171,    0.0171,    0.0000,    0.0000,    0.0000,    0.0000,    0.0000,    0.0035,    0.0040,    0.0054,    0.0048,    0.0010,    0.0230,    0.0000,    0.0598,    0.1073,    0.1213,    0.1109,    0.1245,    0.1385,    0.1233,    0.1698,    0.1501,    0.1645,    0.1806,    0.1466,    0.2118,    0.2312,    0.1878,    0.1215,    0.0145,    0.0325,    0.1583,    0.1897,    0.3065,    0.3218,    0.3984,    0.4260,    0.4410,    0.4686,    0.4796,    0.4909,    0.4572,    0.4157,    0.3661,    0.4375,    0.6076,    0.6165,    1.0804,    1.1803,    1.2358,    1.2540,    1.2316,    1.3659,    1.3119,    1.3949,    1.2823,    1.4502,    1.3714,    1.4595,    3.1611,    3.0848,    3.2030,    3.2531,    3.2743,    3.1567,    3.2678,    3.3511,    3.4192,    3.1776,    3.1334,    3.2539,    8.2247,    7.8363,    7.7478,    7.5132,    6.9399,    6.5086,    5.7135,    5.2561,    5.0518,    4.4276,    3.4010,    3.1586,    2.4350,    2.2382,    1.7066,    1.6288,    1.0981,    0.7968,    0.6438,    0.2584,    0.2277,    0.1616,    0.0560,    0.0455
    2,    0.0500,  227.5722,    0.1943,  132.0082,  119.5564,  -11.9646,  -12.6587,  158.4330,  163.5827,  163.6723,  163.8293,  164.1029,  164.5732,  165.3648,  166.6602,  168.4872,  170.9519,  174.2721,  178.5564,  183.8814,  190.3071,  197.9049,  205.8548,  212.8059,  218.1105,  222.1140,  224.8330,  226.3589,  227.0949,  227.3721,  227.5098,  227.5598,    0.0673,    0.2553,    0.5400,    0.8937,    1.2923,    1.7151,    2.1445,    2.5721,    2.9210,    3.3417,    3.3839,    3.6297,    3.5399,    3.8000,    3.9419,    4.0142,    4.0677,    4.0241,    3.9817,    4.0171,    4.0338,    4.0074,    3.9772,    3.9430,    1.3690,    1.3595,    1.3420,    1.3055,    1.2605,    1.2110,    1.0689,    1.0491,    0.9967,    0.8547,    0.8419,    0.6713,    0.4252,    0.3595,    0.2965,    0.2852,    0.2655,    0.2235,    0.2580,    0.2608,    0.2784,    0.3148,    0.3766,    0.4446,    0.5596,    0.6134,    0.5162,    0.6583,    0.6484,    0.6466,    0.6520,    0.7113,    0.7261,    0.7375,    0.7385,    0.7313,    1.9780,    1.9008,    1.8355,    1.7564,    1.6799,    1.5901,    1.4994,    1.4265,    1.3580,    1.2877,    1.2182,    1.1567,    1.7333,    1.5997,    1.4563,    1.3163,    1.1987,    1.1018,    1.0012,    0.9085,    0.8197,    0.7400,    0.6605,    0.5943,    1.4741,    1.0626,    0.7592,    0.5422,    0.3871,    0.2729,    0.1899,    0.1290,    0.0872,    0.0577,    0.0384,    0.0278,    0.0913,    0.0481,    0.0783,    0.0894,    0.1003,    0.0933,    0.1022,    0.1141,    0.1003,    0.1381,    0.1221,    0.1348,    0.1488,    0.1213,    0.1763,    0.1958,    0.1613,    0.1874,    0.2066,    0.2243,    0.2313,    0.1580,    0.2528,    0.2669,    0.3278,    0.3504,    0.3627,    0.3856,    0.3925,    0.4111,    0.4165,    0.4695,    0.5061,    0.4855,    0.5064,    0.5158,    0.8792,    0.9602,    1.0073,    1.0407,    1.0635,    1.1526,    1.0815,    1.1450,    1.1152,    1.1718,    1.1114,    1.1912,    2.5658,    2.5304,    2.5880,    2.6251,    2.6516,    2.5467,    2.6360,    2.7033,    2.7582,    2.5647,    2.5277,    2.6248,    6.6352,    6.2914,    6.2205,    6.0322,    5.5721,    5.2259,    4.5876,    4.2205,    4.0566,    3.5556,    2.7314,    2.5369,    1.9559,    1.7723,    1.3515,    1.2901,    0.8699,    0.6314,    0.5102,    0.2048,    0.1805,    0.1282,    0.0445,    0.0362,    0.0033,    0.0123,    0.0261,    0.0432,    0.0624,    0.0829,    0.1036,    0.1166,    0.1890,    0.1595,    0.4712,    0.5373,    0.3404,    0.1662,    0.1711,    0.3417,    0.3874,    0.5940,    0.7491,    0.6245,    0.4615,    0.3643,    0.3925,    0.4233,    0.1332,    0.1470,    0.1791,    0.2702,    0.3845,    0.4972,    0.8273,    0.8520,    0.9330,    1.0805,    1.1258,    1.2547,    0.9696,    0.9641,    0.9572,    0.9473,    0.9378,    0.9287,    0.9178,    0.9074,    0.8966,    0.8844,    0.8683,    0.8427,    0.8070,    0.6883,    0.7479,    0.5221,    0.5253,    0.5127,    0.4508,    0.2850,    0.2209,    0.1472,    0.1074,    0.0933,    0.2084,    0.1871,    0.1322,    0.1186,    0.1050,    0.1199,    0.1397,    0.1360,    0.1295,    0.1305,    0.1350,    0.1239,    0.1592,    0.1218,    0.1299,    0.1461,    0.1304,    0.0911,    0.0809,    0.0729,    0.0712,    0.0668,    0.0726,    0.0671,    0.1415,    0.1043,    0.0722,    0.0472,    0.0279,    0.0175,    0.0119,    0.0111,    0.0094,    0.0089,    0.0071,    0.0027,    0.0203,    0.0000,    0.0527,    0.0957,    0.1082,    0.0989,    0.1110,    0.1252,    0.1114,    0.1535,    0.1356,    0.1462,    0.1605,    0.1303,    0.1881,    0.2054,    0.1661,    0.1074,    0.0128,    0.0287,    0.1399,    0.1677,    0.2707,    0.2842,    0.3518,    0.3762,    0.3895,    0.4138,    0.4331,    0.4433,    0.4129,    0.3754,    0.3307,    0.3951,    0.5487,    0.5567,    0.9804,    1.0711,    1.1214,    1.1379,    1.1176,    1.2395,    1.1905,    1.2837,    1.1801,    1.3346,    1.2621,    1.3431,    2.9091,    2.8389,    2.9476,    2.9970,    3.0166,    2.9082,    3.0106,    3.0874,    3.1501,    2.9275,    2.8868,    2.9978,    7.5773,    7.2324,    7.1508,    6.9342,    6.4050,    6.0069,    5.2730,    4.8508,    4.6622,    4.0861,    3.1386,    2.9149,    2.2471,    2.1204,    1.6167,    1.5430,    1.0403,    0.7549,    0.6099,    0.2448,    0.2157,    0.1531,    0.0531,    0.0431
    2,    0.1000,  227.5722,    0.1730,  125.2513,  122.7182,   -2.0456,  -11.8705,  158.4330,  163.5827,  163.6723,  163.8293,  164.1029,  164.5732,  165.3648,  166.6602,  168.4872,  170.9519,  174.2721,  178.5564,  183.8814,  190.3071,  197.9049,  205.8548,  212.8059,  218.1105,  222.1140,  224.8330,  226.3589,  227.0949,  227.3721,  227.5098,  227.5598,    0.0644,    0.2442,    0.5165,    0.8548,    1.2360,    1.6404,    2.0511,    2.4653,    2.7537,    3.1962,    3.0154,    3.2152,    3.3223,    3.6472,    3.7930,    3.8434,    3.8777,    3.7718,    3.6901,    3.7415,    3.7768,    3.7558,    3.7555,    3.7714,    1.3123,    1.3087,    1.2952,    1.2613,    1.2188,    1.1728,    1.0368,    1.0122,    0.9638,    0.8307,    0.8201,    0.6626,    0.4218,    0.3576,    0.2958,    0.2846,    0.2650,    0.2233,    0.2575,    0.2602,    0.2774,    0.3130,    0.3729,    0.4373,    0.5456,    0.5941,    0.5030,    0.6341,    0.6248,    0.6253,    0.6293,    0.6831,    0.6997,    0.7096,    0.7099,    0.7027,    1.9083,    1.8353,    1.7713,    1.6912,    1.6169,    1.5185,    1.4174,    1.3478,    1.2845,    1.2175,    1.1510,    1.0924,    1.6478,    1.5227,    1.3856,    1.2474,    1.1309,    1.0384,    0.9430,    0.8551,    0.7678,    0.6927,    0.6180,    0.5557,    1.3756,    0.9899,    0.6975,    0.4997,    0.3603,    0.2552,    0.1773,    0.1206,    0.0810,    0.0535,    0.0355,    0.0257,    0.0918,    0.0481,    0.0802,    0.0926,    0.1040,    0.0967,    0.1059,    0.1179,    0.1037,    0.1427,    0.1262,    0.1401,    0.1545,    0.1259,    0.1830,    0.2030,    0.1674,    0.1906,    0.2067,    0.2247,    0.2362,    0.1643,    0.2631,    0.2776,    0.3412,    0.3647,    0.3775,    0.4013,    0.4064,    0.4253,    0.4293,    0.4802,    0.5150,    0.4969,    0.5239,    0.5336,    0.9092,    0.9929,    1.0416,    1.0753,    1.0970,    1.1900,    1.1178,    1.1781,    1.1450,    1.2064,    1.1440,    1.2258,    2.6411,    2.6035,    2.6643,    2.6995,    2.7264,    2.6190,    2.7108,    2.7800,    2.8364,    2.6374,    2.5994,    2.6993,    6.8236,    6.4458,    6.3732,    6.1805,    5.7092,    5.3546,    4.7008,    4.3248,    4.1571,    3.6438,    2.7993,    2.6002,    2.0049,    1.7966,    1.3701,    1.3080,    0.8821,    0.6404,    0.5176,    0.2078,    0.1832,    0.1302,    0.0452,    0.0367,    0.0062,    0.0236,    0.0499,    0.0826,    0.1194,    0.1585,    0.1982,    0.2234,    0.3564,    0.3050,    0.8398,    0.9519,    0.6363,    0.3190,    0.3294,    0.6484,    0.7309,    1.0900,    1.3459,    1.1396,    0.8567,    0.6782,    0.7105,    0.6949,    0.2236,    0.2309,    0.2563,    0.3402,    0.4466,    0.5507,    0.8636,    0.8914,    0.9638,    1.0978,    1.1375,    1.2553,    0.9697,    0.9641,    0.9572,    0.9473,    0.9378,    0.9287,    0.9178,    0.9074,    0.8966,    0.8844,    0.8684,    0.8432,    0.8111,    0.6991,    0.7555,    0.5443,    0.5463,    0.5327,    0.4747,    0.3197,    0.2571,    0.1876,    0.1497,    0.1358,    0.3149,    0.2875,    0.2307,    0.2172,    0.1993,    0.2263,    0.2624,    0.2520,    0.2360,    0.2306,    0.2293,    0.2133,    0.2781,    0.2275,    0.2244,    0.2366,    0.2178,    0.1725,    0.1534,    0.1383,    0.1347,    0.1236,    0.1226,    0.1118,    0.2527,    0.1823,    0.1357,    0.0890,    0.0532,    0.0335,    0.0229,    0.0182,    0.0144,    0.0120,    0.0093,    0.0043,    0.0179,    0.0000,    0.0464,    0.0853,    0.0965,    0.0882,    0.0990,    0.1131,    0.1007,    0.1387,    0.1225,    0.1299,    0.1426,    0.1157,    0.1672,    0.1825,    0.1469,    0.0950,    0.0114,    0.0254,    0.1238,    0.1483,    0.2391,    0.2510,    0.3107,    0.3323,    0.3440,    0.3655,    0.3912,    0.4003,    0.3729,    0.3390,    0.2986,    0.3568,    0.4955,    0.5027,    0.8897,    0.9719,    1.0176,    1.0326,    1.0142,    1.1247,    1.0803,    1.1814,    1.0860,    1.2282,    1.1615,    1.2361,    2.6772,    2.6126,    2.7126,    2.7612,    2.7792,    2.6793,    2.7737,    2.8444,    2.9021,    2.6971,    2.6596,    2.7618,    6.9810,    6.6755,    6.6001,    6.4002,    5.9118,    5.5443,    4.8670,    4.4772,    4.3032,    3.7714,    2.8969,    2.6904,    2.0740,    2.0093,    1.5320,    1.4621,    0.9858,    0.7153,    0.5779,    0.2319,    0.2044,    0.1451,    0.0503,    0.0409
    2,    0.1500,  227.5722,    0.1548,  119.3639,  125.4212,    6.5451,  -11.5133,  158.4330,  163.5827,  163.6723,  163.8293,  164.1029,  164.5732,  165.3648,  166.6602,  168.4872,  170.9519,  174.2721,  178.5564,  183.8814,  190.3071,  197.9049,  205.8548,  212.8059,  218.1105,  222.1140,  224.8330,  226.3589,  227.0949,  227.3721,  227.5098,  227.5598,    0.0617,    0.2340,    0.4949,    0.8192,    1.1844,    1.5720,    1.9655,    2.3669,    2.6045,    3.0628,    2.7193,    2.8857,    3.1378,    3.5062,    3.6556,    3.6944,    3.7140,    3.5676,    3.4629,    3.5203,    3.5623,    3.5398,    3.5644,    3.6194,    1.2617,    1.2629,    1.2528,    1.2210,    1.1808,    1.1378,    1.0076,    0.9791,    0.9342,    0.8088,    0.8000,    0.6543,    0.4186,    0.3559,    0.2950,    0.2839,    0.2645,    0.2231,    0.2570,    0.2596,    0.2765,    0.3113,    0.3692,    0.4303,    0.5325,    0.5763,    0.4908,    0.6122,    0.6034,    0.6058,    0.6085,    0.6574,    0.6755,    0.6840,    0.6837,    0.6765,    1.8440,    1.7748,    1.7118,    1.6310,    1.5588,    1.4536,    1.3443,    1.2777,    1.2187,    1.1547,    1.0908,    1.0347,    1.5701,    1.4525,    1.3211,    1.1848,    1.0698,    0.9811,    0.8905,    0.8069,    0.7213,    0.6503,    0.5798,    0.5210,    1.2870,    0.9245,    0.6429,    0.4618,    0.3361,    0.2391,    0.1659,    0.1128,    0.0754,    0.0498,    0.0328,    0.0237,    0.0923,    0.0481,    0.0817,    0.0953,    0.1070,    0.0994,    0.1090,    0.1210,    0.1065,    0.1466,    0.1296,    0.1442,    0.1591,    0.1296,    0.1883,    0.2088,    0.1723,    0.1932,    0.2068,    0.2251,    0.2400,    0.1693,    0.2712,    0.2862,    0.3518,    0.3760,    0.3892,    0.4138,    0.4180,    0.4370,    0.4399,    0.4890,    0.5223,    0.5063,    0.5384,    0.5483,    0.9342,    1.0202,    1.0702,    1.1040,    1.1248,    1.2212,    1.1480,    1.2064,    1.1704,    1.2359,    1.1720,    1.2555,    2.7054,    2.6662,    2.7297,    2.7634,    2.7906,    2.6809,    2.7750,    2.8458,    2.9036,    2.6998,    2.6610,    2.7633,    6.9852,    6.5788,    6.5048,    6.3081,    5.8272,    5.4654,    4.7983,    4.4146,    4.2436,    3.7198,    2.8579,    2.6548,    2.0472,    1.8186,    1.3871,    1.3244,    0.8933,    0.6486,    0.5243,    0.2106,    0.1857,    0.1320,    0.0458,    0.0373,    0.0089,    0.0339,    0.0718,    0.1187,    0.1717,    0.2278,    0.2848,    0.3218,    0.5056,    0.4384,    1.1359,    1.2815,    0.8961,    0.4600,    0.4761,    0.9249,    1.0369,    1.5073,    1.8263,    1.5688,    1.1991,    0.9544,    0.9927,    0.9409,    0.3058,    0.3078,    0.3274,    0.4048,    0.5037,    0.5999,    0.8966,    0.9267,    0.9913,    1.1133,    1.1480,    1.2558,    0.9697,    0.9641,    0.9572,    0.9473,    0.9378,    0.9287,    0.9178,    0.9074,    0.8966,    0.8844,    0.8684,    0.8436,    0.8149,    0.7090,    0.7625,    0.5644,    0.5654,    0.5511,    0.4965,    0.3512,    0.2904,    0.2248,    0.1886,    0.1748,    0.4136,    0.3807,    0.3221,    0.3084,    0.2864,    0.3231,    0.3716,    0.3552,    0.3313,    0.3202,    0.3137,    0.2933,    0.3859,    0.3237,    0.3106,    0.3185,    0.2965,    0.2456,    0.2187,    0.1972,    0.1915,    0.1744,    0.1674,    0.1517,    0.3523,    0.2524,    0.1918,    0.1264,    0.0761,    0.0481,    0.0329,    0.0247,    0.0189,    0.0149,    0.0113,    0.0057,    0.0157,    0.0000,    0.0408,    0.0761,    0.0861,    0.0787,    0.0883,    0.1022,    0.0910,    0.1253,    0.1107,    0.1154,    0.1267,    0.1028,    0.1485,    0.1621,    0.1299,    0.0840,    0.0101,    0.0225,    0.1094,    0.1312,    0.2112,    0.2217,    0.2744,    0.2935,    0.3038,    0.3228,    0.3532,    0.3615,    0.3367,    0.3061,    0.2697,    0.3222,    0.4475,    0.4540,    0.8074,    0.8820,    0.9234,    0.9371,    0.9203,    1.0207,    0.9803,    1.0872,    0.9994,    1.1303,    1.0689,    1.1375,    2.4637,    2.4043,    2.4964,    2.5439,    2.5605,    2.4685,    2.5554,    2.6206,    2.6738,    2.4849,    2.4503,    2.5445,    6.4316,    6.1618,    6.0922,    5.9077,    5.4568,    5.1176,    4.4924,    4.1327,    3.9720,    3.4812,    2.6740,    2.4833,    1.9144,    1.9042,    1.4518,    1.3857,    0.9342,    0.6779,    0.5477,    0.2198,    0.1937,    0.1375,    0.0477,    0.0387
    2,    0.2000,  227.5722,    0.1392,  114.1775,  127.7328,   14.0434,  -11.4545,  158.4330,  163.5827,  163.6723,  163.8293,  164.1029,  164.5732,  165.3648,  166.6602,  168.4872,  170.9519,  174.2721,  178.5564,  183.8814,  190.3071,  197.9049,  205.8548,  212.8059,  218.1105,  222.1140,  224.8330,  226.3589,  227.0949,  227.3721,  227.5098,  227.5598,    0.0592,    0.2246,    0.4752,    0.7864,    1.1371,    1.5091,    1.8869,    2.2761,    2.4706,    2.9401,    2.4762,    2.6175,    2.9802,    3.3758,    3.5283,    3.5637,    3.5720,    3.3995,    3.2813,    3.3396,    3.3813,    3.3529,    3.3985,    3.4839,    1.2163,    1.2214,    1.2141,    1.1842,    1.1461,    1.1057,    0.9807,    0.9490,    0.9072,    0.7888,    0.7815,    0.6463,    0.4154,    0.3541,    0.2942,    0.2833,    0.2641,    0.2229,    0.2565,    0.2590,    0.2756,    0.3096,    0.3657,    0.4237,    0.5203,    0.5599,    0.4795,    0.5922,    0.5838,    0.5878,    0.5895,    0.6341,    0.6533,    0.6605,    0.6597,    0.6526,    1.7845,    1.7186,    1.6565,    1.5754,    1.5051,    1.3943,    1.2787,    1.2148,    1.1595,    1.0982,    1.0368,    0.9829,    1.4992,    1.3882,    1.2620,    1.1277,    1.0143,    0.9293,    0.8430,    0.7634,    0.6793,    0.6120,    0.5454,    0.4897,    1.2071,    0.8655,    0.5945,    0.4280,    0.3141,    0.2243,    0.1555,    0.1058,    0.0703,    0.0464,    0.0304,    0.0219,    0.0926,    0.0481,    0.0828,    0.0974,    0.1093,    0.1015,    0.1115,    0.1236,    0.1088,    0.1498,    0.1324,    0.1476,    0.1628,    0.1326,    0.1926,    0.2135,    0.1762,    0.1952,    0.2068,    0.2253,    0.2431,    0.1732,    0.2777,    0.2929,    0.3602,    0.3850,    0.3985,    0.4237,    0.4275,    0.4466,    0.4486,    0.4963,    0.5284,    0.5140,    0.5504,    0.5605,    0.9550,    1.0430,    1.0940,    1.1281,    1.1481,    1.2472,    1.1732,    1.2306,    1.1922,    1.2613,    1.1959,    1.2809,    2.7606,    2.7198,    2.7856,    2.8181,    2.8456,    2.7341,    2.8300,    2.9022,    2.9612,    2.7533,    2.7138,    2.8181,    7.1238,    6.6932,    6.6180,    6.4181,    5.9289,    5.5609,    4.8822,    4.4920,    4.3182,    3.7854,    2.9084,    2.7019,    2.0837,    1.8386,    1.4025,    1.3392,    0.9034,    0.6560,    0.5304,    0.2131,    0.1880,    0.1336,    0.0464,    0.0378,    0.0115,    0.0434,    0.0918,    0.1520,    0.2197,    0.2916,    0.3646,    0.4126,    0.6395,    0.5612,    1.3792,    1.5498,    1.1260,    0.5905,    0.6126,    1.1748,    1.3106,    1.8606,    2.2160,    1.9290,    1.4979,    1.1994,    1.2444,    1.1645,    0.3809,    0.3785,    0.3929,    0.4644,    0.5564,    0.6454,    0.9268,    0.9583,    1.0161,    1.1272,    1.1575,    1.2564,    0.9697,    0.9642,    0.9572,    0.9473,    0.9378,    0.9287,    0.9178,    0.9074,    0.8966,    0.8844,    0.8685,    0.8441,    0.8184,    0.7180,    0.7688,    0.5827,    0.5828,    0.5679,    0.5165,    0.3801,    0.3211,    0.2590,    0.2244,    0.2107,    0.5051,    0.4673,    0.4071,    0.3928,    0.3672,    0.4115,    0.4692,    0.4475,    0.4168,    0.4005,    0.3893,    0.3650,    0.4839,    0.4115,    0.3892,    0.3927,    0.3673,    0.3115,    0.2776,    0.2503,    0.2424,    0.2199,    0.2076,    0.1876,    0.4417,    0.3154,    0.2415,    0.1598,    0.0970,    0.0616,    0.0421,    0.0306,    0.0231,    0.0176,    0.0131,    0.0070,    0.0138,    0.0000,    0.0360,    0.0678,    0.0767,    0.0702,    0.0787,    0.0924,    0.0822,    0.1132,    0.1001,    0.1025,    0.1125,    0.0914,    0.1320,    0.1441,    0.1148,    0.0743,    0.0089,    0.0199,    0.0968,    0.1160,    0.1865,    0.1958,    0.2424,    0.2592,    0.2683,    0.2851,    0.3190,    0.3265,    0.3041,    0.2765,    0.2435,    0.2910,    0.4041,    0.4100,    0.7327,    0.8004,    0.8380,    0.8504,    0.8352,    0.9262,    0.8896,    1.0005,    0.9198,    1.0402,    0.9837,    1.0468,    2.2674,    2.2126,    2.2974,    2.3437,    2.3590,    2.2743,    2.3544,    2.4144,    2.4634,    2.2894,    2.2576,    2.3443,    5.9256,    5.6879,    5.6237,    5.4534,    5.0372,    4.7241,    4.1470,    3.8149,    3.6666,    3.2135,    2.4684,    2.2924,    1.7672,    1.8047,    1.3760,    1.3133,    0.8854,    0.6425,    0.5191,    0.2083,    0.1836,    0.1303,    0.0452,    0.0367
    2,    0.3000,  227.5722,    0.1145,  105.4364,  131.4029,   26.4553,  -11.8831,  158.4330,  163.5827,  163.6723,  163.8293,  164.1029,  164.5732,  165.3648,  166.6602,  168.4872,  170.9519,  174.2721,  178.5564,  183.8814,  190.3071,  197.9049,  205.8548,  212.8059,  218.1105,  222.1140,  224.8330,  226.3589,  227.0949,  227.3721,  227.5098,  227.5598,    0.0549,    0.2081,    0.4401,    0.7283,    1.0530,    1.3975,    1.7474,    2.1140,    2.2403,    2.7221,    2.1007,    2.2073,    2.7271,    3.1419,    3.3004,    3.3460,    3.3391,    3.1398,    3.0090,    3.0628,    3.0947,    3.0471,    3.1259,    3.2536,    1.1385,    1.1494,    1.1463,    1.1196,    1.0849,    1.0489,    0.9333,    0.8968,    0.8599,    0.7535,    0.7484,    0.6312,    0.4093,    0.3507,    0.2928,    0.2821,    0.2631,    0.2224,    0.2555,    0.2578,    0.2737,    0.3062,    0.3590,    0.4113,    0.4980,    0.5306,    0.4591,    0.5570,    0.5493,    0.5558,    0.5559,    0.5932,    0.6139,    0.6191,    0.6174,    0.6103,    1.6780,    1.6176,    1.5573,    1.4760,    1.4090,    1.2903,    1.1662,    1.1068,    1.0576,    1.0008,    0.9436,    0.8936,    1.3747,    1.2747,    1.1577,    1.0277,    0.9180,    0.8392,    0.7607,    0.6879,    0.6069,    0.5460,    0.4860,    0.4358,    1.0694,    0.7639,    0.5130,    0.3705,    0.2760,    0.1984,    0.1371,    0.0933,    0.0614,    0.0404,    0.0263,    0.0189,    0.0930,    0.0481,    0.0845,    0.1005,    0.1128,    0.1047,    0.1151,    0.1275,    0.1123,    0.1546,    0.1367,    0.1524,    0.1681,    0.1369,    0.1988,    0.2202,    0.1817,    0.1981,    0.2068,    0.2257,    0.2474,    0.1788,    0.2869,    0.3025,    0.3721,    0.3978,    0.4118,    0.4377,    0.4418,    0.4612,    0.4618,    0.5072,    0.5374,    0.5257,    0.5685,    0.5788,    0.9869,    1.0778,    1.1304,    1.1648,    1.1837,    1.2870,    1.2117,    1.2691,    1.2268,    1.3015,    1.2339,    1.3213,    2.8481,    2.8049,    2.8745,    2.9054,    2.9334,    2.8188,    2.9177,    2.9922,    3.0530,    2.8386,    2.7979,    2.9055,    7.3448,    6.8766,    6.7995,    6.5942,    6.0918,    5.7140,    5.0168,    4.6161,    4.4378,    3.8906,    2.9895,    2.7775,    2.1423,    1.8732,    1.4291,    1.3650,    0.9210,    0.6690,    0.5411,    0.2174,    0.1919,    0.1364,    0.0474,    0.0386,    0.0159,    0.0603,    0.1275,    0.2111,    0.3052,    0.4050,    0.5063,    0.5748,    0.8699,    0.7793,    1.7549,    1.9603,    1.5143,    0.8244,    0.8589,    1.6073,    1.7769,    2.4180,    2.7951,    2.4908,    1.9920,    1.6148,    1.6734,    1.5542,    0.5127,    0.5034,    0.5095,    0.5703,    0.6501,    0.7264,    0.9796,    1.0124,    1.0585,    1.1512,    1.1738,    1.2574,    0.9698,    0.9642,    0.9572,    0.9473,    0.9378,    0.9287,    0.9178,    0.9074,    0.8966,    0.8844,    0.8686,    0.8449,    0.8246,    0.7340,    0.7800,    0.6148,    0.6132,    0.5976,    0.5517,    0.4309,    0.3755,    0.3197,    0.2879,    0.2744,    0.6691,    0.6230,    0.5598,    0.5439,    0.5117,    0.5662,    0.6350,    0.6044,    0.5627,    0.5377,    0.5183,    0.4875,    0.6544,    0.5651,    0.5269,    0.5216,    0.4892,    0.4250,    0.3791,    0.3418,    0.3292,    0.2977,    0.2762,    0.2490,    0.5947,    0.4235,    0.3251,    0.2166,    0.1333,    0.0853,    0.0583,    0.0413,    0.0304,    0.0223,    0.0162,    0.0094,    0.0107,    0.0000,    0.0279,    0.0540,    0.0611,    0.0558,    0.0626,    0.0754,    0.0671,    0.0925,    0.0817,    0.0809,    0.0888,    0.0721,    0.1042,    0.1137,    0.0898,    0.0581,    0.0070,    0.0156,    0.0757,    0.0907,    0.1455,    0.1528,    0.1891,    0.2022,    0.2093,    0.2224,    0.2602,    0.2663,    0.2480,    0.2255,    0.1987,    0.2374,    0.3296,    0.3344,    0.6034,    0.6592,    0.6902,    0.7003,    0.6878,    0.7628,    0.7327,    0.8475,    0.7791,    0.8811,    0.8332,    0.8867,    1.9204,    1.8741,    1.9459,    1.9897,    2.0027,    1.9307,    1.9987,    2.0497,    2.0913,    1.9435,    1.9165,    1.9902,    5.0305,    4.8478,    4.7931,    4.6480,    4.2933,    4.0264,    3.5346,    3.2516,    3.1252,    2.7390,    2.1039,    1.9539,    1.5063,    1.6215,    1.2364,    1.1801,    0.7956,    0.5774,    0.4665,    0.1872,    0.1650,    0.1171,    0.0406,    0.0330
    2,    0.4000,  227.5722,    0.0963,   98.3328,  134.0940,   36.2505,  -12.6771,  158.4330,  163.5827,  163.6723,  163.8293,  164.1029,  164.5732,  165.3648,  166.6602,  168.4872,  170.9519,  174.2721,  178.5564,  183.8814,  190.3071,  197.9049,  205.8548,  212.8059,  218.1105,  222.1140,  224.8330,  226.3589,  227.0949,  227.3721,  227.5098,  227.5598,    0.0511,    0.1938,    0.4099,    0.6783,    0.9808,    1.3016,    1.6274,    1.9734,    2.0493,    2.5341,    1.8241,    1.9084,    2.5351,    2.9384,    3.1024,    3.1730,    3.1568,    2.9485,    2.8132,    2.8604,    2.8793,    2.8093,    2.9125,    3.0656,    1.0744,    1.0891,    1.0889,    1.0646,    1.0327,    1.0002,    0.8926,    0.8529,    0.8198,    0.7232,    0.7197,    0.6173,    0.4035,    0.3474,    0.2913,    0.2809,    0.2621,    0.2220,    0.2545,    0.2567,    0.2719,    0.3030,    0.3526,    0.3999,    0.4781,    0.5052,    0.4413,    0.5272,    0.5200,    0.5283,    0.5271,    0.5587,    0.5800,    0.5836,    0.5812,    0.5742,    1.5856,    1.5295,    1.4708,    1.3898,    1.3256,    1.2021,    1.0735,    1.0178,    0.9731,    0.9201,    0.8664,    0.8196,    1.2694,    1.1781,    1.0689,    0.9433,    0.8375,    0.7640,    0.6920,    0.6249,    0.5471,    0.4915,    0.4368,    0.3911,    0.9558,    0.6800,    0.4477,    0.3240,    0.2443,    0.1766,    0.1216,    0.0828,    0.0539,    0.0355,    0.0229,    0.0163,    0.0933,    0.0481,    0.0855,    0.1025,    0.1151,    0.1068,    0.1174,    0.1302,    0.1147,    0.1579,    0.1396,    0.1555,    0.1715,    0.1396,    0.2028,    0.2245,    0.1852,    0.1999,    0.2068,    0.2258,    0.2501,    0.1824,    0.2926,    0.3086,    0.3797,    0.4058,    0.4201,    0.4466,    0.4517,    0.4712,    0.4708,    0.5147,    0.5436,    0.5336,    0.5809,    0.5913,    1.0091,    1.1021,    1.1557,    1.1903,    1.2084,    1.3147,    1.2385,    1.2974,    1.2522,    1.3310,    1.2617,    1.3509,    2.9123,    2.8673,    2.9397,    2.9696,    2.9979,    2.8812,    2.9823,    3.0584,    3.1206,    2.9014,    2.8599,    2.9698,    7.5075,    7.0125,    6.9340,    6.7249,    6.2127,    5.8275,    5.1168,    4.7083,    4.5267,    3.9687,    3.0498,    2.8337,    2.1860,    1.9017,    1.4511,    1.3862,    0.9356,    0.6797,    0.5499,    0.2211,    0.1952,    0.1388,    0.0482,    0.0393,    0.0197,    0.0749,    0.1583,    0.2620,    0.3788,    0.5027,    0.6285,    0.7154,    1.0610,    0.9673,    2.0317,    2.2595,    1.8293,    1.0280,    1.0751,    1.9661,    2.1561,    2.8274,    3.1886,    2.8981,    2.3800,    1.9533,    2.0237,    1.8805,    0.6239,    0.6098,    0.6096,    0.6614,    0.7306,    0.7959,    1.0241,    1.0565,    1.0932,    1.1708,    1.1873,    1.2583,    0.9699,    0.9642,    0.9572,    0.9473,    0.9378,    0.9287,    0.9178,    0.9074,    0.8966,    0.8844,    0.8686,    0.8457,    0.8301,    0.7477,    0.7895,    0.6418,    0.6389,    0.6229,    0.5816,    0.4740,    0.4220,    0.3716,    0.3422,    0.3289,    0.8113,    0.7583,    0.6926,    0.6745,    0.6366,    0.6962,    0.7691,    0.7313,    0.6815,    0.6496,    0.6234,    0.5873,    0.7966,    0.6943,    0.6427,    0.6286,    0.5894,    0.5183,    0.4628,    0.4174,    0.3999,    0.3611,    0.3322,    0.2992,    0.7198,    0.5123,    0.3920,    0.2628,    0.1637,    0.1056,    0.0722,    0.0504,    0.0367,    0.0264,    0.0190,    0.0114,    0.0083,    0.0000,    0.0216,    0.0429,    0.0486,    0.0444,    0.0498,    0.0616,    0.0548,    0.0755,    0.0668,    0.0639,    0.0702,    0.0570,    0.0823,    0.0898,    0.0703,    0.0455,    0.0055,    0.0122,    0.0592,    0.0710,    0.1136,    0.1192,    0.1476,    0.1578,    0.1634,    0.1736,    0.2122,    0.2172,    0.2023,    0.1840,    0.1621,    0.1937,    0.2689,    0.2728,    0.4970,    0.5430,    0.5685,    0.5769,    0.5666,    0.6284,    0.6035,    0.7179,    0.6600,    0.7464,    0.7058,    0.7511,    1.6268,    1.5876,    1.6484,    1.6894,    1.7005,    1.6394,    1.6971,    1.7404,    1.7757,    1.6502,    1.6273,    1.6898,    4.2714,    4.1334,    4.0868,    3.9630,    3.6607,    3.4331,    3.0138,    2.7725,    2.6647,    2.3355,    1.7940,    1.6661,    1.2845,    1.4574,    1.1113,    1.0607,    0.7152,    0.5190,    0.4193,    0.1683,    0.1483,    0.1053,    0.0365,    0.0297
    2,    0.5000,  227.5722,    0.0830,   92.4318,  136.0708,   44.1290,  -13.5820,  158.4330,  163.5827,  163.6723,  163.8293,  164.1029,  164.5732,  165.3648,  166.6602,  168.4872,  170.9519,  174.2721,  178.5564,  183.8814,  190.3071,  197.9049,  205.8548,  212.8059,  218.1105,  222.1140,  224.8330,  226.3589,  227.0949,  227.3721,  227.5098,  227.5598,    0.0478,    0.1814,    0.3836,    0.6349,    0.9180,    1.2182,    1.5231,    1.8504,    1.8884,    2.3705,    1.6120,    1.6808,    2.3863,    2.7596,    2.9290,    3.0328,    3.0108,    2.8009,    2.6642,    2.7051,    2.7123,    2.6205,    2.7418,    2.9096,    1.0207,    1.0378,    1.0397,    1.0174,    0.9877,    0.9580,    0.8573,    0.8155,    0.7854,    0.6969,    0.6945,    0.6044,    0.3980,    0.3443,    0.2899,    0.2797,    0.2612,    0.2216,    0.2535,    0.2555,    0.2702,    0.2999,    0.3466,    0.3894,    0.4604,    0.4829,    0.4257,    0.5015,    0.4948,    0.5042,    0.5021,    0.5290,    0.5506,    0.5529,    0.5500,    0.5431,    1.5046,    1.4520,    1.3947,    1.3143,    1.2527,    1.1265,    0.9958,    0.9432,    0.9022,    0.8523,    0.8016,    0.7575,    1.1792,    1.0950,    0.9925,    0.8713,    0.7696,    0.7005,    0.6341,    0.5718,    0.4970,    0.4459,    0.3958,    0.3539,    0.8611,    0.6102,    0.3949,    0.2859,    0.2177,    0.1581,    0.1085,    0.0738,    0.0477,    0.0313,    0.0200,    0.0142,    0.0934,    0.0480,    0.0861,    0.1038,    0.1166,    0.1081,    0.1189,    0.1320,    0.1163,    0.1601,    0.1416,    0.1575,    0.1737,    0.1414,    0.2053,    0.2273,    0.1874,    0.2010,    0.2067,    0.2259,    0.2518,    0.1846,    0.2963,    0.3124,    0.3844,    0.4109,    0.4253,    0.4521,    0.4584,    0.4780,    0.4770,    0.5197,    0.5477,    0.5390,    0.5893,    0.5998,    1.0245,    1.1189,    1.1733,    1.2080,    1.2255,    1.3339,    1.2571,    1.3180,    1.2707,    1.3526,    1.2821,    1.3725,    2.9593,    2.9131,    2.9874,    3.0169,    3.0454,    2.9270,    3.0298,    3.1071,    3.1703,    2.9476,    2.9054,    3.0172,    7.6272,    7.1133,    7.0338,    6.8218,    6.3023,    5.9118,    5.1909,    4.7768,    4.5927,    4.0268,    3.0946,    2.8756,    2.2185,    1.9251,    1.4692,    1.4037,    0.9476,    0.6886,    0.5572,    0.2241,    0.1979,    0.1408,    0.0489,    0.0399,    0.0231,    0.0875,    0.1851,    0.3064,    0.4430,    0.5878,    0.7349,    0.8385,    1.2220,    1.1310,    2.2440,    2.4873,    2.0890,    1.2068,    1.2666,    2.2658,    2.4668,    3.1318,    3.4606,    3.1973,    2.6890,    2.2340,    2.3132,    2.1559,    0.7184,    0.7009,    0.6959,    0.7399,    0.7999,    0.8559,    1.0616,    1.0927,    1.1218,    1.1870,    1.1986,    1.2591,    0.9700,    0.9642,    0.9572,    0.9473,    0.9378,    0.9287,    0.9178,    0.9074,    0.8966,    0.8845,    0.8687,    0.8463,    0.8349,    0.7595,    0.7976,    0.6647,    0.6607,    0.6445,    0.6071,    0.5106,    0.4621,    0.4161,    0.3888,    0.3757,    0.9349,    0.8764,    0.8084,    0.7878,    0.7450,    0.8061,    0.8783,    0.8348,    0.7790,    0.7414,    0.7097,    0.6692,    0.9158,    0.8034,    0.7407,    0.7181,    0.6724,    0.5956,    0.5323,    0.4803,    0.4580,    0.4132,    0.3783,    0.3404,    0.8228,    0.5856,    0.4460,    0.3006,    0.1893,    0.1229,    0.0842,    0.0583,    0.0421,    0.0299,    0.0213,    0.0131,    0.0065,    0.0000,    0.0168,    0.0342,    0.0387,    0.0354,    0.0397,    0.0503,    0.0448,    0.0617,    0.0545,    0.0505,    0.0554,    0.0450,    0.0650,    0.0710,    0.0550,    0.0356,    0.0043,    0.0095,    0.0463,    0.0555,    0.0886,    0.0931,    0.1152,    0.1232,    0.1275,    0.1355,    0.1732,    0.1772,    0.1651,    0.1501,    0.1323,    0.1580,    0.2194,    0.2226,    0.4095,    0.4474,    0.4684,    0.4753,    0.4668,    0.5177,    0.4972,    0.6083,    0.5592,    0.6324,    0.5980,    0.6364,    1.3784,    1.3451,    1.3966,    1.4348,    1.4442,    1.3923,    1.4413,    1.4781,    1.5081,    1.4015,    1.3821,    1.4352,    3.6276,    3.5259,    3.4861,    3.3805,    3.1226,    2.9285,    2.5708,    2.3650,    2.2731,    1.9923,    1.5304,    1.4213,    1.0958,    1.3104,    0.9992,    0.9538,    0.6431,    0.4667,    0.3771,    0.1514,    0.1334,    0.0947,    0.0328,    0.0267
    2,    0.7500,  227.5722,    0.0631,   81.2510,  139.0260,   58.2666,  -15.5950,  158.4330,  163.5827,  163.6723,  163.8293,  164.1029,  164.5732,  165.3648,  166.6602,  168.4872,  170.9519,  174.2721,  178.5564,  183.8814,  190.3071,  197.9049,  205.8548,  212.8059,  218.1105,  222.1140,  224.8330,  226.3589,  227.0949,  227.3721,  227.5098,  227.5598,    0.0413,    0.1565,    0.3311,    0.5479,    0.7921,    1.0511,    1.3140,    1.6009,    1.5785,    2.0410,    1.2492,    1.2951,    2.1337,    2.3953,    2.5779,    2.7769,    2.7471,    2.5428,    2.4075,    2.4352,    2.4222,    2.2880,    2.4357,    2.6156,    0.9183,    0.9383,    0.9428,    0.9239,    0.8984,    0.8737,    0.7866,    0.7421,    0.7173,    0.6441,    0.6431,    0.5760,    0.3855,    0.3369,    0.2865,    0.2768,    0.2590,    0.2207,    0.2511,    0.2528,    0.2660,    0.2925,    0.3326,    0.3664,    0.4233,    0.4376,    0.3934,    0.4507,    0.4447,    0.4557,    0.4521,    0.4706,    0.4916,    0.4916,    0.4878,    0.4810,    1.3405,    1.2938,    1.2396,    1.1618,    1.1052,    0.9779,    0.8485,    0.8018,    0.7669,    0.7230,    0.6782,    0.6393,    1.0033,    0.9318,    0.8423,    0.7317,    0.6395,    0.5794,    0.5235,    0.4705,    0.4032,    0.3604,    0.3189,    0.2841,    0.6846,    0.4804,    0.3004,    0.2171,    0.1679,    0.1227,    0.0836,    0.0567,    0.0359,    0.0235,    0.0148,    0.0104,    0.0935,    0.0480,    0.0867,    0.1054,    0.1184,    0.1098,    0.1208,    0.1344,    0.1185,    0.1631,    0.1442,    0.1599,    0.1763,    0.1435,    0.2084,    0.2306,    0.1899,    0.2022,    0.2065,    0.2258,    0.2537,    0.1873,    0.3005,    0.3168,    0.3899,    0.4167,    0.4314,    0.4586,    0.4672,    0.4870,    0.4851,    0.5263,    0.5531,    0.5461,    0.6004,    0.6111,    1.0455,    1.1419,    1.1973,    1.2322,    1.2489,    1.3601,    1.2825,    1.3486,    1.2982,    1.3846,    1.3124,    1.4047,    3.0290,    2.9808,    3.0581,    3.0874,    3.1163,    2.9955,    3.1007,    3.1798,    3.2445,    3.0165,    2.9735,    3.0879,    7.8060,    7.2657,    7.1847,    6.9684,    6.4381,    6.0395,    5.3034,    4.8806,    4.6930,    4.1152,    3.1629,    2.9395,    2.2682,    1.9672,    1.5017,    1.4353,    0.9693,    0.7047,    0.5705,    0.2295,    0.2029,    0.1445,    0.0503,    0.0410,    0.0298,    0.1131,    0.2392,    0.3958,    0.5723,    0.7594,    0.9494,    1.0882,    1.5321,    1.4607,    2.6074,    2.8736,    2.5695,    1.5712,    1.6619,    2.8236,    3.0279,    3.6047,    3.8419,    3.6552,    3.2255,    2.7594,    2.8473,    2.6775,    0.8993,    0.8775,    0.8647,    0.8937,    0.9356,    0.9735,    1.1329,    1.1584,    1.1738,    1.2168,    1.2194,    1.2608,    0.9701,    0.9643,    0.9572,    0.9473,    0.9378,    0.9287,    0.9178,    0.9074,    0.8966,    0.8845,    0.8689,    0.8478,    0.8445,    0.7829,    0.8133,    0.7088,    0.7027,    0.6866,    0.6565,    0.5813,    0.5400,    0.5028,    0.4794,    0.4667,    1.1801,    1.1116,    1.0394,    1.0116,    0.9593,    1.0145,    1.0743,    1.0206,    0.9558,    0.9081,    0.8661,    0.8181,    1.1395,    1.0104,    0.9269,    0.8853,    0.8251,    0.7382,    0.6614,    0.5972,    0.5636,    0.5083,    0.4624,    0.4159,    1.0112,    0.7208,    0.5425,    0.3697,    0.2380,    0.1566,    0.1075,    0.0738,    0.0526,    0.0367,    0.0258,    0.0164,    0.0034,    0.0000,    0.0089,    0.0194,    0.0219,    0.0200,    0.0225,    0.0304,    0.0271,    0.0373,    0.0330,    0.0281,    0.0308,    0.0250,    0.0361,    0.0395,    0.0299,    0.0193,    0.0023,    0.0052,    0.0252,    0.0301,    0.0478,    0.0502,    0.0621,    0.0664,    0.0688,    0.0731,    0.1042,    0.1067,    0.0994,    0.0904,    0.0797,    0.0952,    0.1321,    0.1340,    0.2526,    0.2760,    0.2890,    0.2932,    0.2880,    0.3194,    0.3068,    0.4023,    0.3699,    0.4183,    0.3956,    0.4210,    0.9118,    0.8898,    0.9238,    0.9550,    0.9612,    0.9267,    0.9593,    0.9838,    1.0037,    0.9328,    0.9198,    0.9552,    2.4144,    2.3746,    2.3478,    2.2768,    2.1031,    1.9724,    1.7315,    1.5930,    1.5311,    1.3420,    1.0309,    0.9575,    0.7382,    1.0062,    0.7673,    0.7325,    0.4939,    0.3585,    0.2897,    0.1163,    0.1025,    0.0728,    0.0252,    0.0205
    2,    1.0000,  227.5722,    0.0537,   73.3397,  140.4180,   67.5713,  -16.8314,  158.4330,  163.5827,  163.6723,  163.8293,  164.1029,  164.5732,  165.3648,  166.6602,  168.4872,  170.9519,  174.2721,  178.5564,  183.8814,  190.3071,  197.9049,  205.8548,  212.8059,  218.1105,  222.1140,  224.8330,  226.3589,  227.0949,  227.3721,  227.5098,  227.5598,    0.0364,    0.1379,    0.2916,    0.4825,    0.6975,    0.9255,    1.1570,    1.4107,    1.3560,    1.7920,    1.0199,    1.0537,    1.9787,    2.1160,    2.3125,    2.6026,    2.5687,    2.3721,    2.2411,    2.2580,    2.2335,    2.0743,    2.2320,    2.4086,    0.8454,    0.8658,    0.8713,    0.8545,    0.8317,    0.8103,    0.7331,    0.6880,    0.6667,    0.6041,    0.6035,    0.5518,    0.3743,    0.3302,    0.2833,    0.2741,    0.2568,    0.2197,    0.2489,    0.2501,    0.2620,    0.2856,    0.3202,    0.3471,    0.3939,    0.4029,    0.3682,    0.4129,    0.4073,    0.4189,    0.4146,    0.4276,    0.4473,    0.4458,    0.4414,    0.4349,    1.2157,    1.1728,    1.1210,    1.0462,    0.9935,    0.8693,    0.7453,    0.7028,    0.6718,    0.6321,    0.5916,    0.5564,    0.8764,    0.8131,    0.7331,    0.6320,    0.5483,    0.4946,    0.4461,    0.3996,    0.3390,    0.3021,    0.2665,    0.2367,    0.5655,    0.3931,    0.2402,    0.1726,    0.1343,    0.0983,    0.0664,    0.0449,    0.0280,    0.0182,    0.0113,    0.0078,    0.0935,    0.0480,    0.0869,    0.1059,    0.1190,    0.1103,    0.1215,    0.1354,    0.1193,    0.1643,    0.1453,    0.1607,    0.1772,    0.1442,    0.2094,    0.2317,    0.1907,    0.2025,    0.2063,    0.2256,    0.2543,    0.1881,    0.3018,    0.3182,    0.3916,    0.4186,    0.4333,    0.4606,    0.4707,    0.4905,    0.4882,    0.5288,    0.5550,    0.5488,    0.6047,    0.6155,    1.0540,    1.1511,    1.2070,    1.2420,    1.2583,    1.3706,    1.2927,    1.3627,    1.3107,    1.3994,    1.3263,    1.4194,    3.0611,    3.0119,    3.0907,    3.1202,    3.1492,    3.0274,    3.1337,    3.2137,    3.2790,    3.0486,    3.0052,    3.1208,    7.8893,    7.3381,    7.2565,    7.0382,    6.5028,    6.1004,    5.3571,    4.9303,    4.7411,    4.1577,    3.1959,    2.9704,    2.2924,    1.9932,    1.5219,    1.4550,    0.9829,    0.7148,    0.5790,    0.2330,    0.2061,    0.1468,    0.0511,    0.0417,    0.0349,    0.1325,    0.2801,    0.4636,    0.6702,    0.8894,    1.1118,    1.2784,    1.7547,    1.7099,    2.8372,    3.1157,    2.8910,    1.8506,    1.9703,    3.1936,    3.3845,    3.8496,    4.0171,    3.8888,    3.5510,    3.1186,    3.2004,    3.0332,    1.0246,    1.0014,    0.9847,    1.0031,    1.0322,    1.0574,    1.1816,    1.2008,    1.2076,    1.2364,    1.2334,    1.2623,    0.9703,    0.9643,    0.9572,    0.9473,    0.9378,    0.9287,    0.9178,    0.9074,    0.8966,    0.8845,    0.8691,    0.8489,    0.8517,    0.7999,    0.8244,    0.7396,    0.7320,    0.7164,    0.6913,    0.6308,    0.5953,    0.5642,    0.5436,    0.5310,    1.3579,    1.2832,    1.2080,    1.1731,    1.1142,    1.1570,    1.1987,    1.1390,    1.0698,    1.0159,    0.9673,    0.9145,    1.2904,    1.1522,    1.0548,    0.9975,    0.9258,    0.8324,    0.7475,    0.6753,    0.6323,    0.5703,    0.5173,    0.4654,    1.1348,    0.8104,    0.6041,    0.4150,    0.2717,    0.1806,    0.1241,    0.0850,    0.0602,    0.0416,    0.0291,    0.0188,    0.0018,    0.0000,    0.0048,    0.0110,    0.0125,    0.0114,    0.0128,    0.0184,    0.0164,    0.0226,    0.0200,    0.0157,    0.0172,    0.0140,    0.0201,    0.0220,    0.0162,    0.0105,    0.0013,    0.0028,    0.0137,    0.0164,    0.0259,    0.0271,    0.0336,    0.0359,    0.0372,    0.0395,    0.0629,    0.0643,    0.0599,    0.0545,    0.0481,    0.0574,    0.0796,    0.0808,    0.1561,    0.1706,    0.1786,    0.1812,    0.1780,    0.1974,    0.1896,    0.2666,    0.2451,    0.2772,    0.2621,    0.2789,    0.6041,    0.5896,    0.6121,    0.6369,    0.6411,    0.6180,    0.6398,    0.6561,    0.6694,    0.6221,    0.6135,    0.6371,    1.6103,    1.6046,    1.5865,    1.5385,    1.4212,    1.3329,    1.1701,    1.0765,    1.0347,    0.9070,    0.6967,    0.6471,    0.4990,    0.7745,    0.5907,    0.5639,    0.3803,    0.2761,    0.2231,    0.0896,    0.0790,    0.0561,    0.0195,    0.0158
    2,    1.2500,  227.5722,    0.0492,   67.4307,  141.0839,   74.1479,  -17.3171,  158.4330,  163.5827,  163.6723,  163.8293,  164.1029,  164.5732,  165.3648,  166.6602,  168.4872,  170.9519,  174.2721,  178.5564,  183.8814,  190.3071,  197.9049,  205.8548,  212.8059,  218.1105,  222.1140,  224.8330,  226.3589,  227.0949,  227.3721,  227.5098,  227.5598,    0.0326,    0.1234,    0.2609,    0.4317,    0.6241,    0.8280,    1.0350,    1.2609,    1.1886,    1.5971,    0.8621,    0.8885,    1.8746,    1.8951,    2.1062,    2.4744,    2.4377,    2.2487,    2.1232,    2.1309,    2.0980,    1.9259,    2.0851,    2.2536,    0.7904,    0.8103,    0.8160,    0.8006,    0.7798,    0.7606,    0.6911,    0.6463,    0.6274,    0.5726,    0.5720,    0.5311,    0.3643,    0.3240,    0.2802,    0.2714,    0.2547,    0.2188,    0.2467,    0.2476,    0.2582,    0.2793,    0.3091,    0.3308,    0.3700,    0.3755,    0.3480,    0.3837,    0.3784,    0.3900,    0.3852,    0.3944,    0.4127,    0.4103,    0.4055,    0.3992,    1.1176,    1.0773,    1.0276,    0.9559,    0.9062,    0.7869,    0.6698,    0.6304,    0.6018,    0.5653,    0.5281,    0.4958,    0.7817,    0.7240,    0.6512,    0.5583,    0.4818,    0.4330,    0.3897,    0.3481,    0.2933,    0.2607,    0.2294,    0.2031,    0.4818,    0.3320,    0.1997,    0.1425,    0.1108,    0.0809,    0.0543,    0.0366,    0.0225,    0.0145,    0.0089,    0.0061,    0.0934,    0.0479,    0.0870,    0.1061,    0.1193,    0.1105,    0.1217,    0.1357,    0.1197,    0.1647,    0.1457,    0.1610,    0.1775,    0.1445,    0.2097,    0.2320,    0.1910,    0.2026,    0.2061,    0.2255,    0.2544,    0.1884,    0.3022,    0.3186,    0.3921,    0.4192,    0.4339,    0.4612,    0.4720,    0.4918,    0.4894,    0.5297,    0.5557,    0.5497,    0.6064,    0.6172,    1.0574,    1.1549,    1.2110,    1.2459,    1.2621,    1.3749,    1.2969,    1.3692,    1.3165,    1.4062,    1.3327,    1.4262,    3.0759,    3.0263,    3.1057,    3.1355,    3.1646,    3.0422,    3.1491,    3.2295,    3.2951,    3.0636,    3.0200,    3.1362,    7.9282,    7.3727,    7.2908,    7.0716,    6.5338,    6.1297,    5.3830,    4.9544,    4.7644,    4.1784,    3.2120,    2.9856,    2.3044,    2.0094,    1.5346,    1.4674,    0.9914,    0.7212,    0.5844,    0.2353,    0.2081,    0.1484,    0.0517,    0.0422,    0.0389,    0.1477,    0.3123,    0.5167,    0.7470,    0.9913,    1.2393,    1.4283,    1.9223,    1.9049,    2.9956,    3.2815,    3.1128,    2.0717,    2.2180,    3.4438,    3.6167,    3.9850,    4.1080,    4.0172,    3.7556,    3.3732,    3.4407,    3.2810,    1.1130,    1.0898,    1.0715,    1.0824,    1.1021,    1.1182,    1.2157,    1.2291,    1.2304,    1.2498,    1.2431,    1.2635,    0.9704,    0.9643,    0.9572,    0.9473,    0.9379,    0.9287,    0.9178,    0.9075,    0.8966,    0.8846,    0.8693,    0.8499,    0.8573,    0.8128,    0.8326,    0.7617,    0.7532,    0.7380,    0.7164,    0.6664,    0.6352,    0.6085,    0.5898,    0.5775,    1.4891,    1.4105,    1.3332,    1.2918,    1.2281,    1.2569,    1.2809,    1.2173,    1.1461,    1.0882,    1.0351,    0.9793,    1.3952,    1.2520,    1.1451,    1.0753,    0.9947,    0.8970,    0.8070,    0.7295,    0.6789,    0.6125,    0.5548,    0.4993,    1.2194,    0.8723,    0.6455,    0.4461,    0.2957,    0.1982,    0.1364,    0.0934,    0.0658,    0.0453,    0.0315,    0.0206,    0.0010,    0.0000,    0.0026,    0.0063,    0.0071,    0.0065,    0.0073,    0.0112,    0.0100,    0.0137,    0.0121,    0.0088,    0.0096,    0.0078,    0.0113,    0.0123,    0.0089,    0.0058,    0.0007,    0.0016,    0.0075,    0.0090,    0.0140,    0.0147,    0.0182,    0.0195,    0.0202,    0.0214,    0.0380,    0.0389,    0.0362,    0.0330,    0.0291,    0.0347,    0.0481,    0.0488,    0.0967,    0.1056,    0.1106,    0.1122,    0.1103,    0.1223,    0.1174,    0.1770,    0.1627,    0.1840,    0.1740,    0.1852,    0.4010,    0.3914,    0.4063,    0.4257,    0.4285,    0.4131,    0.4276,    0.4385,    0.4474,    0.4158,    0.4100,    0.4258,    1.0763,    1.0880,    1.0758,    1.0432,    0.9637,    0.9038,    0.7935,    0.7300,    0.7017,    0.6151,    0.4725,    0.4389,    0.3384,    0.5976,    0.4558,    0.4352,    0.2935,    0.2131,    0.1722,    0.0692,    0.0610,    0.0433,    0.0150,    0.0122
    2,    1.5000,  227.5722,    0.0470,   62.8400,  141.4086,   79.0648,  -17.2499,  158.4330,  163.5827,  163.6723,  163.8293,  164.1029,  164.5732,  165.3648,  166.6602,  168.4872,  170.9519,  174.2721,  178.5564,  183.8814,  190.3071,  197.9049,  205.8548,  212.8059,  218.1105,  222.1140,  224.8330,  226.3589,  227.0949,  227.3721,  227.5098,  227.5598,    0.0295,    0.1119,    0.2365,    0.3913,    0.5655,    0.7502,    0.9376,    1.1400,    1.0580,    1.4406,    0.7468,    0.7684,    1.7990,    1.7160,    1.9423,    2.3747,    2.3359,    2.1547,    2.0346,    2.0346,    1.9946,    1.8162,    1.9728,    2.1323,    0.7471,    0.7662,    0.7718,    0.7575,    0.7381,    0.7206,    0.6570,    0.6132,    0.5959,    0.5470,    0.5461,    0.5131,    0.3553,    0.3183,    0.2773,    0.2689,    0.2527,    0.2179,    0.2446,    0.2452,    0.2546,    0.2734,    0.2990,    0.3166,    0.3501,    0.3533,    0.3313,    0.3603,    0.3552,    0.3667,    0.3616,    0.3681,    0.3850,    0.3819,    0.3770,    0.3708,    1.0388,    1.0003,    0.9524,    0.8836,    0.8365,    0.7225,    0.6125,    0.5755,    0.5487,    0.5146,    0.4800,    0.4498,    0.7088,    0.6552,    0.5880,    0.5023,    0.4318,    0.3868,    0.3473,    0.3094,    0.2597,    0.2302,    0.2021,    0.1785,    0.4209,    0.2878,    0.1713,    0.1212,    0.0939,    0.0683,    0.0455,    0.0305,    0.0186,    0.0119,    0.0073,    0.0049,    0.0933,    0.0479,    0.0870,    0.1062,    0.1193,    0.1106,    0.1218,    0.1359,    0.1198,    0.1649,    0.1458,    0.1611,    0.1776,    0.1446,    0.2098,    0.2322,    0.1911,    0.2026,    0.2060,    0.2253,    0.2544,    0.1885,    0.3023,    0.3187,    0.3923,    0.4194,    0.4341,    0.4614,    0.4725,    0.4923,    0.4898,    0.5300,    0.5559,    0.5501,    0.6070,    0.6178,    1.0588,    1.1564,    1.2126,    1.2475,    1.2636,    1.3766,    1.2986,    1.3722,    1.3191,    1.4093,    1.3357,    1.4294,    3.0827,    3.0329,    3.1127,    3.1427,    3.1718,    3.0492,    3.1563,    3.2369,    3.3027,    3.0707,    3.0269,    3.1434,    7.9464,    7.3893,    7.3073,    7.0877,    6.5488,    6.1439,    5.3956,    4.9661,    4.7759,    4.1886,    3.2200,    2.9932,    2.3104,    2.0196,    1.5425,    1.4752,    0.9969,    0.7254,    0.5879,    0.2368,    0.2095,    0.1494,    0.0520,    0.0426,    0.0422,    0.1599,    0.3382,    0.5596,    0.8090,    1.0735,    1.3420,    1.5494,    2.0531,    2.0616,    3.1115,    3.4023,    3.2690,    2.2509,    2.4218,    3.6162,    3.7714,    4.0652,    4.1611,    4.0935,    3.8886,    3.5580,    3.6081,    3.4572,    1.1766,    1.1541,    1.1353,    1.1408,    1.1535,    1.1631,    1.2401,    1.2486,    1.2463,    1.2593,    1.2502,    1.2645,    0.9706,    0.9644,    0.9572,    0.9473,    0.9379,    0.9287,    0.9178,    0.9075,    0.8966,    0.8846,    0.8695,    0.8507,    0.8617,    0.8227,    0.8387,    0.7781,    0.7688,    0.7540,    0.7349,    0.6924,    0.6646,    0.6411,    0.6239,    0.6117,    1.5874,    1.5063,    1.4275,    1.3805,    1.3134,    1.3287,    1.3374,    1.2713,    1.1991,    1.1385,    1.0824,    1.0245,    1.4702,    1.3242,    1.2106,    1.1310,    1.0436,    0.9429,    0.8496,    0.7684,    0.7117,    0.6423,    0.5813,    0.5233,    1.2796,    0.9168,    0.6747,    0.4684,    0.3135,    0.2114,    0.1457,    0.0998,    0.0700,    0.0481,    0.0333,    0.0220,    0.0005,    0.0000,    0.0014,    0.0036,    0.0041,    0.0037,    0.0042,    0.0068,    0.0061,    0.0084,    0.0074,    0.0049,    0.0054,    0.0044,    0.0063,    0.0069,    0.0049,    0.0032,    0.0004,    0.0009,    0.0041,    0.0049,    0.0076,    0.0080,    0.0099,    0.0106,    0.0110,    0.0117,    0.0230,    0.0235,    0.0219,    0.0200,    0.0176,    0.0210,    0.0291,    0.0296,    0.0600,    0.0656,    0.0687,    0.0697,    0.0684,    0.0759,    0.0729,    0.1177,    0.1082,    0.1224,    0.1157,    0.1232,    0.2667,    0.2603,    0.2703,    0.2852,    0.2871,    0.2767,    0.2865,    0.2938,    0.2997,    0.2786,    0.2747,    0.2853,    0.7211,    0.7402,    0.7319,    0.7098,    0.6556,    0.6149,    0.5399,    0.4967,    0.4774,    0.4185,    0.3215,    0.2987,    0.2303,    0.4622,    0.3525,    0.3366,    0.2270,    0.1648,    0.1333,    0.0535,    0.0472,    0.0335,    0.0116,    0.0095
    2,    1.7500,  227.5722,    0.0459,   59.1647,  141.5705,   82.9036,  -16.8225,  158.4330,  163.5827,  163.6723,  163.8293,  164.1029,  164.5732,  165.3648,  166.6602,  168.4872,  170.9519,  174.2721,  178.5564,  183.8814,  190.3071,  197.9049,  205.8548,  212.8059,  218.1105,  222.1140,  224.8330,  226.3589,  227.0949,  227.3721,  227.5098,  227.5598,    0.0270,    0.1025,    0.2166,    0.3583,    0.5178,    0.6868,    0.8583,    1.0402,    0.9534,    1.3120,    0.6589,    0.6771,    1.7407,    1.5679,    1.8099,    2.2942,    2.2539,    2.0801,    1.9651,    1.9587,    1.9122,    1.7309,    1.8831,    2.0341,    0.7120,    0.7302,    0.7356,    0.7220,    0.7038,    0.6875,    0.6289,    0.5860,    0.5701,    0.5258,    0.5246,    0.4973,    0.3472,    0.3130,    0.2745,    0.2665,    0.2508,    0.2170,    0.2426,    0.2429,    0.2512,    0.2678,    0.2899,    0.3044,    0.3334,    0.3348,    0.3173,    0.3412,    0.3361,    0.3474,    0.3421,    0.3466,    0.3624,    0.3588,    0.3537,    0.3477,    0.9741,    0.9370,    0.8906,    0.8246,    0.7795,    0.6710,    0.5677,    0.5326,    0.5071,    0.4749,    0.4424,    0.4140,    0.6514,    0.6009,    0.5382,    0.4585,    0.3931,    0.3511,    0.3146,    0.2796,    0.2340,    0.2070,    0.1814,    0.1599,    0.3751,    0.2546,    0.1504,    0.1057,    0.0813,    0.0589,    0.0389,    0.0260,    0.0157,    0.0100,    0.0061,    0.0041,    0.0933,    0.0479,    0.0870,    0.1062,    0.1194,    0.1106,    0.1218,    0.1359,    0.1198,    0.1650,    0.1459,    0.1611,    0.1776,    0.1446,    0.2099,    0.2322,    0.1911,    0.2026,    0.2059,    0.2252,    0.2543,    0.1885,    0.3024,    0.3188,    0.3923,    0.4194,    0.4341,    0.4615,    0.4727,    0.4925,    0.4900,    0.5301,    0.5559,    0.5502,    0.6073,    0.6181,    1.0594,    1.1570,    1.2132,    1.2481,    1.2642,    1.3772,    1.2992,    1.3736,    1.3203,    1.4108,    1.3370,    1.4308,    3.0858,    3.0359,    3.1159,    3.1460,    3.1751,    3.0524,    3.1597,    3.2403,    3.3062,    3.0739,    3.0302,    3.1468,    7.9550,    7.3973,    7.3153,    7.0956,    6.5561,    6.1509,    5.4019,    4.9720,    4.7817,    4.1938,    3.2241,    2.9972,    2.3136,    2.0261,    1.5476,    1.4803,    1.0005,    0.7281,    0.5902,    0.2377,    0.2104,    0.1501,    0.0523,    0.0428,    0.0448,    0.1700,    0.3595,    0.5949,    0.8600,    1.1412,    1.4266,    1.6493,    2.1579,    2.1903,    3.1999,    3.4942,    3.3806,    2.3992,    2.5925,    3.7370,    3.8770,    4.1163,    4.1956,    4.1425,    3.9780,    3.6945,    3.7272,    3.5848,    1.2231,    1.2016,    1.1827,    1.1843,    1.1919,    1.1968,    1.2580,    1.2627,    1.2579,    1.2663,    1.2555,    1.2654,    0.9707,    0.9644,    0.9572,    0.9473,    0.9379,    0.9287,    0.9178,    0.9075,    0.8966,    0.8846,    0.8696,    0.8515,    0.8652,    0.8305,    0.8433,    0.7904,    0.7806,    0.7662,    0.7488,    0.7119,    0.6867,    0.6655,    0.6494,    0.6373,    1.6622,    1.5795,    1.4998,    1.4480,    1.3783,    1.3816,    1.3777,    1.3099,    1.2372,    1.1748,    1.1165,    1.0572,    1.5254,    1.3778,    1.2593,    1.1720,    1.0794,    0.9766,    0.8810,    0.7971,    0.7358,    0.6642,    0.6008,    0.5410,    1.3240,    0.9497,    0.6962,    0.4850,    0.3270,    0.2216,    0.1529,    0.1048,    0.0733,    0.0503,    0.0348,    0.0230,    0.0003,    0.0000,    0.0007,    0.0021,    0.0023,    0.0021,    0.0024,    0.0042,    0.0037,    0.0051,    0.0045,    0.0028,    0.0030,    0.0025,    0.0036,    0.0039,    0.0027,    0.0017,    0.0002,    0.0005,    0.0023,    0.0027,    0.0042,    0.0044,    0.0054,    0.0058,    0.0060,    0.0064,    0.0140,    0.0143,    0.0133,    0.0121,    0.0107,    0.0128,    0.0177,    0.0179,    0.0373,    0.0408,    0.0427,    0.0433,    0.0426,    0.0472,    0.0453,    0.0784,    0.0721,    0.0815,    0.0771,    0.0821,    0.1778,    0.1735,    0.1801,    0.1915,    0.1927,    0.1858,    0.1924,    0.1973,    0.2013,    0.1871,    0.1845,    0.1915,    0.4842,    0.5052,    0.4995,    0.4844,    0.4475,    0.4197,    0.3685,    0.3390,    0.3259,    0.2857,    0.2195,    0.2039,    0.1572,    0.3582,    0.2733,    0.2609,    0.1760,    0.1278,    0.1033,    0.0415,    0.0366,    0.0260,    0.0090,    0.0073
    2,    2.0000,  227.5722,    0.0454,   56.1516,  141.6538,   86.0016,  -16.1830,  158.4330,  163.5827,  163.6723,  163.8293,  164.1029,  164.5732,  165.3648,  166.6602,  168.4872,  170.9519,  174.2721,  178.5564,  183.8814,  190.3071,  197.9049,  205.8548,  212.8059,  218.1105,  222.1140,  224.8330,  226.3589,  227.0949,  227.3721,  227.5098,  227.5598,    0.0250,    0.0947,    0.2001,    0.3310,    0.4783,    0.6343,    0.7925,    0.9565,    0.8676,    1.2046,    0.5897,    0.6055,    1.6936,    1.4433,    1.7013,    2.2272,    2.1860,    2.0194,    1.9087,    1.8969,    1.8446,    1.6620,    1.8095,    1.9527,    0.6828,    0.7001,    0.7052,    0.6922,    0.6749,    0.6596,    0.6051,    0.5634,    0.5485,    0.5079,    0.5062,    0.4833,    0.3398,    0.3081,    0.2719,    0.2642,    0.2490,    0.2162,    0.2406,    0.2407,    0.2479,    0.2626,    0.2815,    0.2935,    0.3190,    0.3192,    0.3053,    0.3252,    0.3202,    0.3311,    0.3258,    0.3288,    0.3435,    0.3396,    0.3344,    0.3285,    0.9201,    0.8842,    0.8391,    0.7756,    0.7323,    0.6291,    0.5317,    0.4983,    0.4737,    0.4432,    0.4124,    0.3854,    0.6052,    0.5571,    0.4981,    0.4236,    0.3624,    0.3229,    0.2886,    0.2560,    0.2140,    0.1889,    0.1653,    0.1454,    0.3396,    0.2291,    0.1346,    0.0939,    0.0717,    0.0516,    0.0339,    0.0225,    0.0135,    0.0086,    0.0052,    0.0034,    0.0932,    0.0479,    0.0869,    0.1062,    0.1194,    0.1106,    0.1218,    0.1360,    0.1198,    0.1650,    0.1459,    0.1611,    0.1776,    0.1446,    0.2099,    0.2322,    0.1911,    0.2025,    0.2058,    0.2251,    0.2543,    0.1885,    0.3024,    0.3188,    0.3924,    0.4194,    0.4342,    0.4615,    0.4728,    0.4926,    0.4900,    0.5301,    0.5559,    0.5502,    0.6074,    0.6182,    1.0596,    1.1573,    1.2135,    1.2484,    1.2644,    1.3775,    1.2995,    1.3742,    1.3208,    1.4114,    1.3377,    1.4315,    3.0873,    3.0373,    3.1174,    3.1476,    3.1767,    3.0540,    3.1612,    3.2420,    3.3079,    3.0755,    3.0317,    3.1484,    7.9591,    7.4013,    7.3192,    7.0994,    6.5598,    6.1544,    5.4050,    4.9750,    4.7846,    4.1965,    3.2263,    2.9993,    2.3153,    2.0302,    1.5509,    1.4836,    1.0028,    0.7299,    0.5917,    0.2384,    0.2110,    0.1506,    0.0525,    0.0429,    0.0471,    0.1785,    0.3774,    0.6245,    0.9028,    1.1980,    1.4976,    1.7331,    2.2439,    2.2979,    3.2696,    3.5665,    3.4617,    2.5239,    2.7378,    3.8233,    3.9509,    4.1510,    4.2197,    4.1762,    4.0402,    3.7970,    3.8138,    3.6788,    1.2578,    1.2371,    1.2187,    1.2173,    1.2211,    1.2224,    1.2715,    1.2731,    1.2666,    1.2716,    1.2597,    1.2662,    0.9708,    0.9645,    0.9572,    0.9473,    0.9379,    0.9287,    0.9178,    0.9075,    0.8967,    0.8846,    0.8698,    0.8521,    0.8682,    0.8367,    0.8470,    0.7999,    0.7898,    0.7756,    0.7595,    0.7268,    0.7036,    0.6842,    0.6689,    0.6569,    1.7201,    1.6364,    1.5558,    1.5001,    1.4285,    1.4216,    1.4074,    1.3383,    1.2655,    1.2017,    1.1418,    1.0815,    1.5671,    1.4186,    1.2965,    1.2031,    1.1064,    1.0020,    0.9049,    0.8190,    0.7539,    0.6808,    0.6156,    0.5545,    1.3579,    0.9750,    0.7126,    0.4977,    0.3375,    0.2296,    0.1586,    0.1088,    0.0759,    0.0521,    0.0359,    0.0239,    0.0002,    0.0000,    0.0004,    0.0012,    0.0013,    0.0012,    0.0014,    0.0025,    0.0023,    0.0031,    0.0028,    0.0016,    0.0017,    0.0014,    0.0020,    0.0022,    0.0015,    0.0010,    0.0001,    0.0003,    0.0012,    0.0015,    0.0023,    0.0024,    0.0030,    0.0032,    0.0033,    0.0035,    0.0085,    0.0087,    0.0081,    0.0074,    0.0065,    0.0078,    0.0108,    0.0109,    0.0233,    0.0254,    0.0266,    0.0270,    0.0266,    0.0294,    0.0283,    0.0524,    0.0482,    0.0545,    0.0515,    0.0548,    0.1187,    0.1158,    0.1203,    0.1289,    0.1297,    0.1251,    0.1295,    0.1328,    0.1355,    0.1259,    0.1241,    0.1289,    0.3259,    0.3459,    0.3420,    0.3316,    0.3064,    0.2874,    0.2523,    0.2321,    0.2231,    0.1956,    0.1503,    0.1396,    0.1077,    0.2782,    0.2122,    0.2027,    0.1367,    0.0993,    0.0803,    0.0322,    0.0284,    0.0202,    0.0070,    0.0057
