Particle       ,data/QEXT_96IR_84_VIS_RNC10_5_9umrod
Ncase          ,  14
dt (sols)      ,  0.020833
Qext 0.67um    ,  1.880725
Alb sfc        ,  0.220000
Conrath nu     ,  0.002000
Sun Flux (W/m2),148.389262
BWN IR (cm-1)  ,     10.0000,     34.1670,     58.3330,     82.5000,    106.6670,    130.8330,    155.0000,    179.1670,    203.3330,    227.5000,    251.6670,    275.8330,    300.0000,    320.7880,    341.5750,    362.3630,    383.1500,    403.9380,    424.7250,    445.5130,    466.3010,    487.0880,    507.8760,    528.6630,    549.4510,    556.7420,    564.0330,    571.3240,    578.6150,    585.9060,    593.1970,    600.4880,    607.7790,    615.0700,    622.3610,    629.6520,    636.9430,    642.5500,    648.1570,    653.7640,    659.3700,    664.9770,    670.5840,    676.1910,    681.7980,    687.4050,    693.0110,    698.6180,    704.2250,    710.1390,    716.0530,    721.9670,    727.8810,    733.7950,    739.7090,    745.6240,    751.5380,    757.4520,    763.3660,    769.2800,    775.1940,    791.5010,    807.8070,    824.1140,    840.4210,    856.7270,    873.0340,    889.3410,    905.6470,    921.9540,    938.2610,    954.5670,    970.8740,    996.8050,   1022.7370,   1048.6680,   1074.6000,   1100.5310,   1126.4630,   1152.3940,   1178.3250,   1204.2570,   1230.1880,   1256.1200,   1282.0510,   1360.3990,   1438.7460,   1517.0940,   1595.4410,   1673.7890,   1752.1370,   1830.4840,   1908.8320,   1987.1790,   2065.5270,   2143.8740,   2222.2220
BWN VIS (cm-1) ,   2222.2200,   2294.3160,   2366.4120,   2438.5080,   2510.6030,   2582.6990,   2654.7950,   2726.8910,   2798.9870,   2871.0820,   2943.1780,   3015.2740,   3087.3700,   3165.9750,   3244.5800,   3323.1850,   3401.7900,   3480.3950,   3559.0000,   3637.6050,   3716.2100,   3794.8150,   3873.4200,   3952.0250,   4030.6300,   4142.2920,   4253.9530,   4365.6150,   4477.2770,   4588.9380,   4700.6000,   4812.2620,   4923.9230,   5035.5850,   5147.2470,   5258.9080,   5370.5700,   5560.6150,   5750.6600,   5940.7050,   6130.7500,   6320.7950,   6510.8400,   6700.8850,   6890.9300,   7080.9750,   7271.0200,   7461.0650,   7651.1100,   8055.1840,   8459.2580,   8863.3330,   9267.4070,   9671.4810,  10075.5550,  10479.6290,  10883.7030,  11287.7780,  11691.8520,  12095.9260,  12500.0000,  13541.6670,  14583.3330,  15625.0000,  16666.6670,  17708.3330,  18750.0000,  19791.6670,  20833.3330,  21875.0000,  22916.6670,  23958.3330,  25000.0000,  26388.8890,  27777.7780,  29166.6670,  30555.5570,  31944.4460,  33333.3350,  34722.2240,  36111.1130,  37500.0030,  38888.8920,  40277.7810,  41666.6700
SUN VIS (W/m2) ,      0.1008,      0.0862,      0.0968,      0.1089,      0.1224,      0.1136,      0.1248,      0.1400,      0.1233,      0.1698,      0.1502,      0.1645,      0.1814,      0.1477,      0.2144,      0.2377,      0.1946,      0.2106,      0.2276,      0.2472,      0.2683,      0.1918,      0.3072,      0.3239,      0.3986,      0.4261,      0.4410,      0.4688,      0.4810,      0.5017,      0.5013,      0.5485,      0.5772,      0.5665,      0.6183,      0.6303,      1.0809,      1.1806,      1.2379,      1.2751,      1.2949,      1.4092,      1.3262,      1.4132,      1.3634,      1.4505,      1.3747,      1.4716,      3.1730,      3.1258,      3.2038,      3.2543,      3.2846,      3.1576,      3.2685,      3.3520,      3.4202,      3.1800,      3.1347,      3.2554,      8.2299,      7.8425,      7.7561,      7.5237,      6.9524,      6.5235,      5.7299,      5.2748,      5.0739,      4.4511,      3.4228,      3.1828,      2.4579,      2.2644,      1.7312,      1.6575,      1.1215,      0.8173,      0.6634,      0.2677,      0.2374,      0.1697,      0.0593,      0.0486
================
wavelenght [um],    0.244068,    0.252632,    0.261818,    0.271698,    0.282353,    0.293878,    0.306383,    0.320000,    0.334884,    0.351220,    0.369231,    0.389189,    0.408511,    0.426667,    0.446512,    0.468293,    0.492308,    0.518919,    0.548571,    0.581818,    0.619355,    0.662069,    0.711111,    0.768000,    0.813143,    0.840768,    0.870336,    0.902060,    0.936184,    0.972991,    1.012810,    1.056028,    1.103099,    1.154562,    1.211061,    1.273375,    1.323436,    1.357581,    1.393534,    1.431444,    1.471474,    1.513807,    1.558648,    1.606226,    1.656801,    1.710664,    1.768147,    1.829628,    1.881560,    1.921939,    1.964090,    2.008131,    2.054193,    2.102417,    2.152960,    2.205992,    2.261704,    2.320302,    2.382017,    2.447105,    2.505432,    2.555765,    2.608162,    2.662752,    2.719677,    2.779088,    2.841153,    2.906054,    2.973989,    3.045176,    3.119855,    3.198288,    3.277268,    3.356577,    3.439819,    3.527294,    3.619334,    3.716307,    3.818620,    3.926726,    4.041130,    4.162400,    4.291175,    4.428172,    4.580751,    4.751270,    4.934974,    5.133456,    5.348572,    5.582505,    5.837838,    6.117648,    6.425631,    6.766266,    7.145039,    7.568734,    7.879690,    8.044056,    8.215425,    8.394255,    8.581043,    8.776330,    8.980716,    9.194848,    9.419442,    9.655282,    9.903235,   10.164260,   10.387231,   10.566200,   10.751445,   10.943308,   11.142136,   11.348323,   11.562291,   11.784476,   12.015368,   12.255495,   12.505409,   12.765727,   12.949392,   13.049328,   13.150818,   13.253898,   13.358608,   13.464994,   13.573088,   13.682923,   13.794549,   13.908012,   14.023357,   14.140631,   14.256763,   14.371646,   14.488386,   14.607038,   14.727660,   14.850291,   14.974981,   15.101782,   15.230738,   15.361915,   15.495384,   15.631191,   15.790367,   15.974275,   16.162517,   16.355249,   16.552633,   16.754839,   16.962047,   17.174443,   17.392227,   17.615605,   17.844795,   18.080028,   18.550914,   19.294981,   20.101230,   20.977796,   21.934298,   22.982219,   24.135264,   25.410119,   26.827165,   28.411593,   30.194923,   32.217118,   34.732292,   37.914692,   41.739101,   46.421699,   52.287582,   59.850314,   69.970927,   84.210526,  105.726686,  142.012170,  216.216216,  452.826771
Qext           ,      2.1973,      2.1973,      2.1973,      2.1973,      2.1973,      2.1973,      2.1973,      2.1973,      2.1973,      2.1973,      2.1973,      2.1973,      2.1973,      2.1973,      2.1973,      2.1973,      1.8807,      1.8807,      1.8807,      1.8807,      1.8807,      1.8807,      1.8807,      1.8807,      1.8807,      1.8807,      1.8807,      1.8807,      1.8807,      1.8807,      1.8807,      1.4367,      1.4367,      1.4367,      1.4367,      1.4367,      1.4367,      1.4367,      1.4367,      1.4367,      1.4367,      1.4367,      1.4367,      1.5654,      1.5654,      1.5654,      1.5654,      1.5654,      1.5654,      1.5654,      1.5654,      1.5654,      1.5654,      1.5654,      1.7089,      1.7089,      1.7089,      1.7089,      1.7089,      1.7089,      1.7089,      1.7089,      1.7089,      1.7089,      1.9083,      1.9083,      1.9083,      1.9083,      1.9083,      1.9083,      1.9083,      1.9083,      2.1857,      2.1857,      2.1857,      2.1857,      2.1857,      2.1857,      2.9160,      2.9160,      2.9160,      2.9160,      2.9160,      2.9770,      2.9770,      2.9770,      2.4175,      2.4175,      2.4175,      2.7938,      2.7938,      2.8824,      2.8824,      3.1332,      3.4079,      3.4079,      4.2670,      4.2670,      4.1323,      4.1323,      4.1323,      3.7780,      3.7780,      3.7780,      3.5420,      3.5420,      3.8405,      3.8405,      4.2668,      4.2668,      4.2668,      5.2775,      5.2775,      5.2775,      5.9992,      5.9992,      6.1773,      6.1773,      6.1773,      6.5981,      6.5981,      6.5981,      7.0801,      7.0801,      7.0801,      7.0801,      7.0801,      5.5471,      5.5471,      5.5471,      5.5471,      5.5471,      4.4965,      4.4965,      4.4965,      4.4965,      4.2248,      4.2248,      4.2248,      4.2248,      4.2248,      4.3663,      4.3663,      4.3663,      4.3663,      4.6904,      4.6904,      4.6904,      5.2837,      5.2837,      6.4591,      6.4591,      6.4591,      8.1987,      8.1987,      9.6600,     10.0641,     11.4446,     14.4975,     17.0761,     15.0865,     10.7518,      8.8984,     15.2010,     14.6398,      6.2493,      8.1548,      9.0069,      3.3046,      1.9751,      2.5799,      3.4604,      2.1110,      2.9786,      2.9786,      2.9786,      2.9786,      2.9786,      2.9786,      2.9786
Qscat          ,      1.4142,      1.4142,      1.4142,      1.4142,      1.4142,      1.4142,      1.4142,      1.4142,      1.4142,      1.4142,      1.4142,      1.4142,      1.4142,      1.4142,      1.4142,      1.4142,      1.6354,      1.6354,      1.6354,      1.6354,      1.6354,      1.6354,      1.6354,      1.6354,      1.6354,      1.6354,      1.6354,      1.6354,      1.6354,      1.6354,      1.6354,      1.2971,      1.2971,      1.2971,      1.2971,      1.2971,      1.2971,      1.2971,      1.2971,      1.2971,      1.2971,      1.2971,      1.2971,      1.4094,      1.4094,      1.4094,      1.4094,      1.4094,      1.4094,      1.4094,      1.4094,      1.4094,      1.4094,      1.4094,      1.5684,      1.5684,      1.5684,      1.5684,      1.5684,      1.5684,      1.5684,      1.5684,      1.5684,      1.5684,      1.7499,      1.7499,      1.7499,      1.7499,      1.7499,      1.7499,      1.7499,      1.7499,      2.0161,      2.0161,      2.0161,      2.0161,      2.0161,      2.0161,      2.6828,      2.6828,      2.6828,      2.6828,      2.6828,      2.6986,      2.6986,      2.6986,      2.1685,      2.1685,      2.1685,      2.5001,      2.5001,      2.5442,      2.5442,      2.7832,      3.0185,      3.0185,      3.7384,      3.7384,      3.6924,      3.6924,      3.6924,      3.3291,      3.3291,      3.3291,      3.1082,      3.1082,      3.3922,      3.3922,      3.7925,      3.7925,      3.7925,      4.6403,      4.6403,      4.6403,      5.2058,      5.2058,      5.3459,      5.3459,      5.3459,      5.6214,      5.6214,      5.6214,      6.0247,      6.0247,      6.0247,      6.0247,      6.0247,      4.7236,      4.7236,      4.7236,      4.7236,      4.7236,      3.8256,      3.8256,      3.8256,      3.8256,      3.5799,      3.5799,      3.5799,      3.5799,      3.5799,      3.6550,      3.6550,      3.6550,      3.6550,      3.8370,      3.8370,      3.8370,      4.2031,      4.2031,      4.9152,      4.9152,      4.9152,      5.6074,      5.6074,      5.5472,      6.0105,      7.7762,     10.7194,     12.9190,     11.1482,      7.3840,      5.3014,      8.6756,      8.8317,      3.9226,      5.0334,      5.1957,      1.7411,      1.0933,      1.5324,      1.4121,      0.9600,      1.3927,      1.3927,      1.3927,      1.3927,      1.3927,      1.3927,      1.3927
G factor       ,      0.6910,      0.6910,      0.6910,      0.6910,      0.6910,      0.6910,      0.6910,      0.6910,      0.6910,      0.6910,      0.6910,      0.6910,      0.6910,      0.6910,      0.6910,      0.6910,      0.3690,      0.3690,      0.3690,      0.3690,      0.3690,      0.3690,      0.3690,      0.3690,      0.3690,      0.3690,      0.3690,      0.3690,      0.3690,      0.3690,      0.3690,      0.3460,      0.3460,      0.3460,      0.3460,      0.3460,      0.3460,      0.3460,      0.3460,      0.3460,      0.3460,      0.3460,      0.3460,      0.2770,      0.2770,      0.2770,      0.2770,      0.2770,      0.2770,      0.2770,      0.2770,      0.2770,      0.2770,      0.2770,      0.3500,      0.3500,      0.3500,      0.3500,      0.3500,      0.3500,      0.3500,      0.3500,      0.3500,      0.3500,      0.3040,      0.3040,      0.3040,      0.3040,      0.3040,      0.3040,      0.3040,      0.3040,      0.3200,      0.3200,      0.3200,      0.3200,      0.3200,      0.3200,      0.2190,      0.2190,      0.2190,      0.2190,      0.2190,      0.1300,      0.1300,      0.1300,      0.1490,      0.1490,      0.1490,      0.1730,      0.1730,      0.1730,      0.1730,      0.1490,      0.2440,      0.2440,      0.2100,      0.2100,      0.1130,      0.1130,      0.1130,      0.0580,      0.0580,      0.0580,      0.1430,      0.1430,      0.2080,      0.2080,      0.2460,      0.2460,      0.2460,      0.1400,      0.1400,      0.1400,      0.0860,      0.0860,      0.1910,      0.1910,      0.1910,      0.2950,      0.2950,      0.2950,      0.2320,      0.2320,      0.2320,      0.2320,      0.2320,      0.0850,      0.0850,      0.0850,      0.0850,      0.0850,      0.0090,      0.0090,      0.0090,      0.0090,      0.0010,      0.0010,      0.0010,      0.0010,      0.0010,      0.0250,      0.0250,      0.0250,      0.0250,      0.0720,      0.0720,      0.0720,      0.1490,      0.1490,      0.2150,      0.2150,      0.2150,      0.2630,      0.2630,      0.3270,      0.3130,      0.2450,      0.2370,      0.2580,      0.2900,      0.2760,      0.1890,      0.1680,      0.2450,      0.1480,      0.0240,      0.0880,      0.1990,      0.1930,      0.1130,      0.1200,      0.0130,     -0.0100,     -0.0100,     -0.0100,     -0.0100,     -0.0100,     -0.0100,     -0.0100
================
P [mbar]       ,    0.1004,    0.1015,    0.1034,    0.1069,    0.1130,    0.1239,    0.1432,    0.1740,    0.2226,    0.3028,    0.4349,    0.6529,    1.0121,    1.6044,    2.4646,    3.4606,    4.3994,    5.2226,    5.8426,    6.2132,    6.3980,    6.4686,    6.5039,    6.5168
Temp initial[K],  163.5827,  163.6723,  163.8293,  164.1029,  164.5732,  165.3648,  166.6602,  168.4872,  170.9519,  174.2721,  178.5564,  183.8814,  190.3071,  197.9049,  205.8548,  212.8059,  218.1105,  222.1140,  224.8330,  226.3589,  227.0949,  227.3721,  227.5098,  227.5598
================
it   ,   tau    ,  Tsfc    ,   alb    ,   OLR    ,    ASR   ,  NET top ,  NET bot , T lev  01, T lev  02, T lev  03, T lev  04, T lev  05, T lev  06, T lev  07, T lev  08, T lev  09, T lev  10, T lev  11, T lev  12, T lev  13, T lev  14, T lev  15, T lev  16, T lev  17, T lev  18, T lev  19, T lev  20, T lev  21, T lev  22, T lev  23, T lev  24, T lev  25,  OLR IR01,  OLR IR02,  OLR IR03,  OLR IR04,  OLR IR05,  OLR IR06,  OLR IR07,  OLR IR08,  OLR IR09,  OLR IR10,  OLR IR11,  OLR IR12,  OLR IR13,  OLR IR14,  OLR IR15,  OLR IR16,  OLR IR17,  OLR IR18,  OLR IR19,  OLR IR20,  OLR IR21,  OLR IR22,  OLR IR23,  OLR IR24,  OLR IR25,  OLR IR26,  OLR IR27,  OLR IR28,  OLR IR29,  OLR IR30,  OLR IR31,  OLR IR32,  OLR IR33,  OLR IR34,  OLR IR35,  OLR IR36,  OLR IR37,  OLR IR38,  OLR IR39,  OLR IR40,  OLR IR41,  OLR IR42,  OLR IR43,  OLR IR44,  OLR IR45,  OLR IR46,  OLR IR47,  OLR IR48,  OLR IR49,  OLR IR50,  OLR IR51,  OLR IR52,  OLR IR53,  OLR IR54,  OLR IR55,  OLR IR56,  OLR IR57,  OLR IR58,  OLR IR59,  OLR IR60,  OLR IR61,  OLR IR62,  OLR IR63,  OLR IR64,  OLR IR65,  OLR IR66,  OLR IR67,  OLR IR68,  OLR IR69,  OLR IR70,  OLR IR71,  OLR IR72,  OLR IR73,  OLR IR74,  OLR IR75,  OLR IR76,  OLR IR77,  OLR IR78,  OLR IR79,  OLR IR80,  OLR IR81,  OLR IR82,  OLR IR83,  OLR IR84,  OLR IR85,  OLR IR86,  OLR IR87,  OLR IR88,  OLR IR89,  OLR IR90,  OLR IR91,  OLR IR92,  OLR IR93,  OLR IR94,  OLR IR95,  OLR IR96, ASR VIS01, ASR VIS02, ASR VIS03, ASR VIS04, ASR VIS05, ASR VIS06, ASR VIS07, ASR VIS08, ASR VIS09, ASR VIS10, ASR VIS11, ASR VIS12, ASR VIS13, ASR VIS14, ASR VIS15, ASR VIS16, ASR VIS17, ASR VIS18, ASR VIS19, ASR VIS20, ASR VIS21, ASR VIS22, ASR VIS23, ASR VIS24, ASR VIS25, ASR VIS26, ASR VIS27, ASR VIS28, ASR VIS29, ASR VIS30, ASR VIS31, ASR VIS32, ASR VIS33, ASR VIS34, ASR VIS35, ASR VIS36, ASR VIS37, ASR VIS38, ASR VIS39, ASR VIS40, ASR VIS41, ASR VIS42, ASR VIS43, ASR VIS44, ASR VIS45, ASR VIS46, ASR VIS47, ASR VIS48, ASR VIS49, ASR VIS50, ASR VIS51, ASR VIS52, ASR VIS53, ASR VIS54, ASR VIS55, ASR VIS56, ASR VIS57, ASR VIS58, ASR VIS59, ASR VIS60, ASR VIS61, ASR VIS62, ASR VIS63, ASR VIS64, ASR VIS65, ASR VIS66, ASR VIS67, ASR VIS68, ASR VIS69, ASR VIS70, ASR VIS71, ASR VIS72, ASR VIS73, ASR VIS74, ASR VIS75, ASR VIS76, ASR VIS77, ASR VIS78, ASR VIS79, ASR VIS80, ASR VIS81, ASR VIS82, ASR VIS83, ASR VIS84, SFC DIR01, SFC DIR02, SFC DIR03, SFC DIR04, SFC DIR05, SFC DIR06, SFC DIR07, SFC DIR08, SFC DIR09, SFC DIR10, SFC DIR11, SFC DIR12, SFC DIR13, SFC DIR14, SFC DIR15, SFC DIR16, SFC DIR17, SFC DIR18, SFC DIR19, SFC DIR20, SFC DIR21, SFC DIR22, SFC DIR23, SFC DIR24, SFC DIR25, SFC DIR26, SFC DIR27, SFC DIR28, SFC DIR29, SFC DIR30, SFC DIR31, SFC DIR32, SFC DIR33, SFC DIR34, SFC DIR35, SFC DIR36, SFC DIR37, SFC DIR38, SFC DIR39, SFC DIR40, SFC DIR41, SFC DIR42, SFC DIR43, SFC DIR44, SFC DIR45, SFC DIR46, SFC DIR47, SFC DIR48, SFC DIR49, SFC DIR50, SFC DIR51, SFC DIR52, SFC DIR53, SFC DIR54, SFC DIR55, SFC DIR56, SFC DIR57, SFC DIR58, SFC DIR59, SFC DIR60, SFC DIR61, SFC DIR62, SFC DIR63, SFC DIR64, SFC DIR65, SFC DIR66, SFC DIR67, SFC DIR68, SFC DIR69, SFC DIR70, SFC DIR71, SFC DIR72, SFC DIR73, SFC DIR74, SFC DIR75, SFC DIR76, SFC DIR77, SFC DIR78, SFC DIR79, SFC DIR80, SFC DIR81, SFC DIR82, SFC DIR83, SFC DIR84, SFC DIR85, SFC DIR86, SFC DIR87, SFC DIR88, SFC DIR89, SFC DIR90, SFC DIR91, SFC DIR92, SFC DIR93, SFC DIR94, SFC DIR95, SFC DIR96,SFC DVIS01,SFC DVIS02,SFC DVIS03,SFC DVIS04,SFC DVIS05,SFC DVIS06,SFC DVIS07,SFC DVIS08,SFC DVIS09,SFC DVIS10,SFC DVIS11,SFC DVIS12,SFC DVIS13,SFC DVIS14,SFC DVIS15,SFC DVIS16,SFC DVIS17,SFC DVIS18,SFC DVIS19,SFC DVIS20,SFC DVIS21,SFC DVIS22,SFC DVIS23,SFC DVIS24,SFC DVIS25,SFC DVIS26,SFC DVIS27,SFC DVIS28,SFC DVIS29,SFC DVIS30,SFC DVIS31,SFC DVIS32,SFC DVIS33,SFC DVIS34,SFC DVIS35,SFC DVIS36,SFC DVIS37,SFC DVIS38,SFC DVIS39,SFC DVIS40,SFC DVIS41,SFC DVIS42,SFC DVIS43,SFC DVIS44,SFC DVIS45,SFC DVIS46,SFC DVIS47,SFC DVIS48,SFC DVIS49,SFC DVIS50,SFC DVIS51,SFC DVIS52,SFC DVIS53,SFC DVIS54,SFC DVIS55,SFC DVIS56,SFC DVIS57,SFC DVIS58,SFC DVIS59,SFC DVIS60,SFC DVIS61,SFC DVIS62,SFC DVIS63,SFC DVIS64,SFC DVIS65,SFC DVIS66,SFC DVIS67,SFC DVIS68,SFC DVIS69,SFC DVIS70,SFC DVIS71,SFC DVIS72,SFC DVIS73,SFC DVIS74,SFC DVIS75,SFC DVIS76,SFC DVIS77,SFC DVIS78,SFC DVIS79,SFC DVIS80,SFC DVIS81,SFC DVIS82,SFC DVIS83,SFC DVIS84
    2,    0.0000,  227.5722,    0.2192,  139.8688,  115.8602,  -23.5218,  -14.0680,  158.4330,  163.5827,  163.6723,  163.8293,  164.1029,  164.5732,  165.3648,  166.6602,  168.4872,  170.9519,  174.2721,  178.5564,  183.8814,  190.3071,  197.9049,  205.8548,  212.8059,  218.1105,  222.1140,  224.8330,  226.3589,  227.0949,  227.3721,  227.5098,  227.5598,    0.0705,    0.2675,    0.5658,    0.9364,    1.3541,    1.7971,    2.2470,    2.6886,    3.1100,    3.5012,    3.8550,    4.1668,    3.7991,    3.9662,    4.1036,    4.2111,    4.2902,    4.3412,    4.3666,    4.3674,    4.3455,    4.3031,    4.2365,    4.1377,    1.4329,    1.4160,    1.3937,    1.3544,    1.3064,    1.2531,    1.1042,    1.0903,    1.0331,    0.8812,    0.8657,    0.6804,    0.4286,    0.3613,    0.2973,    0.2859,    0.2660,    0.2237,    0.2586,    0.2615,    0.2793,    0.3166,    0.3804,    0.4522,    0.5746,    0.6344,    0.5305,    0.6851,    0.6744,    0.6698,    0.6769,    0.7426,    0.7550,    0.7683,    0.7700,    0.7628,    2.0538,    1.9716,    1.9052,    1.8274,    1.7484,    1.6691,    1.5919,    1.5151,    1.4407,    1.3665,    1.2937,    1.2291,    1.8278,    1.6842,    1.5339,    1.3924,    1.2741,    1.1725,    1.0662,    0.9681,    0.8777,    0.7928,    0.7079,    0.6374,    1.5840,    1.1437,    0.8293,    0.5901,    0.4167,    0.2922,    0.2036,    0.1383,    0.0940,    0.0622,    0.0416,    0.0303,    0.0906,    0.0482,    0.0759,    0.0854,    0.0957,    0.0892,    0.0975,    0.1096,    0.0962,    0.1325,    0.1172,    0.1283,    0.1417,    0.1155,    0.1680,    0.1868,    0.1536,    0.1833,    0.2065,    0.2237,    0.2252,    0.1502,    0.2398,    0.2533,    0.3110,    0.3324,    0.3440,    0.3658,    0.3756,    0.3940,    0.4010,    0.4565,    0.4953,    0.4717,    0.4852,    0.4943,    0.8433,    0.9209,    0.9663,    0.9993,    1.0234,    1.1077,    1.0381,    1.1064,    1.0804,    1.1314,    1.0733,    1.1507,    2.4780,    2.4450,    2.4989,    2.5384,    2.5644,    2.4626,    2.5489,    2.6139,    2.6670,    2.4800,    2.4441,    2.5380,    6.4157,    6.1123,    6.0433,    5.8603,    5.4132,    5.0767,    4.4565,    4.0997,    3.9404,    3.4535,    2.6528,    2.4637,    1.8993,    1.7458,    1.3311,    1.2705,    0.8565,    0.6215,    0.5021,    0.2015,    0.1776,    0.1261,    0.0437,    0.0355,    0.0000,    0.0000,    0.0000,    0.0000,    0.0000,    0.0000,    0.0000,    0.0000,    0.0000,    0.0000,    0.0000,    0.0000,    0.0000,    0.0000,    0.0000,    0.0000,    0.0000,    0.0000,    0.0000,    0.0004,    0.0013,    0.0042,    0.0316,    0.1224,    0.0337,    0.0553,    0.0951,    0.1939,    0.3170,    0.4390,    0.7874,    0.8078,    0.8986,    1.0611,    1.1127,    1.2540,    0.9696,    0.9641,    0.9572,    0.9473,    0.9378,    0.9287,    0.9178,    0.9074,    0.8966,    0.8844,    0.8683,    0.8421,    0.8025,    0.6764,    0.7395,    0.4977,    0.5022,    0.4908,    0.4247,    0.2470,    0.1814,    0.1031,    0.0612,    0.0469,    0.0933,    0.0788,    0.0260,    0.0119,    0.0030,    0.0028,    0.0017,    0.0056,    0.0100,    0.0182,    0.0292,    0.0235,    0.0278,    0.0056,    0.0259,    0.0458,    0.0328,    0.0004,    0.0000,    0.0000,    0.0000,    0.0031,    0.0165,    0.0171,    0.0171,    0.0171,    0.0000,    0.0000,    0.0000,    0.0000,    0.0000,    0.0035,    0.0040,    0.0054,    0.0048,    0.0010,    0.0230,    0.0000,    0.0598,    0.1073,    0.1213,    0.1109,    0.1245,    0.1385,    0.1233,    0.1698,    0.1501,    0.1645,    0.1806,    0.1466,    0.2118,    0.2312,    0.1878,    0.1215,    0.0145,    0.0325,    0.1583,    0.1897,    0.3065,    0.3218,    0.3984,    0.4260,    0.4410,    0.4686,    0.4796,    0.4909,    0.4572,    0.4157,    0.3661,    0.4375,    0.6076,    0.6165,    1.0804,    1.1803,    1.2358,    1.2540,    1.2316,    1.3659,    1.3119,    1.3949,    1.2823,    1.4502,    1.3714,    1.4595,    3.1611,    3.0848,    3.2030,    3.2531,    3.2743,    3.1567,    3.2678,    3.3511,    3.4192,    3.1776,    3.1334,    3.2539,    8.2247,    7.8363,    7.7478,    7.5132,    6.9399,    6.5086,    5.7135,    5.2561,    5.0518,    4.4276,    3.4010,    3.1586,    2.4350,    2.2382,    1.7066,    1.6288,    1.0981,    0.7968,    0.6438,    0.2584,    0.2277,    0.1616,    0.0560,    0.0455
    2,    0.0500,  227.5722,    0.2280,  125.1062,  114.5511,  -10.0675,    3.4580,  158.4330,  163.5827,  163.6723,  163.8293,  164.1029,  164.5732,  165.3648,  166.6602,  168.4872,  170.9519,  174.2721,  178.5564,  183.8814,  190.3071,  197.9049,  205.8548,  212.8059,  218.1105,  222.1140,  224.8330,  226.3589,  227.0949,  227.3721,  227.5098,  227.5598,    0.0676,    0.2563,    0.5417,    0.8960,    1.2948,    1.7173,    2.1458,    2.6019,    2.9685,    3.3525,    3.7388,    3.9665,    3.3028,    3.4430,    3.7010,    3.4673,    3.4746,    3.7835,    3.7234,    3.5173,    3.3800,    3.4393,    3.5447,    3.5760,    1.2461,    1.2413,    1.2232,    1.2139,    1.1763,    1.1343,    1.0262,    1.0150,    0.9690,    0.8363,    0.8256,    0.6626,    0.4218,    0.3576,    0.2957,    0.2845,    0.2650,    0.2233,    0.2575,    0.2603,    0.2774,    0.3131,    0.3729,    0.4383,    0.5438,    0.5916,    0.5002,    0.6287,    0.6196,    0.6101,    0.6127,    0.6620,    0.6695,    0.6774,    0.6880,    0.6809,    1.8317,    1.7466,    1.6852,    1.6154,    1.5302,    1.4604,    1.4218,    1.3531,    1.2866,    1.2581,    1.1912,    1.1315,    1.6902,    1.5567,    1.4193,    1.2888,    1.1649,    1.0709,    0.9737,    0.8811,    0.7987,    0.7215,    0.6484,    0.5837,    1.4787,    1.0674,    0.7725,    0.5534,    0.3907,    0.2745,    0.1913,    0.1308,    0.0889,    0.0589,    0.0389,    0.0282,    0.0888,    0.0480,    0.0738,    0.0821,    0.0921,    0.0858,    0.0950,    0.1068,    0.0938,    0.1291,    0.1142,    0.1251,    0.1385,    0.1129,    0.1643,    0.1826,    0.1502,    0.1800,    0.2049,    0.2216,    0.2223,    0.1473,    0.2353,    0.2485,    0.3051,    0.3261,    0.3375,    0.3589,    0.3685,    0.3866,    0.3940,    0.4491,    0.4878,    0.4640,    0.4764,    0.4854,    0.8279,    0.9041,    0.9487,    0.9813,    1.0052,    1.0911,    1.0224,    1.0897,    1.0645,    1.1143,    1.0570,    1.1333,    2.4405,    2.4081,    2.4609,    2.4998,    2.5256,    2.4225,    2.5074,    2.5713,    2.6235,    2.4396,    2.4043,    2.4967,    6.3113,    6.0128,    5.9450,    5.7650,    5.3251,    4.9942,    4.3842,    4.0332,    3.9838,    3.4915,    2.6820,    2.4908,    1.9203,    1.7651,    1.3459,    1.2847,    0.8662,    0.6286,    0.5079,    0.2039,    0.1797,    0.1276,    0.0443,    0.0360,    0.0077,    0.0289,    0.0608,    0.1001,    0.1439,    0.1899,    0.2360,    0.2026,    0.3690,    0.2800,    0.2355,    0.4193,    0.9422,    0.9028,    0.6951,    1.4070,    1.5414,    0.9863,    1.0388,    1.2929,    1.4154,    1.2650,    1.0900,    1.0531,    0.3485,    0.3093,    0.3386,    0.3689,    0.4707,    0.5716,    0.8537,    0.8687,    0.9430,    1.0861,    1.1295,    1.2551,    0.9697,    0.9641,    0.9572,    0.9473,    0.9378,    0.9287,    0.9178,    0.9074,    0.8966,    0.8844,    0.8684,    0.8430,    0.8112,    0.6994,    0.7544,    0.5412,    0.5434,    0.5365,    0.4793,    0.3265,    0.2694,    0.2016,    0.1528,    0.1390,    0.3444,    0.3268,    0.2702,    0.2469,    0.2422,    0.2309,    0.1864,    0.1808,    0.1759,    0.1345,    0.1383,    0.1274,    0.1740,    0.1413,    0.1466,    0.1539,    0.1460,    0.1064,    0.0963,    0.0901,    0.0816,    0.0765,    0.0778,    0.0721,    0.1246,    0.0941,    0.0570,    0.0366,    0.0257,    0.0174,    0.0121,    0.0107,    0.0089,    0.0086,    0.0074,    0.0029,    0.0216,    0.0000,    0.0564,    0.1011,    0.1144,    0.1046,    0.1196,    0.1331,    0.1184,    0.1631,    0.1442,    0.1581,    0.1742,    0.1414,    0.2043,    0.2230,    0.1812,    0.1172,    0.0140,    0.0313,    0.1535,    0.1839,    0.2972,    0.3121,    0.3863,    0.4131,    0.4276,    0.4543,    0.4651,    0.4760,    0.4431,    0.4028,    0.3548,    0.4240,    0.5888,    0.5974,    1.0470,    1.1438,    1.1976,    1.2152,    1.1935,    1.3296,    1.2770,    1.3579,    1.2482,    1.4117,    1.3350,    1.4207,    3.0772,    3.0029,    3.1179,    3.1667,    3.1873,    3.0425,    3.1496,    3.2299,    3.2955,    3.0627,    3.0201,    3.1362,    7.9272,    7.5528,    7.4676,    7.2415,    6.6889,    6.2732,    5.5069,    5.0660,    4.7905,    4.1984,    3.2248,    2.9948,    2.3086,    2.1219,    1.6178,    1.5439,    1.0408,    0.7552,    0.6101,    0.2448,    0.2158,    0.1532,    0.0531,    0.0432
    2,    0.1000,  227.5722,    0.2362,  114.8170,  113.3423,   -0.9864,   15.3577,  158.4330,  163.5827,  163.6723,  163.8293,  164.1029,  164.5732,  165.3648,  166.6602,  168.4872,  170.9519,  174.2721,  178.5564,  183.8814,  190.3071,  197.9049,  205.8548,  212.8059,  218.1105,  222.1140,  224.8330,  226.3589,  227.0949,  227.3721,  227.5098,  227.5598,    0.0652,    0.2471,    0.5219,    0.8627,    1.2458,    1.6511,    2.0616,    2.5257,    2.8518,    3.2239,    3.6343,    3.7976,    2.9871,    3.1010,    3.4051,    3.0590,    3.0442,    3.4101,    3.3078,    3.0336,    2.8665,    2.9455,    3.1065,    3.1940,    1.1167,    1.1156,    1.1001,    1.1059,    1.0756,    1.0414,    0.9618,    0.9523,    0.9147,    0.7977,    0.7904,    0.6461,    0.4153,    0.3540,    0.2941,    0.2832,    0.2640,    0.2229,    0.2565,    0.2591,    0.2756,    0.3096,    0.3658,    0.4256,    0.5171,    0.5556,    0.4744,    0.5827,    0.5747,    0.5620,    0.5618,    0.5994,    0.6035,    0.6077,    0.6233,    0.6164,    1.6568,    1.5709,    1.5136,    1.4502,    1.3628,    1.3004,    1.2859,    1.2237,    1.1634,    1.1662,    1.1043,    1.0487,    1.5724,    1.4475,    1.3209,    1.1997,    1.0731,    0.9856,    0.8960,    0.8084,    0.7327,    0.6619,    0.5980,    0.5383,    1.3862,    1.0004,    0.7228,    0.5209,    0.3676,    0.2588,    0.1802,    0.1241,    0.0843,    0.0559,    0.0364,    0.0264,    0.0873,    0.0479,    0.0719,    0.0793,    0.0889,    0.0828,    0.0927,    0.1042,    0.0915,    0.1260,    0.1114,    0.1220,    0.1356,    0.1105,    0.1608,    0.1788,    0.1470,    0.1769,    0.2034,    0.2195,    0.2195,    0.1447,    0.2311,    0.2440,    0.2996,    0.3202,    0.3314,    0.3524,    0.3619,    0.3798,    0.3874,    0.4421,    0.4807,    0.4567,    0.4682,    0.4771,    0.8136,    0.8884,    0.9322,    0.9644,    0.9881,    1.0755,    1.0077,    1.0740,    1.0494,    1.0981,    1.0416,    1.1169,    2.4051,    2.3733,    2.4252,    2.4635,    2.4889,    2.3855,    2.4691,    2.5320,    2.5835,    2.4023,    2.3676,    2.4586,    6.2150,    5.9211,    5.8544,    5.6772,    5.2441,    4.9183,    4.3176,    3.9721,    4.0243,    3.5272,    2.7095,    2.5165,    1.9402,    1.7836,    1.3601,    1.2984,    0.8755,    0.6355,    0.5136,    0.2062,    0.1818,    0.1291,    0.0448,    0.0364,    0.0144,    0.0542,    0.1142,    0.1880,    0.2703,    0.3568,    0.4435,    0.3874,    0.6886,    0.5326,    0.4536,    0.7886,    1.6118,    1.5585,    1.2460,    2.2755,    2.4511,    1.7049,    1.7756,    2.1190,    2.2680,    2.0686,    1.8200,    1.7243,    0.5781,    0.5031,    0.5244,    0.5088,    0.5940,    0.6781,    0.9088,    0.9195,    0.9805,    1.1072,    1.1439,    1.2560,    0.9697,    0.9641,    0.9572,    0.9473,    0.9378,    0.9287,    0.9178,    0.9074,    0.8966,    0.8844,    0.8685,    0.8439,    0.8185,    0.7184,    0.7667,    0.5767,    0.5772,    0.5731,    0.5228,    0.3894,    0.3388,    0.2790,    0.2269,    0.2133,    0.5470,    0.5247,    0.4649,    0.4343,    0.4296,    0.4096,    0.3363,    0.3230,    0.3106,    0.2341,    0.2319,    0.2164,    0.3003,    0.2585,    0.2510,    0.2474,    0.2418,    0.1961,    0.1777,    0.1658,    0.1501,    0.1381,    0.1299,    0.1188,    0.2191,    0.1619,    0.1070,    0.0690,    0.0486,    0.0329,    0.0229,    0.0172,    0.0133,    0.0114,    0.0096,    0.0046,    0.0202,    0.0000,    0.0533,    0.0956,    0.1081,    0.0988,    0.1150,    0.1280,    0.1139,    0.1569,    0.1386,    0.1520,    0.1682,    0.1366,    0.1972,    0.2153,    0.1749,    0.1131,    0.0136,    0.0303,    0.1489,    0.1785,    0.2884,    0.3028,    0.3748,    0.4008,    0.4149,    0.4408,    0.4512,    0.4618,    0.4296,    0.3905,    0.3440,    0.4111,    0.5709,    0.5793,    1.0152,    1.1091,    1.1612,    1.1783,    1.1572,    1.2948,    1.2436,    1.3224,    1.2156,    1.3748,    1.3001,    1.3836,    2.9968,    2.9244,    3.0365,    3.0839,    3.1041,    2.9343,    3.0376,    3.1151,    3.1783,    2.9538,    2.9127,    3.0247,    7.6454,    7.2844,    7.2022,    6.9842,    6.4514,    6.0505,    5.3114,    4.8863,    4.5447,    3.9830,    3.0594,    2.8412,    2.1902,    2.0131,    1.5348,    1.4647,    0.9874,    0.7165,    0.5788,    0.2323,    0.2047,    0.1453,    0.0504,    0.0409
    2,    0.1500,  227.5722,    0.2438,  107.1102,  112.2158,    5.5947,   23.7125,  158.4330,  163.5827,  163.6723,  163.8293,  164.1029,  164.5732,  165.3648,  166.6602,  168.4872,  170.9519,  174.2721,  178.5564,  183.8814,  190.3071,  197.9049,  205.8548,  212.8059,  218.1105,  222.1140,  224.8330,  226.3589,  227.0949,  227.3721,  227.5098,  227.5598,    0.0633,    0.2395,    0.5055,    0.8350,    1.2049,    1.5958,    1.9911,    2.4585,    2.7545,    3.1120,    3.5401,    3.6542,    2.7735,    2.8655,    3.1815,    2.8055,    2.7816,    3.1464,    3.0226,    2.7297,    2.5574,    2.6340,    2.8088,    2.9195,    1.0223,    1.0216,    1.0079,    1.0209,    0.9957,    0.9673,    0.9078,    0.8995,    0.8681,    0.7641,    0.7594,    0.6308,    0.4091,    0.3506,    0.2926,    0.2820,    0.2630,    0.2225,    0.2556,    0.2579,    0.2738,    0.3063,    0.3592,    0.4138,    0.4936,    0.5248,    0.4522,    0.5443,    0.5372,    0.5226,    0.5204,    0.5494,    0.5512,    0.5529,    0.5712,    0.5645,    1.5160,    1.4306,    1.3766,    1.3182,    1.2310,    1.1742,    1.1751,    1.1181,    1.0629,    1.0873,    1.0297,    0.9776,    1.4705,    1.3530,    1.2355,    1.1224,    0.9949,    0.9130,    0.8298,    0.7469,    0.6768,    0.6113,    0.5548,    0.4993,    1.3044,    0.9411,    0.6789,    0.4918,    0.3470,    0.2446,    0.1703,    0.1179,    0.0802,    0.0531,    0.0343,    0.0248,    0.0859,    0.0478,    0.0701,    0.0767,    0.0860,    0.0802,    0.0906,    0.1019,    0.0895,    0.1231,    0.1089,    0.1193,    0.1328,    0.1083,    0.1576,    0.1752,    0.1441,    0.1740,    0.2020,    0.2176,    0.2169,    0.1422,    0.2271,    0.2399,    0.2944,    0.3147,    0.3257,    0.3463,    0.3557,    0.3733,    0.3813,    0.4355,    0.4741,    0.4499,    0.4605,    0.4693,    0.8001,    0.8738,    0.9168,    0.9486,    0.9722,    1.0607,    0.9937,    1.0592,    1.0352,    1.0828,    1.0272,    1.1015,    2.3717,    2.3405,    2.3914,    2.4292,    2.4544,    2.3513,    2.4337,    2.4958,    2.5465,    2.3679,    2.3337,    2.4234,    6.1260,    5.8364,    5.7707,    5.5961,    5.1693,    4.8482,    4.2562,    3.9157,    4.0612,    3.5597,    2.7346,    2.5400,    1.9584,    1.8005,    1.3732,    1.3110,    0.8842,    0.6419,    0.5188,    0.2083,    0.1837,    0.1305,    0.0453,    0.0369,    0.0203,    0.0766,    0.1612,    0.2655,    0.3818,    0.5039,    0.6265,    0.5565,    0.9662,    0.7611,    0.6560,    1.1153,    2.1001,    2.0484,    1.6896,    2.8346,    3.0142,    2.2411,    2.3159,    2.6780,    2.8216,    2.6130,    2.3433,    2.2203,    0.7493,    0.6544,    0.6695,    0.6231,    0.6947,    0.7653,    0.9553,    0.9624,    1.0125,    1.1253,    1.1562,    1.2569,    0.9698,    0.9642,    0.9572,    0.9473,    0.9378,    0.9287,    0.9178,    0.9074,    0.8966,    0.8844,    0.8686,    0.8446,    0.8248,    0.7344,    0.7771,    0.6063,    0.6053,    0.6032,    0.5582,    0.4403,    0.3949,    0.3414,    0.2879,    0.2747,    0.7141,    0.6864,    0.6238,    0.5872,    0.5805,    0.5533,    0.4605,    0.4408,    0.4222,    0.3204,    0.3130,    0.2936,    0.4105,    0.3607,    0.3422,    0.3291,    0.3239,    0.2729,    0.2474,    0.2303,    0.2085,    0.1906,    0.1748,    0.1591,    0.3030,    0.2221,    0.1512,    0.0980,    0.0690,    0.0468,    0.0325,    0.0231,    0.0172,    0.0140,    0.0116,    0.0061,    0.0190,    0.0000,    0.0505,    0.0905,    0.1024,    0.0936,    0.1107,    0.1232,    0.1096,    0.1510,    0.1335,    0.1463,    0.1625,    0.1319,    0.1905,    0.2080,    0.1690,    0.1093,    0.0131,    0.0293,    0.1445,    0.1733,    0.2800,    0.2939,    0.3638,    0.3891,    0.4028,    0.4280,    0.4381,    0.4484,    0.4168,    0.3788,    0.3337,    0.3988,    0.5539,    0.5620,    0.9850,    1.0760,    1.1266,    1.1432,    1.1227,    1.2615,    1.2117,    1.2884,    1.1843,    1.3395,    1.2667,    1.3480,    2.9197,    2.8492,    2.9583,    3.0046,    3.0242,    2.8316,    2.9313,    3.0061,    3.0672,    2.8505,    2.8108,    2.9189,    7.3780,    7.0297,    6.9504,    6.7401,    6.2259,    5.8391,    5.1260,    4.7158,    4.3123,    3.7793,    2.9030,    2.6959,    2.0783,    1.9102,    1.4564,    1.3899,    0.9370,    0.6799,    0.5492,    0.2204,    0.1942,    0.1379,    0.0478,    0.0389
    2,    0.2000,  227.5722,    0.2509,  101.0448,  111.1640,   10.6090,   29.6737,  158.4330,  163.5827,  163.6723,  163.8293,  164.1029,  164.5732,  165.3648,  166.6602,  168.4872,  170.9519,  174.2721,  178.5564,  183.8814,  190.3071,  197.9049,  205.8548,  212.8059,  218.1105,  222.1140,  224.8330,  226.3589,  227.0949,  227.3721,  227.5098,  227.5598,    0.0616,    0.2331,    0.4918,    0.8118,    1.1706,    1.5492,    1.9314,    2.3989,    2.6723,    3.0141,    3.4548,    3.5312,    2.6208,    2.6957,    3.0083,    2.6316,    2.6027,    2.9514,    2.8166,    2.5226,    2.3522,    2.4211,    2.5946,    2.7130,    0.9505,    0.9492,    0.9366,    0.9526,    0.9311,    0.9068,    0.8618,    0.8543,    0.8277,    0.7345,    0.7317,    0.6166,    0.4032,    0.3472,    0.2911,    0.2807,    0.2620,    0.2221,    0.2546,    0.2568,    0.2720,    0.3031,    0.3528,    0.4029,    0.4729,    0.4982,    0.4328,    0.5119,    0.5054,    0.4897,    0.4862,    0.5087,    0.5088,    0.5087,    0.5284,    0.5219,    1.4007,    1.3162,    1.2651,    1.2108,    1.1248,    1.0725,    1.0833,    1.0306,    0.9795,    1.0191,    0.9650,    0.9160,    1.3815,    1.2705,    1.1609,    1.0547,    0.9276,    0.8506,    0.7729,    0.6941,    0.6288,    0.5679,    0.5173,    0.4656,    1.2316,    0.8882,    0.6398,    0.4656,    0.3284,    0.2318,    0.1614,    0.1123,    0.0764,    0.0506,    0.0323,    0.0234,    0.0845,    0.0476,    0.0686,    0.0745,    0.0835,    0.0778,    0.0887,    0.0997,    0.0875,    0.1205,    0.1066,    0.1167,    0.1303,    0.1062,    0.1546,    0.1719,    0.1414,    0.1713,    0.2005,    0.2158,    0.2144,    0.1399,    0.2234,    0.2359,    0.2896,    0.3095,    0.3204,    0.3407,    0.3499,    0.3673,    0.3755,    0.4293,    0.4678,    0.4434,    0.4533,    0.4620,    0.7875,    0.8600,    0.9024,    0.9338,    0.9572,    1.0468,    0.9806,    1.0451,    1.0217,    1.0683,    1.0135,    1.0868,    2.3401,    2.3095,    2.3595,    2.3968,    2.4217,    2.3197,    2.4010,    2.4622,    2.5122,    2.3361,    2.3023,    2.3908,    6.0437,    5.7580,    5.6932,    5.5211,    5.1001,    4.7834,    4.1993,    3.8635,    4.0949,    3.5893,    2.7575,    2.5613,    1.9750,    1.8160,    1.3851,    1.3225,    0.8921,    0.6477,    0.5236,    0.2103,    0.1855,    0.1318,    0.0458,    0.0372,    0.0255,    0.0964,    0.2028,    0.3340,    0.4804,    0.6341,    0.7884,    0.7113,    1.2080,    0.9684,    0.8441,    1.4050,    2.4623,    2.4211,    2.0509,    3.2040,    3.3731,    2.6477,    2.7206,    3.0693,    3.1962,    2.9953,    2.7280,    2.5931,    0.8789,    0.7745,    0.7848,    0.7179,    0.7783,    0.8377,    0.9948,    0.9991,    1.0402,    1.1409,    1.1669,    1.2577,    0.9698,    0.9642,    0.9572,    0.9473,    0.9378,    0.9287,    0.9178,    0.9074,    0.8966,    0.8844,    0.8687,    0.8453,    0.8303,    0.7480,    0.7859,    0.6312,    0.6290,    0.6282,    0.5876,    0.4823,    0.4411,    0.3928,    0.3391,    0.3261,    0.8541,    0.8209,    0.7561,    0.7144,    0.7046,    0.6716,    0.5652,    0.5400,    0.5161,    0.3960,    0.3840,    0.3611,    0.5077,    0.4507,    0.4226,    0.4011,    0.3951,    0.3394,    0.3078,    0.2859,    0.2588,    0.2359,    0.2138,    0.1941,    0.3780,    0.2758,    0.1905,    0.1241,    0.0873,    0.0594,    0.0412,    0.0285,    0.0209,    0.0163,    0.0134,    0.0074,    0.0179,    0.0000,    0.0479,    0.0859,    0.0971,    0.0888,    0.1067,    0.1187,    0.1056,    0.1455,    0.1286,    0.1410,    0.1571,    0.1276,    0.1842,    0.2011,    0.1634,    0.1057,    0.0127,    0.0283,    0.1404,    0.1683,    0.2720,    0.2855,    0.3534,    0.3780,    0.3913,    0.4157,    0.4255,    0.4355,    0.4045,    0.3677,    0.3239,    0.3871,    0.5377,    0.5455,    0.9561,    1.0445,    1.0936,    1.1097,    1.0898,    1.2295,    1.1809,    1.2557,    1.1543,    1.3055,    1.2346,    1.3139,    2.8457,    2.7770,    2.8834,    2.9285,    2.9476,    2.7341,    2.8304,    2.9026,    2.9615,    2.7523,    2.7141,    2.8184,    7.1240,    6.7877,    6.7112,    6.5082,    6.0118,    5.6383,    4.9498,    4.5537,    4.0924,    3.5866,    2.7550,    2.5585,    1.9724,    1.8129,    1.3822,    1.3192,    0.8893,    0.6453,    0.5213,    0.2092,    0.1844,    0.1309,    0.0454,    0.0369
    2,    0.3000,  227.5722,    0.2637,   91.9625,  109.2597,   17.7885,   37.0053,  158.4330,  163.5827,  163.6723,  163.8293,  164.1029,  164.5732,  165.3648,  166.6602,  168.4872,  170.9519,  174.2721,  178.5564,  183.8814,  190.3071,  197.9049,  205.8548,  212.8059,  218.1105,  222.1140,  224.8330,  226.3589,  227.0949,  227.3721,  227.5098,  227.5598,    0.0591,    0.2233,    0.4704,    0.7754,    1.1166,    1.4756,    1.8368,    2.2985,    2.5419,    2.8522,    3.3068,    3.3324,    2.4158,    2.4679,    2.7593,    2.4028,    2.3678,    2.6812,    2.5381,    2.2558,    2.0926,    2.1467,    2.3052,    2.4214,    0.8479,    0.8452,    0.8338,    0.8502,    0.8334,    0.8145,    0.7878,    0.7813,    0.7610,    0.6847,    0.6845,    0.5909,    0.3922,    0.3408,    0.2882,    0.2783,    0.2601,    0.2213,    0.2527,    0.2546,    0.2686,    0.2971,    0.3412,    0.3834,    0.4378,    0.4546,    0.4006,    0.4602,    0.4545,    0.4380,    0.4329,    0.4466,    0.4447,    0.4424,    0.4628,    0.4566,    1.2239,    1.1421,    1.0955,    1.0472,    0.9651,    0.9195,    0.9406,    0.8944,    0.8497,    0.9070,    0.8588,    0.8148,    1.2339,    1.1337,    1.0367,    0.9420,    0.8179,    0.7488,    0.6800,    0.6084,    0.5509,    0.4974,    0.4559,    0.4100,    1.1074,    0.7979,    0.5733,    0.4204,    0.2963,    0.2097,    0.1459,    0.1025,    0.0697,    0.0462,    0.0290,    0.0209,    0.0822,    0.0474,    0.0659,    0.0706,    0.0791,    0.0738,    0.0852,    0.0959,    0.0842,    0.1158,    0.1024,    0.1122,    0.1258,    0.1025,    0.1492,    0.1659,    0.1365,    0.1664,    0.1979,    0.2123,    0.2099,    0.1357,    0.2166,    0.2288,    0.2808,    0.3001,    0.3106,    0.3303,    0.3393,    0.3563,    0.3650,    0.4179,    0.4561,    0.4316,    0.4402,    0.4487,    0.7646,    0.8350,    0.8762,    0.9068,    0.9300,    1.0211,    0.9563,    1.0193,    0.9969,    1.0418,    0.9883,    1.0600,    2.2821,    2.2525,    2.3008,    2.3372,    2.3616,    2.2633,    2.3426,    2.4024,    2.4512,    2.2793,    2.2464,    2.3327,    5.8969,    5.6182,    5.5551,    5.3872,    4.9766,    4.6677,    4.0979,    3.7703,    4.1533,    3.6408,    2.7972,    2.5985,    2.0039,    1.8429,    1.4059,    1.3427,    0.9059,    0.6580,    0.5321,    0.2138,    0.1887,    0.1341,    0.0466,    0.0379,    0.0343,    0.1294,    0.2724,    0.4487,    0.6454,    0.8521,    1.0597,    0.9836,    1.6038,    1.3291,    1.1821,    1.8923,    2.9399,    2.9318,    2.5933,    3.6237,    3.7636,    3.2012,    3.2650,    3.5529,    3.6412,    3.4713,    3.2341,    3.0954,    1.0549,    0.9494,    0.9528,    0.8647,    0.9078,    0.9502,    1.0584,    1.0581,    1.0852,    1.1666,    1.1847,    1.2591,    0.9700,    0.9642,    0.9572,    0.9473,    0.9378,    0.9287,    0.9178,    0.9074,    0.8966,    0.8845,    0.8688,    0.8465,    0.8392,    0.7699,    0.8000,    0.6709,    0.6667,    0.6672,    0.6333,    0.5475,    0.5126,    0.4721,    0.4200,    0.4073,    1.0752,    1.0319,    0.9633,    0.9137,    0.8967,    0.8546,    0.7317,    0.6980,    0.6657,    0.5220,    0.5023,    0.4737,    0.6708,    0.6020,    0.5578,    0.5222,    0.5124,    0.4490,    0.4073,    0.3770,    0.3412,    0.3100,    0.2784,    0.2521,    0.5061,    0.3676,    0.2575,    0.1691,    0.1189,    0.0810,    0.0563,    0.0379,    0.0272,    0.0204,    0.0165,    0.0097,    0.0160,    0.0000,    0.0433,    0.0776,    0.0878,    0.0803,    0.0993,    0.1105,    0.0983,    0.1355,    0.1197,    0.1313,    0.1472,    0.1195,    0.1726,    0.1884,    0.1531,    0.0990,    0.0119,    0.0265,    0.1327,    0.1590,    0.2570,    0.2698,    0.3340,    0.3572,    0.3698,    0.3929,    0.4021,    0.4116,    0.3817,    0.3469,    0.3056,    0.3651,    0.5074,    0.5148,    0.9022,    0.9856,    1.0320,    1.0471,    1.0283,    1.1693,    1.1231,    1.1942,    1.0977,    1.2416,    1.1741,    1.2495,    2.7063,    2.6410,    2.7422,    2.7851,    2.8032,    2.5530,    2.6429,    2.7104,    2.7654,    2.5700,    2.5343,    2.6318,    6.6523,    6.3383,    6.2669,    6.0774,    5.6140,    5.2653,    4.6224,    4.2527,    3.6873,    3.2317,    2.4824,    2.3054,    1.7773,    1.6337,    1.2456,    1.1889,    0.8016,    0.5817,    0.4699,    0.1886,    0.1662,    0.1180,    0.0409,    0.0333
    2,    0.4000,  227.5722,    0.2750,   85.3743,  107.5865,   22.7050,   40.6406,  158.4330,  163.5827,  163.6723,  163.8293,  164.1029,  164.5732,  165.3648,  166.6602,  168.4872,  170.9519,  174.2721,  178.5564,  183.8814,  190.3071,  197.9049,  205.8548,  212.8059,  218.1105,  222.1140,  224.8330,  226.3589,  227.0949,  227.3721,  227.5098,  227.5598,    0.0573,    0.2161,    0.4547,    0.7486,    1.0765,    1.4206,    1.7659,    2.2176,    2.4431,    2.7247,    3.1836,    3.1793,    2.2816,    2.3203,    2.5891,    2.2541,    2.2159,    2.5000,    2.3557,    2.0864,    1.9298,    1.9728,    2.1156,    2.2228,    0.7774,    0.7737,    0.7630,    0.7774,    0.7633,    0.7476,    0.7310,    0.7248,    0.7083,    0.6446,    0.6457,    0.5682,    0.3821,    0.3349,    0.2854,    0.2759,    0.2583,    0.2205,    0.2509,    0.2525,    0.2654,    0.2914,    0.3307,    0.3665,    0.4091,    0.4203,    0.3749,    0.4207,    0.4156,    0.3991,    0.3934,    0.4017,    0.3986,    0.3952,    0.4150,    0.4091,    1.0954,    1.0166,    0.9733,    0.9293,    0.8516,    0.8106,    0.8353,    0.7938,    0.7537,    0.8190,    0.7754,    0.7352,    1.1168,    1.0251,    0.9378,    0.8520,    0.7323,    0.6695,    0.6076,    0.5420,    0.4905,    0.4427,    0.4075,    0.3664,    1.0057,    0.7239,    0.5189,    0.3828,    0.2696,    0.1912,    0.1329,    0.0942,    0.0640,    0.0425,    0.0262,    0.0189,    0.0802,    0.0471,    0.0637,    0.0675,    0.0756,    0.0706,    0.0823,    0.0926,    0.0813,    0.1118,    0.0989,    0.1083,    0.1218,    0.0993,    0.1445,    0.1608,    0.1323,    0.1620,    0.1954,    0.2091,    0.2059,    0.1320,    0.2106,    0.2225,    0.2731,    0.2918,    0.3021,    0.3212,    0.3299,    0.3466,    0.3556,    0.4077,    0.4457,    0.4210,    0.4286,    0.4369,    0.7444,    0.8129,    0.8530,    0.8830,    0.9058,    0.9980,    0.9346,    0.9962,    0.9746,    1.0180,    0.9657,    1.0358,    2.2300,    2.2013,    2.2482,    2.2838,    2.3077,    2.2147,    2.2923,    2.3508,    2.3986,    2.2304,    2.1982,    2.2827,    5.7705,    5.4979,    5.4362,    5.2720,    4.8702,    4.5680,    4.0106,    3.6901,    4.2018,    3.6835,    2.8303,    2.6294,    2.0280,    1.8652,    1.4232,    1.3595,    0.9175,    0.6665,    0.5392,    0.2167,    0.1913,    0.1361,    0.0473,    0.0385,    0.0412,    0.1555,    0.3274,    0.5393,    0.7761,    1.0248,    1.2746,    1.2136,    1.9074,    1.6300,    1.4758,    2.2809,    3.2180,    3.2454,    2.9683,    3.8281,    3.9455,    3.5383,    3.5928,    3.8158,    3.8723,    3.7332,    3.5315,    3.3985,    1.1623,    1.0665,    1.0652,    0.9714,    1.0022,    1.0321,    1.1067,    1.1032,    1.1202,    1.1865,    1.1986,    1.2602,    0.9701,    0.9642,    0.9572,    0.9473,    0.9378,    0.9287,    0.9178,    0.9074,    0.8966,    0.8845,    0.8690,    0.8475,    0.8461,    0.7866,    0.8108,    0.7008,    0.6953,    0.6961,    0.6669,    0.5953,    0.5650,    0.5302,    0.4808,    0.4682,    1.2412,    1.1894,    1.1180,    1.0624,    1.0381,    0.9893,    0.8583,    0.8180,    0.7793,    0.6229,    0.5971,    0.5638,    0.8026,    0.7240,    0.6671,    0.6202,    0.6052,    0.5356,    0.4858,    0.4484,    0.4058,    0.3681,    0.3296,    0.2980,    0.6117,    0.4431,    0.3124,    0.2065,    0.1452,    0.0991,    0.0688,    0.0459,    0.0325,    0.0239,    0.0190,    0.0116,    0.0143,    0.0000,    0.0393,    0.0706,    0.0799,    0.0730,    0.0927,    0.1032,    0.0918,    0.1265,    0.1118,    0.1226,    0.1382,    0.1122,    0.1621,    0.1770,    0.1438,    0.0929,    0.0112,    0.0249,    0.1256,    0.1506,    0.2434,    0.2555,    0.3162,    0.3382,    0.3501,    0.3720,    0.3808,    0.3897,    0.3608,    0.3278,    0.2888,    0.3451,    0.4796,    0.4866,    0.8529,    0.9318,    0.9755,    0.9898,    0.9720,    1.1135,    1.0695,    1.1373,    1.0453,    1.1824,    1.1181,    1.1899,    2.5773,    2.5150,    2.6114,    2.6523,    2.6696,    2.3884,    2.4725,    2.5356,    2.5871,    2.4043,    2.3709,    2.4621,    6.2234,    5.9297,    5.8630,    5.6857,    5.2522,    4.9261,    4.3248,    3.9789,    3.3244,    2.9137,    2.2381,    2.0787,    1.6025,    1.4731,    1.1233,    1.0722,    0.7229,    0.5246,    0.4239,    0.1701,    0.1500,    0.1065,    0.0369,    0.0300
    2,    0.5000,  227.5722,    0.2849,   80.3170,  106.1098,   26.2871,   42.1822,  158.4330,  163.5827,  163.6723,  163.8293,  164.1029,  164.5732,  165.3648,  166.6602,  168.4872,  170.9519,  174.2721,  178.5564,  183.8814,  190.3071,  197.9049,  205.8548,  212.8059,  218.1105,  222.1140,  224.8330,  226.3589,  227.0949,  227.3721,  227.5098,  227.5598,    0.0559,    0.2107,    0.4429,    0.7282,    1.0458,    1.3782,    1.7109,    2.1514,    2.3653,    2.6226,    3.0797,    3.0581,    2.1842,    2.2142,    2.4644,    2.1475,    2.1077,    2.3674,    2.2242,    1.9660,    1.8149,    1.8497,    1.9792,    2.0772,    0.7255,    0.7210,    0.7108,    0.7231,    0.7105,    0.6967,    0.6859,    0.6798,    0.6656,    0.6114,    0.6131,    0.5481,    0.3728,    0.3293,    0.2827,    0.2737,    0.2565,    0.2198,    0.2491,    0.2504,    0.2623,    0.2861,    0.3211,    0.3515,    0.3853,    0.3925,    0.3537,    0.3896,    0.3849,    0.3688,    0.3628,    0.3677,    0.3641,    0.3601,    0.3789,    0.3732,    0.9983,    0.9222,    0.8816,    0.8408,    0.7672,    0.7296,    0.7548,    0.7168,    0.6801,    0.7484,    0.7084,    0.6713,    1.0217,    0.9370,    0.8573,    0.7787,    0.6639,    0.6061,    0.5497,    0.4891,    0.4424,    0.3991,    0.3685,    0.3311,    0.9208,    0.6620,    0.4735,    0.3511,    0.2470,    0.1754,    0.1219,    0.0870,    0.0591,    0.0392,    0.0239,    0.0172,    0.0784,    0.0469,    0.0618,    0.0650,    0.0728,    0.0679,    0.0798,    0.0898,    0.0788,    0.1084,    0.0959,    0.1050,    0.1183,    0.0965,    0.1404,    0.1562,    0.1285,    0.1581,    0.1930,    0.2062,    0.2022,    0.1286,    0.2053,    0.2169,    0.2662,    0.2845,    0.2944,    0.3131,    0.3216,    0.3379,    0.3473,    0.3986,    0.4362,    0.4116,    0.4183,    0.4265,    0.7265,    0.7933,    0.8325,    0.8619,    0.8844,    0.9772,    0.9150,    0.9754,    0.9545,    0.9965,    0.9454,    1.0142,    2.1832,    2.1553,    2.2010,    2.2358,    2.2593,    2.1727,    2.2489,    2.3063,    2.3531,    2.1882,    2.1565,    2.2395,    5.6612,    5.3938,    5.3333,    5.1723,    4.7782,    4.4819,    3.9351,    3.6208,    4.2419,    3.7189,    2.8576,    2.6550,    2.0479,    1.8839,    1.4376,    1.3735,    0.9271,    0.6737,    0.5451,    0.2192,    0.1936,    0.1377,    0.0479,    0.0390,    0.0467,    0.1762,    0.3711,    0.6115,    0.8800,    1.1623,    1.4460,    1.4086,    2.1416,    1.8826,    1.7322,    2.5928,    3.3851,    3.4431,    3.2320,    3.9359,    4.0393,    3.7498,    3.7970,    3.9667,    4.0010,    3.8856,    3.7139,    3.5884,    1.2301,    1.1469,    1.1426,    1.0510,    1.0725,    1.0933,    1.1444,    1.1383,    1.1479,    1.2025,    1.2097,    1.2613,    0.9702,    0.9643,    0.9572,    0.9473,    0.9378,    0.9287,    0.9178,    0.9074,    0.8966,    0.8845,    0.8692,    0.8484,    0.8517,    0.7996,    0.8192,    0.7240,    0.7174,    0.7181,    0.6925,    0.6315,    0.6046,    0.5741,    0.5277,    0.5153,    1.3694,    1.3108,    1.2371,    1.1769,    1.1461,    1.0922,    0.9576,    0.9121,    0.8684,    0.7055,    0.6746,    0.6376,    0.9112,    0.8246,    0.7573,    0.7010,    0.6803,    0.6056,    0.5494,    0.5060,    0.4579,    0.4149,    0.3712,    0.3354,    0.7001,    0.5064,    0.3582,    0.2381,    0.1674,    0.1144,    0.0794,    0.0527,    0.0371,    0.0269,    0.0211,    0.0131,    0.0129,    0.0000,    0.0359,    0.0645,    0.0730,    0.0667,    0.0868,    0.0966,    0.0860,    0.1184,    0.1047,    0.1147,    0.1301,    0.1056,    0.1525,    0.1665,    0.1353,    0.0874,    0.0105,    0.0234,    0.1191,    0.1428,    0.2308,    0.2423,    0.2999,    0.3208,    0.3321,    0.3528,    0.3611,    0.3696,    0.3416,    0.3103,    0.2734,    0.3267,    0.4541,    0.4607,    0.8076,    0.8822,    0.9237,    0.9372,    0.9203,    1.0617,    1.0198,    1.0844,    0.9967,    1.1274,    1.0661,    1.1346,    2.4575,    2.3981,    2.4900,    2.5290,    2.5455,    2.2381,    2.3169,    2.3760,    2.4242,    2.2530,    2.2217,    2.3071,    5.8317,    5.5565,    5.4941,    5.3281,    4.9219,    4.6164,    4.0529,    3.7289,    2.9990,    2.6285,    2.0192,    1.8753,    1.4458,    1.3291,    1.0135,    0.9675,    0.6524,    0.4735,    0.3826,    0.1536,    0.1354,    0.0961,    0.0333,    0.0271
    2,    0.7500,  227.5722,    0.3052,   71.5408,  103.1053,   32.0624,   41.6267,  158.4330,  163.5827,  163.6723,  163.8293,  164.1029,  164.5732,  165.3648,  166.6602,  168.4872,  170.9519,  174.2721,  178.5564,  183.8814,  190.3071,  197.9049,  205.8548,  212.8059,  218.1105,  222.1140,  224.8330,  226.3589,  227.0949,  227.3721,  227.5098,  227.5598,    0.0536,    0.2016,    0.4228,    0.6934,    0.9931,    1.3051,    1.6154,    2.0292,    2.2263,    2.4396,    2.8810,    2.8411,    2.0225,    2.0392,    2.2560,    1.9749,    1.9341,    2.1471,    2.0079,    1.7717,    1.6309,    1.6518,    1.7572,    1.8374,    0.6398,    0.6335,    0.6238,    0.6321,    0.6214,    0.6100,    0.6054,    0.5990,    0.5874,    0.5488,    0.5505,    0.5065,    0.3526,    0.3167,    0.2764,    0.2683,    0.2522,    0.2180,    0.2448,    0.2455,    0.2551,    0.2742,    0.3005,    0.3209,    0.3402,    0.3416,    0.3142,    0.3346,    0.3304,    0.3158,    0.3100,    0.3105,    0.3062,    0.3018,    0.3180,    0.3129,    0.8351,    0.7653,    0.7291,    0.6935,    0.6284,    0.5962,    0.6184,    0.5862,    0.5552,    0.6214,    0.5876,    0.5561,    0.8485,    0.7762,    0.7099,    0.6442,    0.5413,    0.4926,    0.4460,    0.3948,    0.3564,    0.3210,    0.2980,    0.2673,    0.7602,    0.5447,    0.3876,    0.2898,    0.2034,    0.1448,    0.1004,    0.0727,    0.0493,    0.0327,    0.0194,    0.0139,    0.0749,    0.0464,    0.0583,    0.0603,    0.0676,    0.0631,    0.0748,    0.0842,    0.0738,    0.1016,    0.0899,    0.0985,    0.1114,    0.0908,    0.1322,    0.1471,    0.1211,    0.1500,    0.1878,    0.1997,    0.1945,    0.1218,    0.1944,    0.2054,    0.2520,    0.2693,    0.2788,    0.2964,    0.3045,    0.3201,    0.3303,    0.3795,    0.4163,    0.3918,    0.3973,    0.4052,    0.6898,    0.7533,    0.7905,    0.8187,    0.8404,    0.9336,    0.8741,    0.9318,    0.9122,    0.9517,    0.9030,    0.9688,    2.0852,    2.0589,    2.1020,    2.1353,    2.1578,    2.0902,    2.1635,    2.2187,    2.2638,    2.1051,    2.0747,    2.1545,    5.4464,    5.1893,    5.1313,    4.9765,    4.5976,    4.3126,    3.7867,    3.4845,    4.3149,    3.7833,    2.9075,    2.7017,    2.0843,    1.9178,    1.4640,    1.3992,    0.9448,    0.6869,    0.5561,    0.2237,    0.1977,    0.1408,    0.0490,    0.0400,    0.0560,    0.2115,    0.4457,    0.7347,    1.0579,    1.3981,    1.7404,    1.7787,    2.5234,    2.3561,    2.2425,    3.1357,    3.5798,    3.6876,    3.6098,    4.0513,    4.1404,    4.0124,    4.0488,    4.1392,    4.1454,    4.0629,    3.9374,    3.8274,    1.3164,    1.2600,    1.2515,    1.1769,    1.1841,    1.1906,    1.2083,    1.1981,    1.1964,    1.2305,    1.2297,    1.2634,    0.9705,    0.9644,    0.9572,    0.9473,    0.9379,    0.9287,    0.9178,    0.9075,    0.8966,    0.8846,    0.8695,    0.8501,    0.8617,    0.8222,    0.8338,    0.7637,    0.7553,    0.7545,    0.7346,    0.6910,    0.6697,    0.6462,    0.6071,    0.5950,    1.5863,    1.5164,    1.4390,    1.3711,    1.3273,    1.2649,    1.1305,    1.0761,    1.0236,    0.8581,    0.8179,    0.7738,    1.1139,    1.0122,    0.9259,    0.8521,    0.8173,    0.7333,    0.6652,    0.6102,    0.5521,    0.4996,    0.4473,    0.4036,    0.8688,    0.6271,    0.4452,    0.2991,    0.2101,    0.1439,    0.0999,    0.0662,    0.0462,    0.0328,    0.0251,    0.0161,    0.0101,    0.0000,    0.0290,    0.0521,    0.0590,    0.0539,    0.0743,    0.0827,    0.0736,    0.1013,    0.0896,    0.0982,    0.1127,    0.0915,    0.1321,    0.1442,    0.1172,    0.0756,    0.0091,    0.0202,    0.1049,    0.1259,    0.2035,    0.2136,    0.2644,    0.2828,    0.2927,    0.3110,    0.3183,    0.3258,    0.2997,    0.2720,    0.2397,    0.2864,    0.3985,    0.4043,    0.7087,    0.7742,    0.8106,    0.8224,    0.8075,    0.9469,    0.9096,    0.9672,    0.8889,    1.0056,    0.9510,    1.0120,    2.1920,    2.1390,    2.2211,    2.2558,    2.2705,    1.9138,    1.9812,    2.0317,    2.0730,    1.9265,    1.8998,    1.9728,    4.9868,    4.7516,    4.6983,    4.5564,    4.2091,    3.9480,    3.4662,    3.1893,    2.3241,    2.0371,    1.5649,    1.4535,    1.1207,    1.0304,    0.7858,    0.7502,    0.5059,    0.3672,    0.2968,    0.1192,    0.1051,    0.0746,    0.0259,    0.0211
    2,    1.0000,  227.5722,    0.3204,   65.8234,  100.8415,   35.5197,   38.5602,  158.4330,  163.5827,  163.6723,  163.8293,  164.1029,  164.5732,  165.3648,  166.6602,  168.4872,  170.9519,  174.2721,  178.5564,  183.8814,  190.3071,  197.9049,  205.8548,  212.8059,  218.1105,  222.1140,  224.8330,  226.3589,  227.0949,  227.3721,  227.5098,  227.5598,    0.0522,    0.1960,    0.4101,    0.6711,    0.9590,    1.2574,    1.5525,    1.9450,    2.1319,    2.3183,    2.7396,    2.6946,    1.9205,    1.9285,    2.1225,    1.8691,    1.8284,    2.0086,    1.8731,    1.6528,    1.5193,    1.5313,    1.6210,    1.6895,    0.5869,    0.5785,    0.5692,    0.5745,    0.5647,    0.5544,    0.5516,    0.5449,    0.5340,    0.5046,    0.5055,    0.4738,    0.3357,    0.3057,    0.2707,    0.2633,    0.2483,    0.2163,    0.2409,    0.2410,    0.2486,    0.2638,    0.2837,    0.2973,    0.3083,    0.3070,    0.2864,    0.2985,    0.2944,    0.2814,    0.2759,    0.2745,    0.2702,    0.2658,    0.2800,    0.2751,    0.7331,    0.6684,    0.6352,    0.6027,    0.5439,    0.5149,    0.5333,    0.5046,    0.4771,    0.5373,    0.5075,    0.4796,    0.7321,    0.6681,    0.6103,    0.5530,    0.4604,    0.4177,    0.3774,    0.3328,    0.2999,    0.2696,    0.2508,    0.2245,    0.6472,    0.4619,    0.3271,    0.2457,    0.1719,    0.1227,    0.0849,    0.0621,    0.0421,    0.0279,    0.0162,    0.0116,    0.0721,    0.0459,    0.0558,    0.0573,    0.0642,    0.0599,    0.0712,    0.0802,    0.0703,    0.0967,    0.0856,    0.0937,    0.1063,    0.0867,    0.1262,    0.1404,    0.1155,    0.1436,    0.1832,    0.1941,    0.1883,    0.1166,    0.1860,    0.1966,    0.2412,    0.2578,    0.2668,    0.2837,    0.2914,    0.3065,    0.3171,    0.3646,    0.4005,    0.3764,    0.3813,    0.3889,    0.6620,    0.7229,    0.7586,    0.7858,    0.8068,    0.8994,    0.8420,    0.8976,    0.8789,    0.9167,    0.8697,    0.9332,    2.0085,    1.9834,    2.0246,    2.0566,    2.0784,    2.0311,    2.1024,    2.1560,    2.1999,    2.0456,    2.0161,    2.0937,    5.2927,    5.0429,    4.9866,    4.8364,    4.4683,    4.1915,    3.6805,    3.3870,    4.3607,    3.8237,    2.9388,    2.7312,    2.1074,    1.9394,    1.4808,    1.4156,    0.9562,    0.6954,    0.5633,    0.2267,    0.2004,    0.1428,    0.0497,    0.0406,    0.0613,    0.2319,    0.4889,    0.8063,    1.1616,    1.5359,    1.9130,    2.0290,    2.7314,    2.6723,    2.6131,    3.4614,    3.6535,    3.7846,    3.7858,    4.0969,    4.1820,    4.1196,    4.1515,    4.2076,    4.2034,    4.1346,    4.0305,    3.9295,    1.3537,    1.3130,    1.3028,    1.2451,    1.2447,    1.2438,    1.2466,    1.2341,    1.2267,    1.2482,    1.2425,    1.2651,    0.9707,    0.9644,    0.9572,    0.9473,    0.9379,    0.9287,    0.9178,    0.9075,    0.8967,    0.8847,    0.8698,    0.8515,    0.8682,    0.8362,    0.8429,    0.7879,    0.7785,    0.7760,    0.7592,    0.7255,    0.7074,    0.6878,    0.6547,    0.6427,    1.7166,    1.6407,    1.5612,    1.4887,    1.4360,    1.3685,    1.2398,    1.1798,    1.1218,    0.9619,    0.9154,    0.8664,    1.2535,    1.1413,    1.0423,    0.9564,    0.9094,    0.8191,    0.7430,    0.6798,    0.6150,    0.5562,    0.4986,    0.4496,    0.9884,    0.7125,    0.5065,    0.3429,    0.2407,    0.1652,    0.1146,    0.0761,    0.0528,    0.0371,    0.0279,    0.0182,    0.0081,    0.0000,    0.0238,    0.0428,    0.0484,    0.0442,    0.0642,    0.0714,    0.0636,    0.0876,    0.0774,    0.0849,    0.0985,    0.0799,    0.1154,    0.1260,    0.1024,    0.0659,    0.0079,    0.0176,    0.0931,    0.1118,    0.1806,    0.1896,    0.2347,    0.2510,    0.2599,    0.2761,    0.2826,    0.2892,    0.2647,    0.2401,    0.2115,    0.2528,    0.3521,    0.3572,    0.6262,    0.6841,    0.7163,    0.7267,    0.7134,    0.8493,    0.8158,    0.8675,    0.7971,    0.9020,    0.8530,    0.9077,    1.9661,    1.9185,    1.9922,    2.0233,    2.0365,    1.6475,    1.7055,    1.7490,    1.7845,    1.6585,    1.6355,    1.6983,    4.2930,    4.0905,    4.0447,    3.9226,    3.6237,    3.3990,    2.9843,    2.7460,    1.8074,    1.5842,    1.2171,    1.1305,    0.8717,    0.8015,    0.6113,    0.5837,    0.3937,    0.2858,    0.2310,    0.0928,    0.0818,    0.0581,    0.0202,    0.0164
    2,    1.2500,  227.5722,    0.3321,   61.7477,   99.1087,   37.8664,   34.8199,  158.4330,  163.5827,  163.6723,  163.8293,  164.1029,  164.5732,  165.3648,  166.6602,  168.4872,  170.9519,  174.2721,  178.5564,  183.8814,  190.3071,  197.9049,  205.8548,  212.8059,  218.1105,  222.1140,  224.8330,  226.3589,  227.0949,  227.3721,  227.5098,  227.5598,    0.0512,    0.1919,    0.4009,    0.6550,    0.9343,    1.2226,    1.5066,    1.8825,    2.0619,    2.2307,    2.6334,    2.5865,    1.8488,    1.8506,    2.0273,    1.7961,    1.7557,    1.9121,    1.7794,    1.5710,    1.4429,    1.4487,    1.5274,    1.5879,    0.5506,    0.5402,    0.5311,    0.5340,    0.5247,    0.5151,    0.5127,    0.5058,    0.4950,    0.4716,    0.4714,    0.4474,    0.3214,    0.2961,    0.2655,    0.2587,    0.2446,    0.2146,    0.2372,    0.2369,    0.2426,    0.2547,    0.2697,    0.2785,    0.2845,    0.2818,    0.2657,    0.2727,    0.2687,    0.2570,    0.2519,    0.2495,    0.2452,    0.2409,    0.2536,    0.2490,    0.6625,    0.6019,    0.5708,    0.5405,    0.4865,    0.4595,    0.4749,    0.4486,    0.4233,    0.4776,    0.4506,    0.4251,    0.6486,    0.5906,    0.5386,    0.4873,    0.4030,    0.3648,    0.3289,    0.2891,    0.2599,    0.2332,    0.2171,    0.1940,    0.5637,    0.4006,    0.2824,    0.2126,    0.1483,    0.1059,    0.0731,    0.0539,    0.0365,    0.0242,    0.0138,    0.0098,    0.0699,    0.0454,    0.0541,    0.0552,    0.0619,    0.0578,    0.0686,    0.0772,    0.0677,    0.0931,    0.0824,    0.0902,    0.1024,    0.0835,    0.1216,    0.1353,    0.1113,    0.1385,    0.1791,    0.1894,    0.1833,    0.1126,    0.1796,    0.1897,    0.2328,    0.2488,    0.2575,    0.2738,    0.2813,    0.2959,    0.3069,    0.3528,    0.3877,    0.3641,    0.3689,    0.3763,    0.6405,    0.6995,    0.7341,    0.7603,    0.7807,    0.8722,    0.8165,    0.8705,    0.8524,    0.8889,    0.8433,    0.9050,    1.9477,    1.9234,    1.9632,    1.9943,    2.0154,    1.9881,    2.0579,    2.1104,    2.1533,    2.0024,    1.9735,    2.0494,    5.1808,    4.9364,    4.8814,    4.7344,    4.3742,    4.1034,    3.6033,    3.3160,    4.3896,    3.8493,    2.9587,    2.7499,    2.1220,    1.9532,    1.4916,    1.4262,    0.9636,    0.7010,    0.5679,    0.2287,    0.2023,    0.1442,    0.0502,    0.0410,    0.0645,    0.2439,    0.5143,    0.8486,    1.2232,    1.6181,    2.0164,    2.2003,    2.8487,    2.8869,    2.8851,    3.6618,    3.6891,    3.8312,    3.8758,    4.1218,    4.2052,    4.1735,    4.2033,    4.2436,    4.2347,    4.1725,    4.0793,    3.9836,    1.3735,    1.3413,    1.3304,    1.2846,    1.2801,    1.2750,    1.2709,    1.2571,    1.2467,    1.2601,    1.2513,    1.2664,    0.9709,    0.9645,    0.9572,    0.9473,    0.9379,    0.9287,    0.9178,    0.9075,    0.8967,    0.8847,    0.8701,    0.8525,    0.8727,    0.8455,    0.8490,    0.8037,    0.7936,    0.7896,    0.7747,    0.7469,    0.7308,    0.7135,    0.6850,    0.6732,    1.7995,    1.7206,    1.6398,    1.5645,    1.5056,    1.4351,    1.3131,    1.2494,    1.1878,    1.0361,    0.9851,    0.9327,    1.3544,    1.2348,    1.1268,    1.0322,    0.9750,    0.8801,    0.7983,    0.7292,    0.6596,    0.5964,    0.5352,    0.4825,    1.0772,    0.7760,    0.5519,    0.3758,    0.2638,    0.1813,    0.1257,    0.0836,    0.0579,    0.0404,    0.0300,    0.0197,    0.0065,    0.0000,    0.0197,    0.0354,    0.0400,    0.0366,    0.0559,    0.0622,    0.0553,    0.0762,    0.0674,    0.0739,    0.0866,    0.0703,    0.1015,    0.1108,    0.0900,    0.0578,    0.0069,    0.0154,    0.0830,    0.0998,    0.1612,    0.1693,    0.2095,    0.2241,    0.2320,    0.2465,    0.2523,    0.2581,    0.2350,    0.2130,    0.1876,    0.2244,    0.3127,    0.3173,    0.5563,    0.6077,    0.6362,    0.6454,    0.6335,    0.7650,    0.7350,    0.7815,    0.7180,    0.8126,    0.7684,    0.8177,    1.7712,    1.7283,    1.7947,    1.8228,    1.8346,    1.4252,    1.4754,    1.5130,    1.5438,    1.4347,    1.4148,    1.4692,    3.7139,    3.5388,    3.4991,    3.3936,    3.1351,    2.9407,    2.5820,    2.3758,    1.4100,    1.2359,    0.9495,    0.8820,    0.6801,    0.6254,    0.4770,    0.4555,    0.3073,    0.2231,    0.1804,    0.0724,    0.0639,    0.0454,    0.0158,    0.0128
    2,    1.5000,  227.5722,    0.3412,   58.6654,   97.7662,   39.6099,   31.0509,  158.4330,  163.5827,  163.6723,  163.8293,  164.1029,  164.5732,  165.3648,  166.6602,  168.4872,  170.9519,  174.2721,  178.5564,  183.8814,  190.3071,  197.9049,  205.8548,  212.8059,  218.1105,  222.1140,  224.8330,  226.3589,  227.0949,  227.3721,  227.5098,  227.5598,    0.0504,    0.1888,    0.3939,    0.6425,    0.9151,    1.1957,    1.4710,    1.8336,    2.0074,    2.1632,    2.5498,    2.5023,    1.7950,    1.7920,    1.9551,    1.7418,    1.7019,    1.8400,    1.7096,    1.5104,    1.3865,    1.3878,    1.4583,    1.5129,    0.5238,    0.5118,    0.5029,    0.5036,    0.4947,    0.4855,    0.4830,    0.4759,    0.4651,    0.4458,    0.4446,    0.4256,    0.3091,    0.2875,    0.2607,    0.2545,    0.2412,    0.2131,    0.2338,    0.2330,    0.2372,    0.2467,    0.2577,    0.2631,    0.2660,    0.2625,    0.2495,    0.2533,    0.2494,    0.2387,    0.2338,    0.2309,    0.2267,    0.2226,    0.2340,    0.2296,    0.6101,    0.5529,    0.5234,    0.4947,    0.4444,    0.4191,    0.4320,    0.4074,    0.3839,    0.4329,    0.4079,    0.3844,    0.5859,    0.5323,    0.4846,    0.4378,    0.3603,    0.3253,    0.2927,    0.2566,    0.2302,    0.2062,    0.1920,    0.1712,    0.4997,    0.3536,    0.2480,    0.1869,    0.1299,    0.0928,    0.0638,    0.0474,    0.0320,    0.0212,    0.0119,    0.0084,    0.0681,    0.0450,    0.0527,    0.0538,    0.0604,    0.0563,    0.0666,    0.0749,    0.0657,    0.0904,    0.0800,    0.0876,    0.0995,    0.0811,    0.1181,    0.1314,    0.1081,    0.1344,    0.1755,    0.1852,    0.1792,    0.1093,    0.1745,    0.1843,    0.2262,    0.2417,    0.2502,    0.2660,    0.2733,    0.2875,    0.2988,    0.3432,    0.3772,    0.3542,    0.3592,    0.3665,    0.6238,    0.6812,    0.7149,    0.7405,    0.7602,    0.8503,    0.7960,    0.8487,    0.8309,    0.8666,    0.8222,    0.8823,    1.8989,    1.8753,    1.9140,    1.9443,    1.9650,    1.9564,    2.0251,    2.0768,    2.1190,    1.9704,    1.9420,    2.0167,    5.0983,    4.8578,    4.8038,    4.6592,    4.3048,    4.0384,    3.5463,    3.2637,    4.4079,    3.8655,    2.9713,    2.7618,    2.1314,    1.9620,    1.4985,    1.4331,    0.9685,    0.7047,    0.5710,    0.2300,    0.2035,    0.1451,    0.0506,    0.0413,    0.0664,    0.2510,    0.5296,    0.8742,    1.2606,    1.6684,    2.0799,    2.3188,    2.9176,    3.0345,    3.0865,    3.7884,    3.7101,    3.8580,    3.9268,    4.1376,    4.2201,    4.2055,    4.2342,    4.2660,    4.2545,    4.1962,    4.1093,    4.0170,    1.3857,    1.3584,    1.3470,    1.3091,    1.3022,    1.2947,    1.2871,    1.2726,    1.2606,    1.2684,    1.2576,    1.2675,    0.9711,    0.9646,    0.9572,    0.9473,    0.9379,    0.9287,    0.9179,    0.9075,    0.8967,    0.8848,    0.8704,    0.8534,    0.8761,    0.8521,    0.8533,    0.8145,    0.8040,    0.7988,    0.7850,    0.7610,    0.7461,    0.7303,    0.7052,    0.6934,    1.8549,    1.7744,    1.6928,    1.6157,    1.5525,    1.4799,    1.3644,    1.2981,    1.2341,    1.0910,    1.0367,    0.9818,    1.4300,    1.3048,    1.1902,    1.0892,    1.0235,    0.9253,    0.8394,    0.7657,    0.6926,    0.6261,    0.5624,    0.5069,    1.1455,    0.8249,    0.5869,    0.4014,    0.2817,    0.1939,    0.1344,    0.0896,    0.0620,    0.0430,    0.0317,    0.0209,    0.0052,    0.0000,    0.0163,    0.0294,    0.0333,    0.0304,    0.0489,    0.0544,    0.0484,    0.0667,    0.0589,    0.0646,    0.0765,    0.0621,    0.0896,    0.0978,    0.0795,    0.0509,    0.0061,    0.0135,    0.0744,    0.0894,    0.1445,    0.1517,    0.1878,    0.2009,    0.2080,    0.2209,    0.2261,    0.2314,    0.2095,    0.1898,    0.1670,    0.1999,    0.2789,    0.2829,    0.4961,    0.5420,    0.5674,    0.5756,    0.5649,    0.6915,    0.6644,    0.7064,    0.6490,    0.7346,    0.6946,    0.7392,    1.6011,    1.5623,    1.6224,    1.6478,    1.6585,    1.2374,    1.2810,    1.3137,    1.3404,    1.2457,    1.2284,    1.2757,    3.2246,    3.0725,    3.0381,    2.9465,    2.7221,    2.5534,    2.2419,    2.0630,    1.1031,    0.9669,    0.7429,    0.6901,    0.5322,    0.4894,    0.3733,    0.3565,    0.2405,    0.1746,    0.1412,    0.0567,    0.0500,    0.0356,    0.0123,    0.0100
    2,    1.7500,  227.5722,    0.3482,   56.2357,   96.7163,   40.9933,   27.4970,  158.4330,  163.5827,  163.6723,  163.8293,  164.1029,  164.5732,  165.3648,  166.6602,  168.4872,  170.9519,  174.2721,  178.5564,  183.8814,  190.3071,  197.9049,  205.8548,  212.8059,  218.1105,  222.1140,  224.8330,  226.3589,  227.0949,  227.3721,  227.5098,  227.5598,    0.0498,    0.1862,    0.3881,    0.6324,    0.8996,    1.1739,    1.4421,    1.7937,    1.9634,    2.1089,    2.4816,    2.4342,    1.7528,    1.7460,    1.8980,    1.6995,    1.6600,    1.7836,    1.6551,    1.4633,    1.3427,    1.3405,    1.4047,    1.4548,    0.5031,    0.4897,    0.4809,    0.4798,    0.4711,    0.4623,    0.4595,    0.4523,    0.4413,    0.4249,    0.4229,    0.4073,    0.2984,    0.2799,    0.2562,    0.2505,    0.2379,    0.2116,    0.2306,    0.2293,    0.2323,    0.2395,    0.2475,    0.2502,    0.2512,    0.2472,    0.2365,    0.2380,    0.2342,    0.2244,    0.2197,    0.2165,    0.2124,    0.2084,    0.2187,    0.2145,    0.5695,    0.5150,    0.4868,    0.4594,    0.4120,    0.3880,    0.3990,    0.3757,    0.3535,    0.3982,    0.3748,    0.3527,    0.5369,    0.4868,    0.4424,    0.3990,    0.3272,    0.2948,    0.2647,    0.2315,    0.2073,    0.1854,    0.1724,    0.1535,    0.4490,    0.3163,    0.2209,    0.1664,    0.1152,    0.0823,    0.0564,    0.0421,    0.0284,    0.0188,    0.0104,    0.0073,    0.0666,    0.0446,    0.0517,    0.0529,    0.0593,    0.0553,    0.0651,    0.0732,    0.0642,    0.0884,    0.0782,    0.0856,    0.0972,    0.0792,    0.1153,    0.1283,    0.1055,    0.1310,    0.1723,    0.1816,    0.1757,    0.1068,    0.1704,    0.1800,    0.2209,    0.2361,    0.2444,    0.2598,    0.2669,    0.2808,    0.2923,    0.3354,    0.3685,    0.3462,    0.3516,    0.3587,    0.6106,    0.6668,    0.6997,    0.7247,    0.7439,    0.8325,    0.7795,    0.8311,    0.8134,    0.8486,    0.8051,    0.8640,    1.8594,    1.8363,    1.8742,    1.9039,    1.9241,    1.9328,    2.0006,    2.0517,    2.0934,    1.9466,    1.9186,    1.9924,    5.0368,    4.7993,    4.7459,    4.6032,    4.2531,    3.9900,    3.5039,    3.2248,    4.4195,    3.8759,    2.9794,    2.7694,    2.1375,    1.9678,    1.5031,    1.4377,    0.9717,    0.7071,    0.5732,    0.2309,    0.2043,    0.1457,    0.0508,    0.0415,    0.0675,    0.2554,    0.5391,    0.8901,    1.2840,    1.6999,    2.1200,    2.4017,    2.9599,    3.1375,    3.2369,    3.8708,    3.7241,    3.8755,    3.9586,    4.1486,    4.2305,    4.2269,    4.2550,    4.2814,    4.2682,    4.2126,    4.1299,    4.0399,    1.3941,    1.3697,    1.3581,    1.3253,    1.3168,    1.3079,    1.2984,    1.2835,    1.2706,    1.2745,    1.2624,    1.2684,    0.9713,    0.9646,    0.9572,    0.9473,    0.9379,    0.9287,    0.9179,    0.9075,    0.8967,    0.8848,    0.8706,    0.8542,    0.8787,    0.8570,    0.8564,    0.8223,    0.8115,    0.8053,    0.7923,    0.7708,    0.7566,    0.7419,    0.7192,    0.7075,    1.8934,    1.8120,    1.7299,    1.6516,    1.5853,    1.5114,    1.4015,    1.3334,    1.2676,    1.1327,    1.0759,    1.0192,    1.4879,    1.3585,    1.2392,    1.1331,    1.0604,    0.9597,    0.8706,    0.7935,    0.7178,    0.6488,    0.5832,    0.5256,    1.1994,    0.8635,    0.6145,    0.4218,    0.2960,    0.2039,    0.1413,    0.0945,    0.0652,    0.0452,    0.0330,    0.0218,    0.0042,    0.0000,    0.0136,    0.0246,    0.0278,    0.0254,    0.0429,    0.0477,    0.0425,    0.0585,    0.0517,    0.0567,    0.0678,    0.0550,    0.0795,    0.0867,    0.0704,    0.0450,    0.0054,    0.0119,    0.0668,    0.0804,    0.1300,    0.1364,    0.1689,    0.1806,    0.1870,    0.1987,    0.2034,    0.2080,    0.1874,    0.1696,    0.1492,    0.1786,    0.2495,    0.2531,    0.4438,    0.4848,    0.5076,    0.5149,    0.5052,    0.6268,    0.6022,    0.6404,    0.5882,    0.6659,    0.6297,    0.6701,    1.4514,    1.4162,    1.4707,    1.4937,    1.5034,    1.0772,    1.1152,    1.1436,    1.1669,    1.0844,    1.0694,    1.1105,    2.8072,    2.6748,    2.6449,    2.5652,    2.3698,    2.2230,    1.9518,    1.7961,    0.8651,    0.7584,    0.5827,    0.5413,    0.4174,    0.3839,    0.2928,    0.2797,    0.1887,    0.1370,    0.1108,    0.0445,    0.0393,    0.0279,    0.0097,    0.0079
    2,    2.0000,  227.5722,    0.3538,   54.2613,   95.8890,   42.1441,   24.2455,  158.4330,  163.5827,  163.6723,  163.8293,  164.1029,  164.5732,  165.3648,  166.6602,  168.4872,  170.9519,  174.2721,  178.5564,  183.8814,  190.3071,  197.9049,  205.8548,  212.8059,  218.1105,  222.1140,  224.8330,  226.3589,  227.0949,  227.3721,  227.5098,  227.5598,    0.0493,    0.1841,    0.3834,    0.6240,    0.8867,    1.1557,    1.4181,    1.7603,    1.9271,    2.0638,    2.4245,    2.3777,    1.7184,    1.7086,    1.8515,    1.6654,    1.6263,    1.7380,    1.6110,    1.4254,    1.3076,    1.3025,    1.3617,    1.4081,    0.4864,    0.4719,    0.4633,    0.4605,    0.4521,    0.4435,    0.4403,    0.4330,    0.4218,    0.4077,    0.4049,    0.3916,    0.2889,    0.2730,    0.2521,    0.2468,    0.2349,    0.2102,    0.2275,    0.2260,    0.2277,    0.2330,    0.2385,    0.2393,    0.2390,    0.2348,    0.2258,    0.2257,    0.2219,    0.2129,    0.2084,    0.2049,    0.2009,    0.1970,    0.2065,    0.2024,    0.5370,    0.4847,    0.4575,    0.4312,    0.3862,    0.3632,    0.3726,    0.3504,    0.3293,    0.3703,    0.3481,    0.3272,    0.4974,    0.4502,    0.4085,    0.3678,    0.3008,    0.2704,    0.2424,    0.2115,    0.1891,    0.1688,    0.1569,    0.1394,    0.4080,    0.2862,    0.1990,    0.1498,    0.1033,    0.0737,    0.0504,    0.0377,    0.0254,    0.0168,    0.0092,    0.0064,    0.0653,    0.0442,    0.0509,    0.0522,    0.0585,    0.0546,    0.0639,    0.0719,    0.0631,    0.0868,    0.0768,    0.0841,    0.0954,    0.0778,    0.1132,    0.1259,    0.1035,    0.1281,    0.1694,    0.1783,    0.1728,    0.1047,    0.1671,    0.1766,    0.2167,    0.2316,    0.2397,    0.2549,    0.2618,    0.2754,    0.2871,    0.3289,    0.3612,    0.3395,    0.3455,    0.3525,    0.6001,    0.6553,    0.6877,    0.7122,    0.7308,    0.8180,    0.7660,    0.8167,    0.7991,    0.8339,    0.7912,    0.8491,    1.8272,    1.8045,    1.8418,    1.8710,    1.8908,    1.9150,    1.9822,    2.0328,    2.0742,    1.9287,    1.9010,    1.9741,    4.9906,    4.7553,    4.7025,    4.5611,    4.2142,    3.9536,    3.4720,    3.1955,    4.4270,    3.8825,    2.9847,    2.7744,    2.1414,    1.9716,    1.5061,    1.4407,    0.9739,    0.7088,    0.5746,    0.2315,    0.2049,    0.1462,    0.0510,    0.0417,    0.0682,    0.2582,    0.5451,    0.9003,    1.2990,    1.7202,    2.1461,    2.4605,    2.9874,    3.2104,    3.3501,    3.9263,    3.7342,    3.8880,    3.9803,    4.1568,    4.2383,    4.2424,    4.2701,    4.2927,    4.2783,    4.2246,    4.1449,    4.0566,    1.4002,    1.3777,    1.3660,    1.3367,    1.3272,    1.3172,    1.3066,    1.2915,    1.2780,    1.2791,    1.2660,    1.2693,    0.9715,    0.9647,    0.9573,    0.9473,    0.9379,    0.9287,    0.9179,    0.9075,    0.8967,    0.8849,    0.8709,    0.8548,    0.8808,    0.8607,    0.8589,    0.8280,    0.8171,    0.8102,    0.7976,    0.7779,    0.7642,    0.7502,    0.7293,    0.7177,    1.9213,    1.8394,    1.7569,    1.6778,    1.6092,    1.5343,    1.4290,    1.3597,    1.2927,    1.1650,    1.1064,    1.0482,    1.5333,    1.4006,    1.2776,    1.1677,    1.0892,    0.9866,    0.8951,    0.8152,    0.7375,    0.6665,    0.5994,    0.5403,    1.2428,    0.8947,    0.6369,    0.4385,    0.3077,    0.2121,    0.1470,    0.0985,    0.0679,    0.0469,    0.0340,    0.0226,    0.0034,    0.0000,    0.0114,    0.0206,    0.0233,    0.0213,    0.0378,    0.0420,    0.0374,    0.0515,    0.0455,    0.0499,    0.0603,    0.0489,    0.0706,    0.0771,    0.0626,    0.0399,    0.0047,    0.0105,    0.0602,    0.0725,    0.1172,    0.1230,    0.1523,    0.1628,    0.1686,    0.1791,    0.1833,    0.1875,    0.1680,    0.1519,    0.1336,    0.1600,    0.2237,    0.2269,    0.3980,    0.4348,    0.4552,    0.4617,    0.4530,    0.5694,    0.5471,    0.5817,    0.5342,    0.6050,    0.5720,    0.6087,    1.3185,    1.2865,    1.3361,    1.3570,    1.3658,    0.9396,    0.9727,    0.9976,    1.0178,    0.9459,    0.9328,    0.9687,    2.4487,    2.3332,    2.3071,    2.2376,    2.0672,    1.9391,    1.7026,    1.5668,    0.6800,    0.5961,    0.4580,    0.4255,    0.3281,    0.3018,    0.2302,    0.2199,    0.1483,    0.1077,    0.0871,    0.0350,    0.0309,    0.0220,    0.0076,    0.0062
