Particle       ,data/QEXT_96IR_84_VIS_NC175v2_2umrod
Ncase          ,  14
dt (sols)      ,  0.020833
Qext 0.67um    ,  1.397970
Alb sfc        ,  0.220000
Conrath nu     ,  0.002000
Sun Flux (W/m2),148.389262
BWN IR (cm-1)  ,     10.0000,     34.1670,     58.3330,     82.5000,    106.6670,    130.8330,    155.0000,    179.1670,    203.3330,    227.5000,    251.6670,    275.8330,    300.0000,    320.7880,    341.5750,    362.3630,    383.1500,    403.9380,    424.7250,    445.5130,    466.3010,    487.0880,    507.8760,    528.6630,    549.4510,    556.7420,    564.0330,    571.3240,    578.6150,    585.9060,    593.1970,    600.4880,    607.7790,    615.0700,    622.3610,    629.6520,    636.9430,    642.5500,    648.1570,    653.7640,    659.3700,    664.9770,    670.5840,    676.1910,    681.7980,    687.4050,    693.0110,    698.6180,    704.2250,    710.1390,    716.0530,    721.9670,    727.8810,    733.7950,    739.7090,    745.6240,    751.5380,    757.4520,    763.3660,    769.2800,    775.1940,    791.5010,    807.8070,    824.1140,    840.4210,    856.7270,    873.0340,    889.3410,    905.6470,    921.9540,    938.2610,    954.5670,    970.8740,    996.8050,   1022.7370,   1048.6680,   1074.6000,   1100.5310,   1126.4630,   1152.3940,   1178.3250,   1204.2570,   1230.1880,   1256.1200,   1282.0510,   1360.3990,   1438.7460,   1517.0940,   1595.4410,   1673.7890,   1752.1370,   1830.4840,   1908.8320,   1987.1790,   2065.5270,   2143.8740,   2222.2220
BWN VIS (cm-1) ,   2222.2200,   2294.3160,   2366.4120,   2438.5080,   2510.6030,   2582.6990,   2654.7950,   2726.8910,   2798.9870,   2871.0820,   2943.1780,   3015.2740,   3087.3700,   3165.9750,   3244.5800,   3323.1850,   3401.7900,   3480.3950,   3559.0000,   3637.6050,   3716.2100,   3794.8150,   3873.4200,   3952.0250,   4030.6300,   4142.2920,   4253.9530,   4365.6150,   4477.2770,   4588.9380,   4700.6000,   4812.2620,   4923.9230,   5035.5850,   5147.2470,   5258.9080,   5370.5700,   5560.6150,   5750.6600,   5940.7050,   6130.7500,   6320.7950,   6510.8400,   6700.8850,   6890.9300,   7080.9750,   7271.0200,   7461.0650,   7651.1100,   8055.1840,   8459.2580,   8863.3330,   9267.4070,   9671.4810,  10075.5550,  10479.6290,  10883.7030,  11287.7780,  11691.8520,  12095.9260,  12500.0000,  13541.6670,  14583.3330,  15625.0000,  16666.6670,  17708.3330,  18750.0000,  19791.6670,  20833.3330,  21875.0000,  22916.6670,  23958.3330,  25000.0000,  26388.8890,  27777.7780,  29166.6670,  30555.5570,  31944.4460,  33333.3350,  34722.2240,  36111.1130,  37500.0030,  38888.8920,  40277.7810,  41666.6700
SUN VIS (W/m2) ,      0.1008,      0.0862,      0.0968,      0.1089,      0.1224,      0.1136,      0.1248,      0.1400,      0.1233,      0.1698,      0.1502,      0.1645,      0.1814,      0.1477,      0.2144,      0.2377,      0.1946,      0.2106,      0.2276,      0.2472,      0.2683,      0.1918,      0.3072,      0.3239,      0.3986,      0.4261,      0.4410,      0.4688,      0.4810,      0.5017,      0.5013,      0.5485,      0.5772,      0.5665,      0.6183,      0.6303,      1.0809,      1.1806,      1.2379,      1.2751,      1.2949,      1.4092,      1.3262,      1.4132,      1.3634,      1.4505,      1.3747,      1.4716,      3.1730,      3.1258,      3.2038,      3.2543,      3.2846,      3.1576,      3.2685,      3.3520,      3.4202,      3.1800,      3.1347,      3.2554,      8.2299,      7.8425,      7.7561,      7.5237,      6.9524,      6.5235,      5.7299,      5.2748,      5.0739,      4.4511,      3.4228,      3.1828,      2.4579,      2.2644,      1.7312,      1.6575,      1.1215,      0.8173,      0.6634,      0.2677,      0.2374,      0.1697,      0.0593,      0.0486
================
wavelenght [um],    0.244068,    0.252632,    0.261818,    0.271698,    0.282353,    0.293878,    0.306383,    0.320000,    0.334884,    0.351220,    0.369231,    0.389189,    0.408511,    0.426667,    0.446512,    0.468293,    0.492308,    0.518919,    0.548571,    0.581818,    0.619355,    0.662069,    0.711111,    0.768000,    0.813143,    0.840768,    0.870336,    0.902060,    0.936184,    0.972991,    1.012810,    1.056028,    1.103099,    1.154562,    1.211061,    1.273375,    1.323436,    1.357581,    1.393534,    1.431444,    1.471474,    1.513807,    1.558648,    1.606226,    1.656801,    1.710664,    1.768147,    1.829628,    1.881560,    1.921939,    1.964090,    2.008131,    2.054193,    2.102417,    2.152960,    2.205992,    2.261704,    2.320302,    2.382017,    2.447105,    2.505432,    2.555765,    2.608162,    2.662752,    2.719677,    2.779088,    2.841153,    2.906054,    2.973989,    3.045176,    3.119855,    3.198288,    3.277268,    3.356577,    3.439819,    3.527294,    3.619334,    3.716307,    3.818620,    3.926726,    4.041130,    4.162400,    4.291175,    4.428172,    4.580751,    4.751270,    4.934974,    5.133456,    5.348572,    5.582505,    5.837838,    6.117648,    6.425631,    6.766266,    7.145039,    7.568734,    7.879690,    8.044056,    8.215425,    8.394255,    8.581043,    8.776330,    8.980716,    9.194848,    9.419442,    9.655282,    9.903235,   10.164260,   10.387231,   10.566200,   10.751445,   10.943308,   11.142136,   11.348323,   11.562291,   11.784476,   12.015368,   12.255495,   12.505409,   12.765727,   12.949392,   13.049328,   13.150818,   13.253898,   13.358608,   13.464994,   13.573088,   13.682923,   13.794549,   13.908012,   14.023357,   14.140631,   14.256763,   14.371646,   14.488386,   14.607038,   14.727660,   14.850291,   14.974981,   15.101782,   15.230738,   15.361915,   15.495384,   15.631191,   15.790367,   15.974275,   16.162517,   16.355249,   16.552633,   16.754839,   16.962047,   17.174443,   17.392227,   17.615605,   17.844795,   18.080028,   18.550914,   19.294981,   20.101230,   20.977796,   21.934298,   22.982219,   24.135264,   25.410119,   26.827165,   28.411593,   30.194923,   32.217118,   34.732292,   37.914692,   41.739101,   46.421699,   52.287582,   59.850314,   69.970927,   84.210526,  105.726686,  142.012170,  216.216216,  452.826771
Qext           ,      1.0942,      1.0942,      1.0942,      1.0942,      1.0942,      1.0942,      1.0942,      1.0942,      1.0942,      1.0942,      1.0942,      1.3980,      1.3980,      1.3980,      1.3980,      1.3980,      1.3980,      1.3980,      1.3980,      1.3980,      1.3980,      1.3980,      1.3980,      1.1910,      1.1910,      1.1910,      1.1910,      1.1910,      1.1910,      1.1910,      1.1910,      1.1910,      1.1910,      1.2035,      1.2035,      1.2035,      1.2035,      1.2035,      1.2035,      1.2035,      1.2035,      1.2699,      1.2699,      1.2699,      1.2699,      1.2699,      1.2699,      1.2699,      1.4002,      1.4002,      1.4002,      1.4002,      1.4002,      1.4002,      1.4002,      1.4002,      1.6629,      1.6629,      1.6629,      1.6629,      1.6629,      1.6629,      1.7063,      1.7063,      1.7063,      1.7063,      1.7063,      1.7063,      1.5735,      1.5735,      1.5735,      1.5735,      1.5735,      1.6090,      1.6090,      1.6090,      1.6090,      1.7603,      1.7603,      1.7603,      1.7603,      2.1051,      2.1051,      2.1051,      2.2460,      2.2460,      2.2602,      2.2602,      2.3058,      2.1134,      2.1134,      2.0243,      2.0912,      2.2385,      2.0353,      1.8333,      2.0253,      2.0253,      2.0806,      2.0806,      2.1624,      2.1624,      2.6825,      2.6825,      2.7576,      2.6592,      2.6592,      2.4659,      2.2899,      2.2899,      2.1512,      2.1512,      1.9792,      1.9792,      1.7207,      1.4025,      1.4025,      1.1419,      1.1419,      0.9964,      1.0081,      1.0081,      1.0081,      1.0081,      1.2081,      1.2081,      1.2081,      1.3882,      1.3882,      1.3882,      1.3586,      1.3586,      1.3586,      1.2353,      1.2353,      1.2353,      1.2129,      1.2129,      1.2129,      1.3089,      1.3089,      1.3089,      1.4335,      1.4335,      1.4335,      1.5320,      1.5320,      1.5960,      1.5960,      1.6242,      1.6247,      1.6247,      1.6321,      1.6321,      1.6905,      1.8165,      1.8987,      2.1672,      2.0896,      1.6966,      1.2188,      0.7338,      0.5615,      0.6914,      0.7819,      0.6993,      0.6909,      0.7787,      0.7796,      0.5913,      0.3475,      0.4356,      0.8168,      0.9362,      0.9362,      0.9362,      0.9362,      0.9362,      0.9362,      0.9362
Qscat          ,      0.5358,      0.5358,      0.5358,      0.5358,      0.5358,      0.5358,      0.5358,      0.5358,      0.5358,      0.5358,      0.5358,      0.4514,      0.4514,      0.4514,      0.4514,      0.4514,      0.4514,      0.4514,      0.4514,      0.4514,      0.4514,      0.4514,      0.4514,      0.2411,      0.2411,      0.2411,      0.2411,      0.2411,      0.2411,      0.2411,      0.2411,      0.2411,      0.2411,      0.1945,      0.1945,      0.1945,      0.1945,      0.1945,      0.1945,      0.1945,      0.1945,      0.1458,      0.1458,      0.1458,      0.1458,      0.1458,      0.1458,      0.1458,      0.1650,      0.1650,      0.1650,      0.1650,      0.1650,      0.1650,      0.1650,      0.1650,      0.1696,      0.1696,      0.1696,      0.1696,      0.1696,      0.1696,      0.2099,      0.2099,      0.2099,      0.2099,      0.2099,      0.2099,      0.2226,      0.2226,      0.2226,      0.2226,      0.2226,      0.1863,      0.1863,      0.1863,      0.1863,      0.1967,      0.1967,      0.1967,      0.1967,      0.2407,      0.2407,      0.2407,      0.2797,      0.2797,      0.3069,      0.3069,      0.3402,      0.3491,      0.3491,      0.3532,      0.4077,      0.4697,      0.4499,      0.4563,      0.4931,      0.4931,      0.5258,      0.5258,      0.6843,      0.6843,      0.6635,      0.6635,      0.6915,      0.7177,      0.7177,      0.8442,      0.9617,      0.9617,      1.1324,      1.1324,      1.0231,      1.0231,      0.9041,      0.8488,      0.8488,      0.9361,      0.9361,      0.8517,      0.7094,      0.7094,      0.7094,      0.7094,      0.7046,      0.7046,      0.7046,      0.7746,      0.7746,      0.7746,      0.7969,      0.7969,      0.7969,      0.7331,      0.7331,      0.7331,      0.7215,      0.7215,      0.7215,      0.8837,      0.8837,      0.8837,      1.1028,      1.1028,      1.1028,      1.1921,      1.1921,      1.1536,      1.1536,      1.1239,      1.1592,      1.1592,      1.1895,      1.1895,      1.1472,      1.0630,      1.0440,      1.1368,      1.2931,      1.2235,      1.2187,      0.7337,      0.5615,      0.6913,      0.7818,      0.6992,      0.6908,      0.7787,      0.7795,      0.5912,      0.3475,      0.4355,      0.8167,      0.9361,      0.9361,      0.9361,      0.9361,      0.9361,      0.9361,      0.9361
G factor       ,      0.4830,      0.4830,      0.4830,      0.4830,      0.4830,      0.4830,      0.4830,      0.4830,      0.4830,      0.4830,      0.4830,      0.4440,      0.4440,      0.4440,      0.4440,      0.4440,      0.4440,      0.4440,      0.4440,      0.4440,      0.4440,      0.4440,      0.4440,      0.2740,      0.2740,      0.2740,      0.2740,      0.2740,      0.2740,      0.2740,      0.2740,      0.2740,      0.2740,      0.2930,      0.2930,      0.2930,      0.2930,      0.2930,      0.2930,      0.2930,      0.2930,      0.2340,      0.2340,      0.2340,      0.2340,      0.2340,      0.2340,      0.2340,      0.2740,      0.2740,      0.2740,      0.2740,      0.2740,      0.2740,      0.2740,      0.2740,      0.3050,      0.3050,      0.3050,      0.3050,      0.3050,      0.3050,      0.2370,      0.2370,      0.2370,      0.2370,      0.2370,      0.2370,      0.2330,      0.2330,      0.2330,      0.2330,      0.2330,      0.2100,      0.2100,      0.2100,      0.2100,      0.2140,      0.2140,      0.2140,      0.2140,      0.2300,      0.2300,      0.2300,      0.2460,      0.2460,      0.2530,      0.2530,      0.2130,      0.2070,      0.2070,      0.2030,      0.2050,      0.2440,      0.2040,      0.1490,      0.1950,      0.1950,      0.2320,      0.2320,      0.3030,      0.3030,      0.2850,      0.2850,      0.2290,      0.2030,      0.2030,      0.2270,      0.2920,      0.2920,      0.3290,      0.3290,      0.2370,      0.2370,      0.1150,      0.0930,      0.0930,      0.2100,      0.2100,      0.2310,      0.1610,      0.1610,      0.1610,      0.1610,      0.1490,      0.1490,      0.1490,      0.1250,      0.1250,      0.1250,      0.0610,      0.0610,      0.0610,      0.0110,      0.0110,      0.0110,      0.0260,      0.0260,      0.0260,      0.0780,      0.0780,      0.0780,      0.1250,      0.1250,      0.1250,      0.1650,      0.1650,      0.2000,      0.2000,      0.2270,      0.2400,      0.2400,      0.2360,      0.2360,      0.2190,      0.2030,      0.2000,      0.1990,      0.2090,      0.2150,      0.2380,      0.2520,      0.1530,      0.0880,      0.0700,      0.0080,      0.1310,      0.3660,      0.3870,      0.2440,      0.1920,      0.0980,      0.1230,      0.1550,      0.1550,      0.1550,      0.1550,      0.1550,      0.1550,      0.1550
================
P [mbar]       ,    0.1004,    0.1015,    0.1034,    0.1069,    0.1130,    0.1239,    0.1432,    0.1740,    0.2226,    0.3028,    0.4349,    0.6529,    1.0121,    1.6044,    2.4646,    3.4606,    4.3994,    5.2226,    5.8426,    6.2132,    6.3980,    6.4686,    6.5039,    6.5168
Temp initial[K],  163.5827,  163.6723,  163.8293,  164.1029,  164.5732,  165.3648,  166.6602,  168.4872,  170.9519,  174.2721,  178.5564,  183.8814,  190.3071,  197.9049,  205.8548,  212.8059,  218.1105,  222.1140,  224.8330,  226.3589,  227.0949,  227.3721,  227.5098,  227.5598
================
it   ,   tau    ,  Tsfc    ,   alb    ,   OLR    ,    ASR   ,  NET top ,  NET bot , T lev  01, T lev  02, T lev  03, T lev  04, T lev  05, T lev  06, T lev  07, T lev  08, T lev  09, T lev  10, T lev  11, T lev  12, T lev  13, T lev  14, T lev  15, T lev  16, T lev  17, T lev  18, T lev  19, T lev  20, T lev  21, T lev  22, T lev  23, T lev  24, T lev  25,  OLR IR01,  OLR IR02,  OLR IR03,  OLR IR04,  OLR IR05,  OLR IR06,  OLR IR07,  OLR IR08,  OLR IR09,  OLR IR10,  OLR IR11,  OLR IR12,  OLR IR13,  OLR IR14,  OLR IR15,  OLR IR16,  OLR IR17,  OLR IR18,  OLR IR19,  OLR IR20,  OLR IR21,  OLR IR22,  OLR IR23,  OLR IR24,  OLR IR25,  OLR IR26,  OLR IR27,  OLR IR28,  OLR IR29,  OLR IR30,  OLR IR31,  OLR IR32,  OLR IR33,  OLR IR34,  OLR IR35,  OLR IR36,  OLR IR37,  OLR IR38,  OLR IR39,  OLR IR40,  OLR IR41,  OLR IR42,  OLR IR43,  OLR IR44,  OLR IR45,  OLR IR46,  OLR IR47,  OLR IR48,  OLR IR49,  OLR IR50,  OLR IR51,  OLR IR52,  OLR IR53,  OLR IR54,  OLR IR55,  OLR IR56,  OLR IR57,  OLR IR58,  OLR IR59,  OLR IR60,  OLR IR61,  OLR IR62,  OLR IR63,  OLR IR64,  OLR IR65,  OLR IR66,  OLR IR67,  OLR IR68,  OLR IR69,  OLR IR70,  OLR IR71,  OLR IR72,  OLR IR73,  OLR IR74,  OLR IR75,  OLR IR76,  OLR IR77,  OLR IR78,  OLR IR79,  OLR IR80,  OLR IR81,  OLR IR82,  OLR IR83,  OLR IR84,  OLR IR85,  OLR IR86,  OLR IR87,  OLR IR88,  OLR IR89,  OLR IR90,  OLR IR91,  OLR IR92,  OLR IR93,  OLR IR94,  OLR IR95,  OLR IR96, ASR VIS01, ASR VIS02, ASR VIS03, ASR VIS04, ASR VIS05, ASR VIS06, ASR VIS07, ASR VIS08, ASR VIS09, ASR VIS10, ASR VIS11, ASR VIS12, ASR VIS13, ASR VIS14, ASR VIS15, ASR VIS16, ASR VIS17, ASR VIS18, ASR VIS19, ASR VIS20, ASR VIS21, ASR VIS22, ASR VIS23, ASR VIS24, ASR VIS25, ASR VIS26, ASR VIS27, ASR VIS28, ASR VIS29, ASR VIS30, ASR VIS31, ASR VIS32, ASR VIS33, ASR VIS34, ASR VIS35, ASR VIS36, ASR VIS37, ASR VIS38, ASR VIS39, ASR VIS40, ASR VIS41, ASR VIS42, ASR VIS43, ASR VIS44, ASR VIS45, ASR VIS46, ASR VIS47, ASR VIS48, ASR VIS49, ASR VIS50, ASR VIS51, ASR VIS52, ASR VIS53, ASR VIS54, ASR VIS55, ASR VIS56, ASR VIS57, ASR VIS58, ASR VIS59, ASR VIS60, ASR VIS61, ASR VIS62, ASR VIS63, ASR VIS64, ASR VIS65, ASR VIS66, ASR VIS67, ASR VIS68, ASR VIS69, ASR VIS70, ASR VIS71, ASR VIS72, ASR VIS73, ASR VIS74, ASR VIS75, ASR VIS76, ASR VIS77, ASR VIS78, ASR VIS79, ASR VIS80, ASR VIS81, ASR VIS82, ASR VIS83, ASR VIS84, SFC DIR01, SFC DIR02, SFC DIR03, SFC DIR04, SFC DIR05, SFC DIR06, SFC DIR07, SFC DIR08, SFC DIR09, SFC DIR10, SFC DIR11, SFC DIR12, SFC DIR13, SFC DIR14, SFC DIR15, SFC DIR16, SFC DIR17, SFC DIR18, SFC DIR19, SFC DIR20, SFC DIR21, SFC DIR22, SFC DIR23, SFC DIR24, SFC DIR25, SFC DIR26, SFC DIR27, SFC DIR28, SFC DIR29, SFC DIR30, SFC DIR31, SFC DIR32, SFC DIR33, SFC DIR34, SFC DIR35, SFC DIR36, SFC DIR37, SFC DIR38, SFC DIR39, SFC DIR40, SFC DIR41, SFC DIR42, SFC DIR43, SFC DIR44, SFC DIR45, SFC DIR46, SFC DIR47, SFC DIR48, SFC DIR49, SFC DIR50, SFC DIR51, SFC DIR52, SFC DIR53, SFC DIR54, SFC DIR55, SFC DIR56, SFC DIR57, SFC DIR58, SFC DIR59, SFC DIR60, SFC DIR61, SFC DIR62, SFC DIR63, SFC DIR64, SFC DIR65, SFC DIR66, SFC DIR67, SFC DIR68, SFC DIR69, SFC DIR70, SFC DIR71, SFC DIR72, SFC DIR73, SFC DIR74, SFC DIR75, SFC DIR76, SFC DIR77, SFC DIR78, SFC DIR79, SFC DIR80, SFC DIR81, SFC DIR82, SFC DIR83, SFC DIR84, SFC DIR85, SFC DIR86, SFC DIR87, SFC DIR88, SFC DIR89, SFC DIR90, SFC DIR91, SFC DIR92, SFC DIR93, SFC DIR94, SFC DIR95, SFC DIR96,SFC DVIS01,SFC DVIS02,SFC DVIS03,SFC DVIS04,SFC DVIS05,SFC DVIS06,SFC DVIS07,SFC DVIS08,SFC DVIS09,SFC DVIS10,SFC DVIS11,SFC DVIS12,SFC DVIS13,SFC DVIS14,SFC DVIS15,SFC DVIS16,SFC DVIS17,SFC DVIS18,SFC DVIS19,SFC DVIS20,SFC DVIS21,SFC DVIS22,SFC DVIS23,SFC DVIS24,SFC DVIS25,SFC DVIS26,SFC DVIS27,SFC DVIS28,SFC DVIS29,SFC DVIS30,SFC DVIS31,SFC DVIS32,SFC DVIS33,SFC DVIS34,SFC DVIS35,SFC DVIS36,SFC DVIS37,SFC DVIS38,SFC DVIS39,SFC DVIS40,SFC DVIS41,SFC DVIS42,SFC DVIS43,SFC DVIS44,SFC DVIS45,SFC DVIS46,SFC DVIS47,SFC DVIS48,SFC DVIS49,SFC DVIS50,SFC DVIS51,SFC DVIS52,SFC DVIS53,SFC DVIS54,SFC DVIS55,SFC DVIS56,SFC DVIS57,SFC DVIS58,SFC DVIS59,SFC DVIS60,SFC DVIS61,SFC DVIS62,SFC DVIS63,SFC DVIS64,SFC DVIS65,SFC DVIS66,SFC DVIS67,SFC DVIS68,SFC DVIS69,SFC DVIS70,SFC DVIS71,SFC DVIS72,SFC DVIS73,SFC DVIS74,SFC DVIS75,SFC DVIS76,SFC DVIS77,SFC DVIS78,SFC DVIS79,SFC DVIS80,SFC DVIS81,SFC DVIS82,SFC DVIS83,SFC DVIS84
    2,    0.0000,  227.5722,    0.2192,  139.8688,  115.8602,  -23.5218,  -14.0680,  158.4330,  163.5827,  163.6723,  163.8293,  164.1029,  164.5732,  165.3648,  166.6602,  168.4872,  170.9519,  174.2721,  178.5564,  183.8814,  190.3071,  197.9049,  205.8548,  212.8059,  218.1105,  222.1140,  224.8330,  226.3589,  227.0949,  227.3721,  227.5098,  227.5598,    0.0705,    0.2675,    0.5658,    0.9364,    1.3541,    1.7971,    2.2470,    2.6886,    3.1100,    3.5012,    3.8550,    4.1668,    3.7991,    3.9662,    4.1036,    4.2111,    4.2902,    4.3412,    4.3666,    4.3674,    4.3455,    4.3031,    4.2365,    4.1377,    1.4329,    1.4160,    1.3937,    1.3544,    1.3064,    1.2531,    1.1042,    1.0903,    1.0331,    0.8812,    0.8657,    0.6804,    0.4286,    0.3613,    0.2973,    0.2859,    0.2660,    0.2237,    0.2586,    0.2615,    0.2793,    0.3166,    0.3804,    0.4522,    0.5746,    0.6344,    0.5305,    0.6851,    0.6744,    0.6698,    0.6769,    0.7426,    0.7550,    0.7683,    0.7700,    0.7628,    2.0538,    1.9716,    1.9052,    1.8274,    1.7484,    1.6691,    1.5919,    1.5151,    1.4407,    1.3665,    1.2937,    1.2291,    1.8278,    1.6842,    1.5339,    1.3924,    1.2741,    1.1725,    1.0662,    0.9681,    0.8777,    0.7928,    0.7079,    0.6374,    1.5840,    1.1437,    0.8293,    0.5901,    0.4167,    0.2922,    0.2036,    0.1383,    0.0940,    0.0622,    0.0416,    0.0303,    0.0906,    0.0482,    0.0759,    0.0854,    0.0957,    0.0892,    0.0975,    0.1096,    0.0962,    0.1325,    0.1172,    0.1283,    0.1417,    0.1155,    0.1680,    0.1868,    0.1536,    0.1833,    0.2065,    0.2237,    0.2252,    0.1502,    0.2398,    0.2533,    0.3110,    0.3324,    0.3440,    0.3658,    0.3756,    0.3940,    0.4010,    0.4565,    0.4953,    0.4717,    0.4852,    0.4943,    0.8433,    0.9209,    0.9663,    0.9993,    1.0234,    1.1077,    1.0381,    1.1064,    1.0804,    1.1314,    1.0733,    1.1507,    2.4780,    2.4450,    2.4989,    2.5384,    2.5644,    2.4626,    2.5489,    2.6139,    2.6670,    2.4800,    2.4441,    2.5380,    6.4157,    6.1123,    6.0433,    5.8603,    5.4132,    5.0767,    4.4565,    4.0997,    3.9404,    3.4535,    2.6528,    2.4637,    1.8993,    1.7458,    1.3311,    1.2705,    0.8565,    0.6215,    0.5021,    0.2015,    0.1776,    0.1261,    0.0437,    0.0355,    0.0000,    0.0000,    0.0000,    0.0000,    0.0000,    0.0000,    0.0000,    0.0000,    0.0000,    0.0000,    0.0000,    0.0000,    0.0000,    0.0000,    0.0000,    0.0000,    0.0000,    0.0000,    0.0000,    0.0004,    0.0013,    0.0042,    0.0316,    0.1224,    0.0337,    0.0553,    0.0951,    0.1939,    0.3170,    0.4390,    0.7874,    0.8078,    0.8986,    1.0611,    1.1127,    1.2540,    0.9696,    0.9641,    0.9572,    0.9473,    0.9378,    0.9287,    0.9178,    0.9074,    0.8966,    0.8844,    0.8683,    0.8421,    0.8025,    0.6764,    0.7395,    0.4977,    0.5022,    0.4908,    0.4247,    0.2470,    0.1814,    0.1031,    0.0612,    0.0469,    0.0933,    0.0788,    0.0260,    0.0119,    0.0030,    0.0028,    0.0017,    0.0056,    0.0100,    0.0182,    0.0292,    0.0235,    0.0278,    0.0056,    0.0259,    0.0458,    0.0328,    0.0004,    0.0000,    0.0000,    0.0000,    0.0031,    0.0165,    0.0171,    0.0171,    0.0171,    0.0000,    0.0000,    0.0000,    0.0000,    0.0000,    0.0035,    0.0040,    0.0054,    0.0048,    0.0010,    0.0230,    0.0000,    0.0598,    0.1073,    0.1213,    0.1109,    0.1245,    0.1385,    0.1233,    0.1698,    0.1501,    0.1645,    0.1806,    0.1466,    0.2118,    0.2312,    0.1878,    0.1215,    0.0145,    0.0325,    0.1583,    0.1897,    0.3065,    0.3218,    0.3984,    0.4260,    0.4410,    0.4686,    0.4796,    0.4909,    0.4572,    0.4157,    0.3661,    0.4375,    0.6076,    0.6165,    1.0804,    1.1803,    1.2358,    1.2540,    1.2316,    1.3659,    1.3119,    1.3949,    1.2823,    1.4502,    1.3714,    1.4595,    3.1611,    3.0848,    3.2030,    3.2531,    3.2743,    3.1567,    3.2678,    3.3511,    3.4192,    3.1776,    3.1334,    3.2539,    8.2247,    7.8363,    7.7478,    7.5132,    6.9399,    6.5086,    5.7135,    5.2561,    5.0518,    4.4276,    3.4010,    3.1586,    2.4350,    2.2382,    1.7066,    1.6288,    1.0981,    0.7968,    0.6438,    0.2584,    0.2277,    0.1616,    0.0560,    0.0455
    2,    0.0500,  227.5722,    0.1973,  135.0505,  119.1072,  -15.4563,  -16.6333,  158.4330,  163.5827,  163.6723,  163.8293,  164.1029,  164.5732,  165.3648,  166.6602,  168.4872,  170.9519,  174.2721,  178.5564,  183.8814,  190.3071,  197.9049,  205.8548,  212.8059,  218.1105,  222.1140,  224.8330,  226.3589,  227.0949,  227.3721,  227.5098,  227.5598,    0.0686,    0.2600,    0.5500,    0.9103,    1.3162,    1.7469,    2.1843,    2.6205,    3.0662,    3.4658,    3.7934,    4.0957,    3.7321,    3.8815,    4.0028,    4.1027,    4.1941,    4.2675,    4.2813,    4.2249,    4.1678,    4.0961,    4.0310,    3.9586,    1.3721,    1.3590,    1.3399,    1.3038,    1.2602,    1.2110,    1.0733,    1.0600,    1.0065,    0.8625,    0.8491,    0.6732,    0.4259,    0.3598,    0.2967,    0.2854,    0.2657,    0.2236,    0.2582,    0.2610,    0.2787,    0.3154,    0.3778,    0.4470,    0.5643,    0.6201,    0.5207,    0.6666,    0.6565,    0.6542,    0.6602,    0.7216,    0.7359,    0.7479,    0.7492,    0.7420,    2.0002,    1.9116,    1.8465,    1.7541,    1.6778,    1.5894,    1.5112,    1.4379,    1.3657,    1.2951,    1.2193,    1.1579,    1.7090,    1.5638,    1.4234,    1.2886,    1.1817,    1.0859,    1.0025,    0.9096,    0.8243,    0.7442,    0.6650,    0.5984,    1.4930,    1.0701,    0.7696,    0.5489,    0.3878,    0.2706,    0.1883,    0.1268,    0.0862,    0.0570,    0.0381,    0.0276,    0.0913,    0.0481,    0.0785,    0.0895,    0.1004,    0.0934,    0.1023,    0.1144,    0.1006,    0.1384,    0.1224,    0.1338,    0.1477,    0.1203,    0.1750,    0.1943,    0.1604,    0.1868,    0.2065,    0.2241,    0.2305,    0.1571,    0.2513,    0.2653,    0.3259,    0.3484,    0.3606,    0.3834,    0.3906,    0.4091,    0.4147,    0.4679,    0.5047,    0.4838,    0.5039,    0.5134,    0.8741,    0.9546,    1.0015,    1.0348,    1.0578,    1.1462,    1.0753,    1.1410,    1.1115,    1.1676,    1.1074,    1.1870,    2.5567,    2.5215,    2.5787,    2.6117,    2.6381,    2.5337,    2.6225,    2.6894,    2.7441,    2.5516,    2.5147,    2.6114,    6.6012,    6.2735,    6.2028,    6.0150,    5.5562,    5.2109,    4.5745,    4.2084,    4.0450,    3.5454,    2.7235,    2.5295,    1.9503,    1.7673,    1.3476,    1.2864,    0.8674,    0.6295,    0.5087,    0.2042,    0.1800,    0.1278,    0.0443,    0.0360,    0.0020,    0.0075,    0.0158,    0.0262,    0.0378,    0.0502,    0.0628,    0.0682,    0.0438,    0.0354,    0.0616,    0.0711,    0.0670,    0.0847,    0.1009,    0.1084,    0.0961,    0.0737,    0.0854,    0.1429,    0.2550,    0.3331,    0.3851,    0.4151,    0.1287,    0.1358,    0.1663,    0.2586,    0.3740,    0.4881,    0.8168,    0.8342,    0.9192,    1.0721,    1.1201,    1.2545,    0.9696,    0.9641,    0.9572,    0.9473,    0.9378,    0.9287,    0.9178,    0.9074,    0.8966,    0.8844,    0.8683,    0.8426,    0.8061,    0.6858,    0.7456,    0.5153,    0.5189,    0.5051,    0.4418,    0.2719,    0.2030,    0.1272,    0.0865,    0.0724,    0.1526,    0.1468,    0.0930,    0.1063,    0.0934,    0.1094,    0.1114,    0.1094,    0.1108,    0.1130,    0.1307,    0.1198,    0.1899,    0.1717,    0.1745,    0.1828,    0.1533,    0.1124,    0.0798,    0.0719,    0.0651,    0.0614,    0.0669,    0.0620,    0.1190,    0.0960,    0.0614,    0.0405,    0.0273,    0.0196,    0.0134,    0.0131,    0.0102,    0.0094,    0.0074,    0.0029,    0.0200,    0.0000,    0.0520,    0.0953,    0.1078,    0.0985,    0.1106,    0.1243,    0.1107,    0.1524,    0.1347,    0.1484,    0.1629,    0.1322,    0.1910,    0.2085,    0.1677,    0.1085,    0.0130,    0.0290,    0.1413,    0.1693,    0.2740,    0.2877,    0.3561,    0.3808,    0.3942,    0.4189,    0.4369,    0.4471,    0.4164,    0.3786,    0.3335,    0.3985,    0.5534,    0.5615,    0.9923,    1.0840,    1.1350,    1.1517,    1.1311,    1.2544,    1.2048,    1.2908,    1.1866,    1.3420,    1.2691,    1.3506,    2.9252,    2.8546,    2.9640,    3.0198,    3.0395,    2.9303,    3.0335,    3.1108,    3.1740,    2.9498,    2.9087,    3.0205,    7.6349,    7.2577,    7.1757,    6.9584,    6.4274,    6.0278,    5.2914,    4.8677,    4.6785,    4.1003,    3.1496,    2.9250,    2.2549,    2.1301,    1.6241,    1.5501,    1.0450,    0.7583,    0.6126,    0.2459,    0.2167,    0.1538,    0.0533,    0.0433
    2,    0.1000,  227.5722,    0.1784,  130.6497,  121.9161,   -8.2465,  -19.0582,  158.4330,  163.5827,  163.6723,  163.8293,  164.1029,  164.5732,  165.3648,  166.6602,  168.4872,  170.9519,  174.2721,  178.5564,  183.8814,  190.3071,  197.9049,  205.8548,  212.8059,  218.1105,  222.1140,  224.8330,  226.3589,  227.0949,  227.3721,  227.5098,  227.5598,    0.0667,    0.2530,    0.5350,    0.8855,    1.2805,    1.6994,    2.1249,    2.5557,    3.0237,    3.4312,    3.7337,    4.0270,    3.6675,    3.8004,    3.9068,    3.9998,    4.1023,    4.1962,    4.1992,    4.0914,    4.0081,    3.9146,    3.8518,    3.7994,    1.3179,    1.3076,    1.2911,    1.2577,    1.2180,    1.1724,    1.0448,    1.0320,    0.9817,    0.8450,    0.8333,    0.6662,    0.4232,    0.3584,    0.2961,    0.2849,    0.2653,    0.2234,    0.2579,    0.2606,    0.2781,    0.3142,    0.3752,    0.4420,    0.5546,    0.6066,    0.5114,    0.6495,    0.6397,    0.6395,    0.6444,    0.7019,    0.7179,    0.7288,    0.7295,    0.7224,    1.9496,    1.8555,    1.7915,    1.6870,    1.6132,    1.5175,    1.4388,    1.3687,    1.2985,    1.2311,    1.1531,    1.0945,    1.6044,    1.4586,    1.3267,    1.1980,    1.1005,    1.0099,    0.9452,    0.8571,    0.7762,    0.7004,    0.6262,    0.5632,    1.4101,    1.0035,    0.7161,    0.5118,    0.3616,    0.2512,    0.1745,    0.1165,    0.0793,    0.0524,    0.0350,    0.0253,    0.0919,    0.0481,    0.0804,    0.0928,    0.1041,    0.0968,    0.1061,    0.1184,    0.1041,    0.1433,    0.1268,    0.1382,    0.1525,    0.1243,    0.1807,    0.2005,    0.1659,    0.1896,    0.2065,    0.2244,    0.2348,    0.1627,    0.2607,    0.2751,    0.3381,    0.3614,    0.3740,    0.3977,    0.4031,    0.4219,    0.4261,    0.4774,    0.5126,    0.4940,    0.5197,    0.5293,    0.9004,    0.9833,    1.0315,    1.0651,    1.0871,    1.1790,    1.1071,    1.1709,    1.1384,    1.1989,    1.1369,    1.2183,    2.6248,    2.5877,    2.6478,    2.6754,    2.7022,    2.5956,    2.6866,    2.7552,    2.8111,    2.6139,    2.5762,    2.6753,    6.7627,    6.4134,    6.3411,    6.1493,    5.6804,    5.3276,    4.6770,    4.3029,    4.1360,    3.6253,    2.7851,    2.5870,    1.9947,    1.7873,    1.3630,    1.3012,    0.8775,    0.6370,    0.5148,    0.2067,    0.1822,    0.1294,    0.0449,    0.0365,    0.0038,    0.0145,    0.0308,    0.0509,    0.0736,    0.0977,    0.1222,    0.1330,    0.0863,    0.0700,    0.1213,    0.1398,    0.1316,    0.1658,    0.1969,    0.2113,    0.1879,    0.1450,    0.1675,    0.2765,    0.4881,    0.6292,    0.7015,    0.6806,    0.2153,    0.2098,    0.2320,    0.3183,    0.4267,    0.5335,    0.8440,    0.8588,    0.9383,    1.0823,    1.1270,    1.2549,    0.9696,    0.9641,    0.9572,    0.9473,    0.9378,    0.9287,    0.9178,    0.9074,    0.8966,    0.8844,    0.8684,    0.8430,    0.8094,    0.6945,    0.7512,    0.5318,    0.5345,    0.5186,    0.4579,    0.2953,    0.2235,    0.1502,    0.1106,    0.0965,    0.2090,    0.2109,    0.1561,    0.1937,    0.1771,    0.2066,    0.2108,    0.2034,    0.2019,    0.1987,    0.2215,    0.2059,    0.3329,    0.3164,    0.3040,    0.3018,    0.2586,    0.2104,    0.1515,    0.1365,    0.1237,    0.1138,    0.1123,    0.1025,    0.2117,    0.1672,    0.1164,    0.0771,    0.0520,    0.0372,    0.0254,    0.0216,    0.0158,    0.0129,    0.0097,    0.0046,    0.0174,    0.0000,    0.0451,    0.0846,    0.0958,    0.0875,    0.0983,    0.1116,    0.0993,    0.1369,    0.1209,    0.1338,    0.1469,    0.1192,    0.1722,    0.1880,    0.1496,    0.0968,    0.0116,    0.0259,    0.1261,    0.1511,    0.2450,    0.2572,    0.3183,    0.3404,    0.3524,    0.3744,    0.3979,    0.4072,    0.3793,    0.3448,    0.3037,    0.3630,    0.5040,    0.5114,    0.9113,    0.9956,    1.0424,    1.0577,    1.0388,    1.1521,    1.1065,    1.1945,    1.0981,    1.2419,    1.1744,    1.2498,    2.7069,    2.6416,    2.7427,    2.8032,    2.8215,    2.7202,    2.8159,    2.8877,    2.9464,    2.7382,    2.7002,    2.8039,    7.0874,    6.7223,    6.6464,    6.4451,    5.9533,    5.5832,    4.9011,    4.5087,    4.3334,    3.7979,    2.9172,    2.7093,    2.0886,    2.0278,    1.5461,    1.4756,    0.9948,    0.7219,    0.5832,    0.2341,    0.2063,    0.1464,    0.0508,    0.0413
    2,    0.1500,  227.5722,    0.1620,  126.6123,  124.3436,   -1.7814,  -21.3351,  158.4330,  163.5827,  163.6723,  163.8293,  164.1029,  164.5732,  165.3648,  166.6602,  168.4872,  170.9519,  174.2721,  178.5564,  183.8814,  190.3071,  197.9049,  205.8548,  212.8059,  218.1105,  222.1140,  224.8330,  226.3589,  227.0949,  227.3721,  227.5098,  227.5598,    0.0649,    0.2463,    0.5209,    0.8621,    1.2466,    1.6545,    2.0687,    2.4940,    2.9823,    3.3972,    3.6759,    3.9606,    3.6051,    3.7226,    3.8152,    3.9019,    4.0143,    4.1273,    4.1202,    3.9661,    3.8640,    3.7547,    3.6943,    3.6573,    1.2692,    1.2611,    1.2466,    1.2157,    1.1794,    1.1370,    1.0184,    1.0059,    0.9586,    0.8285,    0.8184,    0.6595,    0.4206,    0.3569,    0.2956,    0.2844,    0.2649,    0.2233,    0.2575,    0.2602,    0.2775,    0.3130,    0.3728,    0.4372,    0.5453,    0.5938,    0.5025,    0.6334,    0.6241,    0.6257,    0.6296,    0.6834,    0.7009,    0.7107,    0.7111,    0.7039,    1.9017,    1.8028,    1.7400,    1.6254,    1.5539,    1.4525,    1.3736,    1.3062,    1.2380,    1.1734,    1.0939,    1.0377,    1.5118,    1.3661,    1.2417,    1.1184,    1.0288,    0.9428,    0.8934,    0.8096,    0.7327,    0.6607,    0.5910,    0.5312,    1.3344,    0.9431,    0.6680,    0.4782,    0.3379,    0.2336,    0.1621,    0.1073,    0.0731,    0.0482,    0.0322,    0.0232,    0.0923,    0.0481,    0.0819,    0.0954,    0.1071,    0.0995,    0.1092,    0.1216,    0.1070,    0.1473,    0.1303,    0.1419,    0.1566,    0.1275,    0.1854,    0.2056,    0.1703,    0.1919,    0.2065,    0.2246,    0.2383,    0.1673,    0.2682,    0.2831,    0.3479,    0.3719,    0.3850,    0.4093,    0.4136,    0.4326,    0.4358,    0.4853,    0.5191,    0.5024,    0.5330,    0.5428,    0.9228,    1.0078,    1.0572,    1.0909,    1.1121,    1.2070,    1.1342,    1.1968,    1.1616,    1.2259,    1.1625,    1.2455,    2.6837,    2.6449,    2.7076,    2.7309,    2.7580,    2.6495,    2.7424,    2.8124,    2.8695,    2.6681,    2.6297,    2.7308,    6.9032,    6.5346,    6.4611,    6.2658,    5.7881,    5.4287,    4.7660,    4.3849,    4.2150,    3.6948,    2.8386,    2.6368,    2.0333,    1.8056,    1.3771,    1.3148,    0.8868,    0.6438,    0.5204,    0.2090,    0.1843,    0.1310,    0.0454,    0.0370,    0.0056,    0.0212,    0.0449,    0.0743,    0.1075,    0.1427,    0.1784,    0.1947,    0.1277,    0.1040,    0.1791,    0.2063,    0.1940,    0.2436,    0.2885,    0.3092,    0.2759,    0.2140,    0.2465,    0.4018,    0.7030,    0.8969,    0.9855,    0.9223,    0.2946,    0.2781,    0.2929,    0.3736,    0.4755,    0.5757,    0.8693,    0.8816,    0.9561,    1.0919,    1.1334,    1.2553,    0.9697,    0.9641,    0.9572,    0.9473,    0.9378,    0.9287,    0.9178,    0.9074,    0.8966,    0.8844,    0.8684,    0.8433,    0.8125,    0.7026,    0.7566,    0.5472,    0.5491,    0.5313,    0.4730,    0.3173,    0.2429,    0.1719,    0.1334,    0.1194,    0.2627,    0.2715,    0.2156,    0.2748,    0.2547,    0.2954,    0.3012,    0.2889,    0.2846,    0.2764,    0.3029,    0.2832,    0.4595,    0.4429,    0.4174,    0.4056,    0.3510,    0.2963,    0.2162,    0.1948,    0.1766,    0.1611,    0.1533,    0.1392,    0.2963,    0.2318,    0.1659,    0.1102,    0.0745,    0.0532,    0.0364,    0.0294,    0.0209,    0.0162,    0.0118,    0.0061,    0.0151,    0.0000,    0.0392,    0.0752,    0.0851,    0.0778,    0.0873,    0.1002,    0.0892,    0.1229,    0.1086,    0.1206,    0.1324,    0.1075,    0.1553,    0.1696,    0.1336,    0.0864,    0.0103,    0.0231,    0.1125,    0.1349,    0.2190,    0.2299,    0.2845,    0.3043,    0.3150,    0.3347,    0.3624,    0.3709,    0.3454,    0.3141,    0.2767,    0.3306,    0.4590,    0.4657,    0.8370,    0.9143,    0.9573,    0.9714,    0.9541,    1.0581,    1.0163,    1.1054,    1.0161,    1.1492,    1.0867,    1.1565,    2.5049,    2.4444,    2.5381,    2.6022,    2.6192,    2.5251,    2.6140,    2.6807,    2.7351,    2.5419,    2.5065,    2.6029,    6.5792,    6.2268,    6.1565,    5.9701,    5.5145,    5.1717,    4.5399,    4.1764,    4.0140,    3.5180,    2.7023,    2.5096,    1.9347,    1.9306,    1.4720,    1.4049,    0.9472,    0.6873,    0.5553,    0.2228,    0.1964,    0.1394,    0.0483,    0.0393
    2,    0.2000,  227.5722,    0.1479,  122.8933,  126.4420,    4.0361,  -23.4584,  158.4330,  163.5827,  163.6723,  163.8293,  164.1029,  164.5732,  165.3648,  166.6602,  168.4872,  170.9519,  174.2721,  178.5564,  183.8814,  190.3071,  197.9049,  205.8548,  212.8059,  218.1105,  222.1140,  224.8330,  226.3589,  227.0949,  227.3721,  227.5098,  227.5598,    0.0633,    0.2399,    0.5075,    0.8399,    1.2145,    1.6118,    2.0154,    2.4352,    2.9420,    3.3639,    3.6198,    3.8963,    3.5448,    3.6480,    3.7279,    3.8087,    3.9301,    4.0606,    4.0441,    3.8482,    3.7335,    3.6130,    3.5551,    3.5299,    1.2254,    1.2188,    1.2060,    1.1772,    1.1440,    1.1044,    0.9939,    0.9817,    0.9371,    0.8130,    0.8043,    0.6529,    0.4180,    0.3555,    0.2950,    0.2840,    0.2646,    0.2231,    0.2572,    0.2598,    0.2768,    0.3119,    0.3703,    0.4325,    0.5365,    0.5819,    0.4942,    0.6184,    0.6094,    0.6126,    0.6157,    0.6662,    0.6849,    0.6937,    0.6936,    0.6865,    1.8562,    1.7533,    1.6916,    1.5687,    1.4993,    1.3933,    1.3145,    1.2497,    1.1832,    1.1212,    1.0406,    0.9867,    1.4292,    1.2842,    1.1664,    1.0481,    0.9652,    0.8832,    0.8464,    0.7665,    0.6932,    0.6247,    0.5590,    0.5022,    1.2650,    0.8882,    0.6246,    0.4478,    0.3163,    0.2177,    0.1508,    0.0991,    0.0675,    0.0445,    0.0296,    0.0213,    0.0926,    0.0481,    0.0831,    0.0975,    0.1095,    0.1017,    0.1116,    0.1243,    0.1094,    0.1506,    0.1332,    0.1449,    0.1599,    0.1302,    0.1892,    0.2098,    0.1739,    0.1937,    0.2064,    0.2247,    0.2411,    0.1709,    0.2744,    0.2895,    0.3559,    0.3805,    0.3938,    0.4187,    0.4225,    0.4415,    0.4439,    0.4920,    0.5246,    0.5096,    0.5441,    0.5540,    0.9420,    1.0287,    1.0790,    1.1129,    1.1334,    1.2308,    1.1573,    1.2192,    1.1817,    1.2493,    1.1846,    1.2689,    2.7346,    2.6944,    2.7593,    2.7792,    2.8065,    2.6964,    2.7909,    2.8621,    2.9203,    2.7153,    2.6763,    2.7792,    7.0255,    6.6397,    6.5651,    6.3667,    5.8814,    5.5164,    4.8431,    4.4560,    4.2835,    3.7550,    2.8850,    2.6801,    2.0669,    1.8224,    1.3900,    1.3273,    0.8953,    0.6501,    0.5256,    0.2111,    0.1862,    0.1323,    0.0459,    0.0374,    0.0073,    0.0276,    0.0583,    0.0966,    0.1396,    0.1853,    0.2317,    0.2535,    0.1680,    0.1373,    0.2352,    0.2706,    0.2544,    0.3183,    0.3758,    0.4025,    0.3601,    0.2807,    0.3226,    0.5197,    0.9016,    1.1396,    1.2413,    1.1428,    0.3672,    0.3412,    0.3493,    0.4249,    0.5210,    0.6149,    0.8929,    0.9029,    0.9728,    1.1008,    1.1395,    1.2557,    0.9697,    0.9641,    0.9572,    0.9473,    0.9378,    0.9287,    0.9178,    0.9074,    0.8966,    0.8844,    0.8684,    0.8437,    0.8154,    0.7103,    0.7615,    0.5616,    0.5628,    0.5433,    0.4873,    0.3380,    0.2614,    0.1926,    0.1550,    0.1411,    0.3138,    0.3287,    0.2719,    0.3501,    0.3269,    0.3768,    0.3835,    0.3667,    0.3598,    0.3471,    0.3761,    0.3526,    0.5718,    0.5540,    0.5169,    0.4964,    0.4323,    0.3719,    0.2746,    0.2475,    0.2244,    0.2038,    0.1906,    0.1725,    0.3735,    0.2904,    0.2104,    0.1402,    0.0950,    0.0678,    0.0463,    0.0364,    0.0254,    0.0191,    0.0137,    0.0075,    0.0131,    0.0000,    0.0340,    0.0668,    0.0756,    0.0691,    0.0775,    0.0900,    0.0801,    0.1103,    0.0975,    0.1088,    0.1194,    0.0970,    0.1400,    0.1529,    0.1192,    0.0771,    0.0092,    0.0206,    0.1005,    0.1204,    0.1957,    0.2055,    0.2544,    0.2720,    0.2816,    0.2992,    0.3300,    0.3378,    0.3146,    0.2861,    0.2520,    0.3011,    0.4181,    0.4242,    0.7687,    0.8397,    0.8792,    0.8922,    0.8762,    0.9718,    0.9333,    1.0229,    0.9403,    1.0634,    1.0056,    1.0702,    2.3180,    2.2620,    2.3487,    2.4157,    2.4315,    2.3441,    2.4266,    2.4885,    2.5390,    2.3597,    2.3269,    2.4163,    6.1075,    5.7683,    5.7032,    5.5305,    5.1085,    4.7909,    4.2056,    3.8689,    3.7185,    3.2590,    2.5033,    2.3249,    1.7923,    1.8382,    1.4015,    1.3377,    0.9019,    0.6545,    0.5287,    0.2122,    0.1870,    0.1328,    0.0460,    0.0374
    2,    0.3000,  227.5722,    0.1251,  116.2648,  129.8258,   14.0487,  -27.2406,  158.4330,  163.5827,  163.6723,  163.8293,  164.1029,  164.5732,  165.3648,  166.6602,  168.4872,  170.9519,  174.2721,  178.5564,  183.8814,  190.3071,  197.9049,  205.8548,  212.8059,  218.1105,  222.1140,  224.8330,  226.3589,  227.0949,  227.3721,  227.5098,  227.5598,    0.0602,    0.2282,    0.4826,    0.7987,    1.1549,    1.5328,    1.9166,    2.3256,    2.8647,    3.2993,    3.5127,    3.7738,    3.4300,    3.5073,    3.5647,    3.6350,    3.7718,    3.9335,    3.9001,    3.6323,    3.5071,    3.3738,    3.3206,    3.3112,    1.1497,    1.1449,    1.1346,    1.1094,    1.0812,    1.0464,    0.9498,    0.9379,    0.8979,    0.7846,    0.7782,    0.6404,    0.4130,    0.3528,    0.2939,    0.2830,    0.2638,    0.2229,    0.2565,    0.2591,    0.2756,    0.3096,    0.3656,    0.4236,    0.5200,    0.5598,    0.4787,    0.5910,    0.5826,    0.5884,    0.5901,    0.6347,    0.6553,    0.6624,    0.6616,    0.6546,    1.7722,    1.6629,    1.6033,    1.4678,    1.4021,    1.2900,    1.2119,    1.1513,    1.0880,    1.0304,    0.9488,    0.8988,    1.2886,    1.1462,    1.0394,    0.9299,    0.8575,    0.7826,    0.7648,    0.6916,    0.6244,    0.5620,    0.5031,    0.4514,    1.1429,    0.7925,    0.5498,    0.3950,    0.2787,    0.1903,    0.1313,    0.0851,    0.0579,    0.0381,    0.0253,    0.0181,    0.0930,    0.0481,    0.0846,    0.1006,    0.1130,    0.1048,    0.1152,    0.1282,    0.1129,    0.1555,    0.1375,    0.1495,    0.1649,    0.1343,    0.1951,    0.2161,    0.1791,    0.1963,    0.2063,    0.2249,    0.2451,    0.1763,    0.2834,    0.2989,    0.3676,    0.3930,    0.4068,    0.4325,    0.4361,    0.4554,    0.4564,    0.5023,    0.5330,    0.5205,    0.5612,    0.5714,    0.9722,    1.0617,    1.1135,    1.1477,    1.1670,    1.2685,    1.1938,    1.2553,    1.2141,    1.2871,    1.2202,    1.3068,    2.8167,    2.7743,    2.8426,    2.8578,    2.8854,    2.7726,    2.8699,    2.9431,    3.0029,    2.7921,    2.7520,    2.8579,    7.2243,    6.8097,    6.7334,    6.5301,    6.0325,    5.6584,    4.9680,    4.5712,    4.3945,    3.8526,    2.9603,    2.7503,    2.1213,    1.8518,    1.4127,    1.3492,    0.9103,    0.6612,    0.5347,    0.2149,    0.1896,    0.1348,    0.0468,    0.0381,    0.0104,    0.0393,    0.0832,    0.1378,    0.1992,    0.2644,    0.3305,    0.3631,    0.2454,    0.2019,    0.3423,    0.3932,    0.3692,    0.4590,    0.5391,    0.5762,    0.5184,    0.4078,    0.4667,    0.7357,    1.2564,    1.5615,    1.6809,    1.5291,    0.4954,    0.4538,    0.4508,    0.5172,    0.6027,    0.6856,    0.9354,    0.9414,    1.0029,    1.1170,    1.1506,    1.2565,    0.9698,    0.9642,    0.9572,    0.9473,    0.9378,    0.9287,    0.9178,    0.9074,    0.8966,    0.8844,    0.8685,    0.8444,    0.8208,    0.7242,    0.7706,    0.5878,    0.5876,    0.5654,    0.5136,    0.3759,    0.2958,    0.2310,    0.1952,    0.1815,    0.4090,    0.4343,    0.3758,    0.4858,    0.4567,    0.5204,    0.5275,    0.5030,    0.4909,    0.4705,    0.5018,    0.4719,    0.7613,    0.7383,    0.6822,    0.6463,    0.5675,    0.4978,    0.3755,    0.3386,    0.3070,    0.2778,    0.2551,    0.2302,    0.5092,    0.3922,    0.2872,    0.1924,    0.1307,    0.0931,    0.0637,    0.0485,    0.0334,    0.0242,    0.0170,    0.0100,    0.0099,    0.0000,    0.0257,    0.0527,    0.0597,    0.0545,    0.0612,    0.0725,    0.0645,    0.0889,    0.0786,    0.0885,    0.0971,    0.0789,    0.1139,    0.1244,    0.0950,    0.0615,    0.0074,    0.0165,    0.0801,    0.0959,    0.1564,    0.1642,    0.2033,    0.2174,    0.2251,    0.2391,    0.2738,    0.2803,    0.2610,    0.2373,    0.2091,    0.2498,    0.3469,    0.3519,    0.6484,    0.7083,    0.7416,    0.7525,    0.7391,    0.8197,    0.7873,    0.8760,    0.8053,    0.9107,    0.8612,    0.9165,    1.9851,    1.9372,    2.0114,    2.0819,    2.0955,    2.0202,    2.0914,    2.1447,    2.1883,    2.0337,    2.0054,    2.0825,    5.2638,    4.9514,    4.8955,    4.7473,    4.3851,    4.1125,    3.6101,    3.3211,    3.1920,    2.7976,    2.1489,    1.9958,    1.5386,    1.6669,    1.2710,    1.2131,    0.8179,    0.5936,    0.4796,    0.1925,    0.1696,    0.1204,    0.0418,    0.0339
    2,    0.4000,  227.5722,    0.1080,  110.5251,  132.3592,   22.3222,  -30.4234,  158.4330,  163.5827,  163.6723,  163.8293,  164.1029,  164.5732,  165.3648,  166.6602,  168.4872,  170.9519,  174.2721,  178.5564,  183.8814,  190.3071,  197.9049,  205.8548,  212.8059,  218.1105,  222.1140,  224.8330,  226.3589,  227.0949,  227.3721,  227.5098,  227.5598,    0.0574,    0.2175,    0.4600,    0.7614,    1.1010,    1.4612,    1.8270,    2.2254,    2.7913,    3.2370,    3.4118,    3.6588,    3.3224,    3.3770,    3.4152,    3.4765,    3.6258,    3.8141,    3.7660,    3.4393,    3.3181,    3.1804,    3.1310,    3.1306,    1.0869,    1.0829,    1.0739,    1.0515,    1.0274,    0.9964,    0.9112,    0.8994,    0.8632,    0.7590,    0.7545,    0.6287,    0.4082,    0.3501,    0.2928,    0.2821,    0.2631,    0.2226,    0.2559,    0.2583,    0.2744,    0.3074,    0.3611,    0.4152,    0.5049,    0.5400,    0.4647,    0.5668,    0.5588,    0.5667,    0.5672,    0.6068,    0.6286,    0.6343,    0.6329,    0.6259,    1.6962,    1.5824,    1.5246,    1.3810,    1.3184,    1.2028,    1.1258,    1.0688,    1.0083,    0.9543,    0.8727,    0.8259,    1.1737,    1.0349,    0.9371,    0.8350,    0.7705,    0.7013,    0.6964,    0.6289,    0.5667,    0.5095,    0.4562,    0.4088,    1.0391,    0.7123,    0.4880,    0.3510,    0.2474,    0.1675,    0.1152,    0.0737,    0.0501,    0.0329,    0.0218,    0.0155,    0.0932,    0.0480,    0.0855,    0.1025,    0.1152,    0.1069,    0.1175,    0.1309,    0.1153,    0.1587,    0.1403,    0.1526,    0.1683,    0.1370,    0.1990,    0.2204,    0.1826,    0.1980,    0.2062,    0.2249,    0.2477,    0.1798,    0.2893,    0.3051,    0.3754,    0.4012,    0.4153,    0.4415,    0.4457,    0.4651,    0.4652,    0.5095,    0.5389,    0.5282,    0.5733,    0.5837,    0.9941,    1.0857,    1.1386,    1.1730,    1.1915,    1.2959,    1.2204,    1.2823,    1.2383,    1.3153,    1.2469,    1.3351,    2.8781,    2.8340,    2.9050,    2.9172,    2.9452,    2.8303,    2.9296,    3.0044,    3.0654,    2.8502,    2.8094,    2.9174,    7.3749,    6.9374,    6.8598,    6.6529,    6.1461,    5.7651,    5.0619,    4.6578,    4.4781,    3.9261,    3.0170,    2.8032,    2.1624,    1.8764,    1.4317,    1.3676,    0.9230,    0.6705,    0.5424,    0.2180,    0.1925,    0.1369,    0.0476,    0.0388,    0.0132,    0.0500,    0.1058,    0.1751,    0.2532,    0.3360,    0.4201,    0.4633,    0.3188,    0.2642,    0.4433,    0.5082,    0.4768,    0.5893,    0.6886,    0.7347,    0.6645,    0.5273,    0.6008,    0.9287,    1.5635,    1.9137,    2.0421,    1.8543,    0.6043,    0.5513,    0.5393,    0.5978,    0.6741,    0.7473,    0.9726,    0.9752,    1.0294,    1.1314,    1.1604,    1.2572,    0.9698,    0.9642,    0.9572,    0.9473,    0.9378,    0.9287,    0.9178,    0.9074,    0.8966,    0.8844,    0.8686,    0.8450,    0.8256,    0.7366,    0.7786,    0.6108,    0.6095,    0.5852,    0.5371,    0.4098,    0.3271,    0.2659,    0.2318,    0.2182,    0.4961,    0.5295,    0.4694,    0.6043,    0.5702,    0.6426,    0.6486,    0.6176,    0.6009,    0.5740,    0.6049,    0.5699,    0.9132,    0.8827,    0.8119,    0.7634,    0.6740,    0.5971,    0.4589,    0.4139,    0.3754,    0.3391,    0.3088,    0.2782,    0.6239,    0.4772,    0.3505,    0.2360,    0.1608,    0.1142,    0.0782,    0.0585,    0.0401,    0.0285,    0.0199,    0.0120,    0.0075,    0.0000,    0.0194,    0.0416,    0.0471,    0.0431,    0.0483,    0.0585,    0.0520,    0.0717,    0.0633,    0.0720,    0.0790,    0.0642,    0.0927,    0.1012,    0.0757,    0.0490,    0.0059,    0.0131,    0.0638,    0.0765,    0.1251,    0.1313,    0.1625,    0.1738,    0.1799,    0.1912,    0.2272,    0.2325,    0.2166,    0.1970,    0.1735,    0.2073,    0.2878,    0.2920,    0.5470,    0.5975,    0.6256,    0.6349,    0.6235,    0.6915,    0.6642,    0.7503,    0.6898,    0.7801,    0.7377,    0.7850,    1.7003,    1.6593,    1.7228,    1.7946,    1.8063,    1.7414,    1.8028,    1.8487,    1.8863,    1.7530,    1.7286,    1.7951,    4.5374,    4.2520,    4.2040,    4.0768,    3.7657,    3.5317,    3.1003,    2.8521,    2.7412,    2.4026,    1.8455,    1.7140,    1.3214,    1.5122,    1.1530,    1.1006,    0.7421,    0.5385,    0.4351,    0.1747,    0.1539,    0.1093,    0.0379,    0.0308
    2,    0.5000,  227.5722,    0.0952,  105.4988,  134.2589,   29.2484,  -33.0507,  158.4330,  163.5827,  163.6723,  163.8293,  164.1029,  164.5732,  165.3648,  166.6602,  168.4872,  170.9519,  174.2721,  178.5564,  183.8814,  190.3071,  197.9049,  205.8548,  212.8059,  218.1105,  222.1140,  224.8330,  226.3589,  227.0949,  227.3721,  227.5098,  227.5598,    0.0548,    0.2078,    0.4395,    0.7274,    1.0518,    1.3960,    1.7455,    2.1335,    2.7216,    3.1771,    3.3165,    3.5505,    3.2214,    3.2561,    3.2777,    3.3313,    3.4907,    3.7017,    3.6408,    3.2658,    3.1586,    3.0211,    2.9746,    2.9792,    1.0340,    1.0301,    1.0219,    1.0018,    0.9809,    0.9530,    0.8772,    0.8654,    0.8324,    0.7360,    0.7329,    0.6176,    0.4036,    0.3475,    0.2917,    0.2812,    0.2624,    0.2223,    0.2552,    0.2575,    0.2733,    0.3052,    0.3568,    0.4073,    0.4910,    0.5221,    0.4520,    0.5451,    0.5376,    0.5470,    0.5465,    0.5819,    0.6045,    0.6089,    0.6070,    0.6001,    1.6271,    1.5103,    1.4542,    1.3056,    1.2457,    1.1284,    1.0527,    0.9987,    0.9407,    0.8897,    0.8087,    0.7646,    1.0785,    0.9439,    0.8533,    0.7578,    0.6992,    0.6348,    0.6387,    0.5760,    0.5180,    0.4651,    0.4165,    0.3728,    0.9503,    0.6445,    0.4366,    0.3142,    0.2210,    0.1485,    0.1018,    0.0643,    0.0437,    0.0286,    0.0189,    0.0134,    0.0933,    0.0480,    0.0860,    0.1038,    0.1166,    0.1082,    0.1190,    0.1326,    0.1169,    0.1609,    0.1423,    0.1547,    0.1706,    0.1389,    0.2017,    0.2233,    0.1848,    0.1990,    0.2060,    0.2249,    0.2494,    0.1821,    0.2932,    0.3092,    0.3804,    0.4067,    0.4209,    0.4475,    0.4525,    0.4720,    0.4714,    0.5145,    0.5430,    0.5336,    0.5819,    0.5923,    1.0101,    1.1032,    1.1569,    1.1914,    1.2092,    1.3158,    1.2397,    1.3025,    1.2564,    1.3364,    1.2668,    1.3563,    2.9241,    2.8786,    2.9516,    2.9622,    2.9903,    2.8740,    2.9748,    3.0508,    3.1128,    2.8941,    2.8527,    2.9625,    7.4889,    7.0335,    6.9548,    6.7452,    6.2315,    5.8454,    5.1326,    4.7230,    4.5410,    3.9815,    3.0598,    2.8432,    2.1934,    1.8971,    1.4477,    1.3831,    0.9336,    0.6784,    0.5489,    0.2207,    0.1949,    0.1387,    0.0482,    0.0393,    0.0158,    0.0597,    0.1263,    0.2091,    0.3023,    0.4012,    0.5017,    0.5553,    0.3885,    0.3241,    0.5386,    0.6165,    0.5779,    0.7102,    0.8261,    0.8800,    0.7996,    0.6396,    0.7261,    1.1022,    1.8313,    2.2100,    2.3407,    2.1298,    0.6976,    0.6361,    0.6171,    0.6685,    0.7368,    0.8017,    1.0054,    1.0050,    1.0529,    1.1442,    1.1692,    1.2579,    0.9699,    0.9642,    0.9572,    0.9473,    0.9378,    0.9287,    0.9178,    0.9074,    0.8966,    0.8844,    0.8687,    0.8456,    0.8299,    0.7475,    0.7858,    0.6312,    0.6289,    0.6030,    0.5581,    0.4402,    0.3556,    0.2977,    0.2651,    0.2516,    0.5759,    0.6158,    0.5542,    0.7084,    0.6699,    0.7473,    0.7513,    0.7148,    0.6937,    0.6614,    0.6902,    0.6509,    1.0361,    0.9973,    0.9150,    0.8557,    0.7588,    0.6762,    0.5285,    0.4768,    0.4324,    0.3903,    0.3537,    0.3185,    0.7213,    0.5487,    0.4031,    0.2726,    0.1862,    0.1321,    0.0905,    0.0669,    0.0457,    0.0322,    0.0222,    0.0138,    0.0056,    0.0000,    0.0146,    0.0329,    0.0372,    0.0340,    0.0382,    0.0471,    0.0420,    0.0578,    0.0511,    0.0586,    0.0643,    0.0522,    0.0754,    0.0823,    0.0604,    0.0391,    0.0047,    0.0105,    0.0509,    0.0610,    0.1000,    0.1050,    0.1300,    0.1390,    0.1439,    0.1529,    0.1886,    0.1930,    0.1798,    0.1635,    0.1441,    0.1721,    0.2389,    0.2424,    0.4615,    0.5042,    0.5279,    0.5357,    0.5261,    0.5835,    0.5604,    0.6428,    0.5909,    0.6683,    0.6319,    0.6725,    1.4566,    1.4215,    1.4759,    1.5473,    1.5574,    1.5015,    1.5543,    1.5940,    1.6263,    1.5114,    1.4904,    1.5477,    3.9121,    3.6532,    3.6120,    3.5026,    3.2354,    3.0343,    2.6637,    2.4505,    2.3553,    2.0643,    1.5857,    1.4727,    1.1354,    1.3723,    1.0464,    0.9988,    0.6735,    0.4888,    0.3950,    0.1585,    0.1397,    0.0992,    0.0344,    0.0280
    2,    0.7500,  227.5722,    0.0754,   95.2640,  137.1925,   42.4176,  -37.5568,  158.4330,  163.5827,  163.6723,  163.8293,  164.1029,  164.5732,  165.3648,  166.6602,  168.4872,  170.9519,  174.2721,  178.5564,  183.8814,  190.3071,  197.9049,  205.8548,  212.8059,  218.1105,  222.1140,  224.8330,  226.3589,  227.0949,  227.3721,  227.5098,  227.5598,    0.0493,    0.1869,    0.3954,    0.6544,    0.9462,    1.2558,    1.5703,    1.9339,    2.5616,    3.0366,    3.1000,    3.3061,    2.9938,    2.9886,    2.9781,    3.0162,    3.1932,    3.4478,    3.3614,    2.9001,    2.8530,    2.7243,    2.6814,    2.6897,    0.9322,    0.9277,    0.9200,    0.9037,    0.8885,    0.8660,    0.8075,    0.7955,    0.7683,    0.6872,    0.6865,    0.5924,    0.3928,    0.3412,    0.2891,    0.2790,    0.2607,    0.2217,    0.2536,    0.2556,    0.2704,    0.3001,    0.3467,    0.3896,    0.4609,    0.4840,    0.4246,    0.5000,    0.4932,    0.5051,    0.5030,    0.5299,    0.5533,    0.5553,    0.5525,    0.5458,    1.4798,    1.3598,    1.3072,    1.1545,    1.0999,    0.9826,    0.9107,    0.8624,    0.8094,    0.7643,    0.6865,    0.6474,    0.9004,    0.7771,    0.6999,    0.6173,    0.5687,    0.5134,    0.5280,    0.4745,    0.4247,    0.3802,    0.3403,    0.3036,    0.7775,    0.5154,    0.3409,    0.2449,    0.1713,    0.1132,    0.0769,    0.0474,    0.0320,    0.0209,    0.0137,    0.0096,    0.0933,    0.0480,    0.0865,    0.1053,    0.1183,    0.1097,    0.1207,    0.1349,    0.1189,    0.1636,    0.1447,    0.1575,    0.1736,    0.1413,    0.2052,    0.2271,    0.1875,    0.2002,    0.2056,    0.2246,    0.2514,    0.1849,    0.2981,    0.3143,    0.3867,    0.4134,    0.4279,    0.4549,    0.4619,    0.4816,    0.4799,    0.5214,    0.5485,    0.5409,    0.5937,    0.6043,    1.0335,    1.1287,    1.1836,    1.2183,    1.2352,    1.3448,    1.2679,    1.3334,    1.2840,    1.3688,    1.2974,    1.3887,    2.9944,    2.9470,    3.0231,    3.0324,    3.0609,    2.9422,    3.0454,    3.1232,    3.1867,    2.9628,    2.9205,    3.0329,    7.6669,    7.1818,    7.1017,    6.8879,    6.3637,    5.9697,    5.2421,    4.8242,    4.6387,    4.0675,    3.1263,    2.9054,    2.2419,    1.9353,    1.4773,    1.4118,    0.9533,    0.6931,    0.5611,    0.2257,    0.1994,    0.1420,    0.0494,    0.0403,    0.0213,    0.0806,    0.1705,    0.2821,    0.4080,    0.5414,    0.6770,    0.7550,    0.5485,    0.4647,    0.7552,    0.8611,    0.8056,    0.9778,    1.1258,    1.1952,    1.0972,    0.8937,    1.0055,    1.4681,    2.3673,    2.7684,    2.8877,    2.6540,    0.8779,    0.8053,    0.7744,    0.8119,    0.8640,    0.9119,    1.0718,    1.0657,    1.1008,    1.1706,    1.1874,    1.2593,    0.9700,    0.9642,    0.9572,    0.9473,    0.9378,    0.9287,    0.9178,    0.9074,    0.8966,    0.8845,    0.8689,    0.8469,    0.8390,    0.7701,    0.8005,    0.6729,    0.6685,    0.6404,    0.6022,    0.5036,    0.4171,    0.3661,    0.3366,    0.3234,    0.7492,    0.7998,    0.7350,    0.9193,    0.8718,    0.9508,    0.9474,    0.9007,    0.8702,    0.8276,    0.8469,    0.7999,    1.2545,    1.1948,    1.0932,    1.0141,    0.9060,    0.8138,    0.6577,    0.5938,    0.5385,    0.4857,    0.4380,    0.3941,    0.9085,    0.6836,    0.5009,    0.3417,    0.2347,    0.1660,    0.1140,    0.0827,    0.0563,    0.0391,    0.0268,    0.0172,    0.0028,    0.0000,    0.0073,    0.0183,    0.0207,    0.0189,    0.0212,    0.0276,    0.0245,    0.0338,    0.0299,    0.0351,    0.0385,    0.0313,    0.0452,    0.0493,    0.0344,    0.0223,    0.0027,    0.0060,    0.0290,    0.0347,    0.0573,    0.0601,    0.0744,    0.0796,    0.0824,    0.0876,    0.1185,    0.1213,    0.1130,    0.1028,    0.0906,    0.1082,    0.1501,    0.1523,    0.3021,    0.3300,    0.3455,    0.3506,    0.3444,    0.3819,    0.3668,    0.4371,    0.4019,    0.4544,    0.4297,    0.4573,    0.9905,    0.9667,    1.0037,    1.0694,    1.0764,    1.0377,    1.0742,    1.1016,    1.1240,    1.0446,    1.0301,    1.0697,    2.7037,    2.5054,    2.4771,    2.4022,    2.2189,    2.0811,    1.8269,    1.6807,    1.6155,    1.4159,    1.0877,    1.0102,    0.7789,    1.0784,    0.8224,    0.7851,    0.5294,    0.3843,    0.3105,    0.1247,    0.1099,    0.0781,    0.0271,    0.0220
    2,    1.0000,  227.5722,    0.0657,   87.3788,  138.6428,   51.7538,  -39.8121,  158.4330,  163.5827,  163.6723,  163.8293,  164.1029,  164.5732,  165.3648,  166.6602,  168.4872,  170.9519,  174.2721,  178.5564,  183.8814,  190.3071,  197.9049,  205.8548,  212.8059,  218.1105,  222.1140,  224.8330,  226.3589,  227.0949,  227.3721,  227.5098,  227.5598,    0.0448,    0.1699,    0.3593,    0.5947,    0.8599,    1.1413,    1.4270,    1.7685,    2.4194,    2.9080,    2.9100,    3.0931,    2.7962,    2.7617,    2.7286,    2.7556,    2.9424,    3.2265,    3.1219,    2.6081,    2.6363,    2.5178,    2.4753,    2.4823,    0.8591,    0.8536,    0.8456,    0.8315,    0.8198,    0.8008,    0.7536,    0.7412,    0.7180,    0.6479,    0.6484,    0.5704,    0.3830,    0.3354,    0.2866,    0.2769,    0.2590,    0.2211,    0.2521,    0.2538,    0.2677,    0.2953,    0.3376,    0.3742,    0.4358,    0.4533,    0.4021,    0.4644,    0.4580,    0.4713,    0.4680,    0.4890,    0.5121,    0.5125,    0.5090,    0.5025,    1.3606,    1.2413,    1.1916,    1.0412,    0.9905,    0.8762,    0.8080,    0.7638,    0.7147,    0.6738,    0.6001,    0.5647,    0.7782,    0.6657,    0.5976,    0.5245,    0.4820,    0.4331,    0.4502,    0.4033,    0.3595,    0.3208,    0.2868,    0.2552,    0.6541,    0.4259,    0.2766,    0.1978,    0.1375,    0.0896,    0.0603,    0.0365,    0.0245,    0.0159,    0.0104,    0.0071,    0.0932,    0.0479,    0.0867,    0.1058,    0.1189,    0.1102,    0.1213,    0.1357,    0.1196,    0.1646,    0.1456,    0.1585,    0.1747,    0.1423,    0.2065,    0.2285,    0.1885,    0.2006,    0.2052,    0.2243,    0.2520,    0.1859,    0.2998,    0.3161,    0.3890,    0.4158,    0.4304,    0.4575,    0.4659,    0.4856,    0.4835,    0.5242,    0.5506,    0.5439,    0.5987,    0.6093,    1.0440,    1.1403,    1.1956,    1.2304,    1.2468,    1.3579,    1.2806,    1.3483,    1.2973,    1.3844,    1.3122,    1.4044,    3.0285,    2.9801,    3.0577,    3.0675,    3.0961,    2.9762,    3.0807,    3.1593,    3.2236,    2.9971,    2.9544,    3.0680,    7.7558,    7.2548,    7.1740,    6.9582,    6.4288,    6.0311,    5.2962,    4.8742,    4.6871,    4.1103,    3.1594,    2.9365,    2.2662,    1.9600,    1.4965,    1.4306,    0.9663,    0.7027,    0.5691,    0.2290,    0.2025,    0.1443,    0.0502,    0.0410,    0.0258,    0.0977,    0.2066,    0.3419,    0.4943,    0.6561,    0.8203,    0.9205,    0.6907,    0.5933,    0.9452,    1.0741,    1.0032,    1.2048,    1.3754,    1.4559,    1.3481,    1.1150,    1.2451,    1.7602,    2.7634,    3.1463,    3.2424,    3.0130,    1.0045,    0.9296,    0.8926,    0.9197,    0.9595,    0.9948,    1.1216,    1.1117,    1.1372,    1.1910,    1.2016,    1.2605,    0.9701,    0.9643,    0.9572,    0.9473,    0.9378,    0.9287,    0.9178,    0.9074,    0.8966,    0.8845,    0.8690,    0.8480,    0.8461,    0.7874,    0.8117,    0.7045,    0.6985,    0.6698,    0.6368,    0.5531,    0.4671,    0.4218,    0.3948,    0.3819,    0.8928,    0.9485,    0.8811,    1.0779,    1.0237,    1.0952,    1.0832,    1.0295,    0.9915,    0.9421,    0.9500,    0.8981,    1.3921,    1.3147,    1.2019,    1.1098,    0.9963,    0.8985,    0.7443,    0.6724,    0.6096,    0.5498,    0.4951,    0.4454,    1.0394,    0.7760,    0.5667,    0.3893,    0.2685,    0.1895,    0.1303,    0.0936,    0.0637,    0.0439,    0.0300,    0.0195,    0.0014,    0.0000,    0.0036,    0.0102,    0.0115,    0.0105,    0.0118,    0.0162,    0.0144,    0.0198,    0.0175,    0.0211,    0.0231,    0.0188,    0.0271,    0.0296,    0.0196,    0.0127,    0.0015,    0.0034,    0.0165,    0.0198,    0.0329,    0.0345,    0.0428,    0.0457,    0.0473,    0.0503,    0.0746,    0.0763,    0.0711,    0.0647,    0.0571,    0.0681,    0.0945,    0.0959,    0.1980,    0.2163,    0.2265,    0.2299,    0.2258,    0.2504,    0.2405,    0.2978,    0.2738,    0.3096,    0.2928,    0.3116,    0.6748,    0.6585,    0.6837,    0.7406,    0.7454,    0.7186,    0.7439,    0.7629,    0.7784,    0.7234,    0.7133,    0.7408,    1.8724,    1.7243,    1.7049,    1.6533,    1.5272,    1.4323,    1.2574,    1.1568,    1.1119,    0.9746,    0.7487,    0.6954,    0.5362,    0.8494,    0.6478,    0.6185,    0.4171,    0.3028,    0.2447,    0.0983,    0.0866,    0.0615,    0.0213,    0.0174
    2,    1.2500,  227.5722,    0.0608,   81.0786,  139.3692,   58.7811,  -40.5476,  158.4330,  163.5827,  163.6723,  163.8293,  164.1029,  164.5732,  165.3648,  166.6602,  168.4872,  170.9519,  174.2721,  178.5564,  183.8814,  190.3071,  197.9049,  205.8548,  212.8059,  218.1105,  222.1140,  224.8330,  226.3589,  227.0949,  227.3721,  227.5098,  227.5598,    0.0411,    0.1557,    0.3293,    0.5450,    0.7881,    1.0459,    1.3078,    1.6291,    2.2922,    2.7898,    2.7420,    2.9059,    2.6231,    2.5669,    2.5177,    2.5365,    2.7282,    3.0318,    2.9142,    2.3695,    2.4747,    2.3642,    2.3210,    2.3253,    0.8037,    0.7974,    0.7890,    0.7763,    0.7667,    0.7499,    0.7107,    0.6978,    0.6774,    0.6155,    0.6166,    0.5509,    0.3740,    0.3300,    0.2841,    0.2748,    0.2574,    0.2204,    0.2506,    0.2521,    0.2651,    0.2908,    0.3293,    0.3607,    0.4147,    0.4280,    0.3833,    0.4355,    0.4295,    0.4434,    0.4394,    0.4559,    0.4783,    0.4776,    0.4736,    0.4672,    1.2625,    1.1459,    1.0987,    0.9530,    0.9054,    0.7951,    0.7303,    0.6893,    0.6434,    0.6057,    0.5363,    0.5038,    0.6903,    0.5873,    0.5257,    0.4599,    0.4213,    0.3771,    0.3934,    0.3514,    0.3122,    0.2778,    0.2480,    0.2201,    0.5633,    0.3618,    0.2316,    0.1647,    0.1137,    0.0732,    0.0489,    0.0292,    0.0195,    0.0126,    0.0081,    0.0055,    0.0931,    0.0479,    0.0867,    0.1060,    0.1191,    0.1104,    0.1215,    0.1360,    0.1199,    0.1650,    0.1459,    0.1589,    0.1752,    0.1426,    0.2071,    0.2291,    0.1888,    0.2006,    0.2049,    0.2240,    0.2521,    0.1862,    0.3004,    0.3167,    0.3897,    0.4166,    0.4312,    0.4584,    0.4675,    0.4872,    0.4849,    0.5253,    0.5513,    0.5451,    0.6007,    0.6114,    1.0488,    1.1455,    1.2011,    1.2358,    1.2521,    1.3638,    1.2864,    1.3556,    1.3037,    1.3920,    1.3193,    1.4120,    3.0450,    2.9961,    3.0745,    3.0850,    3.1137,    2.9932,    3.0983,    3.1774,    3.2420,    3.0143,    2.9713,    3.0856,    7.8004,    7.2908,    7.2098,    6.9930,    6.4612,    6.0615,    5.3231,    4.8992,    4.7114,    4.1318,    3.1762,    2.9523,    2.2786,    1.9761,    1.5090,    1.4428,    0.9748,    0.7091,    0.5744,    0.2313,    0.2045,    0.1458,    0.0508,    0.0415,    0.0295,    0.1119,    0.2366,    0.3916,    0.5662,    0.7515,    0.9397,    1.0599,    0.8180,    0.7115,    1.1133,    1.2614,    1.1764,    1.3997,    1.5863,    1.6751,    1.5624,    1.3097,    1.4529,    1.9989,    3.0617,    3.4077,    3.4784,    3.2639,    1.0950,    1.0226,    0.9832,    1.0023,    1.0326,    1.0583,    1.1597,    1.1472,    1.1654,    1.2072,    1.2129,    1.2616,    0.9702,    0.9643,    0.9572,    0.9473,    0.9378,    0.9287,    0.9178,    0.9074,    0.8966,    0.8845,    0.8692,    0.8489,    0.8518,    0.8009,    0.8205,    0.7288,    0.7217,    0.6931,    0.6641,    0.5922,    0.5085,    0.4678,    0.4429,    0.4301,    1.0135,    1.0709,    1.0013,    1.1993,    1.1401,    1.2002,    1.1798,    1.1213,    1.0773,    1.0232,    1.0202,    0.9650,    1.4829,    1.3916,    1.2719,    1.1712,    1.0549,    0.9535,    0.8042,    0.7270,    0.6590,    0.5945,    0.5351,    0.4815,    1.1337,    0.8415,    0.6126,    0.4231,    0.2928,    0.2063,    0.1421,    0.1013,    0.0690,    0.0475,    0.0324,    0.0213,    0.0007,    0.0000,    0.0018,    0.0057,    0.0065,    0.0059,    0.0066,    0.0095,    0.0085,    0.0117,    0.0103,    0.0127,    0.0139,    0.0113,    0.0163,    0.0178,    0.0112,    0.0073,    0.0009,    0.0020,    0.0095,    0.0113,    0.0190,    0.0199,    0.0246,    0.0263,    0.0273,    0.0290,    0.0471,    0.0482,    0.0449,    0.0409,    0.0360,    0.0430,    0.0596,    0.0605,    0.1300,    0.1421,    0.1487,    0.1510,    0.1483,    0.1644,    0.1579,    0.2033,    0.1869,    0.2113,    0.1998,    0.2127,    0.4606,    0.4495,    0.4667,    0.5140,    0.5174,    0.4988,    0.5163,    0.5295,    0.5403,    0.5021,    0.4951,    0.5141,    1.2996,    1.1909,    1.1775,    1.1419,    1.0548,    0.9893,    0.8685,    0.7991,    0.7681,    0.6733,    0.5172,    0.4804,    0.3705,    0.6706,    0.5115,    0.4883,    0.3294,    0.2391,    0.1933,    0.0776,    0.0684,    0.0486,    0.0169,    0.0137
    2,    1.5000,  227.5722,    0.0583,   75.9031,  139.7387,   64.3269,  -40.3027,  158.4330,  163.5827,  163.6723,  163.8293,  164.1029,  164.5732,  165.3648,  166.6602,  168.4872,  170.9519,  174.2721,  178.5564,  183.8814,  190.3071,  197.9049,  205.8548,  212.8059,  218.1105,  222.1140,  224.8330,  226.3589,  227.0949,  227.3721,  227.5098,  227.5598,    0.0379,    0.1437,    0.3039,    0.5030,    0.7273,    0.9652,    1.2069,    1.5102,    2.1777,    2.6809,    2.5923,    2.7401,    2.4703,    2.3977,    2.3371,    2.3496,    2.5431,    2.8594,    2.7325,    2.1710,    2.3491,    2.2444,    2.2003,    2.2015,    0.7599,    0.7532,    0.7443,    0.7326,    0.7243,    0.7091,    0.6755,    0.6622,    0.6439,    0.5883,    0.5895,    0.5335,    0.3657,    0.3249,    0.2818,    0.2729,    0.2558,    0.2198,    0.2491,    0.2504,    0.2626,    0.2865,    0.3217,    0.3487,    0.3965,    0.4068,    0.3672,    0.4116,    0.4058,    0.4199,    0.4155,    0.4286,    0.4502,    0.4485,    0.4443,    0.4380,    1.1806,    1.0677,    1.0225,    0.8825,    0.8373,    0.7313,    0.6697,    0.6312,    0.5880,    0.5527,    0.4877,    0.4573,    0.6244,    0.5296,    0.4729,    0.4127,    0.3770,    0.3363,    0.3507,    0.3125,    0.2767,    0.2457,    0.2190,    0.1938,    0.4947,    0.3144,    0.1991,    0.1407,    0.0964,    0.0615,    0.0408,    0.0241,    0.0160,    0.0102,    0.0066,    0.0044,    0.0930,    0.0478,    0.0866,    0.1060,    0.1192,    0.1104,    0.1216,    0.1361,    0.1200,    0.1651,    0.1460,    0.1591,    0.1754,    0.1428,    0.2072,    0.2293,    0.1889,    0.2006,    0.2047,    0.2238,    0.2521,    0.1863,    0.3006,    0.3169,    0.3900,    0.4169,    0.4315,    0.4588,    0.4682,    0.4879,    0.4855,    0.5257,    0.5515,    0.5455,    0.6016,    0.6123,    1.0510,    1.1478,    1.2036,    1.2383,    1.2544,    1.3665,    1.2890,    1.3591,    1.3067,    1.3957,    1.3228,    1.4157,    3.0531,    3.0039,    3.0827,    3.0938,    3.1225,    3.0017,    3.1072,    3.1865,    3.2513,    3.0229,    2.9798,    3.0945,    7.8228,    7.3087,    7.2275,    7.0103,    6.4773,    6.0768,    5.3367,    4.9118,    4.7237,    4.1428,    3.1848,    2.9604,    2.2850,    1.9866,    1.5172,    1.4509,    0.9804,    0.7133,    0.5780,    0.2328,    0.2059,    0.1468,    0.0511,    0.0418,    0.0327,    0.1239,    0.2620,    0.4337,    0.6271,    0.8322,    1.0406,    1.1790,    0.9326,    0.8205,    1.2631,    1.4273,    1.3294,    1.5690,    1.7670,    1.8620,    1.7476,    1.4822,    1.6347,    2.1976,    3.2896,    3.5920,    3.6392,    3.4425,    1.1609,    1.0932,    1.0535,    1.0666,    1.0894,    1.1077,    1.1893,    1.1751,    1.1875,    1.2200,    1.2220,    1.2626,    0.9703,    0.9643,    0.9572,    0.9473,    0.9379,    0.9287,    0.9178,    0.9075,    0.8966,    0.8846,    0.8693,    0.8497,    0.8564,    0.8116,    0.8274,    0.7478,    0.7398,    0.7120,    0.6861,    0.6234,    0.5430,    0.5061,    0.4829,    0.4703,    1.1164,    1.1730,    1.1016,    1.2939,    1.2307,    1.2782,    1.2501,    1.1882,    1.1395,    1.0821,    1.0696,    1.0123,    1.5454,    1.4437,    1.3195,    1.2128,    1.0949,    0.9912,    0.8472,    0.7662,    0.6944,    0.6266,    0.5641,    0.5077,    1.2035,    0.8893,    0.6459,    0.4479,    0.3108,    0.2187,    0.1509,    0.1070,    0.0730,    0.0501,    0.0341,    0.0226,    0.0004,    0.0000,    0.0009,    0.0032,    0.0036,    0.0033,    0.0037,    0.0056,    0.0050,    0.0069,    0.0061,    0.0077,    0.0084,    0.0068,    0.0099,    0.0108,    0.0065,    0.0042,    0.0005,    0.0011,    0.0055,    0.0065,    0.0109,    0.0115,    0.0142,    0.0152,    0.0157,    0.0167,    0.0298,    0.0305,    0.0284,    0.0258,    0.0228,    0.0272,    0.0377,    0.0382,    0.0856,    0.0935,    0.0979,    0.0993,    0.0976,    0.1082,    0.1039,    0.1390,    0.1279,    0.1445,    0.1367,    0.1455,    0.3150,    0.3075,    0.3192,    0.3576,    0.3599,    0.3470,    0.3592,    0.3684,    0.3758,    0.3493,    0.3444,    0.3577,    0.9041,    0.8254,    0.8161,    0.7914,    0.7311,    0.6857,    0.6020,    0.5539,    0.5324,    0.4667,    0.3585,    0.3330,    0.2568,    0.5306,    0.4047,    0.3864,    0.2607,    0.1893,    0.1530,    0.0614,    0.0542,    0.0385,    0.0134,    0.0109
    2,    1.7500,  227.5722,    0.0570,   71.5581,  139.9303,   68.8642,  -39.4537,  158.4330,  163.5827,  163.6723,  163.8293,  164.1029,  164.5732,  165.3648,  166.6602,  168.4872,  170.9519,  174.2721,  178.5564,  183.8814,  190.3071,  197.9049,  205.8548,  212.8059,  218.1105,  222.1140,  224.8330,  226.3589,  227.0949,  227.3721,  227.5098,  227.5598,    0.0352,    0.1334,    0.2822,    0.4670,    0.6752,    0.8962,    1.1205,    1.4074,    2.0741,    2.5802,    2.4582,    2.5923,    2.3342,    2.2495,    2.1807,    2.1885,    2.3815,    2.7055,    2.5721,    2.0031,    2.2481,    2.1476,    2.1029,    2.1009,    0.7243,    0.7172,    0.7081,    0.6970,    0.6896,    0.6755,    0.6461,    0.6325,    0.6157,    0.5650,    0.5661,    0.5179,    0.3580,    0.3201,    0.2796,    0.2709,    0.2543,    0.2192,    0.2477,    0.2487,    0.2603,    0.2825,    0.3147,    0.3380,    0.3808,    0.3886,    0.3534,    0.3915,    0.3859,    0.3999,    0.3952,    0.4056,    0.4263,    0.4240,    0.4196,    0.4135,    1.1113,    1.0025,    0.9589,    0.8246,    0.7815,    0.6798,    0.6212,    0.5847,    0.5438,    0.5106,    0.4495,    0.4209,    0.5736,    0.4857,    0.4327,    0.3770,    0.3434,    0.3055,    0.3176,    0.2824,    0.2495,    0.2210,    0.1967,    0.1737,    0.4417,    0.2784,    0.1748,    0.1227,    0.0835,    0.0529,    0.0348,    0.0204,    0.0135,    0.0086,    0.0055,    0.0037,    0.0930,    0.0478,    0.0866,    0.1060,    0.1192,    0.1105,    0.1216,    0.1361,    0.1200,    0.1652,    0.1461,    0.1591,    0.1754,    0.1428,    0.2073,    0.2294,    0.1890,    0.2005,    0.2045,    0.2236,    0.2520,    0.1864,    0.3007,    0.3170,    0.3901,    0.4170,    0.4317,    0.4589,    0.4685,    0.4882,    0.4858,    0.5258,    0.5516,    0.5456,    0.6019,    0.6126,    1.0519,    1.1489,    1.2047,    1.2394,    1.2555,    1.3677,    1.2901,    1.3608,    1.3082,    1.3975,    1.3245,    1.4175,    3.0570,    3.0077,    3.0867,    3.0982,    3.1269,    3.0060,    3.1116,    3.1911,    3.2560,    3.0272,    2.9841,    3.0989,    7.8340,    7.3176,    7.2364,    7.0191,    6.4854,    6.0845,    5.3436,    4.9183,    4.7300,    4.1485,    3.1892,    2.9647,    2.2885,    1.9935,    1.5227,    1.4563,    0.9842,    0.7162,    0.5805,    0.2338,    0.2069,    0.1476,    0.0514,    0.0420,    0.0354,    0.1342,    0.2838,    0.4697,    0.6792,    0.9014,    1.1271,    1.2818,    1.0362,    0.9213,    1.3973,    1.5753,    1.4655,    1.7173,    1.9235,    2.0233,    1.9093,    1.6362,    1.7952,    2.3655,    3.4656,    3.7244,    3.7517,    3.5719,    1.2095,    1.1475,    1.1088,    1.1171,    1.1339,    1.1465,    1.2126,    1.1972,    1.2052,    1.2305,    1.2295,    1.2634,    0.9704,    0.9644,    0.9572,    0.9473,    0.9379,    0.9287,    0.9178,    0.9075,    0.8966,    0.8846,    0.8695,    0.8504,    0.8602,    0.8202,    0.8329,    0.7629,    0.7542,    0.7273,    0.7039,    0.6487,    0.5721,    0.5383,    0.5166,    0.5041,    1.2049,    1.2593,    1.1863,    1.3684,    1.3023,    1.3371,    1.3025,    1.2381,    1.1857,    1.1259,    1.1055,    1.0467,    1.5901,    1.4807,    1.3534,    1.2425,    1.1235,    1.0182,    0.8789,    0.7952,    0.7206,    0.6504,    0.5857,    0.5273,    1.2565,    0.9254,    0.6708,    0.4668,    0.3246,    0.2282,    0.1576,    0.1113,    0.0760,    0.0521,    0.0355,    0.0236,    0.0002,    0.0000,    0.0005,    0.0018,    0.0020,    0.0019,    0.0021,    0.0033,    0.0030,    0.0041,    0.0036,    0.0047,    0.0051,    0.0041,    0.0060,    0.0065,    0.0037,    0.0024,    0.0003,    0.0007,    0.0031,    0.0038,    0.0063,    0.0067,    0.0082,    0.0088,    0.0091,    0.0097,    0.0189,    0.0193,    0.0180,    0.0164,    0.0145,    0.0173,    0.0239,    0.0242,    0.0564,    0.0616,    0.0645,    0.0655,    0.0643,    0.0713,    0.0685,    0.0953,    0.0876,    0.0991,    0.0937,    0.0997,    0.2159,    0.2107,    0.2188,    0.2493,    0.2510,    0.2419,    0.2504,    0.2568,    0.2621,    0.2435,    0.2402,    0.2494,    0.6304,    0.5739,    0.5675,    0.5503,    0.5084,    0.4768,    0.4186,    0.3851,    0.3702,    0.3245,    0.2493,    0.2316,    0.1786,    0.4207,    0.3209,    0.3064,    0.2067,    0.1501,    0.1213,    0.0487,    0.0430,    0.0305,    0.0106,    0.0086
    2,    2.0000,  227.5722,    0.0563,   67.8462,  140.0320,   72.6785,  -38.2545,  158.4330,  163.5827,  163.6723,  163.8293,  164.1029,  164.5732,  165.3648,  166.6602,  168.4872,  170.9519,  174.2721,  178.5564,  183.8814,  190.3071,  197.9049,  205.8548,  212.8059,  218.1105,  222.1140,  224.8330,  226.3589,  227.0949,  227.3721,  227.5098,  227.5598,    0.0328,    0.1245,    0.2633,    0.4358,    0.6301,    0.8363,    1.0457,    1.3177,    1.9799,    2.4868,    2.3372,    2.4595,    2.2124,    2.1185,    2.0439,    2.0480,    2.2392,    2.5673,    2.4295,    1.8594,    2.1645,    2.0673,    2.0224,    2.0172,    0.6947,    0.6873,    0.6779,    0.6672,    0.6605,    0.6472,    0.6211,    0.6072,    0.5916,    0.5449,    0.5458,    0.5038,    0.3509,    0.3155,    0.2775,    0.2691,    0.2528,    0.2186,    0.2463,    0.2472,    0.2580,    0.2788,    0.3083,    0.3284,    0.3671,    0.3730,    0.3413,    0.3742,    0.3688,    0.3826,    0.3777,    0.3860,    0.4057,    0.4030,    0.3985,    0.3925,    1.0520,    0.9473,    0.9052,    0.7763,    0.7349,    0.6374,    0.5816,    0.5468,    0.5079,    0.4762,    0.4189,    0.3917,    0.5333,    0.4511,    0.4012,    0.3490,    0.3172,    0.2814,    0.2915,    0.2586,    0.2280,    0.2016,    0.1791,    0.1579,    0.3998,    0.2504,    0.1562,    0.1089,    0.0737,    0.0464,    0.0303,    0.0177,    0.0116,    0.0074,    0.0047,    0.0031,    0.0929,    0.0478,    0.0866,    0.1060,    0.1192,    0.1105,    0.1216,    0.1361,    0.1200,    0.1652,    0.1461,    0.1591,    0.1754,    0.1428,    0.2073,    0.2294,    0.1890,    0.2005,    0.2043,    0.2234,    0.2519,    0.1864,    0.3007,    0.3170,    0.3901,    0.4171,    0.4317,    0.4589,    0.4686,    0.4883,    0.4858,    0.5258,    0.5515,    0.5456,    0.6021,    0.6128,    1.0524,    1.1494,    1.2052,    1.2399,    1.2559,    1.3682,    1.2907,    1.3616,    1.3089,    1.3984,    1.3253,    1.4183,    3.0589,    3.0095,    3.0886,    3.1004,    3.1292,    3.0082,    3.1138,    3.1934,    3.2583,    3.0294,    2.9862,    3.1012,    7.8398,    7.3221,    7.2410,    7.0235,    6.4896,    6.0885,    5.3472,    4.9217,    4.7334,    4.1515,    3.1917,    2.9671,    2.2904,    1.9981,    1.5263,    1.4600,    0.9868,    0.7182,    0.5822,    0.2345,    0.2076,    0.1481,    0.0516,    0.0422,    0.0377,    0.1431,    0.3027,    0.5009,    0.7243,    0.9613,    1.2020,    1.3716,    1.1305,    1.0147,    1.5183,    1.7081,    1.5874,    1.8483,    2.0604,    2.1638,    2.0516,    1.7744,    1.9378,    2.5093,    3.6029,    3.8213,    3.8323,    3.6676,    1.2460,    1.1897,    1.1526,    1.1572,    1.1693,    1.1774,    1.2311,    1.2149,    1.2194,    1.2391,    1.2357,    1.2641,    0.9705,    0.9644,    0.9572,    0.9473,    0.9379,    0.9287,    0.9178,    0.9075,    0.8966,    0.8846,    0.8696,    0.8510,    0.8634,    0.8272,    0.8374,    0.7749,    0.7658,    0.7399,    0.7185,    0.6693,    0.5967,    0.5657,    0.5451,    0.5327,    1.2817,    1.3328,    1.2584,    1.4279,    1.3595,    1.3824,    1.3424,    1.2762,    1.2208,    1.1592,    1.1324,    1.0725,    1.6234,    1.5080,    1.3785,    1.2644,    1.1448,    1.0383,    0.9030,    0.8173,    0.7406,    0.6686,    0.6023,    0.5424,    1.2977,    0.9533,    0.6900,    0.4814,    0.3353,    0.2356,    0.1629,    0.1147,    0.0784,    0.0537,    0.0366,    0.0244,    0.0001,    0.0000,    0.0002,    0.0010,    0.0012,    0.0011,    0.0012,    0.0020,    0.0018,    0.0024,    0.0021,    0.0028,    0.0031,    0.0025,    0.0036,    0.0040,    0.0022,    0.0014,    0.0002,    0.0004,    0.0018,    0.0022,    0.0037,    0.0039,    0.0048,    0.0051,    0.0053,    0.0056,    0.0120,    0.0123,    0.0114,    0.0104,    0.0092,    0.0110,    0.0152,    0.0154,    0.0372,    0.0407,    0.0426,    0.0432,    0.0425,    0.0471,    0.0452,    0.0654,    0.0602,    0.0680,    0.0643,    0.0685,    0.1483,    0.1447,    0.1503,    0.1742,    0.1754,    0.1691,    0.1750,    0.1795,    0.1831,    0.1702,    0.1678,    0.1743,    0.4405,    0.4003,    0.3958,    0.3838,    0.3545,    0.3325,    0.2920,    0.2686,    0.2582,    0.2264,    0.1739,    0.1616,    0.1246,    0.3341,    0.2549,    0.2434,    0.1642,    0.1192,    0.0964,    0.0387,    0.0342,    0.0243,    0.0084,    0.0069
