Particle       ,data/QEXT_96IR_84_VIS_RNC10_4_9umrod
Ncase          ,  14
dt (sols)      ,  0.020833
Qext 0.67um    ,  2.122963
Alb sfc        ,  0.220000
Conrath nu     ,  0.002000
Sun Flux (W/m2),148.389262
BWN IR (cm-1)  ,     10.0000,     34.1670,     58.3330,     82.5000,    106.6670,    130.8330,    155.0000,    179.1670,    203.3330,    227.5000,    251.6670,    275.8330,    300.0000,    320.7880,    341.5750,    362.3630,    383.1500,    403.9380,    424.7250,    445.5130,    466.3010,    487.0880,    507.8760,    528.6630,    549.4510,    556.7420,    564.0330,    571.3240,    578.6150,    585.9060,    593.1970,    600.4880,    607.7790,    615.0700,    622.3610,    629.6520,    636.9430,    642.5500,    648.1570,    653.7640,    659.3700,    664.9770,    670.5840,    676.1910,    681.7980,    687.4050,    693.0110,    698.6180,    704.2250,    710.1390,    716.0530,    721.9670,    727.8810,    733.7950,    739.7090,    745.6240,    751.5380,    757.4520,    763.3660,    769.2800,    775.1940,    791.5010,    807.8070,    824.1140,    840.4210,    856.7270,    873.0340,    889.3410,    905.6470,    921.9540,    938.2610,    954.5670,    970.8740,    996.8050,   1022.7370,   1048.6680,   1074.6000,   1100.5310,   1126.4630,   1152.3940,   1178.3250,   1204.2570,   1230.1880,   1256.1200,   1282.0510,   1360.3990,   1438.7460,   1517.0940,   1595.4410,   1673.7890,   1752.1370,   1830.4840,   1908.8320,   1987.1790,   2065.5270,   2143.8740,   2222.2220
BWN VIS (cm-1) ,   2222.2200,   2294.3160,   2366.4120,   2438.5080,   2510.6030,   2582.6990,   2654.7950,   2726.8910,   2798.9870,   2871.0820,   2943.1780,   3015.2740,   3087.3700,   3165.9750,   3244.5800,   3323.1850,   3401.7900,   3480.3950,   3559.0000,   3637.6050,   3716.2100,   3794.8150,   3873.4200,   3952.0250,   4030.6300,   4142.2920,   4253.9530,   4365.6150,   4477.2770,   4588.9380,   4700.6000,   4812.2620,   4923.9230,   5035.5850,   5147.2470,   5258.9080,   5370.5700,   5560.6150,   5750.6600,   5940.7050,   6130.7500,   6320.7950,   6510.8400,   6700.8850,   6890.9300,   7080.9750,   7271.0200,   7461.0650,   7651.1100,   8055.1840,   8459.2580,   8863.3330,   9267.4070,   9671.4810,  10075.5550,  10479.6290,  10883.7030,  11287.7780,  11691.8520,  12095.9260,  12500.0000,  13541.6670,  14583.3330,  15625.0000,  16666.6670,  17708.3330,  18750.0000,  19791.6670,  20833.3330,  21875.0000,  22916.6670,  23958.3330,  25000.0000,  26388.8890,  27777.7780,  29166.6670,  30555.5570,  31944.4460,  33333.3350,  34722.2240,  36111.1130,  37500.0030,  38888.8920,  40277.7810,  41666.6700
SUN VIS (W/m2) ,      0.1008,      0.0862,      0.0968,      0.1089,      0.1224,      0.1136,      0.1248,      0.1400,      0.1233,      0.1698,      0.1502,      0.1645,      0.1814,      0.1477,      0.2144,      0.2377,      0.1946,      0.2106,      0.2276,      0.2472,      0.2683,      0.1918,      0.3072,      0.3239,      0.3986,      0.4261,      0.4410,      0.4688,      0.4810,      0.5017,      0.5013,      0.5485,      0.5772,      0.5665,      0.6183,      0.6303,      1.0809,      1.1806,      1.2379,      1.2751,      1.2949,      1.4092,      1.3262,      1.4132,      1.3634,      1.4505,      1.3747,      1.4716,      3.1730,      3.1258,      3.2038,      3.2543,      3.2846,      3.1576,      3.2685,      3.3520,      3.4202,      3.1800,      3.1347,      3.2554,      8.2299,      7.8425,      7.7561,      7.5237,      6.9524,      6.5235,      5.7299,      5.2748,      5.0739,      4.4511,      3.4228,      3.1828,      2.4579,      2.2644,      1.7312,      1.6575,      1.1215,      0.8173,      0.6634,      0.2677,      0.2374,      0.1697,      0.0593,      0.0486
================
wavelenght [um],    0.244068,    0.252632,    0.261818,    0.271698,    0.282353,    0.293878,    0.306383,    0.320000,    0.334884,    0.351220,    0.369231,    0.389189,    0.408511,    0.426667,    0.446512,    0.468293,    0.492308,    0.518919,    0.548571,    0.581818,    0.619355,    0.662069,    0.711111,    0.768000,    0.813143,    0.840768,    0.870336,    0.902060,    0.936184,    0.972991,    1.012810,    1.056028,    1.103099,    1.154562,    1.211061,    1.273375,    1.323436,    1.357581,    1.393534,    1.431444,    1.471474,    1.513807,    1.558648,    1.606226,    1.656801,    1.710664,    1.768147,    1.829628,    1.881560,    1.921939,    1.964090,    2.008131,    2.054193,    2.102417,    2.152960,    2.205992,    2.261704,    2.320302,    2.382017,    2.447105,    2.505432,    2.555765,    2.608162,    2.662752,    2.719677,    2.779088,    2.841153,    2.906054,    2.973989,    3.045176,    3.119855,    3.198288,    3.277268,    3.356577,    3.439819,    3.527294,    3.619334,    3.716307,    3.818620,    3.926726,    4.041130,    4.162400,    4.291175,    4.428172,    4.580751,    4.751270,    4.934974,    5.133456,    5.348572,    5.582505,    5.837838,    6.117648,    6.425631,    6.766266,    7.145039,    7.568734,    7.879690,    8.044056,    8.215425,    8.394255,    8.581043,    8.776330,    8.980716,    9.194848,    9.419442,    9.655282,    9.903235,   10.164260,   10.387231,   10.566200,   10.751445,   10.943308,   11.142136,   11.348323,   11.562291,   11.784476,   12.015368,   12.255495,   12.505409,   12.765727,   12.949392,   13.049328,   13.150818,   13.253898,   13.358608,   13.464994,   13.573088,   13.682923,   13.794549,   13.908012,   14.023357,   14.140631,   14.256763,   14.371646,   14.488386,   14.607038,   14.727660,   14.850291,   14.974981,   15.101782,   15.230738,   15.361915,   15.495384,   15.631191,   15.790367,   15.974275,   16.162517,   16.355249,   16.552633,   16.754839,   16.962047,   17.174443,   17.392227,   17.615605,   17.844795,   18.080028,   18.550914,   19.294981,   20.101230,   20.977796,   21.934298,   22.982219,   24.135264,   25.410119,   26.827165,   28.411593,   30.194923,   32.217118,   34.732292,   37.914692,   41.739101,   46.421699,   52.287582,   59.850314,   69.970927,   84.210526,  105.726686,  142.012170,  216.216216,  452.826771
Qext           ,      1.9708,      1.9708,      1.9708,      1.9708,      1.9708,      1.9708,      1.9708,      1.9708,      1.9708,      1.9708,      1.9708,      1.9708,      1.9708,      1.9708,      1.9708,      1.9708,      2.1230,      2.1230,      2.1230,      2.1230,      2.1230,      2.1230,      2.1230,      2.1230,      2.1230,      2.1230,      2.1230,      2.1230,      2.1230,      2.1230,      2.1230,      1.5996,      1.5996,      1.5996,      1.5996,      1.5996,      1.5996,      1.5996,      1.5996,      1.5996,      1.5996,      1.5996,      1.5996,      1.7821,      1.7821,      1.7821,      1.7821,      1.7821,      1.7821,      1.7821,      1.7821,      1.7821,      1.7821,      1.7821,      2.2698,      2.2698,      2.2698,      2.2698,      2.2698,      2.2698,      2.2698,      2.2698,      2.2698,      2.2698,      2.3094,      2.3094,      2.3094,      2.3094,      2.3094,      2.3094,      2.3094,      2.3094,      2.6201,      2.6201,      2.6201,      2.6201,      2.6201,      2.6201,      2.8752,      2.8752,      2.8752,      2.8752,      2.8752,      3.2504,      3.2504,      3.2504,      3.4061,      3.4061,      3.4061,      3.2967,      3.2967,      4.3887,      4.3887,      4.9971,      5.0532,      5.0532,      3.9911,      3.9911,      3.7088,      3.7088,      3.7088,      4.4367,      4.4367,      4.4367,      5.7549,      5.7549,      6.2992,      6.2992,      5.8393,      5.8393,      5.8393,      5.1873,      5.1873,      5.1873,      5.6388,      5.6388,      4.8822,      4.8822,      4.8822,      4.7429,      4.7429,      4.7429,      5.0688,      5.0688,      5.0688,      5.0688,      5.0688,      5.4899,      5.4899,      5.4899,      5.4899,      5.4899,      6.2704,      6.2704,      6.2704,      6.2704,      7.1070,      7.1070,      7.1070,      7.1070,      7.1070,      7.3596,      7.3596,      7.3596,      7.3596,      7.4466,      7.4466,      7.4466,      8.0785,      8.0785,      8.1207,      8.1207,      8.1207,      8.0845,      8.0845,      8.7339,      9.3398,     10.6805,      8.5649,      6.4256,      6.2916,      6.9703,      5.7744,      4.1107,      4.4060,      5.9299,      6.6333,      8.5280,     17.7503,     17.5895,      4.9824,      3.0280,      5.0482,      7.6489,      7.6489,      7.6489,      7.6489,      7.6489,      7.6489,      7.6489
Qscat          ,      1.3512,      1.3512,      1.3512,      1.3512,      1.3512,      1.3512,      1.3512,      1.3512,      1.3512,      1.3512,      1.3512,      1.3512,      1.3512,      1.3512,      1.3512,      1.3512,      1.8338,      1.8338,      1.8338,      1.8338,      1.8338,      1.8338,      1.8338,      1.8338,      1.8338,      1.8338,      1.8338,      1.8338,      1.8338,      1.8338,      1.8338,      1.4667,      1.4667,      1.4667,      1.4667,      1.4667,      1.4667,      1.4667,      1.4667,      1.4667,      1.4667,      1.4667,      1.4667,      1.6574,      1.6574,      1.6574,      1.6574,      1.6574,      1.6574,      1.6574,      1.6574,      1.6574,      1.6574,      1.6574,      2.1058,      2.1058,      2.1058,      2.1058,      2.1058,      2.1058,      2.1058,      2.1058,      2.1058,      2.1058,      2.1512,      2.1512,      2.1512,      2.1512,      2.1512,      2.1512,      2.1512,      2.1512,      2.4543,      2.4543,      2.4543,      2.4543,      2.4543,      2.4543,      2.6269,      2.6269,      2.6269,      2.6269,      2.6269,      3.0221,      3.0221,      3.0221,      3.0808,      3.0808,      3.0808,      2.9835,      2.9835,      3.9994,      3.9994,      4.4580,      4.5922,      4.5922,      3.6089,      3.6089,      3.3911,      3.3911,      3.3911,      4.0280,      4.0280,      4.0280,      5.1338,      5.1338,      5.4507,      5.4507,      4.9666,      4.9666,      4.9666,      4.2880,      4.2880,      4.2880,      4.3202,      4.3202,      3.8363,      3.8363,      3.8363,      4.0451,      4.0451,      4.0451,      4.4432,      4.4432,      4.4432,      4.4432,      4.4432,      4.7969,      4.7969,      4.7969,      4.7969,      4.7969,      5.3681,      5.3681,      5.3681,      5.3681,      5.6965,      5.6965,      5.6965,      5.6965,      5.6965,      5.0534,      5.0534,      5.0534,      5.0534,      5.0996,      5.0996,      5.0996,      6.2010,      6.2010,      6.4573,      6.4573,      6.4573,      6.3943,      6.3943,      6.8538,      7.2949,      8.0156,      5.8625,      4.0125,      4.0955,      5.0189,      4.2299,      2.9821,      3.2453,      4.5382,      4.9697,      6.1988,     11.7865,      9.3404,      1.6391,      0.9612,      2.3294,      3.1361,      3.1361,      3.1361,      3.1361,      3.1361,      3.1361,      3.1361
G factor       ,      0.5350,      0.5350,      0.5350,      0.5350,      0.5350,      0.5350,      0.5350,      0.5350,      0.5350,      0.5350,      0.5350,      0.5350,      0.5350,      0.5350,      0.5350,      0.5350,      0.3920,      0.3920,      0.3920,      0.3920,      0.3920,      0.3920,      0.3920,      0.3920,      0.3920,      0.3920,      0.3920,      0.3920,      0.3920,      0.3920,      0.3920,      0.3170,      0.3170,      0.3170,      0.3170,      0.3170,      0.3170,      0.3170,      0.3170,      0.3170,      0.3170,      0.3170,      0.3170,      0.3380,      0.3380,      0.3380,      0.3380,      0.3380,      0.3380,      0.3380,      0.3380,      0.3380,      0.3380,      0.3380,      0.3140,      0.3140,      0.3140,      0.3140,      0.3140,      0.3140,      0.3140,      0.3140,      0.3140,      0.3140,      0.2460,      0.2460,      0.2460,      0.2460,      0.2460,      0.2460,      0.2460,      0.2460,      0.2020,      0.2020,      0.2020,      0.2020,      0.2020,      0.2020,      0.1780,      0.1780,      0.1780,      0.1780,      0.1780,      0.2390,      0.2390,      0.2390,      0.1600,      0.1600,      0.1600,      0.1880,      0.1880,      0.1700,      0.1700,      0.2020,      0.2050,      0.2050,      0.1340,      0.1340,      0.1650,      0.1650,      0.1650,      0.1840,      0.1840,      0.1840,      0.2250,      0.2250,      0.2350,      0.2350,      0.2080,      0.2080,      0.2080,      0.2170,      0.2170,      0.2170,      0.2540,      0.2540,      0.1160,      0.1160,      0.1160,      0.0840,      0.0840,      0.0840,      0.1040,      0.1040,      0.1040,      0.1040,      0.1040,      0.1260,      0.1260,      0.1260,      0.1260,      0.1260,      0.1360,      0.1360,      0.1360,      0.1360,      0.1580,      0.1580,      0.1580,      0.1580,      0.1580,      0.1830,      0.1830,      0.1830,      0.1830,      0.1210,      0.1210,      0.1210,      0.0980,      0.0980,      0.1070,      0.1070,      0.1070,      0.1160,      0.1160,      0.1190,      0.1170,      0.1210,      0.1430,      0.1440,      0.0570,     -0.0160,     -0.0480,     -0.0640,     -0.0430,     -0.0330,     -0.0380,     -0.0290,     -0.0150,     -0.0060,      0.0270,      0.0130,      0.0060,      0.0010,      0.0010,      0.0010,      0.0010,      0.0010,      0.0010,      0.0010
================
P [mbar]       ,    0.1004,    0.1015,    0.1034,    0.1069,    0.1130,    0.1239,    0.1432,    0.1740,    0.2226,    0.3028,    0.4349,    0.6529,    1.0121,    1.6044,    2.4646,    3.4606,    4.3994,    5.2226,    5.8426,    6.2132,    6.3980,    6.4686,    6.5039,    6.5168
Temp initial[K],  163.5827,  163.6723,  163.8293,  164.1029,  164.5732,  165.3648,  166.6602,  168.4872,  170.9519,  174.2721,  178.5564,  183.8814,  190.3071,  197.9049,  205.8548,  212.8059,  218.1105,  222.1140,  224.8330,  226.3589,  227.0949,  227.3721,  227.5098,  227.5598
================
it   ,   tau    ,  Tsfc    ,   alb    ,   OLR    ,    ASR   ,  NET top ,  NET bot , T lev  01, T lev  02, T lev  03, T lev  04, T lev  05, T lev  06, T lev  07, T lev  08, T lev  09, T lev  10, T lev  11, T lev  12, T lev  13, T lev  14, T lev  15, T lev  16, T lev  17, T lev  18, T lev  19, T lev  20, T lev  21, T lev  22, T lev  23, T lev  24, T lev  25,  OLR IR01,  OLR IR02,  OLR IR03,  OLR IR04,  OLR IR05,  OLR IR06,  OLR IR07,  OLR IR08,  OLR IR09,  OLR IR10,  OLR IR11,  OLR IR12,  OLR IR13,  OLR IR14,  OLR IR15,  OLR IR16,  OLR IR17,  OLR IR18,  OLR IR19,  OLR IR20,  OLR IR21,  OLR IR22,  OLR IR23,  OLR IR24,  OLR IR25,  OLR IR26,  OLR IR27,  OLR IR28,  OLR IR29,  OLR IR30,  OLR IR31,  OLR IR32,  OLR IR33,  OLR IR34,  OLR IR35,  OLR IR36,  OLR IR37,  OLR IR38,  OLR IR39,  OLR IR40,  OLR IR41,  OLR IR42,  OLR IR43,  OLR IR44,  OLR IR45,  OLR IR46,  OLR IR47,  OLR IR48,  OLR IR49,  OLR IR50,  OLR IR51,  OLR IR52,  OLR IR53,  OLR IR54,  OLR IR55,  OLR IR56,  OLR IR57,  OLR IR58,  OLR IR59,  OLR IR60,  OLR IR61,  OLR IR62,  OLR IR63,  OLR IR64,  OLR IR65,  OLR IR66,  OLR IR67,  OLR IR68,  OLR IR69,  OLR IR70,  OLR IR71,  OLR IR72,  OLR IR73,  OLR IR74,  OLR IR75,  OLR IR76,  OLR IR77,  OLR IR78,  OLR IR79,  OLR IR80,  OLR IR81,  OLR IR82,  OLR IR83,  OLR IR84,  OLR IR85,  OLR IR86,  OLR IR87,  OLR IR88,  OLR IR89,  OLR IR90,  OLR IR91,  OLR IR92,  OLR IR93,  OLR IR94,  OLR IR95,  OLR IR96, ASR VIS01, ASR VIS02, ASR VIS03, ASR VIS04, ASR VIS05, ASR VIS06, ASR VIS07, ASR VIS08, ASR VIS09, ASR VIS10, ASR VIS11, ASR VIS12, ASR VIS13, ASR VIS14, ASR VIS15, ASR VIS16, ASR VIS17, ASR VIS18, ASR VIS19, ASR VIS20, ASR VIS21, ASR VIS22, ASR VIS23, ASR VIS24, ASR VIS25, ASR VIS26, ASR VIS27, ASR VIS28, ASR VIS29, ASR VIS30, ASR VIS31, ASR VIS32, ASR VIS33, ASR VIS34, ASR VIS35, ASR VIS36, ASR VIS37, ASR VIS38, ASR VIS39, ASR VIS40, ASR VIS41, ASR VIS42, ASR VIS43, ASR VIS44, ASR VIS45, ASR VIS46, ASR VIS47, ASR VIS48, ASR VIS49, ASR VIS50, ASR VIS51, ASR VIS52, ASR VIS53, ASR VIS54, ASR VIS55, ASR VIS56, ASR VIS57, ASR VIS58, ASR VIS59, ASR VIS60, ASR VIS61, ASR VIS62, ASR VIS63, ASR VIS64, ASR VIS65, ASR VIS66, ASR VIS67, ASR VIS68, ASR VIS69, ASR VIS70, ASR VIS71, ASR VIS72, ASR VIS73, ASR VIS74, ASR VIS75, ASR VIS76, ASR VIS77, ASR VIS78, ASR VIS79, ASR VIS80, ASR VIS81, ASR VIS82, ASR VIS83, ASR VIS84, SFC DIR01, SFC DIR02, SFC DIR03, SFC DIR04, SFC DIR05, SFC DIR06, SFC DIR07, SFC DIR08, SFC DIR09, SFC DIR10, SFC DIR11, SFC DIR12, SFC DIR13, SFC DIR14, SFC DIR15, SFC DIR16, SFC DIR17, SFC DIR18, SFC DIR19, SFC DIR20, SFC DIR21, SFC DIR22, SFC DIR23, SFC DIR24, SFC DIR25, SFC DIR26, SFC DIR27, SFC DIR28, SFC DIR29, SFC DIR30, SFC DIR31, SFC DIR32, SFC DIR33, SFC DIR34, SFC DIR35, SFC DIR36, SFC DIR37, SFC DIR38, SFC DIR39, SFC DIR40, SFC DIR41, SFC DIR42, SFC DIR43, SFC DIR44, SFC DIR45, SFC DIR46, SFC DIR47, SFC DIR48, SFC DIR49, SFC DIR50, SFC DIR51, SFC DIR52, SFC DIR53, SFC DIR54, SFC DIR55, SFC DIR56, SFC DIR57, SFC DIR58, SFC DIR59, SFC DIR60, SFC DIR61, SFC DIR62, SFC DIR63, SFC DIR64, SFC DIR65, SFC DIR66, SFC DIR67, SFC DIR68, SFC DIR69, SFC DIR70, SFC DIR71, SFC DIR72, SFC DIR73, SFC DIR74, SFC DIR75, SFC DIR76, SFC DIR77, SFC DIR78, SFC DIR79, SFC DIR80, SFC DIR81, SFC DIR82, SFC DIR83, SFC DIR84, SFC DIR85, SFC DIR86, SFC DIR87, SFC DIR88, SFC DIR89, SFC DIR90, SFC DIR91, SFC DIR92, SFC DIR93, SFC DIR94, SFC DIR95, SFC DIR96,SFC DVIS01,SFC DVIS02,SFC DVIS03,SFC DVIS04,SFC DVIS05,SFC DVIS06,SFC DVIS07,SFC DVIS08,SFC DVIS09,SFC DVIS10,SFC DVIS11,SFC DVIS12,SFC DVIS13,SFC DVIS14,SFC DVIS15,SFC DVIS16,SFC DVIS17,SFC DVIS18,SFC DVIS19,SFC DVIS20,SFC DVIS21,SFC DVIS22,SFC DVIS23,SFC DVIS24,SFC DVIS25,SFC DVIS26,SFC DVIS27,SFC DVIS28,SFC DVIS29,SFC DVIS30,SFC DVIS31,SFC DVIS32,SFC DVIS33,SFC DVIS34,SFC DVIS35,SFC DVIS36,SFC DVIS37,SFC DVIS38,SFC DVIS39,SFC DVIS40,SFC DVIS41,SFC DVIS42,SFC DVIS43,SFC DVIS44,SFC DVIS45,SFC DVIS46,SFC DVIS47,SFC DVIS48,SFC DVIS49,SFC DVIS50,SFC DVIS51,SFC DVIS52,SFC DVIS53,SFC DVIS54,SFC DVIS55,SFC DVIS56,SFC DVIS57,SFC DVIS58,SFC DVIS59,SFC DVIS60,SFC DVIS61,SFC DVIS62,SFC DVIS63,SFC DVIS64,SFC DVIS65,SFC DVIS66,SFC DVIS67,SFC DVIS68,SFC DVIS69,SFC DVIS70,SFC DVIS71,SFC DVIS72,SFC DVIS73,SFC DVIS74,SFC DVIS75,SFC DVIS76,SFC DVIS77,SFC DVIS78,SFC DVIS79,SFC DVIS80,SFC DVIS81,SFC DVIS82,SFC DVIS83,SFC DVIS84
    2,    0.0000,  227.5722,    0.2192,  139.8688,  115.8602,  -23.5218,  -14.0680,  158.4330,  163.5827,  163.6723,  163.8293,  164.1029,  164.5732,  165.3648,  166.6602,  168.4872,  170.9519,  174.2721,  178.5564,  183.8814,  190.3071,  197.9049,  205.8548,  212.8059,  218.1105,  222.1140,  224.8330,  226.3589,  227.0949,  227.3721,  227.5098,  227.5598,    0.0705,    0.2675,    0.5658,    0.9364,    1.3541,    1.7971,    2.2470,    2.6886,    3.1100,    3.5012,    3.8550,    4.1668,    3.7991,    3.9662,    4.1036,    4.2111,    4.2902,    4.3412,    4.3666,    4.3674,    4.3455,    4.3031,    4.2365,    4.1377,    1.4329,    1.4160,    1.3937,    1.3544,    1.3064,    1.2531,    1.1042,    1.0903,    1.0331,    0.8812,    0.8657,    0.6804,    0.4286,    0.3613,    0.2973,    0.2859,    0.2660,    0.2237,    0.2586,    0.2615,    0.2793,    0.3166,    0.3804,    0.4522,    0.5746,    0.6344,    0.5305,    0.6851,    0.6744,    0.6698,    0.6769,    0.7426,    0.7550,    0.7683,    0.7700,    0.7628,    2.0538,    1.9716,    1.9052,    1.8274,    1.7484,    1.6691,    1.5919,    1.5151,    1.4407,    1.3665,    1.2937,    1.2291,    1.8278,    1.6842,    1.5339,    1.3924,    1.2741,    1.1725,    1.0662,    0.9681,    0.8777,    0.7928,    0.7079,    0.6374,    1.5840,    1.1437,    0.8293,    0.5901,    0.4167,    0.2922,    0.2036,    0.1383,    0.0940,    0.0622,    0.0416,    0.0303,    0.0906,    0.0482,    0.0759,    0.0854,    0.0957,    0.0892,    0.0975,    0.1096,    0.0962,    0.1325,    0.1172,    0.1283,    0.1417,    0.1155,    0.1680,    0.1868,    0.1536,    0.1833,    0.2065,    0.2237,    0.2252,    0.1502,    0.2398,    0.2533,    0.3110,    0.3324,    0.3440,    0.3658,    0.3756,    0.3940,    0.4010,    0.4565,    0.4953,    0.4717,    0.4852,    0.4943,    0.8433,    0.9209,    0.9663,    0.9993,    1.0234,    1.1077,    1.0381,    1.1064,    1.0804,    1.1314,    1.0733,    1.1507,    2.4780,    2.4450,    2.4989,    2.5384,    2.5644,    2.4626,    2.5489,    2.6139,    2.6670,    2.4800,    2.4441,    2.5380,    6.4157,    6.1123,    6.0433,    5.8603,    5.4132,    5.0767,    4.4565,    4.0997,    3.9404,    3.4535,    2.6528,    2.4637,    1.8993,    1.7458,    1.3311,    1.2705,    0.8565,    0.6215,    0.5021,    0.2015,    0.1776,    0.1261,    0.0437,    0.0355,    0.0000,    0.0000,    0.0000,    0.0000,    0.0000,    0.0000,    0.0000,    0.0000,    0.0000,    0.0000,    0.0000,    0.0000,    0.0000,    0.0000,    0.0000,    0.0000,    0.0000,    0.0000,    0.0000,    0.0004,    0.0013,    0.0042,    0.0316,    0.1224,    0.0337,    0.0553,    0.0951,    0.1939,    0.3170,    0.4390,    0.7874,    0.8078,    0.8986,    1.0611,    1.1127,    1.2540,    0.9696,    0.9641,    0.9572,    0.9473,    0.9378,    0.9287,    0.9178,    0.9074,    0.8966,    0.8844,    0.8683,    0.8421,    0.8025,    0.6764,    0.7395,    0.4977,    0.5022,    0.4908,    0.4247,    0.2470,    0.1814,    0.1031,    0.0612,    0.0469,    0.0933,    0.0788,    0.0260,    0.0119,    0.0030,    0.0028,    0.0017,    0.0056,    0.0100,    0.0182,    0.0292,    0.0235,    0.0278,    0.0056,    0.0259,    0.0458,    0.0328,    0.0004,    0.0000,    0.0000,    0.0000,    0.0031,    0.0165,    0.0171,    0.0171,    0.0171,    0.0000,    0.0000,    0.0000,    0.0000,    0.0000,    0.0035,    0.0040,    0.0054,    0.0048,    0.0010,    0.0230,    0.0000,    0.0598,    0.1073,    0.1213,    0.1109,    0.1245,    0.1385,    0.1233,    0.1698,    0.1501,    0.1645,    0.1806,    0.1466,    0.2118,    0.2312,    0.1878,    0.1215,    0.0145,    0.0325,    0.1583,    0.1897,    0.3065,    0.3218,    0.3984,    0.4260,    0.4410,    0.4686,    0.4796,    0.4909,    0.4572,    0.4157,    0.3661,    0.4375,    0.6076,    0.6165,    1.0804,    1.1803,    1.2358,    1.2540,    1.2316,    1.3659,    1.3119,    1.3949,    1.2823,    1.4502,    1.3714,    1.4595,    3.1611,    3.0848,    3.2030,    3.2531,    3.2743,    3.1567,    3.2678,    3.3511,    3.4192,    3.1776,    3.1334,    3.2539,    8.2247,    7.8363,    7.7478,    7.5132,    6.9399,    6.5086,    5.7135,    5.2561,    5.0518,    4.4276,    3.4010,    3.1586,    2.4350,    2.2382,    1.7066,    1.6288,    1.0981,    0.7968,    0.6438,    0.2584,    0.2277,    0.1616,    0.0560,    0.0455
    2,    0.0500,  227.5722,    0.2292,  125.7802,  114.3844,  -10.9083,    2.0218,  158.4330,  163.5827,  163.6723,  163.8293,  164.1029,  164.5732,  165.3648,  166.6602,  168.4872,  170.9519,  174.2721,  178.5564,  183.8814,  190.3071,  197.9049,  205.8548,  212.8059,  218.1105,  222.1140,  224.8330,  226.3589,  227.0949,  227.3721,  227.5098,  227.5598,    0.0652,    0.2468,    0.5213,    0.8614,    1.2435,    1.6475,    2.0563,    2.5152,    3.0019,    3.3047,    3.1144,    3.2393,    3.2672,    3.5010,    3.6603,    3.8636,    3.9532,    3.8820,    3.8386,    3.9261,    3.9301,    3.7569,    3.5566,    3.5332,    1.2337,    1.2314,    1.2138,    1.1827,    1.1474,    1.1079,    0.9986,    0.9880,    0.9528,    0.8247,    0.8148,    0.6585,    0.4202,    0.3568,    0.2953,    0.2842,    0.2647,    0.2232,    0.2573,    0.2600,    0.2773,    0.3127,    0.3722,    0.4371,    0.5483,    0.5977,    0.5045,    0.6366,    0.6273,    0.6249,    0.6285,    0.6816,    0.6902,    0.6993,    0.7027,    0.6956,    1.8716,    1.7992,    1.7365,    1.6647,    1.5914,    1.5188,    1.4532,    1.3830,    1.3149,    1.2325,    1.1669,    1.1083,    1.6398,    1.5100,    1.3865,    1.2591,    1.1734,    1.0788,    0.9809,    0.9011,    0.8169,    0.7379,    0.6541,    0.5889,    1.4435,    1.0420,    0.7552,    0.5418,    0.3825,    0.2741,    0.1910,    0.1292,    0.0878,    0.0582,    0.0392,    0.0285,    0.0890,    0.0480,    0.0740,    0.0824,    0.0924,    0.0861,    0.0942,    0.1059,    0.0930,    0.1280,    0.1133,    0.1241,    0.1378,    0.1123,    0.1635,    0.1817,    0.1495,    0.1793,    0.2047,    0.2212,    0.2215,    0.1465,    0.2340,    0.2472,    0.3034,    0.3243,    0.3356,    0.3569,    0.3665,    0.3846,    0.3938,    0.4490,    0.4878,    0.4639,    0.4762,    0.4852,    0.8275,    0.9037,    0.9482,    0.9808,    1.0048,    1.0896,    1.0210,    1.0882,    1.0631,    1.1127,    1.0555,    1.1317,    2.4370,    2.4047,    2.4574,    2.4963,    2.5220,    2.4254,    2.5104,    2.5744,    2.6267,    2.4425,    2.4072,    2.4997,    6.3190,    6.0201,    5.9522,    5.7720,    5.3316,    5.0003,    4.3895,    4.0381,    3.9495,    3.4615,    2.6590,    2.4695,    1.9038,    1.7501,    1.3345,    1.2737,    0.8588,    0.6233,    0.5036,    0.2022,    0.1782,    0.1265,    0.0439,    0.0357,    0.0165,    0.0624,    0.1312,    0.2159,    0.3104,    0.4095,    0.5089,    0.4077,    0.3126,    0.5493,    1.5668,    1.5907,    0.7850,    0.6528,    0.6030,    0.4816,    0.4667,    0.6326,    0.7405,    0.6733,    0.6618,    0.8125,    0.9554,    0.8980,    0.2870,    0.2858,    0.3161,    0.3963,    0.4949,    0.5925,    0.8789,    0.8919,    0.9617,    1.0965,    1.1366,    1.2555,    0.9697,    0.9641,    0.9572,    0.9473,    0.9378,    0.9287,    0.9178,    0.9074,    0.8966,    0.8844,    0.8684,    0.8431,    0.8099,    0.6959,    0.7521,    0.5346,    0.5372,    0.5240,    0.4644,    0.3049,    0.2456,    0.1750,    0.1342,    0.1203,    0.2933,    0.2780,    0.2220,    0.2005,    0.1908,    0.1817,    0.1585,    0.1543,    0.1508,    0.1652,    0.1672,    0.1548,    0.2303,    0.1935,    0.1809,    0.1847,    0.1366,    0.0977,    0.0884,    0.0690,    0.0625,    0.0593,    0.0714,    0.0663,    0.1598,    0.1195,    0.0745,    0.0482,    0.0339,    0.0179,    0.0124,    0.0123,    0.0100,    0.0093,    0.0070,    0.0026,    0.0218,    0.0000,    0.0567,    0.1016,    0.1150,    0.1051,    0.1189,    0.1322,    0.1177,    0.1621,    0.1433,    0.1571,    0.1736,    0.1409,    0.2035,    0.2222,    0.1805,    0.1168,    0.0140,    0.0312,    0.1525,    0.1828,    0.2955,    0.3102,    0.3840,    0.4106,    0.4251,    0.4517,    0.4623,    0.4732,    0.4445,    0.4041,    0.3560,    0.4254,    0.5908,    0.5994,    1.0505,    1.1476,    1.2015,    1.2192,    1.1974,    1.3301,    1.2775,    1.3584,    1.2487,    1.4123,    1.3355,    1.4213,    3.0784,    3.0041,    3.1191,    3.1679,    3.1886,    3.0435,    3.1506,    3.2310,    3.2966,    3.0637,    3.0211,    3.1372,    7.9298,    7.5553,    7.4700,    7.2439,    6.6911,    6.2753,    5.5087,    5.0677,    4.8397,    4.2416,    3.2581,    3.0258,    2.3326,    2.1441,    1.6347,    1.5602,    1.0519,    0.7633,    0.6166,    0.2475,    0.2181,    0.1548,    0.0537,    0.0436
    2,    0.1000,  227.5722,    0.2383,  115.5154,  113.0213,   -2.0059,   13.4240,  158.4330,  163.5827,  163.6723,  163.8293,  164.1029,  164.5732,  165.3648,  166.6602,  168.4872,  170.9519,  174.2721,  178.5564,  183.8814,  190.3071,  197.9049,  205.8548,  212.8059,  218.1105,  222.1140,  224.8330,  226.3589,  227.0949,  227.3721,  227.5098,  227.5598,    0.0617,    0.2333,    0.4920,    0.8116,    1.1696,    1.5469,    1.9272,    2.3821,    2.9092,    3.1503,    2.7682,    2.8091,    2.9128,    3.1637,    3.3274,    3.5845,    3.6793,    3.5347,    3.4566,    3.5932,    3.6129,    3.3704,    3.1094,    3.1143,    1.0925,    1.0974,    1.0828,    1.0571,    1.0301,    0.9997,    0.9173,    0.9087,    0.8884,    0.7784,    0.7722,    0.6387,    0.4123,    0.3524,    0.2934,    0.2826,    0.2635,    0.2227,    0.2560,    0.2585,    0.2753,    0.3090,    0.3645,    0.4232,    0.5250,    0.5660,    0.4819,    0.5959,    0.5876,    0.5866,    0.5877,    0.6310,    0.6367,    0.6426,    0.6471,    0.6401,    1.7212,    1.6570,    1.5975,    1.5307,    1.4624,    1.3951,    1.3380,    1.2732,    1.2103,    1.1233,    1.0636,    1.0099,    1.4880,    1.3692,    1.2654,    1.1495,    1.0875,    0.9991,    0.9083,    0.8428,    0.7639,    0.6901,    0.6078,    0.5472,    1.3255,    0.9566,    0.6928,    0.5006,    0.3533,    0.2580,    0.1797,    0.1212,    0.0824,    0.0546,    0.0371,    0.0269,    0.0876,    0.0479,    0.0722,    0.0798,    0.0895,    0.0834,    0.0913,    0.1026,    0.0901,    0.1240,    0.1097,    0.1202,    0.1343,    0.1094,    0.1592,    0.1771,    0.1456,    0.1757,    0.2029,    0.2188,    0.2180,    0.1432,    0.2286,    0.2415,    0.2964,    0.3168,    0.3279,    0.3487,    0.3581,    0.3758,    0.3871,    0.4419,    0.4807,    0.4565,    0.4677,    0.4766,    0.8127,    0.8875,    0.9312,    0.9634,    0.9872,    1.0726,    1.0049,    1.0710,    1.0466,    1.0950,    1.0387,    1.1138,    2.3983,    2.3668,    2.4183,    2.4566,    2.4820,    2.3911,    2.4749,    2.5381,    2.5896,    2.4080,    2.3732,    2.4644,    6.2297,    5.9352,    5.8682,    5.6907,    5.2566,    4.9300,    4.3279,    3.9815,    3.9588,    3.4698,    2.6654,    2.4756,    1.9086,    1.7546,    1.3380,    1.2773,    0.8613,    0.6252,    0.5052,    0.2028,    0.1788,    0.1270,    0.0441,    0.0358,    0.0289,    0.1090,    0.2293,    0.3776,    0.5429,    0.7164,    0.8905,    0.7449,    0.5902,    1.0025,    2.4289,    2.4844,    1.3621,    1.1615,    1.0841,    0.8871,    0.8630,    1.1396,    1.3138,    1.2127,    1.1952,    1.4257,    1.6130,    1.4704,    0.4773,    0.4620,    0.4853,    0.5508,    0.6311,    0.7103,    0.9499,    0.9574,    1.0120,    1.1249,    1.1559,    1.2568,    0.9698,    0.9642,    0.9572,    0.9473,    0.9378,    0.9287,    0.9178,    0.9074,    0.8966,    0.8844,    0.8685,    0.8440,    0.8162,    0.7125,    0.7629,    0.5656,    0.5666,    0.5521,    0.4979,    0.3535,    0.2992,    0.2349,    0.1955,    0.1818,    0.4612,    0.4457,    0.3870,    0.3591,    0.3486,    0.3319,    0.2911,    0.2799,    0.2697,    0.2867,    0.2812,    0.2633,    0.3962,    0.3473,    0.3095,    0.2998,    0.2256,    0.1809,    0.1640,    0.1292,    0.1171,    0.1084,    0.1187,    0.1088,    0.2799,    0.2057,    0.1372,    0.0893,    0.0629,    0.0337,    0.0234,    0.0201,    0.0152,    0.0126,    0.0090,    0.0041,    0.0206,    0.0000,    0.0538,    0.0965,    0.1091,    0.0998,    0.1137,    0.1265,    0.1125,    0.1550,    0.1370,    0.1502,    0.1670,    0.1356,    0.1958,    0.2138,    0.1737,    0.1123,    0.0135,    0.0301,    0.1472,    0.1764,    0.2851,    0.2993,    0.3705,    0.3962,    0.4101,    0.4358,    0.4461,    0.4565,    0.4325,    0.3931,    0.3463,    0.4138,    0.5747,    0.5831,    1.0219,    1.1164,    1.1689,    1.1861,    1.1649,    1.2959,    1.2446,    1.3235,    1.2166,    1.3760,    1.3012,    1.3847,    2.9992,    2.9268,    3.0389,    3.0864,    3.1066,    2.9361,    3.0395,    3.1170,    3.1803,    2.9556,    2.9145,    3.0266,    7.6502,    7.2889,    7.2067,    6.9885,    6.4554,    6.0542,    5.3147,    4.8893,    4.6382,    4.0650,    3.1225,    2.8999,    2.2355,    2.0549,    1.5667,    1.4953,    1.0082,    0.7316,    0.5910,    0.2372,    0.2091,    0.1484,    0.0515,    0.0418
    2,    0.1500,  227.5722,    0.2469,  107.6048,  111.7550,    4.6391,   21.7663,  158.4330,  163.5827,  163.6723,  163.8293,  164.1029,  164.5732,  165.3648,  166.6602,  168.4872,  170.9519,  174.2721,  178.5564,  183.8814,  190.3071,  197.9049,  205.8548,  212.8059,  218.1105,  222.1140,  224.8330,  226.3589,  227.0949,  227.3721,  227.5098,  227.5598,    0.0593,    0.2241,    0.4718,    0.7771,    1.1179,    1.4760,    1.8357,    2.2781,    2.8291,    3.0264,    2.5720,    2.5733,    2.6661,    2.9121,    3.0714,    3.3571,    3.4538,    3.2659,    3.1715,    3.3357,    3.3650,    3.0862,    2.7985,    2.8113,    0.9885,    0.9966,    0.9841,    0.9621,    0.9407,    0.9164,    0.8530,    0.8455,    0.8356,    0.7397,    0.7361,    0.6208,    0.4050,    0.3483,    0.2916,    0.2810,    0.2622,    0.2222,    0.2548,    0.2570,    0.2733,    0.3054,    0.3573,    0.4106,    0.5041,    0.5384,    0.4620,    0.5610,    0.5536,    0.5537,    0.5528,    0.5883,    0.5919,    0.5954,    0.6005,    0.5937,    1.5953,    1.5381,    1.4813,    1.4187,    1.3548,    1.2920,    1.2410,    1.1806,    1.1222,    1.0330,    0.9781,    0.9283,    1.3631,    1.2533,    1.1643,    1.0578,    1.0136,    0.9304,    0.8457,    0.7916,    0.7174,    0.6481,    0.5677,    0.5110,    1.2251,    0.8838,    0.6396,    0.4650,    0.3281,    0.2436,    0.1696,    0.1140,    0.0775,    0.0514,    0.0352,    0.0255,    0.0863,    0.0478,    0.0706,    0.0775,    0.0868,    0.0810,    0.0886,    0.0997,    0.0875,    0.1204,    0.1065,    0.1167,    0.1310,    0.1068,    0.1554,    0.1728,    0.1421,    0.1723,    0.2012,    0.2166,    0.2147,    0.1401,    0.2237,    0.2363,    0.2900,    0.3099,    0.3208,    0.3411,    0.3503,    0.3678,    0.3807,    0.4352,    0.4739,    0.4495,    0.4597,    0.4685,    0.7987,    0.8722,    0.9153,    0.9470,    0.9707,    1.0564,    0.9896,    1.0548,    1.0311,    1.0782,    1.0229,    1.0969,    2.3618,    2.3309,    2.3814,    2.4190,    2.4441,    2.3594,    2.4421,    2.5044,    2.5553,    2.3762,    2.3418,    2.4318,    6.1473,    5.8567,    5.7907,    5.6155,    5.1872,    4.8650,    4.2709,    3.9292,    3.9676,    3.4776,    2.6715,    2.4814,    1.9132,    1.7590,    1.3415,    1.2807,    0.8637,    0.6270,    0.5068,    0.2035,    0.1795,    0.1275,    0.0442,    0.0360,    0.0382,    0.1442,    0.3035,    0.4997,    0.7188,    0.9488,    1.1797,    1.0258,    0.8370,    1.3780,    2.9283,    3.0257,    1.8017,    1.5686,    1.4767,    1.2329,    1.2035,    1.5544,    1.7693,    1.6525,    1.6323,    1.9031,    2.1016,    1.9090,    0.6252,    0.6010,    0.6187,    0.6726,    0.7385,    0.8035,    1.0062,    1.0096,    1.0528,    1.1480,    1.1717,    1.2579,    0.9699,    0.9642,    0.9572,    0.9473,    0.9378,    0.9287,    0.9178,    0.9074,    0.8966,    0.8844,    0.8686,    0.8448,    0.8218,    0.7267,    0.7721,    0.5921,    0.5918,    0.5763,    0.5265,    0.3947,    0.3447,    0.2856,    0.2477,    0.2343,    0.6042,    0.5888,    0.5277,    0.4944,    0.4829,    0.4598,    0.4046,    0.3875,    0.3715,    0.3888,    0.3771,    0.3545,    0.5347,    0.4757,    0.4179,    0.3970,    0.3027,    0.2531,    0.2295,    0.1824,    0.1652,    0.1517,    0.1599,    0.1458,    0.3825,    0.2793,    0.1907,    0.1248,    0.0878,    0.0479,    0.0333,    0.0269,    0.0198,    0.0156,    0.0108,    0.0055,    0.0196,    0.0000,    0.0511,    0.0917,    0.1038,    0.0949,    0.1089,    0.1211,    0.1078,    0.1485,    0.1312,    0.1439,    0.1609,    0.1306,    0.1886,    0.2060,    0.1673,    0.1082,    0.0130,    0.0290,    0.1421,    0.1704,    0.2753,    0.2890,    0.3578,    0.3826,    0.3961,    0.4208,    0.4308,    0.4409,    0.4209,    0.3826,    0.3371,    0.4028,    0.5594,    0.5676,    0.9947,    1.0867,    1.1378,    1.1545,    1.1339,    1.2631,    1.2132,    1.2900,    1.1858,    1.3412,    1.2683,    1.3497,    2.9233,    2.8528,    2.9621,    3.0084,    3.0280,    2.8341,    2.9339,    3.0087,    3.0698,    2.8530,    2.8133,    2.9215,    7.3845,    7.0358,    6.9565,    6.7460,    6.2314,    5.8442,    5.1304,    4.7198,    4.4459,    3.8966,    2.9931,    2.7798,    2.1430,    1.9699,    1.5020,    1.4335,    0.9665,    0.7014,    0.5667,    0.2274,    0.2005,    0.1423,    0.0493,    0.0401
    2,    0.2000,  227.5722,    0.2548,  101.2824,  110.5767,    9.7840,   27.9730,  158.4330,  163.5827,  163.6723,  163.8293,  164.1029,  164.5732,  165.3648,  166.6602,  168.4872,  170.9519,  174.2721,  178.5564,  183.8814,  190.3071,  197.9049,  205.8548,  212.8059,  218.1105,  222.1140,  224.8330,  226.3589,  227.0949,  227.3721,  227.5098,  227.5598,    0.0577,    0.2175,    0.4572,    0.7519,    1.0801,    1.4238,    1.7679,    2.1953,    2.7593,    2.9249,    2.4431,    2.4247,    2.4880,    2.7198,    2.8707,    3.1696,    3.2661,    3.0537,    2.9530,    3.1321,    3.1670,    2.8704,    2.5725,    2.5841,    0.9095,    0.9188,    0.9077,    0.8883,    0.8706,    0.8506,    0.8008,    0.7940,    0.7917,    0.7070,    0.7049,    0.6045,    0.3981,    0.3443,    0.2898,    0.2795,    0.2610,    0.2217,    0.2536,    0.2556,    0.2714,    0.3020,    0.3505,    0.3990,    0.4853,    0.5140,    0.4444,    0.5310,    0.5241,    0.5250,    0.5227,    0.5519,    0.5537,    0.5554,    0.5609,    0.5543,    1.4886,    1.4375,    1.3830,    1.3239,    1.2639,    1.2048,    1.1584,    1.1018,    1.0470,    0.9572,    0.9063,    0.8598,    1.2587,    1.1564,    1.0787,    0.9802,    0.9492,    0.8707,    0.7913,    0.7462,    0.6763,    0.6109,    0.5324,    0.4793,    1.1387,    0.8211,    0.5937,    0.4340,    0.3061,    0.2306,    0.1606,    0.1076,    0.0732,    0.0485,    0.0335,    0.0243,    0.0851,    0.0477,    0.0692,    0.0753,    0.0845,    0.0788,    0.0862,    0.0969,    0.0851,    0.1171,    0.1036,    0.1134,    0.1279,    0.1043,    0.1518,    0.1688,    0.1389,    0.1691,    0.1996,    0.2144,    0.2117,    0.1372,    0.2190,    0.2314,    0.2840,    0.3035,    0.3142,    0.3341,    0.3431,    0.3603,    0.3748,    0.4288,    0.4675,    0.4429,    0.4522,    0.4609,    0.7856,    0.8579,    0.9002,    0.9316,    0.9551,    1.0412,    0.9752,    1.0394,    1.0164,    1.0624,    1.0079,    1.0809,    2.3272,    2.2969,    2.3464,    2.3835,    2.4083,    2.3301,    2.4118,    2.4733,    2.5236,    2.3467,    2.3127,    2.4016,    6.0710,    5.7840,    5.7189,    5.5460,    5.1231,    4.8049,    4.2183,    3.8809,    3.9759,    3.4850,    2.6773,    2.4869,    1.9176,    1.7631,    1.3448,    1.2840,    0.8661,    0.6288,    0.5083,    0.2042,    0.1801,    0.1279,    0.0444,    0.0361,    0.0453,    0.1709,    0.3599,    0.5928,    0.8529,    1.1261,    1.4005,    1.2609,    1.0568,    1.6903,    3.2263,    3.3661,    2.1446,    1.9004,    1.8025,    1.5309,    1.4989,    1.8992,    2.1381,    2.0157,    1.9943,    2.2816,    2.4751,    2.2540,    0.7429,    0.7130,    0.7262,    0.7707,    0.8251,    0.8786,    1.0518,    1.0519,    1.0863,    1.1670,    1.1848,    1.2590,    0.9700,    0.9642,    0.9572,    0.9473,    0.9378,    0.9287,    0.9178,    0.9074,    0.8966,    0.8845,    0.8687,    0.8456,    0.8267,    0.7391,    0.7801,    0.6149,    0.6135,    0.5973,    0.5513,    0.4302,    0.3838,    0.3291,    0.2927,    0.2795,    0.7274,    0.7123,    0.6490,    0.6111,    0.5985,    0.5699,    0.5028,    0.4806,    0.4596,    0.4759,    0.4589,    0.4322,    0.6520,    0.5843,    0.5106,    0.4800,    0.3701,    0.3161,    0.2868,    0.2296,    0.2079,    0.1902,    0.1961,    0.1783,    0.4710,    0.3428,    0.2370,    0.1557,    0.1096,    0.0606,    0.0421,    0.0331,    0.0239,    0.0183,    0.0124,    0.0067,    0.0186,    0.0000,    0.0487,    0.0873,    0.0988,    0.0903,    0.1044,    0.1161,    0.1034,    0.1424,    0.1258,    0.1380,    0.1551,    0.1259,    0.1819,    0.1986,    0.1613,    0.1043,    0.0125,    0.0279,    0.1373,    0.1647,    0.2661,    0.2793,    0.3458,    0.3698,    0.3828,    0.4067,    0.4163,    0.4261,    0.4099,    0.3726,    0.3283,    0.3922,    0.5448,    0.5527,    0.9688,    1.0583,    1.1081,    1.1243,    1.1042,    1.2316,    1.1830,    1.2579,    1.1563,    1.3078,    1.2367,    1.3161,    2.8506,    2.7818,    2.8884,    2.9335,    2.9527,    2.7371,    2.8335,    2.9058,    2.9648,    2.7553,    2.7170,    2.8215,    7.1318,    6.7951,    6.7185,    6.5152,    6.0183,    5.6444,    4.9551,    4.5586,    4.2625,    3.7358,    2.8697,    2.6652,    2.0547,    1.8887,    1.4401,    1.3746,    0.9268,    0.6726,    0.5434,    0.2181,    0.1923,    0.1365,    0.0473,    0.0385
    2,    0.3000,  227.5722,    0.2691,   91.7505,  108.4544,   17.1949,   36.1206,  158.4330,  163.5827,  163.6723,  163.8293,  164.1029,  164.5732,  165.3648,  166.6602,  168.4872,  170.9519,  174.2721,  178.5564,  183.8814,  190.3071,  197.9049,  205.8548,  212.8059,  218.1105,  222.1140,  224.8330,  226.3589,  227.0949,  227.3721,  227.5098,  227.5598,    0.0554,    0.2086,    0.4376,    0.7178,    1.0283,    1.3518,    1.6737,    2.0726,    2.6438,    2.7686,    2.2768,    2.2412,    2.2526,    2.4502,    2.5808,    2.8815,    2.9740,    2.7440,    2.6439,    2.8332,    2.8721,    2.5658,    2.2683,    2.2698,    0.7984,    0.8076,    0.7981,    0.7818,    0.7686,    0.7538,    0.7215,    0.7152,    0.7224,    0.6542,    0.6540,    0.5760,    0.3855,    0.3369,    0.2864,    0.2765,    0.2587,    0.2207,    0.2513,    0.2529,    0.2677,    0.2954,    0.3381,    0.3784,    0.4529,    0.4731,    0.4144,    0.4817,    0.4758,    0.4776,    0.4734,    0.4931,    0.4926,    0.4917,    0.4977,    0.4913,    1.3182,    1.2770,    1.2263,    1.1727,    1.1192,    1.0659,    1.0256,    0.9749,    0.9259,    0.8374,    0.7926,    0.7514,    1.0945,    1.0041,    0.9421,    0.8560,    0.8429,    0.7721,    0.7013,    0.6697,    0.6067,    0.5480,    0.4737,    0.4263,    0.9976,    0.7186,    0.5186,    0.3824,    0.2695,    0.2082,    0.1449,    0.0966,    0.0657,    0.0436,    0.0304,    0.0220,    0.0829,    0.0475,    0.0667,    0.0717,    0.0804,    0.0750,    0.0819,    0.0921,    0.0808,    0.1113,    0.0984,    0.1078,    0.1225,    0.0999,    0.1454,    0.1618,    0.1331,    0.1634,    0.1965,    0.2104,    0.2062,    0.1321,    0.2108,    0.2227,    0.2733,    0.2921,    0.3023,    0.3215,    0.3302,    0.3469,    0.3638,    0.4171,    0.4556,    0.4307,    0.4384,    0.4469,    0.7614,    0.8315,    0.8725,    0.9032,    0.9265,    1.0130,    0.9486,    1.0111,    0.9892,    1.0332,    0.9802,    1.0514,    2.2635,    2.2343,    2.2820,    2.3181,    2.3423,    2.2779,    2.3577,    2.4179,    2.4670,    2.2940,    2.2608,    2.3478,    5.9349,    5.6545,    5.5909,    5.4219,    5.0086,    4.6977,    4.1243,    3.7946,    3.9912,    3.4987,    2.6880,    2.4970,    1.9256,    1.7708,    1.3508,    1.2900,    0.8703,    0.6321,    0.5111,    0.2054,    0.1812,    0.1288,    0.0447,    0.0364,    0.0548,    0.2070,    0.4361,    0.7187,    1.0346,    1.3669,    1.7011,    1.6251,    1.4278,    2.1683,    3.5232,    3.7300,    2.6351,    2.4043,    2.3092,    2.0169,    1.9846,    2.4357,    2.6923,    2.5731,    2.5508,    2.8326,    2.9967,    2.7554,    0.9167,    0.8812,    0.8877,    0.9178,    0.9552,    0.9916,    1.1203,    1.1157,    1.1373,    1.1961,    1.2050,    1.2607,    0.9701,    0.9643,    0.9572,    0.9473,    0.9378,    0.9287,    0.9178,    0.9074,    0.8966,    0.8845,    0.8689,    0.8468,    0.8350,    0.7596,    0.7933,    0.6521,    0.6489,    0.6319,    0.5918,    0.4882,    0.4475,    0.3998,    0.3664,    0.3535,    0.9290,    0.9143,    0.8474,    0.8018,    0.7867,    0.7491,    0.6643,    0.6337,    0.6045,    0.6164,    0.5907,    0.5576,    0.8399,    0.7583,    0.6607,    0.6145,    0.4826,    0.4212,    0.3822,    0.3098,    0.2805,    0.2555,    0.2569,    0.2329,    0.6162,    0.4469,    0.3128,    0.2071,    0.1457,    0.0825,    0.0573,    0.0436,    0.0310,    0.0229,    0.0152,    0.0088,    0.0169,    0.0000,    0.0443,    0.0795,    0.0900,    0.0823,    0.0964,    0.1072,    0.0954,    0.1314,    0.1162,    0.1273,    0.1446,    0.1174,    0.1695,    0.1851,    0.1504,    0.0971,    0.0117,    0.0260,    0.1285,    0.1542,    0.2491,    0.2615,    0.3237,    0.3462,    0.3584,    0.3808,    0.3898,    0.3989,    0.3893,    0.3538,    0.3118,    0.3725,    0.5174,    0.5250,    0.9201,    1.0052,    1.0524,    1.0679,    1.0487,    1.1725,    1.1262,    1.1975,    1.1007,    1.2450,    1.1774,    1.2530,    2.7138,    2.6483,    2.7498,    2.7928,    2.8110,    2.5567,    2.6467,    2.7142,    2.7693,    2.5737,    2.5379,    2.6355,    6.6618,    6.3473,    6.2758,    6.0860,    5.6219,    5.2728,    4.6289,    4.2587,    3.9202,    3.4359,    2.6393,    2.4513,    1.8899,    1.7373,    1.3248,    1.2646,    0.8527,    0.6189,    0.5001,    0.2007,    0.1769,    0.1256,    0.0436,    0.0354
    2,    0.4000,  227.5722,    0.2816,   84.8600,  106.6027,   22.2350,   40.6427,  158.4330,  163.5827,  163.6723,  163.8293,  164.1029,  164.5732,  165.3648,  166.6602,  168.4872,  170.9519,  174.2721,  178.5564,  183.8814,  190.3071,  197.9049,  205.8548,  212.8059,  218.1105,  222.1140,  224.8330,  226.3589,  227.0949,  227.3721,  227.5098,  227.5598,    0.0540,    0.2029,    0.4247,    0.6952,    0.9938,    1.3034,    1.6100,    1.9863,    2.5522,    2.6530,    2.1698,    2.1259,    2.1058,    2.2737,    2.3851,    2.6734,    2.7600,    2.5317,    2.4378,    2.6249,    2.6632,    2.3609,    2.0723,    2.0637,    0.7247,    0.7325,    0.7239,    0.7092,    0.6983,    0.6861,    0.6639,    0.6576,    0.6703,    0.6135,    0.6138,    0.5517,    0.3743,    0.3302,    0.2832,    0.2736,    0.2564,    0.2198,    0.2490,    0.2503,    0.2642,    0.2894,    0.3270,    0.3606,    0.4258,    0.4400,    0.3898,    0.4431,    0.4378,    0.4399,    0.4346,    0.4480,    0.4459,    0.4434,    0.4496,    0.4435,    1.1887,    1.1552,    1.1076,    1.0580,    1.0097,    0.9607,    0.9239,    0.8777,    0.8331,    0.7474,    0.7070,    0.6697,    0.9718,    0.8902,    0.8381,    0.7613,    0.7588,    0.6941,    0.6302,    0.6076,    0.5503,    0.4969,    0.4267,    0.3839,    0.8874,    0.6384,    0.4597,    0.3414,    0.2403,    0.1896,    0.1318,    0.0875,    0.0595,    0.0395,    0.0279,    0.0201,    0.0810,    0.0472,    0.0645,    0.0687,    0.0770,    0.0719,    0.0783,    0.0881,    0.0773,    0.1063,    0.0941,    0.1030,    0.1179,    0.0961,    0.1399,    0.1557,    0.1281,    0.1583,    0.1936,    0.2068,    0.2014,    0.1276,    0.2036,    0.2151,    0.2640,    0.2821,    0.2920,    0.3105,    0.3190,    0.3353,    0.3539,    0.4065,    0.4448,    0.4197,    0.4261,    0.4344,    0.7398,    0.8079,    0.8478,    0.8778,    0.9009,    0.9876,    0.9247,    0.9857,    0.9648,    1.0070,    0.9554,    1.0248,    2.2062,    2.1780,    2.2241,    2.2593,    2.2830,    2.2328,    2.3111,    2.3701,    2.4182,    2.2487,    2.2162,    2.3014,    5.8177,    5.5429,    5.4807,    5.3151,    4.9101,    4.6054,    4.0434,    3.7203,    4.0049,    3.5109,    2.6976,    2.5061,    1.9328,    1.7776,    1.3562,    1.2954,    0.8742,    0.6350,    0.5136,    0.2064,    0.1822,    0.1296,    0.0450,    0.0367,    0.0604,    0.2284,    0.4813,    0.7937,    1.1432,    1.5112,    1.8817,    1.8855,    1.7240,    2.5038,    3.6469,    3.8940,    2.9563,    2.7619,    2.6804,    2.3937,    2.3648,    2.8283,    3.0799,    2.9711,    2.9484,    3.2011,    3.3296,    3.0935,    1.0362,    0.9995,    1.0013,    1.0212,    1.0466,    1.0711,    1.1683,    1.1605,    1.1735,    1.2169,    1.2197,    1.2621,    0.9703,    0.9643,    0.9572,    0.9473,    0.9378,    0.9287,    0.9178,    0.9074,    0.8966,    0.8845,    0.8691,    0.8479,    0.8416,    0.7757,    0.8037,    0.6812,    0.6766,    0.6591,    0.6236,    0.5335,    0.4972,    0.4549,    0.4242,    0.4115,    1.0868,    1.0720,    1.0023,    0.9506,    0.9326,    0.8879,    0.7913,    0.7540,    0.7183,    0.7246,    0.6923,    0.6542,    0.9835,    0.8913,    0.7770,    0.7187,    0.5727,    0.5053,    0.4585,    0.3754,    0.3399,    0.3089,    0.3058,    0.2768,    0.7303,    0.5286,    0.3723,    0.2480,    0.1744,    0.1008,    0.0700,    0.0523,    0.0368,    0.0267,    0.0176,    0.0106,    0.0154,    0.0000,    0.0405,    0.0728,    0.0823,    0.0752,    0.0893,    0.0994,    0.0884,    0.1218,    0.1077,    0.1180,    0.1352,    0.1098,    0.1585,    0.1731,    0.1406,    0.0908,    0.0109,    0.0243,    0.1206,    0.1447,    0.2339,    0.2455,    0.3039,    0.3250,    0.3365,    0.3575,    0.3659,    0.3745,    0.3704,    0.3366,    0.2966,    0.3543,    0.4923,    0.4995,    0.8755,    0.9564,    1.0014,    1.0160,    0.9978,    1.1179,    1.0737,    1.1417,    1.0494,    1.1870,    1.1225,    1.1946,    2.5874,    2.5249,    2.6217,    2.6627,    2.6801,    2.3923,    2.4766,    2.5397,    2.5913,    2.4083,    2.3748,    2.4661,    6.2336,    5.9394,    5.8726,    5.6950,    5.2608,    4.9342,    4.3318,    3.9854,    3.6078,    3.1622,    2.4292,    2.2562,    1.7395,    1.5992,    1.2195,    1.1641,    0.7850,    0.5698,    0.4605,    0.1849,    0.1630,    0.1157,    0.0401,    0.0326
    2,    0.5000,  227.5722,    0.2925,   79.6114,  104.9795,   25.8617,   42.9576,  158.4330,  163.5827,  163.6723,  163.8293,  164.1029,  164.5732,  165.3648,  166.6602,  168.4872,  170.9519,  174.2721,  178.5564,  183.8814,  190.3071,  197.9049,  205.8548,  212.8059,  218.1105,  222.1140,  224.8330,  226.3589,  227.0949,  227.3721,  227.5098,  227.5598,    0.0530,    0.1987,    0.4153,    0.6786,    0.9684,    1.2677,    1.5628,    1.9218,    2.4777,    2.5631,    2.0934,    2.0440,    2.0046,    2.1501,    2.2459,    2.5177,    2.5980,    2.3781,    2.2904,    2.4710,    2.5066,    2.2120,    1.9336,    1.9173,    0.6720,    0.6786,    0.6703,    0.6565,    0.6468,    0.6361,    0.6201,    0.6135,    0.6296,    0.5810,    0.5813,    0.5308,    0.3642,    0.3239,    0.2801,    0.2709,    0.2543,    0.2189,    0.2469,    0.2479,    0.2609,    0.2837,    0.3169,    0.3451,    0.4029,    0.4127,    0.3692,    0.4119,    0.4070,    0.4093,    0.4034,    0.4123,    0.4092,    0.4057,    0.4119,    0.4061,    1.0876,    1.0600,    1.0148,    0.9683,    0.9241,    0.8784,    0.8438,    0.8011,    0.7599,    0.6775,    0.6406,    0.6063,    0.8769,    0.8021,    0.7565,    0.6869,    0.6907,    0.6310,    0.5726,    0.5563,    0.5036,    0.4547,    0.3882,    0.3492,    0.7990,    0.5740,    0.4123,    0.3079,    0.2165,    0.1738,    0.1208,    0.0799,    0.0543,    0.0360,    0.0257,    0.0185,    0.0793,    0.0470,    0.0627,    0.0662,    0.0742,    0.0693,    0.0752,    0.0847,    0.0742,    0.1022,    0.0904,    0.0990,    0.1139,    0.0928,    0.1351,    0.1504,    0.1238,    0.1538,    0.1909,    0.2034,    0.1971,    0.1237,    0.1974,    0.2086,    0.2559,    0.2735,    0.2831,    0.3010,    0.3092,    0.3251,    0.3450,    0.3968,    0.4350,    0.4097,    0.4150,    0.4231,    0.7204,    0.7867,    0.8256,    0.8550,    0.8778,    0.9647,    0.9031,    0.9627,    0.9427,    0.9834,    0.9330,    1.0009,    2.1545,    2.1273,    2.1719,    2.2063,    2.2295,    2.1939,    2.2708,    2.3288,    2.3761,    2.2095,    2.1776,    2.2613,    5.7165,    5.4464,    5.3854,    5.2228,    4.8249,    4.5256,    3.9734,    3.6561,    4.0171,    3.5217,    2.7060,    2.5141,    1.9391,    1.7837,    1.3611,    1.3003,    0.8776,    0.6376,    0.5159,    0.2074,    0.1831,    0.1303,    0.0453,    0.0369,    0.0638,    0.2412,    0.5086,    0.8391,    1.2092,    1.5992,    1.9923,    2.0734,    1.9614,    2.7415,    3.7057,    3.9751,    3.1723,    3.0220,    2.9589,    2.6912,    2.6676,    3.1221,    3.3577,    3.2610,    3.2374,    3.4540,    3.5496,    3.3289,    1.1212,    1.0851,    1.0836,    1.0961,    1.1128,    1.1288,    1.2030,    1.1931,    1.2000,    1.2322,    1.2306,    1.2633,    0.9704,    0.9643,    0.9572,    0.9473,    0.9379,    0.9287,    0.9178,    0.9075,    0.8966,    0.8845,    0.8693,    0.8488,    0.8471,    0.7886,    0.8121,    0.7044,    0.6987,    0.6811,    0.6492,    0.5698,    0.5369,    0.4989,    0.4706,    0.4580,    1.2135,    1.1978,    1.1258,    1.0694,    1.0480,    0.9979,    0.8933,    0.8507,    0.8098,    0.8102,    0.7727,    0.7306,    1.0965,    0.9958,    0.8697,    0.8018,    0.6464,    0.5741,    0.5209,    0.4301,    0.3893,    0.3534,    0.3461,    0.3130,    0.8223,    0.5945,    0.4202,    0.2813,    0.1978,    0.1161,    0.0806,    0.0595,    0.0417,    0.0299,    0.0196,    0.0120,    0.0142,    0.0000,    0.0372,    0.0668,    0.0756,    0.0691,    0.0831,    0.0924,    0.0823,    0.1133,    0.1001,    0.1098,    0.1268,    0.1029,    0.1487,    0.1623,    0.1318,    0.0850,    0.0102,    0.0228,    0.1135,    0.1362,    0.2201,    0.2310,    0.2860,    0.3058,    0.3166,    0.3364,    0.3443,    0.3524,    0.3529,    0.3206,    0.2825,    0.3375,    0.4691,    0.4760,    0.8343,    0.9114,    0.9543,    0.9682,    0.9508,    1.0672,    1.0251,    1.0900,    1.0018,    1.1333,    1.0716,    1.1405,    2.4702,    2.4104,    2.5029,    2.5420,    2.5586,    2.2420,    2.3210,    2.3802,    2.4285,    2.2570,    2.2256,    2.3112,    5.8420,    5.5663,    5.5037,    5.3374,    4.9305,    4.6244,    4.0599,    3.7354,    3.3226,    2.9122,    2.2372,    2.0779,    1.6021,    1.4729,    1.1233,    1.0724,    0.7232,    0.5250,    0.4243,    0.1703,    0.1502,    0.1067,    0.0370,    0.0301
    2,    0.7500,  227.5722,    0.3146,   70.5926,  101.7109,   31.6154,   43.6319,  158.4330,  163.5827,  163.6723,  163.8293,  164.1029,  164.5732,  165.3648,  166.6602,  168.4872,  170.9519,  174.2721,  178.5564,  183.8814,  190.3071,  197.9049,  205.8548,  212.8059,  218.1105,  222.1140,  224.8330,  226.3589,  227.0949,  227.3721,  227.5098,  227.5598,    0.0512,    0.1917,    0.3994,    0.6506,    0.9254,    1.2072,    1.4828,    1.8118,    2.3392,    2.4036,    1.9700,    1.9112,    1.8446,    1.9570,    2.0271,    2.2614,    2.3274,    2.1308,    2.0526,    2.2140,    2.2411,    1.9663,    1.7097,    1.6826,    0.5874,    0.5915,    0.5836,    0.5709,    0.5623,    0.5533,    0.5449,    0.5379,    0.5576,    0.5221,    0.5216,    0.4894,    0.3431,    0.3103,    0.2731,    0.2646,    0.2492,    0.2167,    0.2419,    0.2421,    0.2532,    0.2711,    0.2955,    0.3139,    0.3582,    0.3614,    0.3298,    0.3554,    0.3511,    0.3532,    0.3468,    0.3492,    0.3449,    0.3403,    0.3464,    0.3410,    0.9116,    0.8938,    0.8529,    0.8118,    0.7743,    0.7342,    0.7030,    0.6662,    0.6308,    0.5568,    0.5256,    0.4964,    0.7138,    0.6505,    0.6140,    0.5566,    0.5668,    0.5164,    0.4679,    0.4603,    0.4162,    0.3755,    0.3174,    0.2851,    0.6400,    0.4577,    0.3267,    0.2464,    0.1727,    0.1432,    0.0993,    0.0652,    0.0442,    0.0293,    0.0213,    0.0153,    0.0757,    0.0465,    0.0593,    0.0616,    0.0690,    0.0645,    0.0693,    0.0780,    0.0684,    0.0941,    0.0832,    0.0912,    0.1059,    0.0863,    0.1257,    0.1399,    0.1151,    0.1446,    0.1850,    0.1961,    0.1882,    0.1159,    0.1849,    0.1954,    0.2397,    0.2561,    0.2651,    0.2819,    0.2896,    0.3047,    0.3263,    0.3764,    0.4139,    0.3885,    0.3918,    0.3996,    0.6800,    0.7425,    0.7793,    0.8074,    0.8295,    0.9165,    0.8577,    0.9143,    0.8960,    0.9336,    0.8859,    0.9505,    2.0458,    2.0203,    2.0621,    2.0947,    2.1170,    2.1175,    2.1918,    2.2477,    2.2934,    2.1326,    2.1018,    2.1826,    5.5176,    5.2571,    5.1983,    5.0416,    4.6576,    4.3690,    3.8362,    3.5300,    4.0418,    3.5437,    2.7233,    2.5304,    1.9521,    1.7960,    1.3709,    1.3101,    0.8846,    0.6430,    0.5205,    0.2094,    0.1850,    0.1317,    0.0458,    0.0374,    0.0676,    0.2557,    0.5396,    0.8910,    1.2852,    1.7014,    2.1219,    2.3501,    2.3720,    3.0822,    3.7658,    4.0567,    3.4631,    3.4164,    3.4032,    3.2037,    3.1963,    3.5886,    3.7708,    3.7004,    3.6744,    3.8076,    3.8434,    3.6673,    1.2467,    1.2157,    1.2092,    1.2106,    1.2143,    1.2174,    1.2562,    1.2431,    1.2408,    1.2562,    1.2481,    1.2656,    0.9707,    0.9644,    0.9572,    0.9473,    0.9379,    0.9287,    0.9178,    0.9075,    0.8966,    0.8846,    0.8696,    0.8506,    0.8572,    0.8119,    0.8272,    0.7456,    0.7380,    0.7206,    0.6950,    0.6347,    0.6079,    0.5775,    0.5538,    0.5415,    1.4409,    1.4201,    1.3441,    1.2793,    1.2490,    1.1894,    1.0761,    1.0240,    0.9738,    0.9608,    0.9141,    0.8650,    1.2941,    1.1787,    1.0351,    0.9501,    0.7830,    0.7014,    0.6364,    0.5338,    0.4831,    0.4377,    0.4212,    0.3804,    0.9892,    0.7139,    0.5070,    0.3425,    0.2407,    0.1458,    0.1012,    0.0733,    0.0510,    0.0359,    0.0235,    0.0150,    0.0115,    0.0000,    0.0305,    0.0547,    0.0619,    0.0566,    0.0702,    0.0781,    0.0695,    0.0957,    0.0846,    0.0928,    0.1090,    0.0885,    0.1278,    0.1395,    0.1133,    0.0729,    0.0088,    0.0195,    0.0982,    0.1180,    0.1907,    0.2001,    0.2478,    0.2650,    0.2743,    0.2914,    0.2983,    0.3052,    0.3146,    0.2857,    0.2517,    0.3008,    0.4184,    0.4245,    0.7441,    0.8128,    0.8510,    0.8634,    0.8478,    0.9551,    0.9175,    0.9756,    0.8965,    1.0143,    0.9592,    1.0207,    2.2109,    2.1574,    2.2403,    2.2753,    2.2901,    1.9171,    1.9846,    2.0352,    2.0766,    1.9299,    1.9031,    1.9762,    4.9954,    4.7598,    4.7064,    4.5642,    4.2164,    3.9548,    3.4721,    3.1947,    2.7114,    2.3766,    1.8258,    1.6960,    1.3077,    1.2024,    0.9171,    0.8756,    0.5906,    0.4288,    0.3466,    0.1392,    0.1228,    0.0872,    0.0303,    0.0246
    2,    1.0000,  227.5722,    0.3310,   64.7587,   99.2795,   35.0213,   41.0388,  158.4330,  163.5827,  163.6723,  163.8293,  164.1029,  164.5732,  165.3648,  166.6602,  168.4872,  170.9519,  174.2721,  178.5564,  183.8814,  190.3071,  197.9049,  205.8548,  212.8059,  218.1105,  222.1140,  224.8330,  226.3589,  227.0949,  227.3721,  227.5098,  227.5598,    0.0501,    0.1871,    0.3891,    0.6326,    0.8976,    1.1681,    1.4311,    1.7396,    2.2418,    2.2967,    1.8941,    1.8294,    1.7452,    1.8403,    1.8962,    2.1043,    2.1597,    1.9789,    1.9050,    2.0503,    2.0703,    1.8120,    1.5715,    1.5382,    0.5354,    0.5380,    0.5303,    0.5181,    0.5100,    0.5016,    0.4965,    0.4892,    0.5100,    0.4821,    0.4805,    0.4584,    0.3263,    0.2990,    0.2669,    0.2589,    0.2447,    0.2147,    0.2373,    0.2369,    0.2463,    0.2603,    0.2783,    0.2901,    0.3257,    0.3254,    0.3014,    0.3173,    0.3132,    0.3149,    0.3087,    0.3080,    0.3034,    0.2985,    0.3043,    0.2993,    0.7990,    0.7862,    0.7482,    0.7106,    0.6771,    0.6406,    0.6115,    0.5784,    0.5466,    0.4797,    0.4521,    0.4261,    0.6102,    0.5543,    0.5223,    0.4724,    0.4836,    0.4394,    0.3975,    0.3938,    0.3556,    0.3205,    0.2690,    0.2413,    0.5344,    0.3803,    0.2695,    0.2045,    0.1428,    0.1211,    0.0838,    0.0546,    0.0370,    0.0245,    0.0181,    0.0130,    0.0729,    0.0461,    0.0568,    0.0585,    0.0656,    0.0612,    0.0651,    0.0733,    0.0642,    0.0884,    0.0782,    0.0856,    0.1000,    0.0816,    0.1188,    0.1323,    0.1088,    0.1375,    0.1798,    0.1899,    0.1813,    0.1101,    0.1756,    0.1856,    0.2277,    0.2433,    0.2518,    0.2678,    0.2751,    0.2896,    0.3116,    0.3601,    0.3968,    0.3715,    0.3736,    0.3812,    0.6483,    0.7079,    0.7430,    0.7700,    0.7915,    0.8783,    0.8218,    0.8761,    0.8590,    0.8944,    0.8486,    0.9107,    1.9599,    1.9359,    1.9754,    2.0066,    2.0281,    2.0629,    2.1353,    2.1898,    2.2343,    2.0777,    2.0477,    2.1264,    5.3756,    5.1219,    5.0647,    4.9121,    4.5382,    4.2571,    3.7381,    3.4400,    4.0598,    3.5598,    2.7359,    2.5425,    1.9617,    1.8052,    1.3782,    1.3174,    0.8898,    0.6470,    0.5239,    0.2108,    0.1864,    0.1328,    0.0462,    0.0377,    0.0688,    0.2605,    0.5502,    0.9090,    1.3120,    1.7379,    2.1688,    2.4813,    2.6149,    3.2390,    3.7903,    4.0881,    3.5883,    3.6145,    3.6432,    3.5120,    3.5205,    3.8394,    3.9746,    3.9225,    3.8947,    3.9710,    3.9732,    3.8296,    1.3090,    1.2831,    1.2742,    1.2700,    1.2672,    1.2638,    1.2841,    1.2697,    1.2627,    1.2694,    1.2581,    1.2673,    0.9710,    0.9645,    0.9572,    0.9473,    0.9379,    0.9287,    0.9178,    0.9075,    0.8967,    0.8847,    0.8700,    0.8520,    0.8640,    0.8271,    0.8370,    0.7721,    0.7633,    0.7465,    0.7250,    0.6769,    0.6541,    0.6286,    0.6081,    0.5960,    1.5892,    1.5610,    1.4825,    1.4125,    1.3735,    1.3082,    1.1947,    1.1365,    1.0804,    1.0566,    1.0041,    0.9506,    1.4191,    1.2945,    1.1432,    1.0470,    0.8766,    0.7886,    0.7154,    0.6069,    0.5492,    0.4972,    0.4731,    0.4270,    1.1011,    0.7939,    0.5651,    0.3842,    0.2699,    0.1670,    0.1159,    0.0832,    0.0576,    0.0402,    0.0264,    0.0171,    0.0095,    0.0000,    0.0252,    0.0454,    0.0514,    0.0469,    0.0601,    0.0668,    0.0595,    0.0819,    0.0724,    0.0794,    0.0947,    0.0769,    0.1111,    0.1212,    0.0985,    0.0632,    0.0076,    0.0168,    0.0858,    0.1032,    0.1667,    0.1750,    0.2167,    0.2317,    0.2399,    0.2549,    0.2609,    0.2669,    0.2824,    0.2562,    0.2257,    0.2698,    0.3757,    0.3811,    0.6681,    0.7299,    0.7642,    0.7753,    0.7611,    0.8599,    0.8261,    0.8784,    0.8070,    0.9133,    0.8637,    0.9191,    1.9907,    1.9425,    2.0172,    2.0487,    2.0621,    1.6497,    1.7078,    1.7514,    1.7869,    1.6607,    1.6377,    1.7006,    4.2988,    4.0960,    4.0501,    3.9278,    3.6286,    3.4035,    2.9883,    2.7496,    2.2200,    1.9460,    1.4951,    1.3888,    1.0709,    0.9847,    0.7511,    0.7173,    0.4838,    0.3513,    0.2840,    0.1141,    0.1006,    0.0715,    0.0248,    0.0202
    2,    1.2500,  227.5722,    0.3434,   60.6110,   97.4354,   37.3283,   37.3817,  158.4330,  163.5827,  163.6723,  163.8293,  164.1029,  164.5732,  165.3648,  166.6602,  168.4872,  170.9519,  174.2721,  178.5564,  183.8814,  190.3071,  197.9049,  205.8548,  212.8059,  218.1105,  222.1140,  224.8330,  226.3589,  227.0949,  227.3721,  227.5098,  227.5598,    0.0493,    0.1839,    0.3818,    0.6197,    0.8778,    1.1402,    1.3944,    1.6872,    2.1684,    2.2189,    1.8414,    1.7726,    1.6751,    1.7585,    1.8055,    1.9954,    2.0428,    1.8724,    1.8011,    1.9341,    1.9489,    1.7040,    1.4757,    1.4378,    0.4992,    0.5008,    0.4932,    0.4814,    0.4735,    0.4655,    0.4622,    0.4548,    0.4759,    0.4528,    0.4503,    0.4343,    0.3125,    0.2893,    0.2614,    0.2537,    0.2405,    0.2128,    0.2331,    0.2322,    0.2401,    0.2509,    0.2641,    0.2713,    0.3009,    0.2988,    0.2799,    0.2897,    0.2858,    0.2871,    0.2811,    0.2789,    0.2743,    0.2695,    0.2750,    0.2703,    0.7205,    0.7102,    0.6745,    0.6393,    0.6084,    0.5745,    0.5470,    0.5165,    0.4873,    0.4261,    0.4008,    0.3771,    0.5384,    0.4875,    0.4583,    0.4137,    0.4241,    0.3844,    0.3471,    0.3451,    0.3113,    0.2802,    0.2339,    0.2096,    0.4593,    0.3252,    0.2289,    0.1742,    0.1211,    0.1045,    0.0721,    0.0467,    0.0315,    0.0209,    0.0157,    0.0112,    0.0707,    0.0456,    0.0550,    0.0564,    0.0632,    0.0590,    0.0620,    0.0699,    0.0612,    0.0842,    0.0745,    0.0816,    0.0956,    0.0780,    0.1136,    0.1265,    0.1041,    0.1319,    0.1753,    0.1846,    0.1758,    0.1057,    0.1686,    0.1782,    0.2186,    0.2336,    0.2418,    0.2571,    0.2642,    0.2782,    0.2997,    0.3468,    0.3827,    0.3577,    0.3591,    0.3664,    0.6230,    0.6804,    0.7141,    0.7402,    0.7611,    0.8477,    0.7930,    0.8455,    0.8291,    0.8630,    0.8189,    0.8789,    1.8912,    1.8682,    1.9060,    1.9362,    1.9570,    2.0233,    2.0943,    2.1477,    2.1914,    2.0377,    2.0083,    2.0856,    5.2724,    5.0237,    4.9677,    4.8181,    4.4515,    4.1759,    3.6669,    3.3746,    4.0730,    3.5716,    2.7451,    2.5512,    1.9687,    1.8119,    1.3835,    1.3228,    0.8936,    0.6500,    0.5265,    0.2120,    0.1874,    0.1336,    0.0465,    0.0380,    0.0693,    0.2625,    0.5546,    0.9167,    1.3236,    1.7541,    2.1899,    2.5475,    2.7617,    3.3174,    3.8041,    4.1051,    3.6489,    3.7205,    3.7794,    3.7042,    3.7261,    3.9818,    4.0836,    4.0436,    4.0151,    4.0564,    4.0402,    3.9162,    1.3430,    1.3208,    1.3106,    1.3035,    1.2972,    1.2905,    1.3005,    1.2855,    1.2759,    1.2776,    1.2646,    1.2687,    0.9713,    0.9646,    0.9573,    0.9473,    0.9379,    0.9287,    0.9179,    0.9075,    0.8967,    0.8847,    0.8703,    0.8530,    0.8689,    0.8376,    0.8438,    0.7901,    0.7806,    0.7644,    0.7456,    0.7059,    0.6858,    0.6637,    0.6453,    0.6333,    1.6910,    1.6547,    1.5747,    1.5013,    1.4548,    1.3859,    1.2755,    1.2132,    1.1532,    1.1210,    1.0647,    1.0084,    1.5032,    1.3725,    1.2181,    1.1142,    0.9443,    0.8517,    0.7727,    0.6611,    0.5982,    0.5412,    0.5110,    0.4610,    1.1809,    0.8511,    0.6065,    0.4143,    0.2911,    0.1830,    0.1269,    0.0905,    0.0625,    0.0434,    0.0286,    0.0187,    0.0080,    0.0000,    0.0211,    0.0380,    0.0430,    0.0393,    0.0518,    0.0577,    0.0513,    0.0707,    0.0625,    0.0685,    0.0830,    0.0673,    0.0972,    0.1061,    0.0862,    0.0551,    0.0066,    0.0146,    0.0755,    0.0908,    0.1468,    0.1541,    0.1908,    0.2040,    0.2112,    0.2244,    0.2297,    0.2350,    0.2549,    0.2310,    0.2034,    0.2433,    0.3391,    0.3440,    0.6032,    0.6590,    0.6899,    0.6999,    0.6870,    0.7778,    0.7473,    0.7946,    0.7300,    0.8263,    0.7813,    0.8315,    1.8010,    1.7573,    1.8249,    1.8535,    1.8655,    1.4263,    1.4765,    1.5142,    1.5449,    1.4358,    1.4159,    1.4703,    3.7166,    3.5414,    3.5017,    3.3960,    3.1373,    2.9428,    2.5838,    2.3775,    1.8229,    1.5980,    1.2277,    1.1405,    0.8795,    0.8088,    0.6170,    0.5892,    0.3975,    0.2887,    0.2334,    0.0938,    0.0827,    0.0588,    0.0204,    0.0166
    2,    1.5000,  227.5722,    0.3530,   57.4799,   96.0141,   39.0414,   33.5226,  158.4330,  163.5827,  163.6723,  163.8293,  164.1029,  164.5732,  165.3648,  166.6602,  168.4872,  170.9519,  174.2721,  178.5564,  183.8814,  190.3071,  197.9049,  205.8548,  212.8059,  218.1105,  222.1140,  224.8330,  226.3589,  227.0949,  227.3721,  227.5098,  227.5598,    0.0487,    0.1814,    0.3763,    0.6099,    0.8627,    1.1191,    1.3665,    1.6469,    2.1105,    2.1593,    1.8022,    1.7302,    1.6220,    1.6965,    1.7370,    1.9134,    1.9549,    1.7920,    1.7228,    1.8464,    1.8573,    1.6234,    1.4047,    1.3631,    0.4723,    0.4730,    0.4655,    0.4541,    0.4464,    0.4386,    0.4364,    0.4290,    0.4501,    0.4303,    0.4269,    0.4149,    0.3011,    0.2810,    0.2565,    0.2489,    0.2366,    0.2110,    0.2292,    0.2279,    0.2345,    0.2427,    0.2521,    0.2562,    0.2814,    0.2782,    0.2629,    0.2688,    0.2649,    0.2658,    0.2602,    0.2571,    0.2526,    0.2480,    0.2532,    0.2487,    0.6622,    0.6533,    0.6193,    0.5859,    0.5570,    0.5251,    0.4988,    0.4702,    0.4430,    0.3863,    0.3629,    0.3409,    0.4854,    0.4384,    0.4110,    0.3702,    0.3794,    0.3432,    0.3093,    0.3081,    0.2775,    0.2494,    0.2075,    0.1856,    0.4034,    0.2841,    0.1986,    0.1513,    0.1048,    0.0915,    0.0629,    0.0405,    0.0273,    0.0180,    0.0137,    0.0098,    0.0688,    0.0452,    0.0536,    0.0549,    0.0616,    0.0575,    0.0598,    0.0673,    0.0590,    0.0811,    0.0718,    0.0786,    0.0923,    0.0753,    0.1096,    0.1221,    0.1004,    0.1273,    0.1713,    0.1801,    0.1713,    0.1024,    0.1633,    0.1725,    0.2116,    0.2262,    0.2341,    0.2490,    0.2558,    0.2693,    0.2901,    0.3358,    0.3709,    0.3463,    0.3474,    0.3546,    0.6027,    0.6582,    0.6908,    0.7161,    0.7365,    0.8228,    0.7697,    0.8207,    0.8049,    0.8376,    0.7948,    0.8531,    1.8356,    1.8134,    1.8499,    1.8792,    1.8994,    1.9941,    2.0641,    2.1168,    2.1598,    2.0084,    1.9794,    2.0556,    5.1965,    4.9514,    4.8963,    4.7490,    4.3877,    4.1162,    3.6146,    3.3266,    4.0825,    3.5801,    2.7518,    2.5576,    1.9738,    1.8168,    1.3875,    1.3268,    0.8965,    0.6522,    0.5285,    0.2128,    0.1882,    0.1342,    0.0467,    0.0382,    0.0696,    0.2636,    0.5570,    0.9208,    1.3299,    1.7629,    2.2015,    2.5835,    2.8528,    3.3606,    3.8130,    4.1160,    3.6823,    3.7810,    3.8605,    3.8276,    3.8604,    4.0671,    4.1470,    4.1151,    4.0865,    4.1067,    4.0799,    3.9676,    1.3634,    1.3437,    1.3328,    1.3240,    1.3157,    1.3070,    1.3109,    1.2957,    1.2846,    1.2831,    1.2691,    1.2698,    0.9716,    0.9647,    0.9573,    0.9473,    0.9379,    0.9287,    0.9179,    0.9075,    0.8967,    0.8848,    0.8706,    0.8539,    0.8726,    0.8452,    0.8488,    0.8029,    0.7929,    0.7772,    0.7603,    0.7265,    0.7084,    0.6886,    0.6717,    0.6599,    1.7633,    1.7194,    1.6384,    1.5629,    1.5101,    1.4389,    1.3326,    1.2675,    1.2047,    1.1661,    1.1073,    1.0489,    1.5621,    1.4273,    1.2722,    1.1629,    0.9952,    0.8991,    0.8157,    0.7027,    0.6358,    0.5750,    0.5397,    0.4867,    1.2404,    0.8937,    0.6374,    0.4371,    0.3070,    0.1954,    0.1355,    0.0961,    0.0663,    0.0459,    0.0303,    0.0199,    0.0067,    0.0000,    0.0177,    0.0319,    0.0362,    0.0330,    0.0450,    0.0501,    0.0446,    0.0615,    0.0543,    0.0595,    0.0730,    0.0593,    0.0856,    0.0934,    0.0759,    0.0484,    0.0057,    0.0127,    0.0667,    0.0804,    0.1299,    0.1363,    0.1688,    0.1805,    0.1869,    0.1986,    0.2032,    0.2079,    0.2310,    0.2091,    0.1841,    0.2203,    0.3074,    0.3119,    0.5468,    0.5974,    0.6254,    0.6344,    0.6226,    0.7062,    0.6786,    0.7215,    0.6627,    0.7503,    0.7095,    0.7550,    1.6354,    1.5957,    1.6572,    1.6831,    1.6940,    1.2374,    1.2810,    1.3136,    1.3403,    1.2457,    1.2284,    1.2756,    3.2245,    3.0724,    3.0380,    2.9464,    2.7220,    2.5532,    2.2418,    2.0628,    1.5005,    1.3154,    1.0106,    0.9388,    0.7240,    0.6658,    0.5080,    0.4851,    0.3273,    0.2377,    0.1922,    0.0772,    0.0682,    0.0484,    0.0168,    0.0137
    2,    1.7500,  227.5722,    0.3604,   55.0166,   94.9044,   40.3985,   29.8105,  158.4330,  163.5827,  163.6723,  163.8293,  164.1029,  164.5732,  165.3648,  166.6602,  168.4872,  170.9519,  174.2721,  178.5564,  183.8814,  190.3071,  197.9049,  205.8548,  212.8059,  218.1105,  222.1140,  224.8330,  226.3589,  227.0949,  227.3721,  227.5098,  227.5598,    0.0482,    0.1795,    0.3719,    0.6021,    0.8508,    1.1023,    1.3444,    1.6146,    2.0634,    2.1118,    1.7716,    1.6971,    1.5801,    1.6474,    1.6827,    1.8485,    1.8852,    1.7283,    1.6611,    1.7772,    1.7853,    1.5604,    1.3494,    1.3049,    0.4513,    0.4514,    0.4439,    0.4327,    0.4252,    0.4177,    0.4162,    0.4088,    0.4297,    0.4123,    0.4083,    0.3990,    0.2913,    0.2738,    0.2520,    0.2446,    0.2331,    0.2093,    0.2257,    0.2239,    0.2294,    0.2354,    0.2419,    0.2436,    0.2656,    0.2617,    0.2491,    0.2522,    0.2484,    0.2490,    0.2437,    0.2402,    0.2358,    0.2313,    0.2362,    0.2319,    0.6169,    0.6088,    0.5762,    0.5444,    0.5171,    0.4868,    0.4612,    0.4342,    0.4085,    0.3556,    0.3336,    0.3129,    0.4446,    0.4006,    0.3746,    0.3368,    0.3447,    0.3111,    0.2799,    0.2790,    0.2509,    0.2252,    0.1868,    0.1668,    0.3601,    0.2523,    0.1753,    0.1335,    0.0920,    0.0811,    0.0556,    0.0356,    0.0239,    0.0158,    0.0121,    0.0086,    0.0672,    0.0448,    0.0526,    0.0539,    0.0604,    0.0564,    0.0580,    0.0654,    0.0573,    0.0788,    0.0697,    0.0764,    0.0897,    0.0732,    0.1066,    0.1187,    0.0976,    0.1236,    0.1678,    0.1761,    0.1676,    0.0997,    0.1591,    0.1681,    0.2062,    0.2204,    0.2281,    0.2426,    0.2492,    0.2624,    0.2822,    0.3266,    0.3610,    0.3368,    0.3379,    0.3449,    0.5862,    0.6401,    0.6718,    0.6965,    0.7164,    0.8024,    0.7507,    0.8004,    0.7849,    0.8168,    0.7751,    0.8320,    1.7901,    1.7685,    1.8041,    1.8326,    1.8524,    1.9724,    2.0416,    2.0938,    2.1363,    1.9865,    1.9579,    2.0333,    5.1401,    4.8977,    4.8433,    4.6976,    4.3403,    4.0718,    3.5757,    3.2909,    4.0894,    3.5863,    2.7567,    2.5623,    1.9775,    1.8204,    1.3904,    1.3297,    0.8986,    0.6539,    0.5299,    0.2134,    0.1889,    0.1347,    0.0469,    0.0384,    0.0697,    0.2642,    0.5584,    0.9234,    1.3338,    1.7685,    2.2089,    2.6048,    2.9111,    3.3869,    3.8192,    4.1236,    3.7029,    3.8181,    3.9113,    3.9092,    3.9504,    4.1213,    4.1870,    4.1607,    4.1324,    4.1394,    4.1062,    4.0011,    1.3766,    1.3585,    1.3472,    1.3374,    1.3280,    1.3180,    1.3180,    1.3027,    1.2907,    1.2871,    1.2725,    1.2707,    0.9718,    0.9648,    0.9573,    0.9474,    0.9379,    0.9287,    0.9179,    0.9075,    0.8967,    0.8849,    0.8708,    0.8547,    0.8755,    0.8509,    0.8525,    0.8123,    0.8019,    0.7868,    0.7712,    0.7417,    0.7249,    0.7069,    0.6910,    0.6792,    1.8161,    1.7655,    1.6839,    1.6069,    1.5492,    1.4764,    1.3742,    1.3071,    1.2424,    1.1988,    1.1381,    1.0784,    1.6050,    1.4672,    1.3125,    1.1992,    1.0346,    0.9358,    0.8490,    0.7355,    0.6654,    0.6017,    0.5621,    0.5069,    1.2861,    0.9265,    0.6612,    0.4549,    0.3195,    0.2053,    0.1424,    0.1006,    0.0694,    0.0479,    0.0316,    0.0209,    0.0056,    0.0000,    0.0150,    0.0270,    0.0305,    0.0279,    0.0393,    0.0437,    0.0389,    0.0536,    0.0474,    0.0520,    0.0646,    0.0524,    0.0757,    0.0826,    0.0671,    0.0426,    0.0050,    0.0111,    0.0592,    0.0714,    0.1154,    0.1211,    0.1499,    0.1603,    0.1660,    0.1763,    0.1805,    0.1846,    0.2100,    0.1900,    0.1671,    0.2001,    0.2796,    0.2836,    0.4974,    0.5434,    0.5688,    0.5770,    0.5662,    0.6431,    0.6180,    0.6571,    0.6034,    0.6834,    0.6462,    0.6876,    1.4894,    1.4532,    1.5093,    1.5329,    1.5428,    1.0763,    1.1142,    1.1426,    1.1658,    1.0835,    1.0684,    1.1095,    2.8047,    2.6724,    2.6425,    2.5628,    2.3677,    2.2209,    1.9500,    1.7944,    1.2377,    1.0850,    0.8336,    0.7744,    0.5973,    0.5493,    0.4191,    0.4003,    0.2701,    0.1962,    0.1586,    0.0637,    0.0563,    0.0400,    0.0139,    0.0113
    2,    2.0000,  227.5722,    0.3663,   53.0186,   94.0287,   41.5242,   26.3801,  158.4330,  163.5827,  163.6723,  163.8293,  164.1029,  164.5732,  165.3648,  166.6602,  168.4872,  170.9519,  174.2721,  178.5564,  183.8814,  190.3071,  197.9049,  205.8548,  212.8059,  218.1105,  222.1140,  224.8330,  226.3589,  227.0949,  227.3721,  227.5098,  227.5598,    0.0478,    0.1779,    0.3682,    0.5957,    0.8410,    1.0886,    1.3263,    1.5881,    2.0241,    2.0729,    1.7468,    1.6703,    1.5459,    1.6072,    1.6383,    1.7952,    1.8280,    1.6763,    1.6110,    1.7211,    1.7269,    1.5096,    1.3049,    1.2580,    0.4344,    0.4339,    0.4265,    0.4155,    0.4082,    0.4007,    0.3999,    0.3925,    0.4131,    0.3976,    0.3930,    0.3855,    0.2829,    0.2674,    0.2480,    0.2406,    0.2298,    0.2077,    0.2224,    0.2203,    0.2247,    0.2289,    0.2331,    0.2330,    0.2524,    0.2482,    0.2376,    0.2388,    0.2350,    0.2353,    0.2303,    0.2265,    0.2222,    0.2179,    0.2225,    0.2183,    0.5804,    0.5730,    0.5415,    0.5109,    0.4851,    0.4560,    0.4310,    0.4053,    0.3808,    0.3310,    0.3102,    0.2906,    0.4122,    0.3705,    0.3456,    0.3101,    0.3169,    0.2855,    0.2564,    0.2555,    0.2295,    0.2057,    0.1701,    0.1517,    0.3258,    0.2271,    0.1568,    0.1193,    0.0819,    0.0726,    0.0497,    0.0316,    0.0212,    0.0140,    0.0108,    0.0076,    0.0658,    0.0444,    0.0518,    0.0531,    0.0596,    0.0556,    0.0567,    0.0639,    0.0560,    0.0770,    0.0682,    0.0747,    0.0877,    0.0716,    0.1042,    0.1160,    0.0954,    0.1205,    0.1645,    0.1725,    0.1645,    0.0977,    0.1558,    0.1646,    0.2020,    0.2159,    0.2234,    0.2376,    0.2441,    0.2570,    0.2757,    0.3188,    0.3524,    0.3288,    0.3300,    0.3369,    0.5725,    0.6252,    0.6562,    0.6803,    0.6997,    0.7855,    0.7350,    0.7837,    0.7683,    0.7997,    0.7588,    0.8146,    1.7527,    1.7316,    1.7663,    1.7943,    1.8136,    1.9562,    2.0248,    2.0765,    2.1188,    1.9702,    1.9418,    2.0165,    5.0979,    4.8575,    4.8036,    4.6591,    4.3048,    4.0386,    3.5466,    3.2642,    4.0943,    3.5907,    2.7602,    2.5657,    1.9802,    1.8231,    1.3926,    1.3320,    0.9002,    0.6551,    0.5310,    0.2139,    0.1893,    0.1350,    0.0471,    0.0385,    0.0699,    0.2647,    0.5594,    0.9252,    1.3366,    1.7724,    2.2142,    2.6186,    2.9496,    3.4044,    3.8238,    4.1293,    3.7169,    3.8425,    3.9449,    3.9649,    4.0125,    4.1576,    4.2143,    4.1920,    4.1641,    4.1625,    4.1250,    4.0245,    1.3858,    1.3688,    1.3573,    1.3469,    1.3366,    1.3259,    1.3233,    1.3080,    1.2954,    1.2901,    1.2751,    1.2716,    0.9720,    0.9649,    0.9573,    0.9474,    0.9379,    0.9287,    0.9179,    0.9075,    0.8967,    0.8849,    0.8710,    0.8553,    0.8778,    0.8552,    0.8553,    0.8194,    0.8087,    0.7940,    0.7795,    0.7530,    0.7373,    0.7205,    0.7054,    0.6937,    1.8556,    1.7995,    1.7174,    1.6393,    1.5778,    1.5039,    1.4052,    1.3368,    1.2706,    1.2232,    1.1612,    1.1005,    1.6371,    1.4971,    1.3434,    1.2271,    1.0657,    0.9648,    0.8753,    0.7619,    0.6893,    0.6232,    0.5800,    0.5229,    1.3221,    0.9525,    0.6801,    0.4692,    0.3296,    0.2135,    0.1480,    0.1043,    0.0719,    0.0495,    0.0328,    0.0217,    0.0047,    0.0000,    0.0127,    0.0229,    0.0259,    0.0236,    0.0344,    0.0383,    0.0341,    0.0470,    0.0415,    0.0455,    0.0573,    0.0465,    0.0671,    0.0732,    0.0594,    0.0376,    0.0044,    0.0098,    0.0527,    0.0635,    0.1027,    0.1078,    0.1335,    0.1428,    0.1478,    0.1570,    0.1607,    0.1644,    0.1914,    0.1730,    0.1521,    0.1822,    0.2549,    0.2586,    0.4536,    0.4955,    0.5187,    0.5261,    0.5161,    0.5871,    0.5642,    0.5999,    0.5508,    0.6239,    0.5899,    0.6277,    1.3598,    1.3267,    1.3779,    1.3995,    1.4085,    0.9379,    0.9710,    0.9957,    1.0160,    0.9442,    0.9311,    0.9669,    2.4442,    2.3289,    2.3029,    2.2335,    2.0634,    1.9355,    1.6995,    1.5638,    1.0227,    0.8965,    0.6888,    0.6399,    0.4935,    0.4539,    0.3463,    0.3308,    0.2232,    0.1621,    0.1311,    0.0527,    0.0465,    0.0331,    0.0115,    0.0094
