Particle       ,data/QEXT_96IR_84_VIS_NC10v1_2umrod
Ncase          ,  14
dt (sols)      ,  0.020833
Qext 0.67um    ,  1.681550
Alb sfc        ,  0.220000
Conrath nu     ,  0.002000
Sun Flux (W/m2),148.389262
BWN IR (cm-1)  ,     10.0000,     34.1670,     58.3330,     82.5000,    106.6670,    130.8330,    155.0000,    179.1670,    203.3330,    227.5000,    251.6670,    275.8330,    300.0000,    320.7880,    341.5750,    362.3630,    383.1500,    403.9380,    424.7250,    445.5130,    466.3010,    487.0880,    507.8760,    528.6630,    549.4510,    556.7420,    564.0330,    571.3240,    578.6150,    585.9060,    593.1970,    600.4880,    607.7790,    615.0700,    622.3610,    629.6520,    636.9430,    642.5500,    648.1570,    653.7640,    659.3700,    664.9770,    670.5840,    676.1910,    681.7980,    687.4050,    693.0110,    698.6180,    704.2250,    710.1390,    716.0530,    721.9670,    727.8810,    733.7950,    739.7090,    745.6240,    751.5380,    757.4520,    763.3660,    769.2800,    775.1940,    791.5010,    807.8070,    824.1140,    840.4210,    856.7270,    873.0340,    889.3410,    905.6470,    921.9540,    938.2610,    954.5670,    970.8740,    996.8050,   1022.7370,   1048.6680,   1074.6000,   1100.5310,   1126.4630,   1152.3940,   1178.3250,   1204.2570,   1230.1880,   1256.1200,   1282.0510,   1360.3990,   1438.7460,   1517.0940,   1595.4410,   1673.7890,   1752.1370,   1830.4840,   1908.8320,   1987.1790,   2065.5270,   2143.8740,   2222.2220
BWN VIS (cm-1) ,   2222.2200,   2294.3160,   2366.4120,   2438.5080,   2510.6030,   2582.6990,   2654.7950,   2726.8910,   2798.9870,   2871.0820,   2943.1780,   3015.2740,   3087.3700,   3165.9750,   3244.5800,   3323.1850,   3401.7900,   3480.3950,   3559.0000,   3637.6050,   3716.2100,   3794.8150,   3873.4200,   3952.0250,   4030.6300,   4142.2920,   4253.9530,   4365.6150,   4477.2770,   4588.9380,   4700.6000,   4812.2620,   4923.9230,   5035.5850,   5147.2470,   5258.9080,   5370.5700,   5560.6150,   5750.6600,   5940.7050,   6130.7500,   6320.7950,   6510.8400,   6700.8850,   6890.9300,   7080.9750,   7271.0200,   7461.0650,   7651.1100,   8055.1840,   8459.2580,   8863.3330,   9267.4070,   9671.4810,  10075.5550,  10479.6290,  10883.7030,  11287.7780,  11691.8520,  12095.9260,  12500.0000,  13541.6670,  14583.3330,  15625.0000,  16666.6670,  17708.3330,  18750.0000,  19791.6670,  20833.3330,  21875.0000,  22916.6670,  23958.3330,  25000.0000,  26388.8890,  27777.7780,  29166.6670,  30555.5570,  31944.4460,  33333.3350,  34722.2240,  36111.1130,  37500.0030,  38888.8920,  40277.7810,  41666.6700
SUN VIS (W/m2) ,      0.1008,      0.0862,      0.0968,      0.1089,      0.1224,      0.1136,      0.1248,      0.1400,      0.1233,      0.1698,      0.1502,      0.1645,      0.1814,      0.1477,      0.2144,      0.2377,      0.1946,      0.2106,      0.2276,      0.2472,      0.2683,      0.1918,      0.3072,      0.3239,      0.3986,      0.4261,      0.4410,      0.4688,      0.4810,      0.5017,      0.5013,      0.5485,      0.5772,      0.5665,      0.6183,      0.6303,      1.0809,      1.1806,      1.2379,      1.2751,      1.2949,      1.4092,      1.3262,      1.4132,      1.3634,      1.4505,      1.3747,      1.4716,      3.1730,      3.1258,      3.2038,      3.2543,      3.2846,      3.1576,      3.2685,      3.3520,      3.4202,      3.1800,      3.1347,      3.2554,      8.2299,      7.8425,      7.7561,      7.5237,      6.9524,      6.5235,      5.7299,      5.2748,      5.0739,      4.4511,      3.4228,      3.1828,      2.4579,      2.2644,      1.7312,      1.6575,      1.1215,      0.8173,      0.6634,      0.2677,      0.2374,      0.1697,      0.0593,      0.0486
================
wavelenght [um],    0.244068,    0.252632,    0.261818,    0.271698,    0.282353,    0.293878,    0.306383,    0.320000,    0.334884,    0.351220,    0.369231,    0.389189,    0.408511,    0.426667,    0.446512,    0.468293,    0.492308,    0.518919,    0.548571,    0.581818,    0.619355,    0.662069,    0.711111,    0.768000,    0.813143,    0.840768,    0.870336,    0.902060,    0.936184,    0.972991,    1.012810,    1.056028,    1.103099,    1.154562,    1.211061,    1.273375,    1.323436,    1.357581,    1.393534,    1.431444,    1.471474,    1.513807,    1.558648,    1.606226,    1.656801,    1.710664,    1.768147,    1.829628,    1.881560,    1.921939,    1.964090,    2.008131,    2.054193,    2.102417,    2.152960,    2.205992,    2.261704,    2.320302,    2.382017,    2.447105,    2.505432,    2.555765,    2.608162,    2.662752,    2.719677,    2.779088,    2.841153,    2.906054,    2.973989,    3.045176,    3.119855,    3.198288,    3.277268,    3.356577,    3.439819,    3.527294,    3.619334,    3.716307,    3.818620,    3.926726,    4.041130,    4.162400,    4.291175,    4.428172,    4.580751,    4.751270,    4.934974,    5.133456,    5.348572,    5.582505,    5.837838,    6.117648,    6.425631,    6.766266,    7.145039,    7.568734,    7.879690,    8.044056,    8.215425,    8.394255,    8.581043,    8.776330,    8.980716,    9.194848,    9.419442,    9.655282,    9.903235,   10.164260,   10.387231,   10.566200,   10.751445,   10.943308,   11.142136,   11.348323,   11.562291,   11.784476,   12.015368,   12.255495,   12.505409,   12.765727,   12.949392,   13.049328,   13.150818,   13.253898,   13.358608,   13.464994,   13.573088,   13.682923,   13.794549,   13.908012,   14.023357,   14.140631,   14.256763,   14.371646,   14.488386,   14.607038,   14.727660,   14.850291,   14.974981,   15.101782,   15.230738,   15.361915,   15.495384,   15.631191,   15.790367,   15.974275,   16.162517,   16.355249,   16.552633,   16.754839,   16.962047,   17.174443,   17.392227,   17.615605,   17.844795,   18.080028,   18.550914,   19.294981,   20.101230,   20.977796,   21.934298,   22.982219,   24.135264,   25.410119,   26.827165,   28.411593,   30.194923,   32.217118,   34.732292,   37.914692,   41.739101,   46.421699,   52.287582,   59.850314,   69.970927,   84.210526,  105.726686,  142.012170,  216.216216,  452.826771
Qext           ,      1.3187,      1.3187,      1.3187,      1.3187,      1.3187,      1.3187,      1.3187,      1.3187,      1.3187,      1.3187,      1.3187,      1.6816,      1.6816,      1.6816,      1.6816,      1.6816,      1.6816,      1.6816,      1.6816,      1.6816,      1.6816,      1.6816,      1.6816,      1.2599,      1.2599,      1.2599,      1.2599,      1.2599,      1.2599,      1.2599,      1.2599,      1.2599,      1.2599,      1.1909,      1.1909,      1.1909,      1.1909,      1.1909,      1.1909,      1.1909,      1.1909,      1.3040,      1.3040,      1.3040,      1.3040,      1.3040,      1.3040,      1.3040,      1.2983,      1.2983,      1.2983,      1.2983,      1.2983,      1.2983,      1.2983,      1.2983,      1.4679,      1.4679,      1.4679,      1.4679,      1.4679,      1.4679,      1.5450,      1.5450,      1.5450,      1.5450,      1.5450,      1.5450,      1.8581,      1.8581,      1.8581,      1.8581,      1.8581,      1.5669,      1.5669,      1.5669,      1.5669,      1.6983,      1.6983,      1.6983,      1.6983,      1.5219,      1.5219,      1.5219,      1.9532,      1.9532,      2.0833,      2.0833,      1.9991,      2.4856,      2.4856,      3.3582,      4.4468,      4.7166,      3.8299,      4.9142,      6.3783,      6.3783,      6.8094,      6.8094,      5.8285,      5.8285,      4.0367,      4.0367,      2.9440,      2.6859,      2.6859,      2.9205,      3.8833,      3.8833,      5.4201,      5.4201,      6.6341,      6.6341,      6.7791,      5.8809,      5.8809,      4.5000,      4.5000,      3.2009,      2.2663,      2.2663,      2.2663,      2.2663,      1.7090,      1.7090,      1.7090,      1.4079,      1.4079,      1.4079,      1.2253,      1.2253,      1.2253,      1.0660,      1.0660,      1.0660,      0.8922,      0.8922,      0.8922,      0.7136,      0.7136,      0.7136,      0.5692,      0.5692,      0.5692,      0.5058,      0.5058,      0.5607,      0.5607,      0.7496,      1.0629,      1.0629,      1.4691,      1.4691,      1.9219,      2.3706,      2.5694,      3.1776,      3.2883,      2.8292,      2.0543,      1.1602,      0.5397,      0.1957,      0.0973,      0.1160,      0.1254,      0.0914,      0.0378,      0.0082,      0.0112,      0.0203,      0.0162,      0.0115,      0.0115,      0.0115,      0.0115,      0.0115,      0.0115,      0.0115
Qscat          ,      0.6187,      0.6187,      0.6187,      0.6187,      0.6187,      0.6187,      0.6187,      0.6187,      0.6187,      0.6187,      0.6187,      0.4979,      0.4979,      0.4979,      0.4979,      0.4979,      0.4979,      0.4979,      0.4979,      0.4979,      0.4979,      0.4979,      0.4979,      0.1694,      0.1694,      0.1694,      0.1694,      0.1694,      0.1694,      0.1694,      0.1694,      0.1694,      0.1694,      0.1286,      0.1286,      0.1286,      0.1286,      0.1286,      0.1286,      0.1286,      0.1286,      0.1383,      0.1383,      0.1383,      0.1383,      0.1383,      0.1383,      0.1383,      0.1022,      0.1022,      0.1022,      0.1022,      0.1022,      0.1022,      0.1022,      0.1022,      0.0797,      0.0797,      0.0797,      0.0797,      0.0797,      0.0797,      0.1132,      0.1132,      0.1132,      0.1132,      0.1132,      0.1132,      0.1664,      0.1664,      0.1664,      0.1664,      0.1664,      0.0974,      0.0974,      0.0974,      0.0974,      0.1842,      0.1842,      0.1842,      0.1842,      0.1120,      0.1120,      0.1120,      0.1176,      0.1176,      0.1484,      0.1484,      0.2058,      0.2810,      0.2810,      0.3105,      0.3937,      0.5517,      0.5508,      0.6835,      0.8811,      0.8811,      0.9698,      0.9698,      1.3084,      1.3084,      0.9435,      0.9435,      0.5757,      0.8819,      0.8819,      0.8254,      0.5264,      0.5264,      0.7978,      0.7978,      1.5615,      1.5615,      2.1901,      2.3064,      2.3064,      1.9514,      1.9514,      1.3780,      0.8395,      0.8395,      0.8395,      0.8395,      0.4869,      0.4869,      0.4869,      0.3578,      0.3578,      0.3578,      0.4055,      0.4055,      0.4055,      0.5361,      0.5361,      0.5361,      0.6469,      0.6469,      0.6469,      0.6621,      0.6621,      0.6621,      0.5608,      0.5608,      0.5608,      0.3843,      0.3843,      0.2199,      0.2199,      0.1687,      0.3108,      0.3108,      0.6802,      0.6802,      1.2563,      1.9713,      2.3497,      3.1773,      3.2879,      2.8289,      1.9381,      0.1936,     -0.5908,     -0.3482,      0.0973,      0.1160,      0.1254,     -0.3027,     -0.5554,     -0.0384,      0.0112,      0.0203,     -0.3008,     -0.5332,     -0.5332,     -0.5332,     -0.5332,     -0.5332,     -0.5332,     -0.5332
G factor       ,      0.4990,      0.4990,      0.4990,      0.4990,      0.4990,      0.4990,      0.4990,      0.4990,      0.4990,      0.4990,      0.4990,      0.4160,      0.4160,      0.4160,      0.4160,      0.4160,      0.4160,      0.4160,      0.4160,      0.4160,      0.4160,      0.4160,      0.4160,      0.2500,      0.2500,      0.2500,      0.2500,      0.2500,      0.2500,      0.2500,      0.2500,      0.2500,      0.2500,      0.2030,      0.2030,      0.2030,      0.2030,      0.2030,      0.2030,      0.2030,      0.2030,      0.1700,      0.1700,      0.1700,      0.1700,      0.1700,      0.1700,      0.1700,      0.1680,      0.1680,      0.1680,      0.1680,      0.1680,      0.1680,      0.1680,      0.1680,      0.1820,      0.1820,      0.1820,      0.1820,      0.1820,      0.1820,      0.1140,      0.1140,      0.1140,      0.1140,      0.1140,      0.1140,      0.1900,      0.1900,      0.1900,      0.1900,      0.1900,      0.2040,      0.2040,      0.2040,      0.2040,      0.1540,      0.1540,      0.1540,      0.1540,      0.1730,      0.1730,      0.1730,      0.2270,      0.2270,      0.1040,      0.1040,      0.1090,      0.1300,      0.1300,      0.0940,      0.0760,      0.1040,      0.1530,      0.1480,      0.1330,      0.1330,      0.1220,      0.1220,      0.0920,      0.0920,      0.0310,      0.0310,     -0.0180,     -0.0260,     -0.0260,     -0.0350,     -0.0170,     -0.0170,      0.0120,      0.0120,      0.0240,      0.0240,      0.0170,     -0.0020,     -0.0020,     -0.0270,     -0.0270,     -0.0480,     -0.0540,     -0.0540,     -0.0540,     -0.0540,     -0.0430,     -0.0430,     -0.0430,     -0.0240,     -0.0240,     -0.0240,     -0.0130,     -0.0130,     -0.0130,     -0.0130,     -0.0130,     -0.0130,     -0.0190,     -0.0190,     -0.0190,     -0.0280,     -0.0280,     -0.0280,     -0.0360,     -0.0360,     -0.0360,     -0.0400,     -0.0400,     -0.0350,     -0.0350,     -0.0260,     -0.0200,     -0.0200,     -0.0160,     -0.0160,     -0.0130,     -0.0120,     -0.0110,     -0.0090,     -0.0080,     -0.0070,     -0.0050,     -0.0020,      0.0020,      0.0060,     -0.0030,     -0.0080,     -0.0030,      0.0020,      0.0040,     -0.0250,     -0.0220,      0.0000,      0.0100,      0.0120,      0.0120,      0.0120,      0.0120,      0.0120,      0.0120,      0.0120
================
P [mbar]       ,    0.1004,    0.1015,    0.1034,    0.1069,    0.1130,    0.1239,    0.1432,    0.1740,    0.2226,    0.3028,    0.4349,    0.6529,    1.0121,    1.6044,    2.4646,    3.4606,    4.3994,    5.2226,    5.8426,    6.2132,    6.3980,    6.4686,    6.5039,    6.5168
Temp initial[K],  163.5827,  163.6723,  163.8293,  164.1029,  164.5732,  165.3648,  166.6602,  168.4872,  170.9519,  174.2721,  178.5564,  183.8814,  190.3071,  197.9049,  205.8548,  212.8059,  218.1105,  222.1140,  224.8330,  226.3589,  227.0949,  227.3721,  227.5098,  227.5598
================
it   ,   tau    ,  Tsfc    ,   alb    ,   OLR    ,    ASR   ,  NET top ,  NET bot , T lev  01, T lev  02, T lev  03, T lev  04, T lev  05, T lev  06, T lev  07, T lev  08, T lev  09, T lev  10, T lev  11, T lev  12, T lev  13, T lev  14, T lev  15, T lev  16, T lev  17, T lev  18, T lev  19, T lev  20, T lev  21, T lev  22, T lev  23, T lev  24, T lev  25,  OLR IR01,  OLR IR02,  OLR IR03,  OLR IR04,  OLR IR05,  OLR IR06,  OLR IR07,  OLR IR08,  OLR IR09,  OLR IR10,  OLR IR11,  OLR IR12,  OLR IR13,  OLR IR14,  OLR IR15,  OLR IR16,  OLR IR17,  OLR IR18,  OLR IR19,  OLR IR20,  OLR IR21,  OLR IR22,  OLR IR23,  OLR IR24,  OLR IR25,  OLR IR26,  OLR IR27,  OLR IR28,  OLR IR29,  OLR IR30,  OLR IR31,  OLR IR32,  OLR IR33,  OLR IR34,  OLR IR35,  OLR IR36,  OLR IR37,  OLR IR38,  OLR IR39,  OLR IR40,  OLR IR41,  OLR IR42,  OLR IR43,  OLR IR44,  OLR IR45,  OLR IR46,  OLR IR47,  OLR IR48,  OLR IR49,  OLR IR50,  OLR IR51,  OLR IR52,  OLR IR53,  OLR IR54,  OLR IR55,  OLR IR56,  OLR IR57,  OLR IR58,  OLR IR59,  OLR IR60,  OLR IR61,  OLR IR62,  OLR IR63,  OLR IR64,  OLR IR65,  OLR IR66,  OLR IR67,  OLR IR68,  OLR IR69,  OLR IR70,  OLR IR71,  OLR IR72,  OLR IR73,  OLR IR74,  OLR IR75,  OLR IR76,  OLR IR77,  OLR IR78,  OLR IR79,  OLR IR80,  OLR IR81,  OLR IR82,  OLR IR83,  OLR IR84,  OLR IR85,  OLR IR86,  OLR IR87,  OLR IR88,  OLR IR89,  OLR IR90,  OLR IR91,  OLR IR92,  OLR IR93,  OLR IR94,  OLR IR95,  OLR IR96, ASR VIS01, ASR VIS02, ASR VIS03, ASR VIS04, ASR VIS05, ASR VIS06, ASR VIS07, ASR VIS08, ASR VIS09, ASR VIS10, ASR VIS11, ASR VIS12, ASR VIS13, ASR VIS14, ASR VIS15, ASR VIS16, ASR VIS17, ASR VIS18, ASR VIS19, ASR VIS20, ASR VIS21, ASR VIS22, ASR VIS23, ASR VIS24, ASR VIS25, ASR VIS26, ASR VIS27, ASR VIS28, ASR VIS29, ASR VIS30, ASR VIS31, ASR VIS32, ASR VIS33, ASR VIS34, ASR VIS35, ASR VIS36, ASR VIS37, ASR VIS38, ASR VIS39, ASR VIS40, ASR VIS41, ASR VIS42, ASR VIS43, ASR VIS44, ASR VIS45, ASR VIS46, ASR VIS47, ASR VIS48, ASR VIS49, ASR VIS50, ASR VIS51, ASR VIS52, ASR VIS53, ASR VIS54, ASR VIS55, ASR VIS56, ASR VIS57, ASR VIS58, ASR VIS59, ASR VIS60, ASR VIS61, ASR VIS62, ASR VIS63, ASR VIS64, ASR VIS65, ASR VIS66, ASR VIS67, ASR VIS68, ASR VIS69, ASR VIS70, ASR VIS71, ASR VIS72, ASR VIS73, ASR VIS74, ASR VIS75, ASR VIS76, ASR VIS77, ASR VIS78, ASR VIS79, ASR VIS80, ASR VIS81, ASR VIS82, ASR VIS83, ASR VIS84, SFC DIR01, SFC DIR02, SFC DIR03, SFC DIR04, SFC DIR05, SFC DIR06, SFC DIR07, SFC DIR08, SFC DIR09, SFC DIR10, SFC DIR11, SFC DIR12, SFC DIR13, SFC DIR14, SFC DIR15, SFC DIR16, SFC DIR17, SFC DIR18, SFC DIR19, SFC DIR20, SFC DIR21, SFC DIR22, SFC DIR23, SFC DIR24, SFC DIR25, SFC DIR26, SFC DIR27, SFC DIR28, SFC DIR29, SFC DIR30, SFC DIR31, SFC DIR32, SFC DIR33, SFC DIR34, SFC DIR35, SFC DIR36, SFC DIR37, SFC DIR38, SFC DIR39, SFC DIR40, SFC DIR41, SFC DIR42, SFC DIR43, SFC DIR44, SFC DIR45, SFC DIR46, SFC DIR47, SFC DIR48, SFC DIR49, SFC DIR50, SFC DIR51, SFC DIR52, SFC DIR53, SFC DIR54, SFC DIR55, SFC DIR56, SFC DIR57, SFC DIR58, SFC DIR59, SFC DIR60, SFC DIR61, SFC DIR62, SFC DIR63, SFC DIR64, SFC DIR65, SFC DIR66, SFC DIR67, SFC DIR68, SFC DIR69, SFC DIR70, SFC DIR71, SFC DIR72, SFC DIR73, SFC DIR74, SFC DIR75, SFC DIR76, SFC DIR77, SFC DIR78, SFC DIR79, SFC DIR80, SFC DIR81, SFC DIR82, SFC DIR83, SFC DIR84, SFC DIR85, SFC DIR86, SFC DIR87, SFC DIR88, SFC DIR89, SFC DIR90, SFC DIR91, SFC DIR92, SFC DIR93, SFC DIR94, SFC DIR95, SFC DIR96,SFC DVIS01,SFC DVIS02,SFC DVIS03,SFC DVIS04,SFC DVIS05,SFC DVIS06,SFC DVIS07,SFC DVIS08,SFC DVIS09,SFC DVIS10,SFC DVIS11,SFC DVIS12,SFC DVIS13,SFC DVIS14,SFC DVIS15,SFC DVIS16,SFC DVIS17,SFC DVIS18,SFC DVIS19,SFC DVIS20,SFC DVIS21,SFC DVIS22,SFC DVIS23,SFC DVIS24,SFC DVIS25,SFC DVIS26,SFC DVIS27,SFC DVIS28,SFC DVIS29,SFC DVIS30,SFC DVIS31,SFC DVIS32,SFC DVIS33,SFC DVIS34,SFC DVIS35,SFC DVIS36,SFC DVIS37,SFC DVIS38,SFC DVIS39,SFC DVIS40,SFC DVIS41,SFC DVIS42,SFC DVIS43,SFC DVIS44,SFC DVIS45,SFC DVIS46,SFC DVIS47,SFC DVIS48,SFC DVIS49,SFC DVIS50,SFC DVIS51,SFC DVIS52,SFC DVIS53,SFC DVIS54,SFC DVIS55,SFC DVIS56,SFC DVIS57,SFC DVIS58,SFC DVIS59,SFC DVIS60,SFC DVIS61,SFC DVIS62,SFC DVIS63,SFC DVIS64,SFC DVIS65,SFC DVIS66,SFC DVIS67,SFC DVIS68,SFC DVIS69,SFC DVIS70,SFC DVIS71,SFC DVIS72,SFC DVIS73,SFC DVIS74,SFC DVIS75,SFC DVIS76,SFC DVIS77,SFC DVIS78,SFC DVIS79,SFC DVIS80,SFC DVIS81,SFC DVIS82,SFC DVIS83,SFC DVIS84
    2,    0.0000,  227.5722,    0.2192,  139.8688,  115.8602,  -23.5218,  -14.0680,  158.4330,  163.5827,  163.6723,  163.8293,  164.1029,  164.5732,  165.3648,  166.6602,  168.4872,  170.9519,  174.2721,  178.5564,  183.8814,  190.3071,  197.9049,  205.8548,  212.8059,  218.1105,  222.1140,  224.8330,  226.3589,  227.0949,  227.3721,  227.5098,  227.5598,    0.0705,    0.2675,    0.5658,    0.9364,    1.3541,    1.7971,    2.2470,    2.6886,    3.1100,    3.5012,    3.8550,    4.1668,    3.7991,    3.9662,    4.1036,    4.2111,    4.2902,    4.3412,    4.3666,    4.3674,    4.3455,    4.3031,    4.2365,    4.1377,    1.4329,    1.4160,    1.3937,    1.3544,    1.3064,    1.2531,    1.1042,    1.0903,    1.0331,    0.8812,    0.8657,    0.6804,    0.4286,    0.3613,    0.2973,    0.2859,    0.2660,    0.2237,    0.2586,    0.2615,    0.2793,    0.3166,    0.3804,    0.4522,    0.5746,    0.6344,    0.5305,    0.6851,    0.6744,    0.6698,    0.6769,    0.7426,    0.7550,    0.7683,    0.7700,    0.7628,    2.0538,    1.9716,    1.9052,    1.8274,    1.7484,    1.6691,    1.5919,    1.5151,    1.4407,    1.3665,    1.2937,    1.2291,    1.8278,    1.6842,    1.5339,    1.3924,    1.2741,    1.1725,    1.0662,    0.9681,    0.8777,    0.7928,    0.7079,    0.6374,    1.5840,    1.1437,    0.8293,    0.5901,    0.4167,    0.2922,    0.2036,    0.1383,    0.0940,    0.0622,    0.0416,    0.0303,    0.0906,    0.0482,    0.0759,    0.0854,    0.0957,    0.0892,    0.0975,    0.1096,    0.0962,    0.1325,    0.1172,    0.1283,    0.1417,    0.1155,    0.1680,    0.1868,    0.1536,    0.1833,    0.2065,    0.2237,    0.2252,    0.1502,    0.2398,    0.2533,    0.3110,    0.3324,    0.3440,    0.3658,    0.3756,    0.3940,    0.4010,    0.4565,    0.4953,    0.4717,    0.4852,    0.4943,    0.8433,    0.9209,    0.9663,    0.9993,    1.0234,    1.1077,    1.0381,    1.1064,    1.0804,    1.1314,    1.0733,    1.1507,    2.4780,    2.4450,    2.4989,    2.5384,    2.5644,    2.4626,    2.5489,    2.6139,    2.6670,    2.4800,    2.4441,    2.5380,    6.4157,    6.1123,    6.0433,    5.8603,    5.4132,    5.0767,    4.4565,    4.0997,    3.9404,    3.4535,    2.6528,    2.4637,    1.8993,    1.7458,    1.3311,    1.2705,    0.8565,    0.6215,    0.5021,    0.2015,    0.1776,    0.1261,    0.0437,    0.0355,    0.0000,    0.0000,    0.0000,    0.0000,    0.0000,    0.0000,    0.0000,    0.0000,    0.0000,    0.0000,    0.0000,    0.0000,    0.0000,    0.0000,    0.0000,    0.0000,    0.0000,    0.0000,    0.0000,    0.0004,    0.0013,    0.0042,    0.0316,    0.1224,    0.0337,    0.0553,    0.0951,    0.1939,    0.3170,    0.4390,    0.7874,    0.8078,    0.8986,    1.0611,    1.1127,    1.2540,    0.9696,    0.9641,    0.9572,    0.9473,    0.9378,    0.9287,    0.9178,    0.9074,    0.8966,    0.8844,    0.8683,    0.8421,    0.8025,    0.6764,    0.7395,    0.4977,    0.5022,    0.4908,    0.4247,    0.2470,    0.1814,    0.1031,    0.0612,    0.0469,    0.0933,    0.0788,    0.0260,    0.0119,    0.0030,    0.0028,    0.0017,    0.0056,    0.0100,    0.0182,    0.0292,    0.0235,    0.0278,    0.0056,    0.0259,    0.0458,    0.0328,    0.0004,    0.0000,    0.0000,    0.0000,    0.0031,    0.0165,    0.0171,    0.0171,    0.0171,    0.0000,    0.0000,    0.0000,    0.0000,    0.0000,    0.0035,    0.0040,    0.0054,    0.0048,    0.0010,    0.0230,    0.0000,    0.0598,    0.1073,    0.1213,    0.1109,    0.1245,    0.1385,    0.1233,    0.1698,    0.1501,    0.1645,    0.1806,    0.1466,    0.2118,    0.2312,    0.1878,    0.1215,    0.0145,    0.0325,    0.1583,    0.1897,    0.3065,    0.3218,    0.3984,    0.4260,    0.4410,    0.4686,    0.4796,    0.4909,    0.4572,    0.4157,    0.3661,    0.4375,    0.6076,    0.6165,    1.0804,    1.1803,    1.2358,    1.2540,    1.2316,    1.3659,    1.3119,    1.3949,    1.2823,    1.4502,    1.3714,    1.4595,    3.1611,    3.0848,    3.2030,    3.2531,    3.2743,    3.1567,    3.2678,    3.3511,    3.4192,    3.1776,    3.1334,    3.2539,    8.2247,    7.8363,    7.7478,    7.5132,    6.9399,    6.5086,    5.7135,    5.2561,    5.0518,    4.4276,    3.4010,    3.1586,    2.4350,    2.2382,    1.7066,    1.6288,    1.0981,    0.7968,    0.6438,    0.2584,    0.2277,    0.1616,    0.0560,    0.0455
    2,    0.0500,  227.5722,    0.1973,  133.4998,  119.1099,  -13.9030,  -13.3741,  158.4330,  163.5827,  163.6723,  163.8293,  164.1029,  164.5732,  165.3648,  166.6602,  168.4872,  170.9519,  174.2721,  178.5564,  183.8814,  190.3071,  197.9049,  205.8548,  212.8059,  218.1105,  222.1140,  224.8330,  226.3589,  227.0949,  227.3721,  227.5098,  227.5598,    0.0715,    0.2709,    0.5728,    0.9479,    1.3703,    1.8182,    2.2729,    2.7056,    3.1081,    3.5000,    3.8576,    4.2097,    3.8169,    3.9512,    4.0892,    4.1987,    4.3048,    4.3516,    4.2857,    4.1192,    4.0013,    3.9118,    3.8638,    3.8534,    1.3449,    1.3514,    1.3498,    1.3130,    1.2809,    1.2297,    1.0924,    1.0808,    1.0247,    0.8749,    0.8602,    0.6774,    0.4275,    0.3607,    0.2970,    0.2856,    0.2658,    0.2236,    0.2583,    0.2612,    0.2789,    0.3158,    0.3785,    0.4484,    0.5671,    0.6239,    0.5223,    0.6697,    0.6594,    0.6512,    0.6571,    0.7178,    0.7192,    0.7302,    0.7310,    0.7238,    1.9043,    1.7764,    1.7136,    1.5986,    1.5276,    1.4352,    1.3759,    1.3079,    1.2769,    1.2101,    1.1832,    1.1231,    1.7003,    1.5732,    1.4321,    1.2941,    1.1526,    1.0587,    0.9229,    0.8366,    0.7401,    0.6673,    0.6017,    0.5408,    1.3897,    1.0292,    0.7250,    0.5176,    0.3764,    0.2706,    0.1883,    0.1296,    0.0878,    0.0581,    0.0390,    0.0283,    0.0911,    0.0481,    0.0777,    0.0888,    0.0996,    0.0927,    0.1014,    0.1140,    0.1002,    0.1379,    0.1220,    0.1342,    0.1481,    0.1207,    0.1755,    0.1949,    0.1593,    0.1863,    0.2066,    0.2241,    0.2297,    0.1560,    0.2492,    0.2631,    0.3232,    0.3454,    0.3575,    0.3801,    0.3882,    0.4067,    0.4125,    0.4661,    0.5033,    0.4819,    0.5009,    0.5103,    0.8702,    0.9503,    0.9970,    1.0303,    1.0534,    1.1413,    1.0706,    1.1381,    1.1090,    1.1646,    1.1046,    1.1840,    2.5502,    2.5152,    2.5721,    2.6132,    2.6396,    2.5352,    2.6241,    2.6910,    2.7456,    2.5531,    2.5162,    2.6129,    6.6051,    6.2831,    6.2123,    6.0243,    5.5647,    5.2190,    4.5816,    4.2149,    4.0513,    3.5509,    2.7278,    2.5335,    1.9533,    1.7698,    1.3495,    1.2882,    0.8686,    0.6304,    0.5094,    0.2045,    0.1803,    0.1280,    0.0444,    0.0361,    0.0010,    0.0036,    0.0074,    0.0121,    0.0172,    0.0223,    0.0274,    0.0195,    0.0019,    0.0012,    0.0046,    0.0524,    0.0388,    0.0150,    0.0144,    0.0124,    0.0652,    0.1505,    0.2164,    0.2649,    0.3455,    0.3954,    0.4031,    0.4286,    0.1363,    0.1438,    0.1656,    0.2579,    0.3606,    0.4765,    0.8033,    0.8182,    0.9067,    1.0647,    1.1151,    1.2542,    0.9696,    0.9641,    0.9572,    0.9473,    0.9378,    0.9287,    0.9178,    0.9074,    0.8966,    0.8844,    0.8683,    0.8425,    0.8056,    0.6844,    0.7456,    0.5153,    0.5189,    0.5109,    0.4486,    0.2817,    0.2306,    0.1581,    0.1188,    0.1047,    0.3071,    0.3570,    0.2990,    0.3450,    0.3216,    0.3495,    0.3316,    0.3173,    0.2621,    0.2549,    0.1942,    0.1798,    0.2016,    0.1525,    0.1574,    0.1759,    0.1893,    0.1460,    0.1809,    0.1630,    0.1703,    0.1554,    0.1427,    0.1296,    0.2371,    0.1403,    0.1075,    0.0713,    0.0379,    0.0195,    0.0133,    0.0106,    0.0089,    0.0086,    0.0067,    0.0024,    0.0211,    0.0000,    0.0548,    0.0975,    0.1103,    0.1008,    0.1132,    0.1265,    0.1126,    0.1551,    0.1371,    0.1480,    0.1625,    0.1319,    0.1906,    0.2080,    0.1718,    0.1112,    0.0133,    0.0297,    0.1448,    0.1735,    0.2814,    0.2955,    0.3657,    0.3911,    0.4049,    0.4302,    0.4453,    0.4557,    0.4244,    0.3859,    0.3399,    0.4062,    0.5640,    0.5723,    1.0040,    1.0969,    1.1484,    1.1653,    1.1445,    1.2693,    1.2191,    1.3048,    1.1995,    1.3566,    1.2828,    1.3652,    2.9570,    2.8856,    2.9961,    3.0358,    3.0556,    2.9459,    3.0496,    3.1273,    3.1908,    2.9654,    2.9242,    3.0366,    7.6754,    7.2403,    7.1586,    6.9417,    6.4120,    6.0134,    5.2788,    4.8561,    4.6673,    4.0905,    3.1421,    2.9181,    2.2496,    2.1277,    1.6223,    1.5483,    1.0438,    0.7575,    0.6119,    0.2456,    0.2164,    0.1536,    0.0533,    0.0433
    2,    0.1000,  227.5722,    0.1782,  128.2435,  121.9436,   -5.8129,  -13.5609,  158.4330,  163.5827,  163.6723,  163.8293,  164.1029,  164.5732,  165.3648,  166.6602,  168.4872,  170.9519,  174.2721,  178.5564,  183.8814,  190.3071,  197.9049,  205.8548,  212.8059,  218.1105,  222.1140,  224.8330,  226.3589,  227.0949,  227.3721,  227.5098,  227.5598,    0.0723,    0.2742,    0.5797,    0.9590,    1.3860,    1.8386,    2.2978,    2.7221,    3.1062,    3.4987,    3.8602,    4.2509,    3.8341,    3.9363,    4.0749,    4.1864,    4.3183,    4.3582,    4.2094,    3.8990,    3.7076,    3.5857,    3.5515,    3.6084,    1.2685,    1.2938,    1.3095,    1.2749,    1.2568,    1.2075,    1.0809,    1.0715,    1.0165,    0.8688,    0.8547,    0.6745,    0.4264,    0.3601,    0.2967,    0.2853,    0.2656,    0.2235,    0.2581,    0.2609,    0.2784,    0.3149,    0.3767,    0.4448,    0.5598,    0.6139,    0.5144,    0.6552,    0.6452,    0.6339,    0.6386,    0.6949,    0.6872,    0.6963,    0.6963,    0.6892,    1.7779,    1.6208,    1.5610,    1.4256,    1.3606,    1.2624,    1.2130,    1.1515,    1.1458,    1.0847,    1.0892,    1.0329,    1.5891,    1.4756,    1.3426,    1.2076,    1.0506,    0.9632,    0.8102,    0.7331,    0.6348,    0.5714,    0.5190,    0.4657,    1.2302,    0.9312,    0.6388,    0.4571,    0.3413,    0.2511,    0.1745,    0.1217,    0.0821,    0.0543,    0.0365,    0.0265,    0.0915,    0.0481,    0.0792,    0.0916,    0.1028,    0.0956,    0.1047,    0.1177,    0.1035,    0.1425,    0.1260,    0.1390,    0.1534,    0.1250,    0.1817,    0.2016,    0.1642,    0.1889,    0.2067,    0.2245,    0.2336,    0.1609,    0.2572,    0.2715,    0.3336,    0.3565,    0.3690,    0.3924,    0.3990,    0.4178,    0.4225,    0.4744,    0.5102,    0.4908,    0.5146,    0.5242,    0.8937,    0.9759,    1.0238,    1.0573,    1.0795,    1.1706,    1.0990,    1.1662,    1.1342,    1.1939,    1.1322,    1.2133,    2.6139,    2.5771,    2.6368,    2.6789,    2.7057,    2.5990,    2.6901,    2.7588,    2.8148,    2.6173,    2.5796,    2.6787,    6.7715,    6.4307,    6.3583,    6.1659,    5.6957,    5.3420,    4.6897,    4.3146,    4.1473,    3.6352,    2.7927,    2.5940,    2.0002,    1.7919,    1.3665,    1.3046,    0.8798,    0.6386,    0.5161,    0.2072,    0.1827,    0.1298,    0.0450,    0.0366,    0.0019,    0.0070,    0.0147,    0.0238,    0.0338,    0.0440,    0.0539,    0.0387,    0.0038,    0.0024,    0.0091,    0.1031,    0.0769,    0.0299,    0.0288,    0.0247,    0.1289,    0.2943,    0.4204,    0.5012,    0.6391,    0.7214,    0.7145,    0.6956,    0.2272,    0.2242,    0.2313,    0.3175,    0.4019,    0.5122,    0.8188,    0.8284,    0.9146,    1.0683,    1.1175,    1.2543,    0.9696,    0.9641,    0.9572,    0.9473,    0.9378,    0.9287,    0.9178,    0.9074,    0.8966,    0.8844,    0.8683,    0.8428,    0.8084,    0.6920,    0.7513,    0.5318,    0.5345,    0.5294,    0.4707,    0.3137,    0.2749,    0.2074,    0.1705,    0.1566,    0.4909,    0.5829,    0.5208,    0.6006,    0.5661,    0.6060,    0.5768,    0.5492,    0.4593,    0.4403,    0.3323,    0.3108,    0.3535,    0.2821,    0.2735,    0.2898,    0.3202,    0.2677,    0.3219,    0.2902,    0.2982,    0.2699,    0.2394,    0.2160,    0.4165,    0.2454,    0.1962,    0.1309,    0.0710,    0.0371,    0.0254,    0.0172,    0.0135,    0.0115,    0.0085,    0.0037,    0.0193,    0.0000,    0.0502,    0.0886,    0.1003,    0.0917,    0.1029,    0.1155,    0.1028,    0.1416,    0.1252,    0.1332,    0.1462,    0.1187,    0.1714,    0.1872,    0.1572,    0.1017,    0.0122,    0.0272,    0.1325,    0.1588,    0.2584,    0.2712,    0.3357,    0.3590,    0.3717,    0.3949,    0.4133,    0.4230,    0.3940,    0.3582,    0.3155,    0.3770,    0.5236,    0.5312,    0.9331,    1.0193,    1.0672,    1.0829,    1.0636,    1.1796,    1.1329,    1.2205,    1.1220,    1.2689,    1.2000,    1.2770,    2.7659,    2.6992,    2.8026,    2.8331,    2.8516,    2.7491,    2.8459,    2.9185,    2.9777,    2.7674,    2.7289,    2.8338,    7.1628,    6.6901,    6.6145,    6.4142,    5.9247,    5.5564,    4.8776,    4.4870,    4.3126,    3.7797,    2.9033,    2.6963,    2.0786,    2.0232,    1.5425,    1.4722,    0.9925,    0.7202,    0.5819,    0.2335,    0.2058,    0.1461,    0.0506,    0.0412
    2,    0.1500,  227.5722,    0.1616,  123.8275,  124.4124,    1.0721,  -14.3380,  158.4330,  163.5827,  163.6723,  163.8293,  164.1029,  164.5732,  165.3648,  166.6602,  168.4872,  170.9519,  174.2721,  178.5564,  183.8814,  190.3071,  197.9049,  205.8548,  212.8059,  218.1105,  222.1140,  224.8330,  226.3589,  227.0949,  227.3721,  227.5098,  227.5598,    0.0732,    0.2773,    0.5863,    0.9697,    1.4012,    1.8583,    2.3220,    2.7384,    3.1043,    3.4975,    3.8629,    4.2905,    3.8507,    3.9215,    4.0606,    4.1742,    4.3308,    4.3614,    4.1373,    3.7026,    3.4541,    3.3098,    3.2860,    3.3954,    1.2016,    1.2423,    1.2724,    1.2397,    1.2339,    1.1864,    1.0698,    1.0625,    1.0085,    0.8628,    0.8494,    0.6716,    0.4253,    0.3595,    0.2963,    0.2851,    0.2654,    0.2234,    0.2579,    0.2606,    0.2780,    0.3141,    0.3749,    0.4412,    0.5529,    0.6044,    0.5068,    0.6414,    0.6318,    0.6178,    0.6215,    0.6737,    0.6585,    0.6660,    0.6653,    0.6582,    1.6698,    1.4943,    1.4369,    1.2908,    1.2303,    1.1302,    1.0865,    1.0301,    1.0392,    0.9827,    1.0086,    0.9556,    1.4914,    1.3892,    1.2634,    1.1310,    0.9639,    0.8821,    0.7198,    0.6503,    0.5528,    0.4967,    0.4536,    0.4063,    1.0979,    0.8468,    0.5670,    0.4064,    0.3106,    0.2335,    0.1620,    0.1145,    0.0768,    0.0508,    0.0343,    0.0248,    0.0919,    0.0481,    0.0804,    0.0939,    0.1054,    0.0980,    0.1074,    0.1209,    0.1064,    0.1464,    0.1295,    0.1430,    0.1578,    0.1285,    0.1867,    0.2071,    0.1683,    0.1910,    0.2067,    0.2248,    0.2368,    0.1651,    0.2640,    0.2786,    0.3424,    0.3660,    0.3788,    0.4028,    0.4085,    0.4274,    0.4312,    0.4817,    0.5162,    0.4985,    0.5266,    0.5363,    0.9141,    0.9983,    1.0472,    1.0809,    1.1023,    1.1961,    1.1237,    1.1909,    1.1565,    1.2197,    1.1566,    1.2392,    2.6701,    2.6318,    2.6938,    2.7367,    2.7638,    2.6551,    2.7482,    2.8183,    2.8756,    2.6738,    2.6353,    2.7366,    6.9178,    6.5580,    6.4842,    6.2882,    5.8088,    5.4482,    4.7831,    4.4007,    4.2302,    3.7081,    2.8489,    2.6464,    2.0407,    1.8122,    1.3821,    1.3196,    0.8900,    0.6462,    0.5223,    0.2098,    0.1850,    0.1314,    0.0456,    0.0371,    0.0028,    0.0104,    0.0216,    0.0352,    0.0499,    0.0650,    0.0796,    0.0576,    0.0057,    0.0036,    0.0137,    0.1523,    0.1144,    0.0447,    0.0430,    0.0369,    0.1913,    0.4319,    0.6129,    0.7136,    0.8926,    0.9972,    0.9792,    0.9305,    0.3082,    0.2977,    0.2925,    0.3732,    0.4412,    0.5461,    0.8336,    0.8383,    0.9224,    1.0717,    1.1198,    1.2545,    0.9696,    0.9641,    0.9572,    0.9473,    0.9378,    0.9287,    0.9178,    0.9074,    0.8966,    0.8844,    0.8684,    0.8432,    0.8112,    0.6991,    0.7566,    0.5473,    0.5492,    0.5466,    0.4911,    0.3432,    0.3147,    0.2519,    0.2170,    0.2033,    0.6498,    0.7684,    0.7029,    0.7999,    0.7568,    0.7992,    0.7618,    0.7243,    0.6149,    0.5866,    0.4486,    0.4211,    0.4868,    0.3969,    0.3764,    0.3898,    0.4303,    0.3702,    0.4332,    0.3906,    0.3957,    0.3572,    0.3145,    0.2832,    0.5639,    0.3356,    0.2698,    0.1810,    0.1001,    0.0531,    0.0363,    0.0233,    0.0177,    0.0141,    0.0101,    0.0049,    0.0177,    0.0000,    0.0460,    0.0806,    0.0911,    0.0833,    0.0935,    0.1055,    0.0939,    0.1293,    0.1143,    0.1198,    0.1316,    0.1068,    0.1543,    0.1684,    0.1438,    0.0930,    0.0111,    0.0249,    0.1212,    0.1452,    0.2372,    0.2490,    0.3082,    0.3296,    0.3412,    0.3625,    0.3837,    0.3927,    0.3657,    0.3325,    0.2929,    0.3500,    0.4860,    0.4931,    0.8671,    0.9472,    0.9918,    1.0064,    0.9884,    1.0962,    1.0528,    1.1417,    1.0495,    1.1870,    1.1224,    1.1945,    2.5872,    2.5248,    2.6215,    2.6438,    2.6611,    2.5655,    2.6558,    2.7235,    2.7788,    2.5825,    2.5466,    2.6445,    6.6843,    6.1820,    6.1122,    5.9271,    5.4748,    5.1344,    4.5072,    4.1463,    3.9851,    3.4926,    2.6828,    2.4915,    1.9207,    1.9240,    1.4669,    1.4000,    0.9439,    0.6849,    0.5533,    0.2221,    0.1957,    0.1389,    0.0482,    0.0391
    2,    0.2000,  227.5722,    0.1471,  120.0628,  126.5632,    6.9878,  -15.5029,  158.4330,  163.5827,  163.6723,  163.8293,  164.1029,  164.5732,  165.3648,  166.6602,  168.4872,  170.9519,  174.2721,  178.5564,  183.8814,  190.3071,  197.9049,  205.8548,  212.8059,  218.1105,  222.1140,  224.8330,  226.3589,  227.0949,  227.3721,  227.5098,  227.5598,    0.0740,    0.2804,    0.5926,    0.9800,    1.4159,    1.8774,    2.3453,    2.7543,    3.1024,    3.4963,    3.8655,    4.3286,    3.8667,    3.9068,    4.0465,    4.1620,    4.3422,    4.3617,    4.0690,    3.5265,    3.2331,    3.0734,    3.0575,    3.2087,    1.1426,    1.1959,    1.2382,    1.2072,    1.2122,    1.1664,    1.0590,    1.0537,    1.0007,    0.8570,    0.8441,    0.6687,    0.4241,    0.3589,    0.2960,    0.2848,    0.2652,    0.2233,    0.2576,    0.2604,    0.2776,    0.3133,    0.3732,    0.4377,    0.5462,    0.5952,    0.4996,    0.6284,    0.6190,    0.6026,    0.6054,    0.6540,    0.6326,    0.6387,    0.6374,    0.6303,    1.5765,    1.3896,    1.3342,    1.1830,    1.1261,    1.0261,    0.9860,    0.9335,    0.9511,    0.8985,    0.9389,    0.8887,    1.4050,    1.3123,    1.1928,    1.0630,    0.8896,    0.8127,    0.6464,    0.5829,    0.4880,    0.4375,    0.4013,    0.3588,    0.9872,    0.7737,    0.5069,    0.3635,    0.2837,    0.2176,    0.1507,    0.1077,    0.0720,    0.0476,    0.0322,    0.0233,    0.0922,    0.0481,    0.0815,    0.0959,    0.1077,    0.1000,    0.1097,    0.1235,    0.1087,    0.1497,    0.1324,    0.1462,    0.1613,    0.1314,    0.1909,    0.2116,    0.1717,    0.1928,    0.2068,    0.2250,    0.2395,    0.1687,    0.2698,    0.2847,    0.3500,    0.3741,    0.3872,    0.4117,    0.4168,    0.4358,    0.4388,    0.4880,    0.5215,    0.5053,    0.5369,    0.5468,    0.9319,    1.0178,    1.0676,    1.1014,    1.1222,    1.2183,    1.1452,    1.2127,    1.1761,    1.2425,    1.1782,    1.2621,    2.7197,    2.6801,    2.7442,    2.7875,    2.8149,    2.7044,    2.7992,    2.8706,    2.9290,    2.7234,    2.6842,    2.7874,    7.0463,    6.6678,    6.5929,    6.3937,    5.9063,    5.5398,    4.8637,    4.4749,    4.3018,    3.7710,    2.8974,    2.6916,    2.0758,    1.8307,    1.3964,    1.3334,    0.8995,    0.6531,    0.5280,    0.2121,    0.1871,    0.1330,    0.0461,    0.0376,    0.0037,    0.0137,    0.0284,    0.0462,    0.0656,    0.0853,    0.1045,    0.0762,    0.0076,    0.0048,    0.0182,    0.2000,    0.1512,    0.0594,    0.0571,    0.0491,    0.2524,    0.5635,    0.7945,    0.9056,    1.1137,    1.2336,    1.2071,    1.1389,    0.3809,    0.3651,    0.3497,    0.4251,    0.4786,    0.5783,    0.8480,    0.8480,    0.9299,    1.0751,    1.1221,    1.2546,    0.9696,    0.9641,    0.9572,    0.9473,    0.9378,    0.9287,    0.9178,    0.9074,    0.8966,    0.8844,    0.8684,    0.8435,    0.8138,    0.7059,    0.7617,    0.5619,    0.5630,    0.5625,    0.5100,    0.3706,    0.3506,    0.2920,    0.2589,    0.2454,    0.7878,    0.9222,    0.8539,    0.9572,    0.9075,    0.9468,    0.9030,    0.8581,    0.7387,    0.7032,    0.5468,    0.5143,    0.6041,    0.4991,    0.4680,    0.4779,    0.5236,    0.4570,    0.5220,    0.4708,    0.4709,    0.4247,    0.3735,    0.3361,    0.6860,    0.4134,    0.3315,    0.2234,    0.1257,    0.0677,    0.0463,    0.0290,    0.0215,    0.0166,    0.0116,    0.0060,    0.0162,    0.0000,    0.0422,    0.0732,    0.0828,    0.0757,    0.0850,    0.0963,    0.0857,    0.1181,    0.1044,    0.1078,    0.1184,    0.0961,    0.1388,    0.1515,    0.1316,    0.0851,    0.0102,    0.0228,    0.1109,    0.1329,    0.2177,    0.2286,    0.2830,    0.3026,    0.3133,    0.3328,    0.3562,    0.3645,    0.3395,    0.3087,    0.2719,    0.3249,    0.4512,    0.4578,    0.8058,    0.8802,    0.9216,    0.9352,    0.9185,    1.0187,    0.9784,    1.0679,    0.9817,    1.1103,    1.0499,    1.1173,    2.4201,    2.3617,    2.4521,    2.4672,    2.4833,    2.3941,    2.4784,    2.5416,    2.5932,    2.4100,    2.3765,    2.4678,    6.2379,    5.7129,    5.6484,    5.4773,    5.0593,    4.7448,    4.1652,    3.8317,    3.6827,    3.2276,    2.4793,    2.3025,    1.7750,    1.8298,    1.3951,    1.3315,    0.8977,    0.6514,    0.5263,    0.2112,    0.1861,    0.1321,    0.0458,    0.0372
    2,    0.3000,  227.5722,    0.1234,  113.9812,  130.0710,   16.5773,  -18.4665,  158.4330,  163.5827,  163.6723,  163.8293,  164.1029,  164.5732,  165.3648,  166.6602,  168.4872,  170.9519,  174.2721,  178.5564,  183.8814,  190.3071,  197.9049,  205.8548,  212.8059,  218.1105,  222.1140,  224.8330,  226.3589,  227.0949,  227.3721,  227.5098,  227.5598,    0.0756,    0.2863,    0.6048,    0.9998,    1.4439,    1.9139,    2.3899,    2.7852,    3.0986,    3.4939,    3.8707,    4.4005,    3.8969,    3.8778,    4.0185,    4.1379,    4.3622,    4.3544,    3.9430,    3.2240,    2.8663,    2.6892,    2.6843,    2.8977,    1.0439,    1.1161,    1.1770,    1.1489,    1.1719,    1.1290,    1.0384,    1.0367,    0.9856,    0.8456,    0.8339,    0.6630,    0.4219,    0.3577,    0.2954,    0.2843,    0.2648,    0.2231,    0.2572,    0.2598,    0.2767,    0.3116,    0.3698,    0.4309,    0.5334,    0.5780,    0.4861,    0.6044,    0.5955,    0.5751,    0.5764,    0.6186,    0.5877,    0.5916,    0.5894,    0.5824,    1.4236,    1.2264,    1.1744,    1.0216,    0.9702,    0.8734,    0.8375,    0.7910,    0.8157,    0.7691,    0.8252,    0.7796,    1.2595,    1.1816,    1.0727,    0.9477,    0.7697,    0.7007,    0.5355,    0.4813,    0.3936,    0.3516,    0.3240,    0.2887,    0.8149,    0.6546,    0.4131,    0.2960,    0.2392,    0.1900,    0.1311,    0.0958,    0.0636,    0.0419,    0.0286,    0.0205,    0.0927,    0.0481,    0.0831,    0.0989,    0.1111,    0.1031,    0.1133,    0.1277,    0.1124,    0.1548,    0.1369,    0.1511,    0.1666,    0.1357,    0.1971,    0.2183,    0.1772,    0.1957,    0.2068,    0.2253,    0.2438,    0.1742,    0.2790,    0.2943,    0.3619,    0.3868,    0.4004,    0.4257,    0.4302,    0.4494,    0.4511,    0.4982,    0.5299,    0.5162,    0.5538,    0.5639,    0.9610,    1.0496,    1.1008,    1.1349,    1.1546,    1.2546,    1.1804,    1.2490,    1.2087,    1.2804,    1.2139,    1.3001,    2.8022,    2.7603,    2.8279,    2.8713,    2.8991,    2.7857,    2.8835,    2.9570,    3.0171,    2.8053,    2.7651,    2.8714,    7.2585,    6.8443,    6.7675,    6.5633,    6.0632,    5.6872,    4.9933,    4.5945,    4.4170,    3.8723,    2.9755,    2.7644,    2.1322,    1.8631,    1.4213,    1.3575,    0.9159,    0.6653,    0.5380,    0.2162,    0.1908,    0.1356,    0.0471,    0.0384,    0.0053,    0.0199,    0.0414,    0.0673,    0.0955,    0.1243,    0.1523,    0.1123,    0.0114,    0.0072,    0.0273,    0.2912,    0.2230,    0.0884,    0.0851,    0.0732,    0.3706,    0.8106,    1.1278,    1.2395,    1.4806,    1.6177,    1.5790,    1.4926,    0.5060,    0.4840,    0.4533,    0.5193,    0.5480,    0.6382,    0.8752,    0.8666,    0.9444,    1.0816,    1.1265,    1.2549,    0.9696,    0.9641,    0.9572,    0.9473,    0.9378,    0.9287,    0.9178,    0.9074,    0.8966,    0.8844,    0.8685,    0.8441,    0.8186,    0.7185,    0.7709,    0.5884,    0.5882,    0.5910,    0.5438,    0.4194,    0.4127,    0.3611,    0.3313,    0.3180,    1.0142,    1.1588,    1.0861,    1.1840,    1.1248,    1.1504,    1.0975,    1.0427,    0.9180,    0.8723,    0.7012,    0.6610,    0.7996,    0.6718,    0.6229,    0.6248,    0.6710,    0.5944,    0.6517,    0.5883,    0.5761,    0.5195,    0.4580,    0.4119,    0.8732,    0.5394,    0.4276,    0.2905,    0.1684,    0.0931,    0.0637,    0.0391,    0.0285,    0.0211,    0.0144,    0.0080,    0.0136,    0.0000,    0.0354,    0.0605,    0.0684,    0.0626,    0.0702,    0.0804,    0.0715,    0.0985,    0.0871,    0.0873,    0.0958,    0.0778,    0.1124,    0.1227,    0.1101,    0.0712,    0.0085,    0.0190,    0.0928,    0.1112,    0.1835,    0.1927,    0.2385,    0.2550,    0.2640,    0.2805,    0.3069,    0.3141,    0.2926,    0.2660,    0.2343,    0.2800,    0.3888,    0.3945,    0.6958,    0.7602,    0.7959,    0.8076,    0.7932,    0.8797,    0.8449,    0.9344,    0.8590,    0.9714,    0.9186,    0.9776,    2.1175,    2.0664,    2.1455,    2.1487,    2.1628,    2.0850,    2.1584,    2.2135,    2.2584,    2.0989,    2.0697,    2.1493,    5.4326,    4.8799,    4.8249,    4.6788,    4.3218,    4.0531,    3.5580,    3.2731,    3.1459,    2.7572,    2.1179,    1.9669,    1.5164,    1.6555,    1.2623,    1.2048,    0.8123,    0.5894,    0.4762,    0.1911,    0.1685,    0.1196,    0.0415,    0.0337
    2,    0.4000,  227.5722,    0.1055,  109.2780,  132.7367,   23.9465,  -21.7359,  158.4330,  163.5827,  163.6723,  163.8293,  164.1029,  164.5732,  165.3648,  166.6602,  168.4872,  170.9519,  174.2721,  178.5564,  183.8814,  190.3071,  197.9049,  205.8548,  212.8059,  218.1105,  222.1140,  224.8330,  226.3589,  227.0949,  227.3721,  227.5098,  227.5598,    0.0771,    0.2918,    0.6163,    1.0184,    1.4702,    1.9481,    2.4318,    2.8149,    3.0948,    3.4915,    3.8759,    4.4673,    3.9250,    3.8492,    3.9909,    4.1141,    4.3787,    4.3387,    3.8292,    2.9742,    2.5742,    2.3905,    2.3925,    2.6502,    0.9648,    1.0502,    1.1241,    1.0984,    1.1352,    1.0950,    1.0190,    1.0205,    0.9712,    0.8347,    0.8240,    0.6575,    0.4198,    0.3565,    0.2948,    0.2838,    0.2644,    0.2230,    0.2567,    0.2593,    0.2759,    0.3100,    0.3664,    0.4245,    0.5215,    0.5621,    0.4737,    0.5827,    0.5742,    0.5507,    0.5508,    0.5876,    0.5502,    0.5525,    0.5496,    0.5426,    1.3037,    1.1053,    1.0559,    0.9069,    0.8594,    0.7677,    0.7344,    0.6921,    0.7177,    0.6754,    0.7371,    0.6952,    1.1420,    1.0750,    0.9747,    0.8543,    0.6779,    0.6151,    0.4571,    0.4095,    0.3299,    0.2937,    0.2711,    0.2408,    0.6894,    0.5629,    0.3447,    0.2464,    0.2043,    0.1672,    0.1149,    0.0856,    0.0564,    0.0371,    0.0254,    0.0182,    0.0931,    0.0481,    0.0843,    0.1010,    0.1135,    0.1053,    0.1157,    0.1306,    0.1151,    0.1584,    0.1401,    0.1543,    0.1702,    0.1386,    0.2013,    0.2229,    0.1810,    0.1977,    0.2068,    0.2255,    0.2468,    0.1782,    0.2856,    0.3013,    0.3706,    0.3961,    0.4100,    0.4359,    0.4403,    0.4597,    0.4604,    0.5060,    0.5363,    0.5244,    0.5666,    0.5768,    0.9832,    1.0737,    1.1261,    1.1604,    1.1793,    1.2822,    1.2071,    1.2772,    1.2341,    1.3099,    1.2418,    1.3297,    2.8664,    2.8227,    2.8931,    2.9360,    2.9641,    2.8485,    2.9485,    3.0237,    3.0852,    2.8685,    2.8274,    2.9362,    7.4224,    6.9757,    6.8976,    6.6895,    6.1800,    5.7969,    5.0899,    4.6836,    4.5029,    3.9479,    3.0338,    2.8188,    2.1745,    1.8901,    1.4421,    1.3776,    0.9297,    0.6754,    0.5464,    0.2196,    0.1939,    0.1379,    0.0479,    0.0390,    0.0069,    0.0258,    0.0536,    0.0872,    0.1238,    0.1611,    0.1973,    0.1473,    0.0152,    0.0097,    0.0363,    0.3774,    0.2924,    0.1170,    0.1127,    0.0970,    0.4840,    1.0378,    1.4250,    1.5200,    1.7727,    1.9164,    1.8699,    1.7818,    0.6098,    0.5855,    0.5443,    0.6020,    0.6109,    0.6924,    0.9006,    0.8843,    0.9582,    1.0878,    1.1307,    1.2552,    0.9697,    0.9641,    0.9572,    0.9473,    0.9378,    0.9287,    0.9178,    0.9074,    0.8966,    0.8844,    0.8685,    0.8447,    0.8230,    0.7299,    0.7790,    0.6118,    0.6104,    0.6156,    0.5729,    0.4613,    0.4639,    0.4182,    0.3909,    0.3778,    1.1894,    1.3278,    1.2522,    1.3335,    1.2683,    1.2778,    1.2188,    1.1581,    1.0368,    0.9845,    0.8141,    0.7684,    0.9539,    0.8109,    0.7477,    0.7407,    0.7799,    0.6960,    0.7389,    0.6675,    0.6435,    0.5804,    0.5135,    0.4620,    1.0067,    0.6354,    0.4974,    0.3401,    0.2022,    0.1143,    0.0783,    0.0479,    0.0345,    0.0250,    0.0169,    0.0098,    0.0114,    0.0000,    0.0297,    0.0500,    0.0566,    0.0517,    0.0580,    0.0670,    0.0596,    0.0822,    0.0726,    0.0707,    0.0776,    0.0630,    0.0910,    0.0994,    0.0922,    0.0596,    0.0071,    0.0159,    0.0776,    0.0931,    0.1547,    0.1624,    0.2010,    0.2149,    0.2225,    0.2364,    0.2645,    0.2707,    0.2521,    0.2292,    0.2019,    0.2413,    0.3350,    0.3399,    0.6010,    0.6565,    0.6874,    0.6975,    0.6850,    0.7597,    0.7297,    0.8176,    0.7516,    0.8500,    0.8038,    0.8554,    1.8528,    1.8081,    1.8773,    1.8715,    1.8837,    1.8160,    1.8799,    1.9279,    1.9670,    1.8281,    1.8026,    1.8719,    4.7316,    4.1702,    4.1231,    3.9983,    3.6932,    3.4637,    3.0406,    2.7971,    2.6884,    2.3563,    1.8100,    1.6810,    1.2959,    1.4983,    1.1424,    1.0904,    0.7352,    0.5335,    0.4311,    0.1730,    0.1525,    0.1083,    0.0375,    0.0305
    2,    0.5000,  227.5722,    0.0918,  105.5288,  134.7647,   29.7240,  -24.9476,  158.4330,  163.5827,  163.6723,  163.8293,  164.1029,  164.5732,  165.3648,  166.6602,  168.4872,  170.9519,  174.2721,  178.5564,  183.8814,  190.3071,  197.9049,  205.8548,  212.8059,  218.1105,  222.1140,  224.8330,  226.3589,  227.0949,  227.3721,  227.5098,  227.5598,    0.0784,    0.2970,    0.6270,    1.0359,    1.4950,    1.9803,    2.4712,    2.8434,    3.0910,    3.4891,    3.8810,    4.5293,    3.9510,    3.8211,    3.9637,    4.0906,    4.3921,    4.3164,    3.7260,    2.7650,    2.3362,    2.1515,    2.1580,    2.4493,    0.9005,    0.9950,    1.0779,    1.0542,    1.1018,    1.0639,    1.0006,    1.0050,    0.9574,    0.8242,    0.8145,    0.6521,    0.4176,    0.3553,    0.2941,    0.2832,    0.2640,    0.2228,    0.2563,    0.2588,    0.2750,    0.3085,    0.3632,    0.4184,    0.5104,    0.5474,    0.4623,    0.5630,    0.5548,    0.5289,    0.5281,    0.5604,    0.5184,    0.5194,    0.5160,    0.5091,    1.2073,    1.0118,    0.9645,    0.8215,    0.7770,    0.6907,    0.6594,    0.6203,    0.6444,    0.6055,    0.6675,    0.6286,    1.0456,    0.9867,    0.8934,    0.7775,    0.6061,    0.5483,    0.3997,    0.3571,    0.2850,    0.2530,    0.2335,    0.2068,    0.5957,    0.4913,    0.2938,    0.2093,    0.1767,    0.1481,    0.1015,    0.0769,    0.0503,    0.0330,    0.0227,    0.0162,    0.0933,    0.0481,    0.0852,    0.1025,    0.1152,    0.1068,    0.1175,    0.1327,    0.1170,    0.1610,    0.1424,    0.1565,    0.1726,    0.1405,    0.2041,    0.2259,    0.1838,    0.1991,    0.2067,    0.2257,    0.2490,    0.1810,    0.2905,    0.3063,    0.3768,    0.4028,    0.4170,    0.4433,    0.4480,    0.4675,    0.4675,    0.5118,    0.5411,    0.5306,    0.5763,    0.5866,    1.0000,    1.0921,    1.1453,    1.1797,    1.1980,    1.3031,    1.2274,    1.2992,    1.2539,    1.3329,    1.2635,    1.3528,    2.9164,    2.8714,    2.9438,    2.9860,    3.0143,    2.8970,    2.9987,    3.0752,    3.1377,    2.9174,    2.8756,    2.9862,    7.5489,    7.0735,    6.9944,    6.7836,    6.2671,    5.8787,    5.1619,    4.7500,    4.5670,    4.0043,    3.0773,    2.8595,    2.2061,    1.9126,    1.4595,    1.3944,    0.9412,    0.6839,    0.5534,    0.2225,    0.1965,    0.1398,    0.0486,    0.0396,    0.0084,    0.0313,    0.0652,    0.1060,    0.1505,    0.1958,    0.2399,    0.1812,    0.0189,    0.0121,    0.0452,    0.4589,    0.3597,    0.1451,    0.1399,    0.1206,    0.5930,    1.2471,    1.6904,    1.7593,    2.0107,    2.1554,    2.1036,    2.0228,    0.6972,    0.6728,    0.6245,    0.6750,    0.6680,    0.7417,    0.9243,    0.9011,    0.9713,    1.0938,    1.1348,    1.2555,    0.9697,    0.9641,    0.9572,    0.9473,    0.9378,    0.9287,    0.9178,    0.9074,    0.8966,    0.8844,    0.8686,    0.8452,    0.8270,    0.7401,    0.7863,    0.6326,    0.6302,    0.6369,    0.5981,    0.4976,    0.5064,    0.4655,    0.4404,    0.4275,    1.3268,    1.4511,    1.3735,    1.4354,    1.3663,    1.3610,    1.2978,    1.2334,    1.1179,    1.0613,    0.8981,    0.8484,    1.0771,    0.9240,    0.8494,    0.8332,    0.8618,    0.7725,    0.7996,    0.7227,    0.6886,    0.6213,    0.5515,    0.4963,    1.1042,    0.7098,    0.5494,    0.3777,    0.2292,    0.1322,    0.0906,    0.0555,    0.0397,    0.0283,    0.0190,    0.0114,    0.0096,    0.0000,    0.0249,    0.0413,    0.0468,    0.0427,    0.0480,    0.0559,    0.0498,    0.0685,    0.0606,    0.0573,    0.0629,    0.0510,    0.0737,    0.0805,    0.0771,    0.0499,    0.0060,    0.0134,    0.0650,    0.0779,    0.1304,    0.1369,    0.1694,    0.1812,    0.1875,    0.1993,    0.2279,    0.2333,    0.2173,    0.1976,    0.1740,    0.2080,    0.2887,    0.2930,    0.5190,    0.5670,    0.5937,    0.6024,    0.5917,    0.6562,    0.6302,    0.7154,    0.6577,    0.7438,    0.7034,    0.7486,    1.6213,    1.5822,    1.6428,    1.6302,    1.6408,    1.5819,    1.6375,    1.6793,    1.7134,    1.5924,    1.5702,    1.6306,    4.1215,    3.5652,    3.5250,    3.4183,    3.1575,    2.9613,    2.5996,    2.3915,    2.2986,    2.0146,    1.5475,    1.4373,    1.1080,    1.3565,    1.0343,    0.9873,    0.6657,    0.4831,    0.3904,    0.1567,    0.1381,    0.0981,    0.0340,    0.0276
    2,    0.7500,  227.5722,    0.0702,   98.7883,  137.9674,   39.6677,  -31.7857,  158.4330,  163.5827,  163.6723,  163.8293,  164.1029,  164.5732,  165.3648,  166.6602,  168.4872,  170.9519,  174.2721,  178.5564,  183.8814,  190.3071,  197.9049,  205.8548,  212.8059,  218.1105,  222.1140,  224.8330,  226.3589,  227.0949,  227.3721,  227.5098,  227.5598,    0.0816,    0.3087,    0.6514,    1.0754,    1.5510,    2.0530,    2.5601,    2.9101,    3.0817,    3.4831,    3.8936,    4.6662,    4.0080,    3.7524,    3.8973,    4.0328,    4.4134,    4.2411,    3.5054,    2.3682,    1.8977,    1.7214,    1.7337,    2.0849,    0.7832,    0.8899,    0.9847,    0.9645,    1.0298,    0.9966,    0.9589,    0.9694,    0.9254,    0.7996,    0.7921,    0.6391,    0.4124,    0.3524,    0.2926,    0.2820,    0.2630,    0.2223,    0.2552,    0.2575,    0.2730,    0.3047,    0.3556,    0.4044,    0.4855,    0.5152,    0.4373,    0.5208,    0.5134,    0.4836,    0.4811,    0.5046,    0.4568,    0.4556,    0.4513,    0.4447,    1.0323,    0.8509,    0.8076,    0.6810,    0.6417,    0.5679,    0.5404,    0.5064,    0.5249,    0.4915,    0.5462,    0.5126,    0.8678,    0.8215,    0.7415,    0.6363,    0.4823,    0.4335,    0.3088,    0.2743,    0.2171,    0.1916,    0.1760,    0.1550,    0.4452,    0.3694,    0.2126,    0.1496,    0.1291,    0.1127,    0.0765,    0.0599,    0.0385,    0.0252,    0.0175,    0.0123,    0.0936,    0.0481,    0.0864,    0.1045,    0.1175,    0.1089,    0.1198,    0.1357,    0.1196,    0.1647,    0.1456,    0.1594,    0.1757,    0.1431,    0.2077,    0.2299,    0.1878,    0.2011,    0.2066,    0.2257,    0.2521,    0.1851,    0.2975,    0.3137,    0.3860,    0.4127,    0.4271,    0.4541,    0.4600,    0.4797,    0.4784,    0.5208,    0.5485,    0.5402,    0.5914,    0.6020,    1.0264,    1.1209,    1.1755,    1.2101,    1.2273,    1.3360,    1.2593,    1.3351,    1.2861,    1.3705,    1.2990,    1.3905,    2.9983,    2.9509,    3.0269,    3.0665,    3.0953,    2.9752,    3.0797,    3.1583,    3.2225,    2.9961,    2.9533,    3.0669,    7.7530,    7.2224,    7.1419,    6.9269,    6.3997,    6.0035,    5.2718,    4.8515,    4.6650,    4.0907,    3.1441,    2.9220,    2.2547,    1.9539,    1.4914,    1.4254,    0.9625,    0.6997,    0.5665,    0.2279,    0.2014,    0.1434,    0.0499,    0.0407,    0.0118,    0.0440,    0.0916,    0.1489,    0.2113,    0.2750,    0.3369,    0.2612,    0.0283,    0.0181,    0.0675,    0.6450,    0.5188,    0.2138,    0.2064,    0.1783,    0.8473,    1.7031,    2.2374,    2.2285,    2.4494,    2.5855,    2.5264,    2.4807,    0.8651,    0.8438,    0.7872,    0.8230,    0.7889,    0.8463,    0.9770,    0.9396,    1.0015,    1.1076,    1.1442,    1.2561,    0.9697,    0.9641,    0.9572,    0.9473,    0.9378,    0.9287,    0.9178,    0.9074,    0.8966,    0.8845,    0.8687,    0.8464,    0.8356,    0.7618,    0.8012,    0.6751,    0.6705,    0.6790,    0.6476,    0.5686,    0.5851,    0.5529,    0.5317,    0.5192,    1.5599,    1.6404,    1.5600,    1.5791,    1.5049,    1.4736,    1.4045,    1.3356,    1.2331,    1.1708,    1.0304,    0.9747,    1.2919,    1.1268,    1.0320,    0.9941,    0.9935,    0.8959,    0.8885,    0.8040,    0.7523,    0.6792,    0.6064,    0.5461,    1.2562,    0.8348,    0.6324,    0.4387,    0.2768,    0.1663,    0.1142,    0.0709,    0.0501,    0.0351,    0.0234,    0.0146,    0.0062,    0.0000,    0.0161,    0.0257,    0.0291,    0.0266,    0.0298,    0.0356,    0.0316,    0.0436,    0.0385,    0.0338,    0.0372,    0.0302,    0.0436,    0.0476,    0.0495,    0.0320,    0.0038,    0.0086,    0.0417,    0.0500,    0.0851,    0.0893,    0.1105,    0.1182,    0.1224,    0.1300,    0.1572,    0.1609,    0.1499,    0.1363,    0.1201,    0.1435,    0.1992,    0.2021,    0.3600,    0.3933,    0.4118,    0.4179,    0.4104,    0.4552,    0.4372,    0.5127,    0.4713,    0.5330,    0.5040,    0.5364,    1.1618,    1.1338,    1.1772,    1.1551,    1.1626,    1.1209,    1.1603,    1.1899,    1.2141,    1.1283,    1.1126,    1.1554,    2.9204,    2.4150,    2.3878,    2.3155,    2.1389,    2.0060,    1.7610,    1.6201,    1.5572,    1.3648,    1.0484,    0.9738,    0.7508,    1.0596,    0.8080,    0.7713,    0.5201,    0.3775,    0.3051,    0.1225,    0.1080,    0.0767,    0.0266,    0.0216
    2,    1.0000,  227.5722,    0.0592,   94.2624,  139.6020,   45.8289,  -36.5660,  158.4330,  163.5827,  163.6723,  163.8293,  164.1029,  164.5732,  165.3648,  166.6602,  168.4872,  170.9519,  174.2721,  178.5564,  183.8814,  190.3071,  197.9049,  205.8548,  212.8059,  218.1105,  222.1140,  224.8330,  226.3589,  227.0949,  227.3721,  227.5098,  227.5598,    0.0843,    0.3189,    0.6725,    1.1098,    1.5997,    2.1163,    2.6374,    2.9709,    3.0723,    3.4771,    3.9061,    4.7812,    4.0549,    3.6862,    3.8330,    3.9767,    4.4205,    4.1498,    3.3261,    2.0912,    1.5979,    1.4348,    1.4492,    1.8436,    0.7049,    0.8158,    0.9141,    0.8961,    0.9708,    0.9411,    0.9223,    0.9374,    0.8966,    0.7772,    0.7714,    0.6268,    0.4074,    0.3496,    0.2911,    0.2807,    0.2620,    0.2219,    0.2541,    0.2562,    0.2710,    0.3011,    0.3485,    0.3918,    0.4640,    0.4881,    0.4163,    0.4866,    0.4797,    0.4480,    0.4443,    0.4618,    0.4122,    0.4097,    0.4050,    0.3986,    0.9148,    0.7488,    0.7084,    0.5964,    0.5603,    0.4961,    0.4711,    0.4403,    0.4540,    0.4241,    0.4698,    0.4397,    0.7478,    0.7080,    0.6371,    0.5419,    0.4054,    0.3625,    0.2570,    0.2272,    0.1798,    0.1580,    0.1444,    0.1266,    0.3591,    0.2956,    0.1669,    0.1160,    0.1001,    0.0890,    0.0599,    0.0479,    0.0304,    0.0198,    0.0138,    0.0096,    0.0937,    0.0480,    0.0870,    0.1054,    0.1184,    0.1098,    0.1208,    0.1370,    0.1208,    0.1662,    0.1470,    0.1604,    0.1769,    0.1440,    0.2091,    0.2313,    0.1895,    0.2019,    0.2064,    0.2256,    0.2533,    0.1869,    0.3007,    0.3171,    0.3902,    0.4171,    0.4317,    0.4589,    0.4660,    0.4858,    0.4839,    0.5253,    0.5521,    0.5450,    0.5989,    0.6096,    1.0397,    1.1355,    1.1906,    1.2254,    1.2420,    1.3525,    1.2754,    1.3544,    1.3034,    1.3906,    1.3180,    1.4107,    3.0421,    2.9935,    3.0714,    3.1087,    3.1377,    3.0162,    3.1221,    3.2018,    3.2669,    3.0374,    2.9941,    3.1093,    7.8601,    7.2940,    7.2128,    6.9958,    6.4636,    6.0637,    5.3249,    4.9007,    4.7126,    4.1327,    3.1767,    2.9525,    2.2786,    1.9802,    1.5119,    1.4453,    0.9763,    0.7100,    0.5750,    0.2314,    0.2046,    0.1458,    0.0507,    0.0414,    0.0148,    0.0552,    0.1148,    0.1866,    0.2649,    0.3448,    0.4224,    0.3354,    0.0377,    0.0240,    0.0895,    0.8096,    0.6665,    0.2800,    0.2707,    0.2344,    1.0786,    2.0791,    2.6531,    2.5732,    2.7494,    2.8723,    2.8100,    2.8043,    0.9839,    0.9666,    0.9087,    0.9337,    0.8849,    0.9293,    1.0215,    0.9738,    1.0282,    1.1202,    1.1527,    1.2567,    0.9698,    0.9642,    0.9572,    0.9473,    0.9378,    0.9287,    0.9178,    0.9074,    0.8966,    0.8845,    0.8689,    0.8474,    0.8425,    0.7790,    0.8126,    0.7071,    0.7010,    0.7092,    0.6831,    0.6193,    0.6369,    0.6104,    0.5919,    0.5795,    1.6979,    1.7402,    1.6586,    1.6492,    1.5727,    1.5271,    1.4554,    1.3845,    1.2901,    1.2251,    1.1026,    1.0438,    1.4241,    1.2562,    1.1490,    1.0931,    1.0676,    0.9655,    0.9343,    0.8461,    0.7844,    0.7086,    0.6347,    0.5719,    1.3396,    0.9091,    0.6794,    0.4741,    0.3068,    0.1898,    0.1306,    0.0822,    0.0578,    0.0400,    0.0267,    0.0170,    0.0040,    0.0000,    0.0104,    0.0160,    0.0181,    0.0166,    0.0186,    0.0226,    0.0201,    0.0277,    0.0245,    0.0200,    0.0220,    0.0179,    0.0258,    0.0282,    0.0318,    0.0206,    0.0025,    0.0055,    0.0268,    0.0321,    0.0555,    0.0583,    0.0722,    0.0772,    0.0799,    0.0849,    0.1085,    0.1111,    0.1035,    0.0941,    0.0829,    0.0990,    0.1375,    0.1395,    0.2500,    0.2731,    0.2859,    0.2901,    0.2850,    0.3160,    0.3035,    0.3677,    0.3380,    0.3823,    0.3615,    0.3847,    0.8332,    0.8131,    0.8442,    0.8194,    0.8247,    0.7951,    0.8231,    0.8441,    0.8612,    0.8004,    0.7893,    0.8196,    2.0717,    1.6415,    1.6231,    1.5740,    1.4539,    1.3636,    1.1971,    1.1013,    1.0586,    0.9279,    0.7128,    0.6621,    0.5105,    0.8296,    0.6327,    0.6040,    0.4073,    0.2957,    0.2390,    0.0959,    0.0846,    0.0601,    0.0208,    0.0169
    2,    1.2500,  227.5722,    0.0535,   90.9737,  140.4447,   49.9609,  -39.5719,  158.4330,  163.5827,  163.6723,  163.8293,  164.1029,  164.5732,  165.3648,  166.6602,  168.4872,  170.9519,  174.2721,  178.5564,  183.8814,  190.3071,  197.9049,  205.8548,  212.8059,  218.1105,  222.1140,  224.8330,  226.3589,  227.0949,  227.3721,  227.5098,  227.5598,    0.0867,    0.3278,    0.6911,    1.1399,    1.6423,    2.1717,    2.7051,    3.0263,    3.0631,    3.4712,    3.9183,    4.8783,    4.0931,    3.6223,    3.7709,    3.9221,    4.4165,    4.0525,    3.1774,    1.8895,    1.3800,    1.2302,    1.2451,    1.6746,    0.6494,    0.7605,    0.8585,    0.8421,    0.9214,    0.8945,    0.8898,    0.9085,    0.8704,    0.7567,    0.7524,    0.6152,    0.4026,    0.3469,    0.2896,    0.2795,    0.2610,    0.2214,    0.2530,    0.2550,    0.2691,    0.2977,    0.3420,    0.3805,    0.4453,    0.4649,    0.3985,    0.4583,    0.4517,    0.4192,    0.4149,    0.4279,    0.3784,    0.3751,    0.3702,    0.3640,    0.8304,    0.6785,    0.6403,    0.5398,    0.5061,    0.4487,    0.4257,    0.3970,    0.4073,    0.3797,    0.4179,    0.3902,    0.6624,    0.6262,    0.5620,    0.4755,    0.3539,    0.3151,    0.2239,    0.1973,    0.1565,    0.1370,    0.1247,    0.1089,    0.3047,    0.2477,    0.1385,    0.0952,    0.0814,    0.0727,    0.0485,    0.0392,    0.0246,    0.0160,    0.0111,    0.0077,    0.0937,    0.0480,    0.0872,    0.1057,    0.1188,    0.1101,    0.1212,    0.1375,    0.1212,    0.1669,    0.1476,    0.1608,    0.1773,    0.1444,    0.2096,    0.2319,    0.1903,    0.2022,    0.2062,    0.2255,    0.2538,    0.1876,    0.3021,    0.3186,    0.3920,    0.4191,    0.4338,    0.4611,    0.4690,    0.4888,    0.4866,    0.5274,    0.5538,    0.5473,    0.6027,    0.6134,    1.0464,    1.1428,    1.1983,    1.2331,    1.2494,    1.3608,    1.2834,    1.3647,    1.3126,    1.4014,    1.3282,    1.4215,    3.0655,    3.0163,    3.0952,    3.1309,    3.1600,    3.0377,    3.1444,    3.2247,    3.2902,    3.0591,    3.0155,    3.1315,    7.9163,    7.3285,    7.2471,    7.0292,    6.4946,    6.0929,    5.3507,    4.9247,    4.7359,    4.1533,    3.1927,    2.9677,    2.2905,    1.9971,    1.5251,    1.4582,    0.9852,    0.7166,    0.5806,    0.2337,    0.2067,    0.1474,    0.0513,    0.0419,    0.0174,    0.0651,    0.1354,    0.2201,    0.3125,    0.4068,    0.4985,    0.4043,    0.0469,    0.0300,    0.1112,    0.9568,    0.8040,    0.3440,    0.3328,    0.2890,    1.2900,    2.3908,    2.9710,    2.8377,    2.9676,    3.0771,    3.0133,    3.0442,    1.0712,    1.0568,    1.0006,    1.0176,    0.9614,    0.9957,    1.0592,    1.0041,    1.0520,    1.1315,    1.1605,    1.2573,    0.9698,    0.9642,    0.9572,    0.9473,    0.9378,    0.9287,    0.9178,    0.9074,    0.8966,    0.8845,    0.8690,    0.8482,    0.8482,    0.7927,    0.8214,    0.7316,    0.7243,    0.7315,    0.7090,    0.6561,    0.6723,    0.6495,    0.6327,    0.6206,    1.7842,    1.7983,    1.7161,    1.6890,    1.6113,    1.5577,    1.4845,    1.4126,    1.3229,    1.2566,    1.1459,    1.0854,    1.5096,    1.3425,    1.2273,    1.1573,    1.1132,    1.0084,    0.9616,    0.8712,    0.8034,    0.7261,    0.6516,    0.5873,    1.3909,    0.9568,    0.7087,    0.4964,    0.3269,    0.2067,    0.1424,    0.0907,    0.0635,    0.0438,    0.0292,    0.0189,    0.0026,    0.0000,    0.0068,    0.0100,    0.0113,    0.0103,    0.0116,    0.0144,    0.0128,    0.0177,    0.0156,    0.0119,    0.0131,    0.0106,    0.0153,    0.0167,    0.0204,    0.0132,    0.0016,    0.0036,    0.0172,    0.0206,    0.0363,    0.0381,    0.0472,    0.0504,    0.0522,    0.0555,    0.0750,    0.0767,    0.0715,    0.0650,    0.0573,    0.0684,    0.0950,    0.0964,    0.1738,    0.1898,    0.1987,    0.2017,    0.1981,    0.2197,    0.2110,    0.2639,    0.2427,    0.2744,    0.2595,    0.2761,    0.5981,    0.5837,    0.6060,    0.5820,    0.5858,    0.5647,    0.5846,    0.5995,    0.6117,    0.5685,    0.5606,    0.5821,    1.4714,    1.1197,    1.1071,    1.0737,    0.9918,    0.9302,    0.8166,    0.7513,    0.7222,    0.6330,    0.4863,    0.4517,    0.3483,    0.6510,    0.4965,    0.4740,    0.3197,    0.2321,    0.1876,    0.0753,    0.0664,    0.0472,    0.0164,    0.0133
    2,    1.5000,  227.5722,    0.0506,   88.4447,  140.8842,   52.9300,  -41.2575,  158.4330,  163.5827,  163.6723,  163.8293,  164.1029,  164.5732,  165.3648,  166.6602,  168.4872,  170.9519,  174.2721,  178.5564,  183.8814,  190.3071,  197.9049,  205.8548,  212.8059,  218.1105,  222.1140,  224.8330,  226.3589,  227.0949,  227.3721,  227.5098,  227.5598,    0.0888,    0.3357,    0.7075,    1.1664,    1.6800,    2.2205,    2.7648,    3.0770,    3.0539,    3.4652,    3.9302,    4.9604,    4.1237,    3.5605,    3.7107,    3.8690,    4.4038,    3.9549,    3.0522,    1.7377,    1.2145,    1.0767,    1.0916,    1.5506,    0.6080,    0.7174,    0.8134,    0.7981,    0.8794,    0.8548,    0.8608,    0.8824,    0.8466,    0.7378,    0.7346,    0.6041,    0.3979,    0.3442,    0.2882,    0.2782,    0.2601,    0.2210,    0.2520,    0.2537,    0.2672,    0.2944,    0.3358,    0.3703,    0.4289,    0.4449,    0.3831,    0.4346,    0.4283,    0.3956,    0.3908,    0.4005,    0.3520,    0.3482,    0.3431,    0.3371,    0.7671,    0.6270,    0.5905,    0.4991,    0.4671,    0.4150,    0.3933,    0.3663,    0.3741,    0.3481,    0.3805,    0.3547,    0.5991,    0.5649,    0.5057,    0.4267,    0.3172,    0.2816,    0.2009,    0.1765,    0.1404,    0.1226,    0.1111,    0.0968,    0.2675,    0.2145,    0.1194,    0.0812,    0.0686,    0.0611,    0.0405,    0.0329,    0.0204,    0.0132,    0.0092,    0.0063,    0.0937,    0.0480,    0.0873,    0.1059,    0.1190,    0.1103,    0.1214,    0.1378,    0.1214,    0.1672,    0.1478,    0.1610,    0.1775,    0.1445,    0.2098,    0.2321,    0.1906,    0.2023,    0.2061,    0.2254,    0.2540,    0.1880,    0.3028,    0.3192,    0.3929,    0.4200,    0.4347,    0.4621,    0.4705,    0.4903,    0.4880,    0.5284,    0.5546,    0.5484,    0.6045,    0.6153,    1.0498,    1.1465,    1.2022,    1.2369,    1.2531,    1.3650,    1.2875,    1.3702,    1.3175,    1.4072,    1.3337,    1.4273,    3.0781,    3.0285,    3.1080,    3.1425,    3.1716,    3.0490,    3.1561,    3.2367,    3.3025,    3.0705,    3.0267,    3.1432,    7.9458,    7.3452,    7.2637,    7.0454,    6.5097,    6.1073,    5.3634,    4.9365,    4.7474,    4.1636,    3.2008,    2.9754,    2.2966,    2.0081,    1.5336,    1.4666,    0.9911,    0.7211,    0.5843,    0.2353,    0.2082,    0.1484,    0.0517,    0.0423,    0.0198,    0.0739,    0.1538,    0.2502,    0.3551,    0.4623,    0.5665,    0.4686,    0.0561,    0.0359,    0.1328,    1.0895,    0.9325,    0.4057,    0.3930,    0.3421,    1.4836,    2.6502,    3.2158,    3.0472,    3.1333,    3.2307,    3.1662,    3.2278,    1.1369,    1.1241,    1.0710,    1.0819,    1.0229,    1.0491,    1.0913,    1.0311,    1.0732,    1.1418,    1.1675,    1.2579,    0.9699,    0.9642,    0.9572,    0.9473,    0.9378,    0.9287,    0.9178,    0.9074,    0.8966,    0.8845,    0.8691,    0.8490,    0.8528,    0.8037,    0.8283,    0.7506,    0.7424,    0.7481,    0.7282,    0.6833,    0.6970,    0.6769,    0.6613,    0.6493,    1.8411,    1.8353,    1.7527,    1.7143,    1.6360,    1.5774,    1.5034,    1.4308,    1.3442,    1.2770,    1.1741,    1.1125,    1.5679,    1.4023,    1.2818,    1.2012,    1.1434,    1.0369,    0.9795,    0.8877,    0.8160,    0.7377,    0.6628,    0.5976,    1.4252,    0.9895,    0.7286,    0.5117,    0.3410,    0.2191,    0.1512,    0.0973,    0.0679,    0.0467,    0.0312,    0.0204,    0.0017,    0.0000,    0.0044,    0.0063,    0.0071,    0.0065,    0.0073,    0.0092,    0.0082,    0.0113,    0.0100,    0.0071,    0.0078,    0.0063,    0.0091,    0.0100,    0.0131,    0.0085,    0.0010,    0.0023,    0.0111,    0.0133,    0.0237,    0.0249,    0.0309,    0.0330,    0.0342,    0.0363,    0.0518,    0.0531,    0.0494,    0.0450,    0.0396,    0.0473,    0.0657,    0.0666,    0.1209,    0.1321,    0.1383,    0.1404,    0.1379,    0.1529,    0.1468,    0.1896,    0.1744,    0.1972,    0.1864,    0.1984,    0.4297,    0.4194,    0.4354,    0.4139,    0.4166,    0.4016,    0.4158,    0.4264,    0.4350,    0.4043,    0.3987,    0.4140,    1.0465,    0.7664,    0.7578,    0.7349,    0.6789,    0.6367,    0.5590,    0.5143,    0.4944,    0.4333,    0.3329,    0.3093,    0.2385,    0.5119,    0.3905,    0.3728,    0.2515,    0.1826,    0.1476,    0.0593,    0.0523,    0.0371,    0.0129,    0.0105
    2,    1.7500,  227.5722,    0.0490,   86.4158,  141.1167,   55.1920,  -42.0187,  158.4330,  163.5827,  163.6723,  163.8293,  164.1029,  164.5732,  165.3648,  166.6602,  168.4872,  170.9519,  174.2721,  178.5564,  183.8814,  190.3071,  197.9049,  205.8548,  212.8059,  218.1105,  222.1140,  224.8330,  226.3589,  227.0949,  227.3721,  227.5098,  227.5598,    0.0907,    0.3427,    0.7220,    1.1900,    1.7133,    2.2638,    2.8177,    3.1235,    3.0447,    3.4593,    3.9419,    5.0302,    4.1479,    3.5009,    3.6524,    3.8174,    4.3843,    3.8605,    2.9451,    1.6205,    1.0845,    0.9574,    0.9720,    1.4563,    0.5758,    0.6826,    0.7760,    0.7616,    0.8434,    0.8205,    0.8348,    0.8586,    0.8249,    0.7203,    0.7182,    0.5935,    0.3934,    0.3416,    0.2867,    0.2770,    0.2591,    0.2206,    0.2509,    0.2525,    0.2654,    0.2913,    0.3300,    0.3609,    0.4143,    0.4274,    0.3697,    0.4143,    0.4082,    0.3758,    0.3707,    0.3779,    0.3308,    0.3267,    0.3215,    0.3156,    0.7177,    0.5876,    0.5525,    0.4682,    0.4376,    0.3895,    0.3689,    0.3431,    0.3491,    0.3244,    0.3522,    0.3279,    0.5505,    0.5175,    0.4624,    0.3896,    0.2899,    0.2566,    0.1839,    0.1613,    0.1285,    0.1120,    0.1012,    0.0880,    0.2404,    0.1905,    0.1057,    0.0713,    0.0594,    0.0525,    0.0345,    0.0281,    0.0173,    0.0111,    0.0077,    0.0052,    0.0937,    0.0480,    0.0873,    0.1059,    0.1190,    0.1103,    0.1215,    0.1379,    0.1215,    0.1673,    0.1480,    0.1610,    0.1775,    0.1445,    0.2098,    0.2321,    0.1907,    0.2023,    0.2060,    0.2253,    0.2541,    0.1881,    0.3031,    0.3195,    0.3932,    0.4204,    0.4351,    0.4626,    0.4712,    0.4910,    0.4886,    0.5289,    0.5549,    0.5489,    0.6055,    0.6162,    1.0515,    1.1484,    1.2041,    1.2389,    1.2550,    1.3671,    1.2896,    1.3731,    1.3201,    1.4103,    1.3366,    1.4304,    3.0848,    3.0350,    3.1148,    3.1486,    3.1778,    3.0549,    3.1622,    3.2430,    3.3089,    3.0765,    3.0326,    3.1493,    7.9615,    7.3534,    7.2719,    7.0534,    6.5172,    6.1144,    5.3698,    4.9425,    4.7533,    4.1689,    3.2050,    2.9794,    2.2998,    2.0152,    1.5393,    1.4722,    0.9950,    0.7240,    0.5868,    0.2364,    0.2092,    0.1492,    0.0520,    0.0425,    0.0219,    0.0819,    0.1704,    0.2772,    0.3935,    0.5123,    0.6279,    0.5287,    0.0653,    0.0418,    0.1541,    1.2102,    1.0530,    0.4654,    0.4513,    0.3938,    1.6615,    2.8668,    3.4056,    3.2170,    3.2635,    3.3502,    3.2854,    3.3716,    1.1871,    1.1751,    1.1254,    1.1317,    1.0727,    1.0924,    1.1188,    1.0552,    1.0922,    1.1512,    1.1740,    1.2584,    0.9699,    0.9642,    0.9572,    0.9473,    0.9378,    0.9287,    0.9178,    0.9074,    0.8966,    0.8845,    0.8692,    0.8497,    0.8567,    0.8127,    0.8338,    0.7655,    0.7567,    0.7609,    0.7429,    0.7038,    0.7149,    0.6966,    0.6818,    0.6699,    1.8804,    1.8607,    1.7779,    1.7319,    1.6531,    1.5911,    1.5166,    1.4435,    1.3590,    1.2912,    1.1938,    1.1315,    1.6092,    1.4455,    1.3212,    1.2325,    1.1647,    1.0570,    0.9922,    0.8994,    0.8249,    0.7459,    0.6708,    0.6049,    1.4496,    1.0131,    0.7429,    0.5227,    0.3513,    0.2286,    0.1579,    0.1024,    0.0714,    0.0490,    0.0328,    0.0216,    0.0011,    0.0000,    0.0028,    0.0039,    0.0044,    0.0041,    0.0046,    0.0059,    0.0052,    0.0072,    0.0064,    0.0042,    0.0046,    0.0038,    0.0054,    0.0059,    0.0085,    0.0055,    0.0007,    0.0015,    0.0071,    0.0086,    0.0155,    0.0163,    0.0202,    0.0216,    0.0224,    0.0238,    0.0359,    0.0367,    0.0342,    0.0311,    0.0275,    0.0328,    0.0455,    0.0461,    0.0843,    0.0920,    0.0964,    0.0978,    0.0961,    0.1065,    0.1023,    0.1364,    0.1254,    0.1418,    0.1341,    0.1427,    0.3091,    0.3017,    0.3132,    0.2948,    0.2967,    0.2860,    0.2961,    0.3037,    0.3098,    0.2879,    0.2839,    0.2948,    0.7453,    0.5263,    0.5204,    0.5047,    0.4662,    0.4373,    0.3839,    0.3532,    0.3395,    0.2976,    0.2287,    0.2124,    0.1638,    0.4034,    0.3077,    0.2938,    0.1982,    0.1439,    0.1163,    0.0467,    0.0412,    0.0293,    0.0102,    0.0083
    2,    2.0000,  227.5722,    0.0481,   84.7344,  141.2418,   56.9992,  -42.1563,  158.4330,  163.5827,  163.6723,  163.8293,  164.1029,  164.5732,  165.3648,  166.6602,  168.4872,  170.9519,  174.2721,  178.5564,  183.8814,  190.3071,  197.9049,  205.8548,  212.8059,  218.1105,  222.1140,  224.8330,  226.3589,  227.0949,  227.3721,  227.5098,  227.5598,    0.0924,    0.3489,    0.7349,    1.2110,    1.7430,    2.3024,    2.8648,    3.1663,    3.0356,    3.4534,    3.9535,    5.0894,    4.1665,    3.4432,    3.5959,    3.7671,    4.3597,    3.7709,    2.8526,    1.5280,    0.9798,    0.8620,    0.8762,    1.3821,    0.5498,    0.6538,    0.7444,    0.7307,    0.8120,    0.7906,    0.8114,    0.8367,    0.8049,    0.7041,    0.7028,    0.5835,    0.3890,    0.3390,    0.2853,    0.2759,    0.2582,    0.2201,    0.2499,    0.2514,    0.2637,    0.2883,    0.3246,    0.3524,    0.4013,    0.4121,    0.3579,    0.3969,    0.3910,    0.3590,    0.3537,    0.3589,    0.3134,    0.3091,    0.3039,    0.2981,    0.6782,    0.5563,    0.5224,    0.4439,    0.4144,    0.3695,    0.3498,    0.3250,    0.3295,    0.3059,    0.3301,    0.3069,    0.5121,    0.4799,    0.4280,    0.3605,    0.2687,    0.2373,    0.1709,    0.1495,    0.1195,    0.1040,    0.0936,    0.0813,    0.2199,    0.1722,    0.0954,    0.0639,    0.0526,    0.0460,    0.0301,    0.0244,    0.0149,    0.0095,    0.0066,    0.0044,    0.0937,    0.0480,    0.0873,    0.1059,    0.1191,    0.1104,    0.1215,    0.1379,    0.1216,    0.1674,    0.1480,    0.1611,    0.1776,    0.1446,    0.2098,    0.2322,    0.1908,    0.2023,    0.2058,    0.2252,    0.2541,    0.1882,    0.3032,    0.3197,    0.3934,    0.4206,    0.4353,    0.4628,    0.4716,    0.4914,    0.4889,    0.5291,    0.5550,    0.5491,    0.6059,    0.6167,    1.0523,    1.1493,    1.2051,    1.2399,    1.2559,    1.3682,    1.2906,    1.3747,    1.3214,    1.4120,    1.3382,    1.4320,    3.0885,    3.0385,    3.1185,    3.1518,    3.1810,    3.0581,    3.1655,    3.2463,    3.3123,    3.0796,    3.0357,    3.1526,    7.9697,    7.3575,    7.2759,    7.0574,    6.5210,    6.1180,    5.3730,    4.9455,    4.7563,    4.1717,    3.2072,    2.9815,    2.3016,    2.0199,    1.5430,    1.4759,    0.9976,    0.7261,    0.5885,    0.2371,    0.2099,    0.1497,    0.0522,    0.0427,    0.0239,    0.0891,    0.1855,    0.3017,    0.4284,    0.5577,    0.6836,    0.5851,    0.0744,    0.0477,    0.1751,    1.3206,    1.1662,    0.5231,    0.5078,    0.4441,    1.8254,    3.0482,    3.5539,    3.3571,    3.3685,    3.4458,    3.3809,    3.4860,    1.2261,    1.2142,    1.1679,    1.1707,    1.1132,    1.1277,    1.1423,    1.0768,    1.1092,    1.1599,    1.1800,    1.2588,    0.9700,    0.9642,    0.9572,    0.9473,    0.9378,    0.9287,    0.9178,    0.9074,    0.8966,    0.8846,    0.8693,    0.8502,    0.8600,    0.8201,    0.8382,    0.7773,    0.7680,    0.7708,    0.7541,    0.7195,    0.7282,    0.7112,    0.6970,    0.6852,    1.9089,    1.8791,    1.7961,    1.7448,    1.6657,    1.6013,    1.5264,    1.4530,    1.3700,    1.3018,    1.2082,    1.1454,    1.6398,    1.4777,    1.3507,    1.2559,    1.1805,    1.0719,    1.0016,    0.9082,    0.8316,    0.7520,    0.6768,    0.6104,    1.4679,    1.0308,    0.7536,    0.5310,    0.3593,    0.2360,    0.1631,    0.1066,    0.0742,    0.0509,    0.0341,    0.0225,    0.0007,    0.0000,    0.0019,    0.0025,    0.0028,    0.0026,    0.0029,    0.0038,    0.0033,    0.0046,    0.0041,    0.0025,    0.0028,    0.0023,    0.0033,    0.0035,    0.0055,    0.0035,    0.0004,    0.0010,    0.0046,    0.0055,    0.0102,    0.0107,    0.0132,    0.0142,    0.0147,    0.0156,    0.0249,    0.0254,    0.0237,    0.0216,    0.0190,    0.0227,    0.0315,    0.0320,    0.0588,    0.0642,    0.0672,    0.0682,    0.0670,    0.0743,    0.0714,    0.0982,    0.0903,    0.1021,    0.0966,    0.1028,    0.2226,    0.2172,    0.2255,    0.2102,    0.2116,    0.2040,    0.2112,    0.2166,    0.2210,    0.2054,    0.2025,    0.2103,    0.5315,    0.3625,    0.3585,    0.3476,    0.3211,    0.3012,    0.2644,    0.2433,    0.2339,    0.2050,    0.1575,    0.1463,    0.1129,    0.3185,    0.2429,    0.2320,    0.1565,    0.1137,    0.0919,    0.0369,    0.0326,    0.0231,    0.0080,    0.0065
