Particle       ,data/QEXT_96IR_84_VIS_RNC10_1_9umrod
Ncase          ,  14
dt (sols)      ,  0.020833
Qext 0.67um    ,  1.825776
Alb sfc        ,  0.220000
Conrath nu     ,  0.002000
Sun Flux (W/m2),148.389262
BWN IR (cm-1)  ,     10.0000,     34.1670,     58.3330,     82.5000,    106.6670,    130.8330,    155.0000,    179.1670,    203.3330,    227.5000,    251.6670,    275.8330,    300.0000,    320.7880,    341.5750,    362.3630,    383.1500,    403.9380,    424.7250,    445.5130,    466.3010,    487.0880,    507.8760,    528.6630,    549.4510,    556.7420,    564.0330,    571.3240,    578.6150,    585.9060,    593.1970,    600.4880,    607.7790,    615.0700,    622.3610,    629.6520,    636.9430,    642.5500,    648.1570,    653.7640,    659.3700,    664.9770,    670.5840,    676.1910,    681.7980,    687.4050,    693.0110,    698.6180,    704.2250,    710.1390,    716.0530,    721.9670,    727.8810,    733.7950,    739.7090,    745.6240,    751.5380,    757.4520,    763.3660,    769.2800,    775.1940,    791.5010,    807.8070,    824.1140,    840.4210,    856.7270,    873.0340,    889.3410,    905.6470,    921.9540,    938.2610,    954.5670,    970.8740,    996.8050,   1022.7370,   1048.6680,   1074.6000,   1100.5310,   1126.4630,   1152.3940,   1178.3250,   1204.2570,   1230.1880,   1256.1200,   1282.0510,   1360.3990,   1438.7460,   1517.0940,   1595.4410,   1673.7890,   1752.1370,   1830.4840,   1908.8320,   1987.1790,   2065.5270,   2143.8740,   2222.2220
BWN VIS (cm-1) ,   2222.2200,   2294.3160,   2366.4120,   2438.5080,   2510.6030,   2582.6990,   2654.7950,   2726.8910,   2798.9870,   2871.0820,   2943.1780,   3015.2740,   3087.3700,   3165.9750,   3244.5800,   3323.1850,   3401.7900,   3480.3950,   3559.0000,   3637.6050,   3716.2100,   3794.8150,   3873.4200,   3952.0250,   4030.6300,   4142.2920,   4253.9530,   4365.6150,   4477.2770,   4588.9380,   4700.6000,   4812.2620,   4923.9230,   5035.5850,   5147.2470,   5258.9080,   5370.5700,   5560.6150,   5750.6600,   5940.7050,   6130.7500,   6320.7950,   6510.8400,   6700.8850,   6890.9300,   7080.9750,   7271.0200,   7461.0650,   7651.1100,   8055.1840,   8459.2580,   8863.3330,   9267.4070,   9671.4810,  10075.5550,  10479.6290,  10883.7030,  11287.7780,  11691.8520,  12095.9260,  12500.0000,  13541.6670,  14583.3330,  15625.0000,  16666.6670,  17708.3330,  18750.0000,  19791.6670,  20833.3330,  21875.0000,  22916.6670,  23958.3330,  25000.0000,  26388.8890,  27777.7780,  29166.6670,  30555.5570,  31944.4460,  33333.3350,  34722.2240,  36111.1130,  37500.0030,  38888.8920,  40277.7810,  41666.6700
SUN VIS (W/m2) ,      0.1008,      0.0862,      0.0968,      0.1089,      0.1224,      0.1136,      0.1248,      0.1400,      0.1233,      0.1698,      0.1502,      0.1645,      0.1814,      0.1477,      0.2144,      0.2377,      0.1946,      0.2106,      0.2276,      0.2472,      0.2683,      0.1918,      0.3072,      0.3239,      0.3986,      0.4261,      0.4410,      0.4688,      0.4810,      0.5017,      0.5013,      0.5485,      0.5772,      0.5665,      0.6183,      0.6303,      1.0809,      1.1806,      1.2379,      1.2751,      1.2949,      1.4092,      1.3262,      1.4132,      1.3634,      1.4505,      1.3747,      1.4716,      3.1730,      3.1258,      3.2038,      3.2543,      3.2846,      3.1576,      3.2685,      3.3520,      3.4202,      3.1800,      3.1347,      3.2554,      8.2299,      7.8425,      7.7561,      7.5237,      6.9524,      6.5235,      5.7299,      5.2748,      5.0739,      4.4511,      3.4228,      3.1828,      2.4579,      2.2644,      1.7312,      1.6575,      1.1215,      0.8173,      0.6634,      0.2677,      0.2374,      0.1697,      0.0593,      0.0486
================
wavelenght [um],    0.244068,    0.252632,    0.261818,    0.271698,    0.282353,    0.293878,    0.306383,    0.320000,    0.334884,    0.351220,    0.369231,    0.389189,    0.408511,    0.426667,    0.446512,    0.468293,    0.492308,    0.518919,    0.548571,    0.581818,    0.619355,    0.662069,    0.711111,    0.768000,    0.813143,    0.840768,    0.870336,    0.902060,    0.936184,    0.972991,    1.012810,    1.056028,    1.103099,    1.154562,    1.211061,    1.273375,    1.323436,    1.357581,    1.393534,    1.431444,    1.471474,    1.513807,    1.558648,    1.606226,    1.656801,    1.710664,    1.768147,    1.829628,    1.881560,    1.921939,    1.964090,    2.008131,    2.054193,    2.102417,    2.152960,    2.205992,    2.261704,    2.320302,    2.382017,    2.447105,    2.505432,    2.555765,    2.608162,    2.662752,    2.719677,    2.779088,    2.841153,    2.906054,    2.973989,    3.045176,    3.119855,    3.198288,    3.277268,    3.356577,    3.439819,    3.527294,    3.619334,    3.716307,    3.818620,    3.926726,    4.041130,    4.162400,    4.291175,    4.428172,    4.580751,    4.751270,    4.934974,    5.133456,    5.348572,    5.582505,    5.837838,    6.117648,    6.425631,    6.766266,    7.145039,    7.568734,    7.879690,    8.044056,    8.215425,    8.394255,    8.581043,    8.776330,    8.980716,    9.194848,    9.419442,    9.655282,    9.903235,   10.164260,   10.387231,   10.566200,   10.751445,   10.943308,   11.142136,   11.348323,   11.562291,   11.784476,   12.015368,   12.255495,   12.505409,   12.765727,   12.949392,   13.049328,   13.150818,   13.253898,   13.358608,   13.464994,   13.573088,   13.682923,   13.794549,   13.908012,   14.023357,   14.140631,   14.256763,   14.371646,   14.488386,   14.607038,   14.727660,   14.850291,   14.974981,   15.101782,   15.230738,   15.361915,   15.495384,   15.631191,   15.790367,   15.974275,   16.162517,   16.355249,   16.552633,   16.754839,   16.962047,   17.174443,   17.392227,   17.615605,   17.844795,   18.080028,   18.550914,   19.294981,   20.101230,   20.977796,   21.934298,   22.982219,   24.135264,   25.410119,   26.827165,   28.411593,   30.194923,   32.217118,   34.732292,   37.914692,   41.739101,   46.421699,   52.287582,   59.850314,   69.970927,   84.210526,  105.726686,  142.012170,  216.216216,  452.826771
Qext           ,      2.1691,      2.1691,      2.1691,      2.1691,      2.1691,      2.1691,      2.1691,      2.1691,      2.1691,      2.1691,      2.1691,      2.1691,      2.1691,      2.1691,      2.1691,      2.1691,      1.8258,      1.8258,      1.8258,      1.8258,      1.8258,      1.8258,      1.8258,      1.8258,      1.8258,      1.8258,      1.8258,      1.8258,      1.8258,      1.8258,      1.8258,      1.3552,      1.3552,      1.3552,      1.3552,      1.3552,      1.3552,      1.3552,      1.3552,      1.3552,      1.3552,      1.3552,      1.3552,      1.5448,      1.5448,      1.5448,      1.5448,      1.5448,      1.5448,      1.5448,      1.5448,      1.5448,      1.5448,      1.5448,      1.6243,      1.6243,      1.6243,      1.6243,      1.6243,      1.6243,      1.6243,      1.6243,      1.6243,      1.6243,      2.0044,      2.0044,      2.0044,      2.0044,      2.0044,      2.0044,      2.0044,      2.0044,      2.3803,      2.3803,      2.3803,      2.3803,      2.3803,      2.3803,      2.5009,      2.5009,      2.5009,      2.5009,      2.5009,      3.1347,      3.1347,      3.1347,      2.5478,      2.5478,      2.5478,      3.1385,      3.1385,      3.8938,      3.8938,      2.9084,      3.4925,      3.4925,      3.5197,      3.5197,      3.4176,      3.4176,      3.4176,      3.5722,      3.5722,      3.5722,      4.0696,      4.0696,      3.7762,      3.7762,      3.0684,      3.0684,      3.0684,      2.6306,      2.6306,      2.6306,      2.6937,      2.6937,      3.2384,      3.2384,      3.2384,      4.3577,      4.3577,      4.3577,      4.0500,      4.0500,      4.0500,      4.0500,      4.0500,      4.0056,      4.0056,      4.0056,      4.0056,      4.0056,      4.0336,      4.0336,      4.0336,      4.0336,      3.4339,      3.4339,      3.4339,      3.4339,      3.4339,      3.3876,      3.3876,      3.3876,      3.3876,      3.8127,      3.8127,      3.8127,      4.5829,      4.5829,      5.7549,      5.7549,      5.7549,      7.5005,      7.5005,      9.8104,     10.6848,     12.2447,     11.2661,      9.9868,      8.7153,      7.1219,      6.1780,      7.8106,      9.7456,      8.1739,      5.5534,      2.8437,      1.3868,      0.9785,      1.1351,      2.0649,      5.7867,     10.7149,     10.7149,     10.7149,     10.7149,     10.7149,     10.7149,     10.7149
Qscat          ,      1.3813,      1.3813,      1.3813,      1.3813,      1.3813,      1.3813,      1.3813,      1.3813,      1.3813,      1.3813,      1.3813,      1.3813,      1.3813,      1.3813,      1.3813,      1.3813,      1.5598,      1.5598,      1.5598,      1.5598,      1.5598,      1.5598,      1.5598,      1.5598,      1.5598,      1.5598,      1.5598,      1.5598,      1.5598,      1.5598,      1.5598,      1.2061,      1.2061,      1.2061,      1.2061,      1.2061,      1.2061,      1.2061,      1.2061,      1.2061,      1.2061,      1.2061,      1.2061,      1.3902,      1.3902,      1.3902,      1.3902,      1.3902,      1.3902,      1.3902,      1.3902,      1.3902,      1.3902,      1.3902,      1.4858,      1.4858,      1.4858,      1.4858,      1.4858,      1.4858,      1.4858,      1.4858,      1.4858,      1.4858,      1.7989,      1.7989,      1.7989,      1.7989,      1.7989,      1.7989,      1.7989,      1.7989,      2.0935,      2.0935,      2.0935,      2.0935,      2.0935,      2.0935,      2.2224,      2.2224,      2.2224,      2.2224,      2.2224,      2.7821,      2.7821,      2.7821,      2.2284,      2.2284,      2.2284,      2.7624,      2.7624,      3.4542,      3.4542,      2.5595,      3.0761,      3.0761,      2.9816,      2.9816,      2.8153,      2.8153,      2.8153,      2.9693,      2.9693,      2.9693,      3.3996,      3.3996,      3.2068,      3.2068,      2.5841,      2.5841,      2.5841,      2.2398,      2.2398,      2.2398,      2.3061,      2.3061,      2.7303,      2.7303,      2.7303,      3.4275,      3.4275,      3.4275,      3.1231,      3.1231,      3.1231,      3.1231,      3.1231,      3.1770,      3.1770,      3.1770,      3.1770,      3.1770,      3.2215,      3.2215,      3.2215,      3.2215,      2.8432,      2.8432,      2.8432,      2.8432,      2.8432,      2.9041,      2.9041,      2.9041,      2.9041,      3.3193,      3.3193,      3.3193,      3.9959,      3.9959,      4.9648,      4.9648,      4.9648,      6.3474,      6.3474,      8.2093,      8.9635,     10.2122,      9.2659,      8.0285,      6.7931,      5.0645,      3.9251,      5.4203,      7.3560,      6.5329,      4.4502,      2.1528,      0.9249,      0.5435,      0.5527,      0.6058,      2.9004,      5.6487,      5.6487,      5.6487,      5.6487,      5.6487,      5.6487,      5.6487
G factor       ,      0.7300,      0.7300,      0.7300,      0.7300,      0.7300,      0.7300,      0.7300,      0.7300,      0.7300,      0.7300,      0.7300,      0.7300,      0.7300,      0.7300,      0.7300,      0.7300,      0.3850,      0.3850,      0.3850,      0.3850,      0.3850,      0.3850,      0.3850,      0.3850,      0.3850,      0.3850,      0.3850,      0.3850,      0.3850,      0.3850,      0.3850,      0.3690,      0.3690,      0.3690,      0.3690,      0.3690,      0.3690,      0.3690,      0.3690,      0.3690,      0.3690,      0.3690,      0.3690,      0.3790,      0.3790,      0.3790,      0.3790,      0.3790,      0.3790,      0.3790,      0.3790,      0.3790,      0.3790,      0.3790,      0.3640,      0.3640,      0.3640,      0.3640,      0.3640,      0.3640,      0.3640,      0.3640,      0.3640,      0.3640,      0.3600,      0.3600,      0.3600,      0.3600,      0.3600,      0.3600,      0.3600,      0.3600,      0.2570,      0.2570,      0.2570,      0.2570,      0.2570,      0.2570,      0.2510,      0.2510,      0.2510,      0.2510,      0.2510,      0.2700,      0.2700,      0.2700,      0.1550,      0.1550,      0.1550,      0.2220,      0.2220,      0.2270,      0.2270,      0.2180,      0.2550,      0.2550,      0.1630,      0.1630,      0.0800,      0.0800,      0.0800,      0.1360,      0.1360,      0.1360,      0.1660,      0.1660,      0.2250,      0.2250,      0.1660,      0.1660,      0.1660,      0.1020,      0.1020,      0.1020,      0.1130,      0.1130,      0.1120,      0.1120,      0.1120,      0.1050,      0.1050,      0.1050,      0.1010,      0.1010,      0.1010,      0.1010,      0.1010,      0.0840,      0.0840,      0.0840,      0.0840,      0.0840,      0.0410,      0.0410,      0.0410,      0.0410,      0.0730,      0.0730,      0.0730,      0.0730,      0.0730,      0.1470,      0.1470,      0.1470,      0.1470,      0.2000,      0.2000,      0.2000,      0.2340,      0.2340,      0.2520,      0.2520,      0.2520,      0.2580,      0.2580,      0.2370,      0.2170,      0.1610,      0.0970,      0.0350,     -0.0270,     -0.1290,     -0.1970,     -0.1350,     -0.0340,      0.0150,      0.0510,      0.0670,      0.0390,     -0.0360,     -0.0720,     -0.0770,     -0.0160,     -0.0000,     -0.0000,     -0.0000,     -0.0000,     -0.0000,     -0.0000,     -0.0000
================
P [mbar]       ,    0.1004,    0.1015,    0.1034,    0.1069,    0.1130,    0.1239,    0.1432,    0.1740,    0.2226,    0.3028,    0.4349,    0.6529,    1.0121,    1.6044,    2.4646,    3.4606,    4.3994,    5.2226,    5.8426,    6.2132,    6.3980,    6.4686,    6.5039,    6.5168
Temp initial[K],  163.5827,  163.6723,  163.8293,  164.1029,  164.5732,  165.3648,  166.6602,  168.4872,  170.9519,  174.2721,  178.5564,  183.8814,  190.3071,  197.9049,  205.8548,  212.8059,  218.1105,  222.1140,  224.8330,  226.3589,  227.0949,  227.3721,  227.5098,  227.5598
================
it   ,   tau    ,  Tsfc    ,   alb    ,   OLR    ,    ASR   ,  NET top ,  NET bot , T lev  01, T lev  02, T lev  03, T lev  04, T lev  05, T lev  06, T lev  07, T lev  08, T lev  09, T lev  10, T lev  11, T lev  12, T lev  13, T lev  14, T lev  15, T lev  16, T lev  17, T lev  18, T lev  19, T lev  20, T lev  21, T lev  22, T lev  23, T lev  24, T lev  25,  OLR IR01,  OLR IR02,  OLR IR03,  OLR IR04,  OLR IR05,  OLR IR06,  OLR IR07,  OLR IR08,  OLR IR09,  OLR IR10,  OLR IR11,  OLR IR12,  OLR IR13,  OLR IR14,  OLR IR15,  OLR IR16,  OLR IR17,  OLR IR18,  OLR IR19,  OLR IR20,  OLR IR21,  OLR IR22,  OLR IR23,  OLR IR24,  OLR IR25,  OLR IR26,  OLR IR27,  OLR IR28,  OLR IR29,  OLR IR30,  OLR IR31,  OLR IR32,  OLR IR33,  OLR IR34,  OLR IR35,  OLR IR36,  OLR IR37,  OLR IR38,  OLR IR39,  OLR IR40,  OLR IR41,  OLR IR42,  OLR IR43,  OLR IR44,  OLR IR45,  OLR IR46,  OLR IR47,  OLR IR48,  OLR IR49,  OLR IR50,  OLR IR51,  OLR IR52,  OLR IR53,  OLR IR54,  OLR IR55,  OLR IR56,  OLR IR57,  OLR IR58,  OLR IR59,  OLR IR60,  OLR IR61,  OLR IR62,  OLR IR63,  OLR IR64,  OLR IR65,  OLR IR66,  OLR IR67,  OLR IR68,  OLR IR69,  OLR IR70,  OLR IR71,  OLR IR72,  OLR IR73,  OLR IR74,  OLR IR75,  OLR IR76,  OLR IR77,  OLR IR78,  OLR IR79,  OLR IR80,  OLR IR81,  OLR IR82,  OLR IR83,  OLR IR84,  OLR IR85,  OLR IR86,  OLR IR87,  OLR IR88,  OLR IR89,  OLR IR90,  OLR IR91,  OLR IR92,  OLR IR93,  OLR IR94,  OLR IR95,  OLR IR96, ASR VIS01, ASR VIS02, ASR VIS03, ASR VIS04, ASR VIS05, ASR VIS06, ASR VIS07, ASR VIS08, ASR VIS09, ASR VIS10, ASR VIS11, ASR VIS12, ASR VIS13, ASR VIS14, ASR VIS15, ASR VIS16, ASR VIS17, ASR VIS18, ASR VIS19, ASR VIS20, ASR VIS21, ASR VIS22, ASR VIS23, ASR VIS24, ASR VIS25, ASR VIS26, ASR VIS27, ASR VIS28, ASR VIS29, ASR VIS30, ASR VIS31, ASR VIS32, ASR VIS33, ASR VIS34, ASR VIS35, ASR VIS36, ASR VIS37, ASR VIS38, ASR VIS39, ASR VIS40, ASR VIS41, ASR VIS42, ASR VIS43, ASR VIS44, ASR VIS45, ASR VIS46, ASR VIS47, ASR VIS48, ASR VIS49, ASR VIS50, ASR VIS51, ASR VIS52, ASR VIS53, ASR VIS54, ASR VIS55, ASR VIS56, ASR VIS57, ASR VIS58, ASR VIS59, ASR VIS60, ASR VIS61, ASR VIS62, ASR VIS63, ASR VIS64, ASR VIS65, ASR VIS66, ASR VIS67, ASR VIS68, ASR VIS69, ASR VIS70, ASR VIS71, ASR VIS72, ASR VIS73, ASR VIS74, ASR VIS75, ASR VIS76, ASR VIS77, ASR VIS78, ASR VIS79, ASR VIS80, ASR VIS81, ASR VIS82, ASR VIS83, ASR VIS84, SFC DIR01, SFC DIR02, SFC DIR03, SFC DIR04, SFC DIR05, SFC DIR06, SFC DIR07, SFC DIR08, SFC DIR09, SFC DIR10, SFC DIR11, SFC DIR12, SFC DIR13, SFC DIR14, SFC DIR15, SFC DIR16, SFC DIR17, SFC DIR18, SFC DIR19, SFC DIR20, SFC DIR21, SFC DIR22, SFC DIR23, SFC DIR24, SFC DIR25, SFC DIR26, SFC DIR27, SFC DIR28, SFC DIR29, SFC DIR30, SFC DIR31, SFC DIR32, SFC DIR33, SFC DIR34, SFC DIR35, SFC DIR36, SFC DIR37, SFC DIR38, SFC DIR39, SFC DIR40, SFC DIR41, SFC DIR42, SFC DIR43, SFC DIR44, SFC DIR45, SFC DIR46, SFC DIR47, SFC DIR48, SFC DIR49, SFC DIR50, SFC DIR51, SFC DIR52, SFC DIR53, SFC DIR54, SFC DIR55, SFC DIR56, SFC DIR57, SFC DIR58, SFC DIR59, SFC DIR60, SFC DIR61, SFC DIR62, SFC DIR63, SFC DIR64, SFC DIR65, SFC DIR66, SFC DIR67, SFC DIR68, SFC DIR69, SFC DIR70, SFC DIR71, SFC DIR72, SFC DIR73, SFC DIR74, SFC DIR75, SFC DIR76, SFC DIR77, SFC DIR78, SFC DIR79, SFC DIR80, SFC DIR81, SFC DIR82, SFC DIR83, SFC DIR84, SFC DIR85, SFC DIR86, SFC DIR87, SFC DIR88, SFC DIR89, SFC DIR90, SFC DIR91, SFC DIR92, SFC DIR93, SFC DIR94, SFC DIR95, SFC DIR96,SFC DVIS01,SFC DVIS02,SFC DVIS03,SFC DVIS04,SFC DVIS05,SFC DVIS06,SFC DVIS07,SFC DVIS08,SFC DVIS09,SFC DVIS10,SFC DVIS11,SFC DVIS12,SFC DVIS13,SFC DVIS14,SFC DVIS15,SFC DVIS16,SFC DVIS17,SFC DVIS18,SFC DVIS19,SFC DVIS20,SFC DVIS21,SFC DVIS22,SFC DVIS23,SFC DVIS24,SFC DVIS25,SFC DVIS26,SFC DVIS27,SFC DVIS28,SFC DVIS29,SFC DVIS30,SFC DVIS31,SFC DVIS32,SFC DVIS33,SFC DVIS34,SFC DVIS35,SFC DVIS36,SFC DVIS37,SFC DVIS38,SFC DVIS39,SFC DVIS40,SFC DVIS41,SFC DVIS42,SFC DVIS43,SFC DVIS44,SFC DVIS45,SFC DVIS46,SFC DVIS47,SFC DVIS48,SFC DVIS49,SFC DVIS50,SFC DVIS51,SFC DVIS52,SFC DVIS53,SFC DVIS54,SFC DVIS55,SFC DVIS56,SFC DVIS57,SFC DVIS58,SFC DVIS59,SFC DVIS60,SFC DVIS61,SFC DVIS62,SFC DVIS63,SFC DVIS64,SFC DVIS65,SFC DVIS66,SFC DVIS67,SFC DVIS68,SFC DVIS69,SFC DVIS70,SFC DVIS71,SFC DVIS72,SFC DVIS73,SFC DVIS74,SFC DVIS75,SFC DVIS76,SFC DVIS77,SFC DVIS78,SFC DVIS79,SFC DVIS80,SFC DVIS81,SFC DVIS82,SFC DVIS83,SFC DVIS84
    2,    0.0000,  227.5722,    0.2192,  139.8688,  115.8602,  -23.5218,  -14.0680,  158.4330,  163.5827,  163.6723,  163.8293,  164.1029,  164.5732,  165.3648,  166.6602,  168.4872,  170.9519,  174.2721,  178.5564,  183.8814,  190.3071,  197.9049,  205.8548,  212.8059,  218.1105,  222.1140,  224.8330,  226.3589,  227.0949,  227.3721,  227.5098,  227.5598,    0.0705,    0.2675,    0.5658,    0.9364,    1.3541,    1.7971,    2.2470,    2.6886,    3.1100,    3.5012,    3.8550,    4.1668,    3.7991,    3.9662,    4.1036,    4.2111,    4.2902,    4.3412,    4.3666,    4.3674,    4.3455,    4.3031,    4.2365,    4.1377,    1.4329,    1.4160,    1.3937,    1.3544,    1.3064,    1.2531,    1.1042,    1.0903,    1.0331,    0.8812,    0.8657,    0.6804,    0.4286,    0.3613,    0.2973,    0.2859,    0.2660,    0.2237,    0.2586,    0.2615,    0.2793,    0.3166,    0.3804,    0.4522,    0.5746,    0.6344,    0.5305,    0.6851,    0.6744,    0.6698,    0.6769,    0.7426,    0.7550,    0.7683,    0.7700,    0.7628,    2.0538,    1.9716,    1.9052,    1.8274,    1.7484,    1.6691,    1.5919,    1.5151,    1.4407,    1.3665,    1.2937,    1.2291,    1.8278,    1.6842,    1.5339,    1.3924,    1.2741,    1.1725,    1.0662,    0.9681,    0.8777,    0.7928,    0.7079,    0.6374,    1.5840,    1.1437,    0.8293,    0.5901,    0.4167,    0.2922,    0.2036,    0.1383,    0.0940,    0.0622,    0.0416,    0.0303,    0.0906,    0.0482,    0.0759,    0.0854,    0.0957,    0.0892,    0.0975,    0.1096,    0.0962,    0.1325,    0.1172,    0.1283,    0.1417,    0.1155,    0.1680,    0.1868,    0.1536,    0.1833,    0.2065,    0.2237,    0.2252,    0.1502,    0.2398,    0.2533,    0.3110,    0.3324,    0.3440,    0.3658,    0.3756,    0.3940,    0.4010,    0.4565,    0.4953,    0.4717,    0.4852,    0.4943,    0.8433,    0.9209,    0.9663,    0.9993,    1.0234,    1.1077,    1.0381,    1.1064,    1.0804,    1.1314,    1.0733,    1.1507,    2.4780,    2.4450,    2.4989,    2.5384,    2.5644,    2.4626,    2.5489,    2.6139,    2.6670,    2.4800,    2.4441,    2.5380,    6.4157,    6.1123,    6.0433,    5.8603,    5.4132,    5.0767,    4.4565,    4.0997,    3.9404,    3.4535,    2.6528,    2.4637,    1.8993,    1.7458,    1.3311,    1.2705,    0.8565,    0.6215,    0.5021,    0.2015,    0.1776,    0.1261,    0.0437,    0.0355,    0.0000,    0.0000,    0.0000,    0.0000,    0.0000,    0.0000,    0.0000,    0.0000,    0.0000,    0.0000,    0.0000,    0.0000,    0.0000,    0.0000,    0.0000,    0.0000,    0.0000,    0.0000,    0.0000,    0.0004,    0.0013,    0.0042,    0.0316,    0.1224,    0.0337,    0.0553,    0.0951,    0.1939,    0.3170,    0.4390,    0.7874,    0.8078,    0.8986,    1.0611,    1.1127,    1.2540,    0.9696,    0.9641,    0.9572,    0.9473,    0.9378,    0.9287,    0.9178,    0.9074,    0.8966,    0.8844,    0.8683,    0.8421,    0.8025,    0.6764,    0.7395,    0.4977,    0.5022,    0.4908,    0.4247,    0.2470,    0.1814,    0.1031,    0.0612,    0.0469,    0.0933,    0.0788,    0.0260,    0.0119,    0.0030,    0.0028,    0.0017,    0.0056,    0.0100,    0.0182,    0.0292,    0.0235,    0.0278,    0.0056,    0.0259,    0.0458,    0.0328,    0.0004,    0.0000,    0.0000,    0.0000,    0.0031,    0.0165,    0.0171,    0.0171,    0.0171,    0.0000,    0.0000,    0.0000,    0.0000,    0.0000,    0.0035,    0.0040,    0.0054,    0.0048,    0.0010,    0.0230,    0.0000,    0.0598,    0.1073,    0.1213,    0.1109,    0.1245,    0.1385,    0.1233,    0.1698,    0.1501,    0.1645,    0.1806,    0.1466,    0.2118,    0.2312,    0.1878,    0.1215,    0.0145,    0.0325,    0.1583,    0.1897,    0.3065,    0.3218,    0.3984,    0.4260,    0.4410,    0.4686,    0.4796,    0.4909,    0.4572,    0.4157,    0.3661,    0.4375,    0.6076,    0.6165,    1.0804,    1.1803,    1.2358,    1.2540,    1.2316,    1.3659,    1.3119,    1.3949,    1.2823,    1.4502,    1.3714,    1.4595,    3.1611,    3.0848,    3.2030,    3.2531,    3.2743,    3.1567,    3.2678,    3.3511,    3.4192,    3.1776,    3.1334,    3.2539,    8.2247,    7.8363,    7.7478,    7.5132,    6.9399,    6.5086,    5.7135,    5.2561,    5.0518,    4.4276,    3.4010,    3.1586,    2.4350,    2.2382,    1.7066,    1.6288,    1.0981,    0.7968,    0.6438,    0.2584,    0.2277,    0.1616,    0.0560,    0.0455
    2,    0.0500,  227.5722,    0.2266,  125.7171,  114.7571,  -10.4725,    0.7099,  158.4330,  163.5827,  163.6723,  163.8293,  164.1029,  164.5732,  165.3648,  166.6602,  168.4872,  170.9519,  174.2721,  178.5564,  183.8814,  190.3071,  197.9049,  205.8548,  212.8059,  218.1105,  222.1140,  224.8330,  226.3589,  227.0949,  227.3721,  227.5098,  227.5598,    0.0614,    0.2323,    0.4902,    0.8096,    1.1679,    1.5463,    1.9287,    2.4533,    3.0214,    3.4282,    3.7813,    4.0500,    3.5784,    3.5256,    3.4553,    3.4430,    3.6136,    3.7754,    3.7133,    3.6127,    3.5313,    3.4473,    3.3779,    3.4213,    1.2046,    1.2396,    1.2219,    1.2245,    1.1864,    1.1438,    1.0382,    1.0266,    0.9843,    0.8471,    0.8353,    0.6676,    0.4237,    0.3586,    0.2962,    0.2848,    0.2652,    0.2234,    0.2578,    0.2605,    0.2777,    0.3135,    0.3737,    0.4399,    0.5515,    0.6022,    0.5077,    0.6426,    0.6331,    0.6287,    0.6327,    0.6870,    0.6959,    0.7054,    0.7011,    0.6940,    1.8672,    1.8333,    1.7699,    1.6970,    1.6428,    1.5681,    1.4967,    1.4244,    1.3544,    1.2777,    1.2097,    1.1490,    1.6910,    1.5574,    1.4032,    1.2741,    1.1749,    1.0802,    0.9821,    0.8909,    0.8076,    0.7294,    0.6541,    0.5889,    1.4744,    1.0643,    0.7784,    0.5429,    0.3832,    0.2728,    0.1901,    0.1302,    0.0885,    0.0586,    0.0390,    0.0283,    0.0890,    0.0480,    0.0743,    0.0829,    0.0930,    0.0866,    0.0949,    0.1067,    0.0937,    0.1289,    0.1140,    0.1249,    0.1388,    0.1131,    0.1646,    0.1830,    0.1505,    0.1802,    0.2050,    0.2216,    0.2224,    0.1475,    0.2355,    0.2488,    0.3054,    0.3264,    0.3378,    0.3592,    0.3689,    0.3870,    0.3949,    0.4501,    0.4888,    0.4650,    0.4776,    0.4867,    0.8301,    0.9065,    0.9512,    0.9838,    1.0077,    1.0930,    1.0242,    1.0917,    1.0663,    1.1163,    1.0589,    1.1353,    2.4448,    2.4124,    2.4653,    2.5043,    2.5301,    2.4267,    2.5117,    2.5758,    2.6281,    2.4438,    2.4085,    2.5010,    6.3223,    6.0233,    5.9553,    5.7750,    5.3344,    5.0029,    4.3918,    4.0402,    3.9913,    3.4981,    2.6870,    2.4955,    1.9238,    1.7684,    1.3484,    1.2870,    0.8677,    0.6298,    0.5088,    0.2042,    0.1800,    0.1278,    0.0443,    0.0360,    0.0232,    0.0878,    0.1848,    0.3043,    0.4379,    0.5782,    0.7191,    0.5199,    0.2580,    0.1491,    0.1350,    0.1855,    0.3114,    0.5866,    0.8643,    1.0760,    0.9830,    0.8521,    0.9109,    0.9902,    1.0469,    1.0870,    1.1070,    1.0047,    0.3153,    0.2679,    0.2991,    0.3391,    0.4446,    0.5490,    0.8402,    0.8562,    0.9314,    1.0795,    1.1251,    1.2548,    0.9696,    0.9641,    0.9572,    0.9473,    0.9378,    0.9287,    0.9178,    0.9074,    0.8966,    0.8844,    0.8684,    0.8430,    0.8093,    0.6945,    0.7512,    0.5319,    0.5346,    0.5237,    0.4640,    0.3042,    0.2448,    0.1740,    0.1399,    0.1260,    0.3089,    0.2318,    0.1767,    0.1569,    0.1193,    0.1137,    0.1062,    0.1047,    0.1039,    0.1154,    0.1205,    0.1104,    0.1760,    0.1431,    0.1665,    0.1717,    0.1380,    0.0989,    0.0894,    0.0815,    0.0738,    0.0694,    0.0722,    0.0670,    0.1291,    0.0974,    0.0512,    0.0471,    0.0331,    0.0191,    0.0133,    0.0113,    0.0093,    0.0088,    0.0072,    0.0028,    0.0216,    0.0000,    0.0567,    0.1016,    0.1150,    0.1051,    0.1182,    0.1315,    0.1171,    0.1612,    0.1425,    0.1562,    0.1738,    0.1411,    0.2038,    0.2225,    0.1807,    0.1169,    0.0140,    0.0313,    0.1536,    0.1841,    0.2975,    0.3123,    0.3866,    0.4134,    0.4280,    0.4547,    0.4655,    0.4764,    0.4441,    0.4038,    0.3557,    0.4250,    0.5902,    0.5988,    1.0495,    1.1465,    1.2004,    1.2181,    1.1964,    1.3304,    1.2778,    1.3587,    1.2490,    1.4126,    1.3358,    1.4216,    3.0791,    3.0048,    3.1199,    3.1687,    3.1894,    3.0406,    3.1476,    3.2279,    3.2935,    3.0608,    3.0182,    3.1342,    7.9223,    7.5482,    7.4630,    7.2370,    6.6848,    6.2693,    5.5035,    5.0629,    4.7888,    4.1969,    3.2236,    2.9937,    2.3077,    2.1211,    1.6171,    1.5432,    1.0404,    0.7549,    0.6098,    0.2447,    0.2157,    0.1531,    0.0531,    0.0431
    2,    0.1000,  227.5722,    0.2335,  115.6889,  113.7406,   -1.4602,   10.8424,  158.4330,  163.5827,  163.6723,  163.8293,  164.1029,  164.5732,  165.3648,  166.6602,  168.4872,  170.9519,  174.2721,  178.5564,  183.8814,  190.3071,  197.9049,  205.8548,  212.8059,  218.1105,  222.1140,  224.8330,  226.3589,  227.0949,  227.3721,  227.5098,  227.5598,    0.0567,    0.2140,    0.4507,    0.7425,    1.0685,    1.4111,    1.7555,    2.2877,    2.9433,    3.3605,    3.7122,    3.9424,    3.3899,    3.1961,    3.0293,    2.9812,    3.1800,    3.3847,    3.2769,    3.1299,    3.0262,    2.9288,    2.8608,    2.9535,    1.0498,    1.1087,    1.0940,    1.1210,    1.0902,    1.0555,    0.9816,    0.9718,    0.9411,    0.8166,    0.8077,    0.6554,    0.4190,    0.3560,    0.2950,    0.2838,    0.2645,    0.2231,    0.2570,    0.2596,    0.2760,    0.3104,    0.3674,    0.4284,    0.5308,    0.5741,    0.4876,    0.6063,    0.5977,    0.5934,    0.5950,    0.6403,    0.6466,    0.6532,    0.6447,    0.6378,    1.7147,    1.7144,    1.6537,    1.5851,    1.5498,    1.4792,    1.4126,    1.3444,    1.2782,    1.2001,    1.1363,    1.0791,    1.5739,    1.4487,    1.2934,    1.1747,    1.0902,    1.0014,    0.9102,    0.8251,    0.7477,    0.6753,    0.6078,    0.5472,    1.3786,    0.9949,    0.7331,    0.5023,    0.3545,    0.2557,    0.1781,    0.1229,    0.0836,    0.0554,    0.0367,    0.0266,    0.0877,    0.0479,    0.0728,    0.0807,    0.0905,    0.0843,    0.0926,    0.1041,    0.0914,    0.1258,    0.1113,    0.1219,    0.1361,    0.1110,    0.1614,    0.1795,    0.1476,    0.1773,    0.2035,    0.2197,    0.2198,    0.1450,    0.2315,    0.2445,    0.3002,    0.3208,    0.3321,    0.3531,    0.3626,    0.3805,    0.3893,    0.4440,    0.4826,    0.4587,    0.4706,    0.4795,    0.8178,    0.8930,    0.9370,    0.9693,    0.9931,    1.0792,    1.0112,    1.0777,    1.0529,    1.1019,    1.0453,    1.1208,    2.4135,    2.3816,    2.4337,    2.4721,    2.4977,    2.3936,    2.4775,    2.5407,    2.5923,    2.4106,    2.3757,    2.4670,    6.2363,    5.9414,    5.8744,    5.6966,    5.2621,    4.9352,    4.3324,    3.9857,    4.0387,    3.5397,    2.7191,    2.5254,    1.9470,    1.7899,    1.3649,    1.3029,    0.8786,    0.6377,    0.5153,    0.2069,    0.1824,    0.1296,    0.0449,    0.0366,    0.0382,    0.1442,    0.3036,    0.5002,    0.7199,    0.9507,    1.1828,    0.9249,    0.4921,    0.2905,    0.2640,    0.3599,    0.5871,    1.0524,    1.4842,    1.8001,    1.6788,    1.4912,    1.5728,    1.6799,    1.7548,    1.8034,    1.8131,    1.6217,    0.5184,    0.4329,    0.4574,    0.4580,    0.5493,    0.6396,    0.8854,    0.8979,    0.9603,    1.0958,    1.1361,    1.2555,    0.9697,    0.9641,    0.9572,    0.9473,    0.9378,    0.9287,    0.9178,    0.9074,    0.8966,    0.8844,    0.8685,    0.8438,    0.8153,    0.7102,    0.7614,    0.5613,    0.5625,    0.5519,    0.4976,    0.3529,    0.2986,    0.2341,    0.2058,    0.1921,    0.4892,    0.3651,    0.3079,    0.2832,    0.2228,    0.2124,    0.1993,    0.1930,    0.1875,    0.2012,    0.2010,    0.1870,    0.3044,    0.2621,    0.2859,    0.2785,    0.2286,    0.1836,    0.1662,    0.1515,    0.1371,    0.1263,    0.1203,    0.1102,    0.2272,    0.1677,    0.0967,    0.0875,    0.0615,    0.0359,    0.0249,    0.0182,    0.0139,    0.0118,    0.0093,    0.0044,    0.0202,    0.0000,    0.0538,    0.0965,    0.1091,    0.0998,    0.1124,    0.1251,    0.1113,    0.1533,    0.1355,    0.1486,    0.1674,    0.1359,    0.1963,    0.2143,    0.1741,    0.1126,    0.0135,    0.0301,    0.1491,    0.1788,    0.2889,    0.3033,    0.3754,    0.4015,    0.4156,    0.4416,    0.4520,    0.4626,    0.4316,    0.3924,    0.3457,    0.4131,    0.5736,    0.5820,    1.0200,    1.1143,    1.1667,    1.1839,    1.1627,    1.2964,    1.2452,    1.3240,    1.2171,    1.3765,    1.3017,    1.3853,    3.0004,    2.9280,    3.0401,    3.0877,    3.1078,    2.9305,    3.0337,    3.1111,    3.1743,    2.9500,    2.9090,    3.0208,    7.6356,    7.2750,    7.1930,    6.9752,    6.4431,    6.0427,    5.3046,    4.8800,    4.5415,    3.9802,    3.0572,    2.8391,    2.1885,    2.0115,    1.5335,    1.4635,    0.9866,    0.7158,    0.5783,    0.2320,    0.2045,    0.1451,    0.0503,    0.0409
    2,    0.1500,  227.5722,    0.2399,  108.1263,  112.7928,    5.1553,   18.0414,  158.4330,  163.5827,  163.6723,  163.8293,  164.1029,  164.5732,  165.3648,  166.6602,  168.4872,  170.9519,  174.2721,  178.5564,  183.8814,  190.3071,  197.9049,  205.8548,  212.8059,  218.1105,  222.1140,  224.8330,  226.3589,  227.0949,  227.3721,  227.5098,  227.5598,    0.0540,    0.2035,    0.4277,    0.7032,    1.0097,    1.3303,    1.6511,    2.1672,    2.8740,    3.2975,    3.6472,    3.8431,    3.2276,    2.9437,    2.7352,    2.6829,    2.8861,    3.1038,    2.9710,    2.8022,    2.6906,    2.5899,    2.5238,    2.6298,    0.9396,    1.0085,    0.9959,    1.0370,    1.0116,    0.9828,    0.9327,    0.9242,    0.9027,    0.7892,    0.7827,    0.6439,    0.4144,    0.3535,    0.2939,    0.2828,    0.2637,    0.2227,    0.2562,    0.2587,    0.2744,    0.3075,    0.3615,    0.4178,    0.5122,    0.5492,    0.4698,    0.5748,    0.5669,    0.5627,    0.5626,    0.6006,    0.6049,    0.6093,    0.5979,    0.5911,    1.5881,    1.6112,    1.5529,    1.4880,    1.4674,    1.4003,    1.3380,    1.2733,    1.2106,    1.1318,    1.0717,    1.0175,    1.4726,    1.3547,    1.2001,    1.0900,    1.0171,    0.9334,    0.8482,    0.7683,    0.6961,    0.6286,    0.5676,    0.5108,    1.2943,    0.9337,    0.6927,    0.4672,    0.3295,    0.2404,    0.1674,    0.1164,    0.0791,    0.0524,    0.0346,    0.0251,    0.0864,    0.0478,    0.0714,    0.0787,    0.0883,    0.0823,    0.0905,    0.1017,    0.0893,    0.1229,    0.1087,    0.1191,    0.1337,    0.1089,    0.1585,    0.1763,    0.1450,    0.1746,    0.2021,    0.2178,    0.2173,    0.1426,    0.2278,    0.2406,    0.2953,    0.3156,    0.3267,    0.3474,    0.3567,    0.3744,    0.3839,    0.4382,    0.4768,    0.4527,    0.4639,    0.4728,    0.8062,    0.8803,    0.9237,    0.9557,    0.9792,    1.0661,    0.9988,    1.0646,    1.0402,    1.0884,    1.0325,    1.1071,    2.3839,    2.3525,    2.4038,    2.4418,    2.4670,    2.3632,    2.4460,    2.5084,    2.5593,    2.3799,    2.3455,    2.4356,    6.1570,    5.8659,    5.7998,    5.6244,    5.1954,    4.8727,    4.2777,    3.9355,    4.0817,    3.5776,    2.7483,    2.5527,    1.9682,    1.8095,    1.3800,    1.3175,    0.8885,    0.6450,    0.5214,    0.2094,    0.1846,    0.1312,    0.0455,    0.0370,    0.0480,    0.1814,    0.3823,    0.6300,    0.9069,    1.1982,    1.4912,    1.2443,    0.7047,    0.4248,    0.3874,    0.5242,    0.8329,    1.4312,    1.9497,    2.3163,    2.1927,    1.9845,    2.0729,    2.1862,    2.2642,    2.3109,    2.3104,    2.0765,    0.6716,    0.5647,    0.5839,    0.5572,    0.6368,    0.7154,    0.9245,    0.9341,    0.9859,    1.1102,    1.1459,    1.2561,    0.9697,    0.9641,    0.9572,    0.9473,    0.9378,    0.9287,    0.9178,    0.9074,    0.8966,    0.8844,    0.8686,    0.8445,    0.8206,    0.7239,    0.7702,    0.5868,    0.5867,    0.5763,    0.5266,    0.3948,    0.3447,    0.2856,    0.2616,    0.2482,    0.6420,    0.4823,    0.4232,    0.3941,    0.3154,    0.3007,    0.2828,    0.2722,    0.2624,    0.2774,    0.2725,    0.2550,    0.4166,    0.3661,    0.3884,    0.3703,    0.3074,    0.2572,    0.2331,    0.2123,    0.1921,    0.1758,    0.1623,    0.1479,    0.3138,    0.2298,    0.1374,    0.1225,    0.0862,    0.0508,    0.0353,    0.0245,    0.0181,    0.0145,    0.0112,    0.0058,    0.0190,    0.0000,    0.0511,    0.0917,    0.1037,    0.0948,    0.1070,    0.1191,    0.1060,    0.1460,    0.1290,    0.1414,    0.1613,    0.1310,    0.1892,    0.2065,    0.1678,    0.1085,    0.0130,    0.0291,    0.1449,    0.1737,    0.2807,    0.2947,    0.3647,    0.3901,    0.4038,    0.4290,    0.4392,    0.4495,    0.4197,    0.3816,    0.3362,    0.4016,    0.5578,    0.5659,    0.9918,    1.0835,    1.1344,    1.1511,    1.1306,    1.2637,    1.2137,    1.2906,    1.1864,    1.3418,    1.2689,    1.3503,    2.9247,    2.8541,    2.9635,    3.0098,    3.0294,    2.8260,    2.9255,    3.0001,    3.0611,    2.8448,    2.8053,    2.9131,    7.3634,    7.0157,    6.9366,    6.7267,    6.2135,    5.8275,    5.1157,    4.7063,    4.3076,    3.7752,    2.8998,    2.6929,    2.0759,    1.9080,    1.4546,    1.3882,    0.9358,    0.6790,    0.5485,    0.2201,    0.1940,    0.1377,    0.0477,    0.0388
    2,    0.2000,  227.5722,    0.2459,  102.1608,  111.9072,   10.2359,   23.2538,  158.4330,  163.5827,  163.6723,  163.8293,  164.1029,  164.5732,  165.3648,  166.6602,  168.4872,  170.9519,  174.2721,  178.5564,  183.8814,  190.3071,  197.9049,  205.8548,  212.8059,  218.1105,  222.1140,  224.8330,  226.3589,  227.0949,  227.3721,  227.5098,  227.5598,    0.0523,    0.1969,    0.4131,    0.6778,    0.9713,    1.2771,    1.5817,    2.0767,    2.8123,    3.2389,    3.5859,    3.7514,    3.0870,    2.7465,    2.5242,    2.4788,    2.6771,    2.8946,    2.7479,    2.5691,    2.4556,    2.3551,    2.2907,    2.3956,    0.8581,    0.9299,    0.9189,    0.9676,    0.9463,    0.9222,    0.8900,    0.8824,    0.8683,    0.7643,    0.7597,    0.6329,    0.4100,    0.3510,    0.2928,    0.2818,    0.2629,    0.2224,    0.2555,    0.2578,    0.2729,    0.3047,    0.3558,    0.4079,    0.4952,    0.5270,    0.4537,    0.5472,    0.5400,    0.5359,    0.5345,    0.5666,    0.5693,    0.5719,    0.5585,    0.5518,    1.4817,    1.5211,    1.4649,    1.4032,    1.3939,    1.3300,    1.2714,    1.2098,    1.1501,    1.0714,    1.0145,    0.9630,    1.3841,    1.2727,    1.1198,    1.0171,    0.9534,    0.8742,    0.7942,    0.7189,    0.6512,    0.5879,    0.5323,    0.4790,    1.2195,    0.8794,    0.6562,    0.4364,    0.3077,    0.2268,    0.1578,    0.1105,    0.0751,    0.0498,    0.0327,    0.0237,    0.0852,    0.0477,    0.0702,    0.0770,    0.0863,    0.0804,    0.0886,    0.0996,    0.0875,    0.1204,    0.1065,    0.1167,    0.1314,    0.1071,    0.1558,    0.1733,    0.1425,    0.1721,    0.2007,    0.2160,    0.2150,    0.1404,    0.2242,    0.2368,    0.2907,    0.3107,    0.3216,    0.3420,    0.3512,    0.3687,    0.3789,    0.4328,    0.4712,    0.4471,    0.4577,    0.4664,    0.7952,    0.8684,    0.9112,    0.9428,    0.9662,    1.0537,    0.9871,    1.0521,    1.0283,    1.0756,    1.0203,    1.0941,    2.3559,    2.3250,    2.3755,    2.4130,    2.4380,    2.3350,    2.4169,    2.4785,    2.5289,    2.3516,    2.3176,    2.4067,    6.0837,    5.7962,    5.7309,    5.5576,    5.1338,    4.8150,    4.2271,    3.8891,    4.1208,    3.6121,    2.7749,    2.5775,    1.9875,    1.8274,    1.3938,    1.3308,    0.8976,    0.6517,    0.5269,    0.2116,    0.1867,    0.1326,    0.0460,    0.0375,    0.0546,    0.2065,    0.4352,    0.7174,    1.0332,    1.3655,    1.7000,    1.4986,    0.8980,    0.5523,    0.5056,    0.6792,    1.0533,    1.7448,    2.3103,    2.6976,    2.5829,    2.3728,    2.4607,    2.5708,    2.6454,    2.6861,    2.6765,    2.4240,    0.7909,    0.6723,    0.6872,    0.6411,    0.7109,    0.7797,    0.9587,    0.9658,    1.0088,    1.1231,    1.1548,    1.2567,    0.9698,    0.9642,    0.9572,    0.9473,    0.9378,    0.9287,    0.9178,    0.9074,    0.8966,    0.8844,    0.8686,    0.8451,    0.8254,    0.7359,    0.7780,    0.6090,    0.6079,    0.5977,    0.5518,    0.4312,    0.3848,    0.3302,    0.3096,    0.2964,    0.7732,    0.5862,    0.5253,    0.4924,    0.3989,    0.3802,    0.3580,    0.3435,    0.3300,    0.3456,    0.3365,    0.3159,    0.5156,    0.4578,    0.4775,    0.4501,    0.3766,    0.3219,    0.2917,    0.2656,    0.2403,    0.2191,    0.1993,    0.1811,    0.3909,    0.2850,    0.1741,    0.1532,    0.1077,    0.0641,    0.0445,    0.0302,    0.0220,    0.0170,    0.0129,    0.0071,    0.0179,    0.0000,    0.0487,    0.0873,    0.0987,    0.0903,    0.1020,    0.1135,    0.1010,    0.1391,    0.1230,    0.1348,    0.1556,    0.1263,    0.1825,    0.1992,    0.1618,    0.1047,    0.0126,    0.0281,    0.1408,    0.1688,    0.2728,    0.2864,    0.3546,    0.3792,    0.3925,    0.4171,    0.4269,    0.4369,    0.4083,    0.3711,    0.3270,    0.3907,    0.5426,    0.5505,    0.9648,    1.0540,    1.1035,    1.1198,    1.0998,    1.2322,    1.1835,    1.2585,    1.1568,    1.3084,    1.2373,    1.3167,    2.8520,    2.7831,    2.8897,    2.9349,    2.9541,    2.7267,    2.8227,    2.8947,    2.9534,    2.7448,    2.7066,    2.8107,    7.1045,    6.7691,    6.6928,    6.4903,    5.9953,    5.6228,    4.9361,    4.5412,    4.0863,    3.5813,    2.7508,    2.5547,    1.9693,    1.8101,    1.3800,    1.3170,    0.8879,    0.6442,    0.5204,    0.2088,    0.1840,    0.1306,    0.0453,    0.0368
    2,    0.3000,  227.5722,    0.2567,   93.2163,  110.3023,   17.5768,   29.8266,  158.4330,  163.5827,  163.6723,  163.8293,  164.1029,  164.5732,  165.3648,  166.6602,  168.4872,  170.9519,  174.2721,  178.5564,  183.8814,  190.3071,  197.9049,  205.8548,  212.8059,  218.1105,  222.1140,  224.8330,  226.3589,  227.0949,  227.3721,  227.5098,  227.5598,    0.0503,    0.1888,    0.3950,    0.6462,    0.9231,    1.2099,    1.4933,    1.9509,    2.7073,    3.1331,    3.4739,    3.5877,    2.8572,    2.4629,    2.2479,    2.2214,    2.4031,    2.6067,    2.4482,    2.2644,    2.1527,    2.0555,    1.9932,    2.0835,    0.7470,    0.8159,    0.8067,    0.8605,    0.8449,    0.8270,    0.8189,    0.8126,    0.8092,    0.7210,    0.7193,    0.6127,    0.4015,    0.3463,    0.2907,    0.2799,    0.2614,    0.2218,    0.2540,    0.2561,    0.2699,    0.2992,    0.3452,    0.3901,    0.4655,    0.4892,    0.4262,    0.5015,    0.4950,    0.4913,    0.4880,    0.5113,    0.5117,    0.5119,    0.4961,    0.4897,    1.3133,    1.3713,    1.3188,    1.2623,    1.2687,    1.2102,    1.1576,    1.1013,    1.0468,    0.9693,    0.9177,    0.8707,    1.2375,    1.1366,    0.9892,    0.8983,    0.8480,    0.7764,    0.7048,    0.6372,    0.5768,    0.5205,    0.4733,    0.4258,    1.0927,    0.7872,    0.5933,    0.3850,    0.2711,    0.2033,    0.1414,    0.1001,    0.0680,    0.0451,    0.0295,    0.0213,    0.0832,    0.0475,    0.0680,    0.0739,    0.0829,    0.0773,    0.0854,    0.0960,    0.0843,    0.1160,    0.1026,    0.1124,    0.1274,    0.1038,    0.1511,    0.1680,    0.1382,    0.1675,    0.1981,    0.2127,    0.2107,    0.1364,    0.2178,    0.2300,    0.2823,    0.3018,    0.3123,    0.3321,    0.3411,    0.3582,    0.3697,    0.4228,    0.4610,    0.4367,    0.4462,    0.4549,    0.7753,    0.8466,    0.8884,    0.9193,    0.9425,    1.0308,    0.9656,    1.0292,    1.0061,    1.0520,    0.9980,    1.0703,    2.3044,    2.2743,    2.3234,    2.3601,    2.3847,    2.2850,    2.3651,    2.4254,    2.4747,    2.3012,    2.2679,    2.3551,    5.9535,    5.6722,    5.6084,    5.4389,    5.0243,    4.7125,    4.1372,    3.8065,    4.1887,    3.6718,    2.8211,    2.6206,    2.0209,    1.8585,    1.4178,    1.3540,    0.9135,    0.6635,    0.5365,    0.2156,    0.1902,    0.1352,    0.0470,    0.0383,    0.0622,    0.2352,    0.4959,    0.8181,    1.1789,    1.5591,    1.9424,    1.8663,    1.2341,    0.7889,    0.7272,    0.9642,    1.4317,    2.2319,    2.8252,    3.2071,    3.1214,    2.9332,    3.0122,    3.1065,    3.1672,    3.1927,    3.1686,    2.9130,    0.9624,    0.8365,    0.8449,    0.7754,    0.8296,    0.8828,    1.0156,    1.0186,    1.0477,    1.1452,    1.1699,    1.2579,    0.9699,    0.9642,    0.9572,    0.9473,    0.9378,    0.9287,    0.9178,    0.9074,    0.8966,    0.8845,    0.8688,    0.8462,    0.8334,    0.7561,    0.7911,    0.6460,    0.6430,    0.6332,    0.5936,    0.4911,    0.4507,    0.4035,    0.3876,    0.3746,    0.9863,    0.7621,    0.6982,    0.6587,    0.5432,    0.5177,    0.4883,    0.4671,    0.4470,    0.4624,    0.4462,    0.4202,    0.6820,    0.6120,    0.6247,    0.5818,    0.4924,    0.4300,    0.3898,    0.3546,    0.3207,    0.2914,    0.2615,    0.2369,    0.5220,    0.3789,    0.2375,    0.2044,    0.1436,    0.0869,    0.0603,    0.0400,    0.0286,    0.0213,    0.0159,    0.0093,    0.0159,    0.0000,    0.0442,    0.0793,    0.0898,    0.0821,    0.0930,    0.1034,    0.0921,    0.1268,    0.1121,    0.1229,    0.1451,    0.1178,    0.1701,    0.1857,    0.1509,    0.0976,    0.0118,    0.0262,    0.1333,    0.1598,    0.2582,    0.2711,    0.3355,    0.3588,    0.3715,    0.3947,    0.4040,    0.4135,    0.3868,    0.3516,    0.3098,    0.3701,    0.5141,    0.5216,    0.9141,    0.9986,    1.0456,    1.0609,    1.0419,    1.1728,    1.1265,    1.1978,    1.1010,    1.2453,    1.1776,    1.2532,    2.7144,    2.6489,    2.7504,    2.7934,    2.8116,    2.5420,    2.6315,    2.6986,    2.7534,    2.5589,    2.5233,    2.6203,    6.6234,    6.3107,    6.2397,    6.0510,    5.5895,    5.2424,    4.6023,    4.2341,    3.6787,    3.2241,    2.4766,    2.3000,    1.7731,    1.6298,    1.2426,    1.1859,    0.7995,    0.5802,    0.4687,    0.1881,    0.1658,    0.1177,    0.0408,    0.0332
    2,    0.4000,  227.5722,    0.2662,   86.7021,  108.8904,   22.6804,   33.2299,  158.4330,  163.5827,  163.6723,  163.8293,  164.1029,  164.5732,  165.3648,  166.6602,  168.4872,  170.9519,  174.2721,  178.5564,  183.8814,  190.3071,  197.9049,  205.8548,  212.8059,  218.1105,  222.1140,  224.8330,  226.3589,  227.0949,  227.3721,  227.5098,  227.5598,    0.0491,    0.1838,    0.3837,    0.6263,    0.8926,    1.1669,    1.4366,    1.8671,    2.6213,    3.0407,    3.3740,    3.4466,    2.6792,    2.2729,    2.0782,    2.0650,    2.2308,    2.4179,    2.2568,    2.0749,    1.9665,    1.8725,    1.8111,    1.8862,    0.6754,    0.7380,    0.7298,    0.7824,    0.7701,    0.7561,    0.7623,    0.7567,    0.7603,    0.6845,    0.6846,    0.5943,    0.3937,    0.3417,    0.2886,    0.2780,    0.2599,    0.2212,    0.2525,    0.2544,    0.2670,    0.2941,    0.3356,    0.3744,    0.4405,    0.4583,    0.4033,    0.4649,    0.4591,    0.4556,    0.4513,    0.4684,    0.4673,    0.4660,    0.4491,    0.4429,    1.1867,    1.2524,    1.2028,    1.1505,    1.1664,    1.1122,    1.0643,    1.0123,    0.9619,    0.8866,    0.8392,    0.7959,    1.1211,    1.0286,    0.8877,    0.8058,    0.7646,    0.6989,    0.6340,    0.5725,    0.5178,    0.4671,    0.4262,    0.3831,    0.9895,    0.7119,    0.5410,    0.3439,    0.2419,    0.1840,    0.1278,    0.0914,    0.0621,    0.0412,    0.0267,    0.0193,    0.0814,    0.0473,    0.0662,    0.0714,    0.0801,    0.0747,    0.0827,    0.0931,    0.0817,    0.1124,    0.0994,    0.1089,    0.1239,    0.1010,    0.1470,    0.1634,    0.1344,    0.1635,    0.1957,    0.2097,    0.2068,    0.1329,    0.2121,    0.2240,    0.2749,    0.2938,    0.3041,    0.3234,    0.3322,    0.3489,    0.3615,    0.4138,    0.4517,    0.4273,    0.4361,    0.4445,    0.7576,    0.8273,    0.8681,    0.8984,    0.9213,    1.0102,    0.9462,    1.0086,    0.9862,    1.0308,    0.9779,    1.0488,    2.2581,    2.2288,    2.2767,    2.3127,    2.3368,    2.2421,    2.3207,    2.3799,    2.4282,    2.2580,    2.2254,    2.3109,    5.8418,    5.5658,    5.5034,    5.3371,    4.9304,    4.6245,    4.0602,    3.7357,    4.2447,    3.7211,    2.8592,    2.6562,    2.0486,    1.8842,    1.4377,    1.3733,    0.9267,    0.6733,    0.5446,    0.2189,    0.1932,    0.1374,    0.0477,    0.0389,    0.0658,    0.2488,    0.5250,    0.8665,    1.2495,    1.6535,    2.0613,    2.1065,    1.5133,    1.0031,    0.9310,    1.2197,    1.7441,    2.5888,    3.1648,    3.5139,    3.4583,    3.3034,    3.3720,    3.4490,    3.4942,    3.5055,    3.4707,    3.2314,    1.0772,    0.9548,    0.9585,    0.8777,    0.9200,    0.9614,    1.0609,    1.0607,    1.0796,    1.1634,    1.1825,    1.2589,    0.9699,    0.9642,    0.9572,    0.9473,    0.9378,    0.9287,    0.9178,    0.9074,    0.8966,    0.8845,    0.8690,    0.8472,    0.8400,    0.7722,    0.8015,    0.6753,    0.6709,    0.6613,    0.6266,    0.5382,    0.5025,    0.4610,    0.4480,    0.4353,    1.1513,    0.9054,    0.8390,    0.7941,    0.6636,    0.6325,    0.5973,    0.5704,    0.5447,    0.5589,    0.5368,    0.5063,    0.8165,    0.7366,    0.7410,    0.6860,    0.5854,    0.5168,    0.4684,    0.4259,    0.3852,    0.3493,    0.3117,    0.2819,    0.6294,    0.4557,    0.2904,    0.2453,    0.1723,    0.1057,    0.0733,    0.0483,    0.0341,    0.0249,    0.0183,    0.0111,    0.0143,    0.0000,    0.0404,    0.0724,    0.0819,    0.0749,    0.0850,    0.0946,    0.0842,    0.1160,    0.1025,    0.1124,    0.1355,    0.1101,    0.1589,    0.1735,    0.1410,    0.0912,    0.0110,    0.0245,    0.1263,    0.1515,    0.2448,    0.2570,    0.3181,    0.3402,    0.3521,    0.3741,    0.3830,    0.3920,    0.3670,    0.3336,    0.2940,    0.3511,    0.4878,    0.4949,    0.8674,    0.9476,    0.9921,    1.0067,    0.9886,    1.1176,    1.0734,    1.1414,    1.0492,    1.1867,    1.1222,    1.1942,    2.5866,    2.5242,    2.6209,    2.6619,    2.6793,    2.3739,    2.4575,    2.5201,    2.5713,    2.3897,    2.3565,    2.4471,    6.1855,    5.8936,    5.8273,    5.6511,    5.2202,    4.8961,    4.2983,    3.9546,    3.3136,    2.9042,    2.2308,    2.0718,    1.5972,    1.4682,    1.1195,    1.0685,    0.7204,    0.5228,    0.4224,    0.1695,    0.1494,    0.1061,    0.0368,    0.0299
    2,    0.5000,  227.5722,    0.2746,   81.6614,  107.6433,   26.4752,   34.7811,  158.4330,  163.5827,  163.6723,  163.8293,  164.1029,  164.5732,  165.3648,  166.6602,  168.4872,  170.9519,  174.2721,  178.5564,  183.8814,  190.3071,  197.9049,  205.8548,  212.8059,  218.1105,  222.1140,  224.8330,  226.3589,  227.0949,  227.3721,  227.5098,  227.5598,    0.0482,    0.1802,    0.3756,    0.6120,    0.8706,    1.1360,    1.3957,    1.8061,    2.5497,    2.9594,    3.2846,    3.3241,    2.5387,    2.1389,    1.9633,    1.9572,    2.1101,    2.2829,    2.1225,    1.9443,    1.8386,    1.7470,    1.6860,    1.7492,    0.6252,    0.6818,    0.6740,    0.7232,    0.7130,    0.7015,    0.7162,    0.7109,    0.7192,    0.6533,    0.6545,    0.5776,    0.3863,    0.3374,    0.2866,    0.2762,    0.2585,    0.2206,    0.2511,    0.2527,    0.2642,    0.2893,    0.3268,    0.3605,    0.4190,    0.4324,    0.3839,    0.4351,    0.4297,    0.4265,    0.4215,    0.4342,    0.4322,    0.4298,    0.4126,    0.4066,    1.0884,    1.1560,    1.1089,    1.0600,    1.0813,    1.0307,    0.9866,    0.9381,    0.8911,    0.8183,    0.7744,    0.7340,    1.0268,    0.9410,    0.8068,    0.7319,    0.6970,    0.6362,    0.5767,    0.5201,    0.4701,    0.4237,    0.3876,    0.3483,    0.9038,    0.6494,    0.4967,    0.3102,    0.2179,    0.1677,    0.1164,    0.0839,    0.0570,    0.0378,    0.0244,    0.0175,    0.0799,    0.0471,    0.0647,    0.0694,    0.0778,    0.0726,    0.0805,    0.0906,    0.0795,    0.1094,    0.0968,    0.1060,    0.1209,    0.0985,    0.1434,    0.1595,    0.1312,    0.1599,    0.1935,    0.2069,    0.2033,    0.1297,    0.2070,    0.2187,    0.2683,    0.2868,    0.2968,    0.3156,    0.3242,    0.3406,    0.3542,    0.4056,    0.4432,    0.4189,    0.4270,    0.4353,    0.7418,    0.8100,    0.8500,    0.8798,    0.9023,    0.9917,    0.9288,    0.9901,    0.9683,    1.0118,    0.9599,    1.0295,    2.2164,    2.1878,    2.2346,    2.2699,    2.2937,    2.2051,    2.2824,    2.3407,    2.3882,    2.2208,    2.1887,    2.2729,    5.7457,    5.4743,    5.4129,    5.2495,    4.8496,    4.5488,    3.9938,    3.6748,    4.2910,    3.7619,    2.8907,    2.6857,    2.0716,    1.9056,    1.4541,    1.3893,    0.9377,    0.6814,    0.5513,    0.2217,    0.1957,    0.1393,    0.0484,    0.0395,    0.0675,    0.2556,    0.5395,    0.8910,    1.2853,    1.7017,    2.1225,    2.2657,    1.7459,    1.1976,    1.1188,    1.4498,    2.0051,    2.8570,    3.3961,    3.7055,    3.6759,    3.5545,    3.6140,    3.6759,    3.7075,    3.7069,    3.6645,    3.4469,    1.1569,    1.0427,    1.0430,    0.9577,    0.9908,    1.0230,    1.0976,    1.0950,    1.1061,    1.1785,    1.1931,    1.2597,    0.9700,    0.9642,    0.9572,    0.9473,    0.9378,    0.9287,    0.9178,    0.9074,    0.8966,    0.8845,    0.8691,    0.8481,    0.8455,    0.7853,    0.8100,    0.6989,    0.6934,    0.6840,    0.6531,    0.5759,    0.5439,    0.5070,    0.4958,    0.4833,    1.2821,    1.0242,    0.9557,    0.9063,    0.7657,    0.7297,    0.6897,    0.6580,    0.6277,    0.6398,    0.6128,    0.5786,    0.9274,    0.8391,    0.8352,    0.7703,    0.6617,    0.5878,    0.5329,    0.4843,    0.4379,    0.3966,    0.3531,    0.3190,    0.7190,    0.5198,    0.3351,    0.2787,    0.1958,    0.1214,    0.0842,    0.0553,    0.0388,    0.0280,    0.0204,    0.0126,    0.0128,    0.0000,    0.0369,    0.0663,    0.0750,    0.0686,    0.0780,    0.0868,    0.0772,    0.1064,    0.0940,    0.1031,    0.1269,    0.1031,    0.1488,    0.1625,    0.1320,    0.0853,    0.0103,    0.0229,    0.1199,    0.1438,    0.2324,    0.2440,    0.3020,    0.3230,    0.3344,    0.3552,    0.3636,    0.3721,    0.3487,    0.3169,    0.2793,    0.3336,    0.4635,    0.4702,    0.8242,    0.9004,    0.9427,    0.9565,    0.9393,    1.0661,    1.0240,    1.0888,    1.0008,    1.1321,    1.0705,    1.1393,    2.4675,    2.4079,    2.5002,    2.5393,    2.5559,    2.2203,    2.2985,    2.3571,    2.4050,    2.2351,    2.2041,    2.2888,    5.7854,    5.5124,    5.4505,    5.2857,    4.8828,    4.5797,    4.0206,    3.6992,    2.9863,    2.6174,    2.0106,    1.8673,    1.4396,    1.3234,    1.0091,    0.9632,    0.6494,    0.4713,    0.3808,    0.1529,    0.1347,    0.0957,    0.0332,    0.0270
    2,    0.7500,  227.5722,    0.2917,   72.7588,  105.1027,   32.8406,   34.6208,  158.4330,  163.5827,  163.6723,  163.8293,  164.1029,  164.5732,  165.3648,  166.6602,  168.4872,  170.9519,  174.2721,  178.5564,  183.8814,  190.3071,  197.9049,  205.8548,  212.8059,  218.1105,  222.1140,  224.8330,  226.3589,  227.0949,  227.3721,  227.5098,  227.5598,    0.0467,    0.1742,    0.3621,    0.5883,    0.8341,    1.0847,    1.3280,    1.7040,    2.4131,    2.7946,    3.0986,    3.0807,    2.2940,    1.9312,    1.7861,    1.7851,    1.9157,    2.0626,    1.9070,    1.7378,    1.6370,    1.5494,    1.4889,    1.5334,    0.5459,    0.5914,    0.5841,    0.6240,    0.6163,    0.6077,    0.6312,    0.6260,    0.6402,    0.5918,    0.5942,    0.5414,    0.3697,    0.3274,    0.2818,    0.2719,    0.2551,    0.2192,    0.2477,    0.2488,    0.2577,    0.2784,    0.3078,    0.3316,    0.3766,    0.3831,    0.3463,    0.3801,    0.3752,    0.3725,    0.3669,    0.3730,    0.3697,    0.3661,    0.3492,    0.3437,    0.9182,    0.9806,    0.9382,    0.8952,    0.9214,    0.8773,    0.8399,    0.7979,    0.7573,    0.6912,    0.6536,    0.6187,    0.8549,    0.7813,    0.6622,    0.5997,    0.5739,    0.5221,    0.4722,    0.4247,    0.3830,    0.3446,    0.3165,    0.2839,    0.7426,    0.5316,    0.4113,    0.2481,    0.1736,    0.1365,    0.0945,    0.0692,    0.0469,    0.0311,    0.0199,    0.0142,    0.0767,    0.0467,    0.0618,    0.0656,    0.0736,    0.0686,    0.0765,    0.0861,    0.0755,    0.1040,    0.0920,    0.1007,    0.1150,    0.0937,    0.1364,    0.1517,    0.1248,    0.1526,    0.1885,    0.2007,    0.1958,    0.1231,    0.1965,    0.2076,    0.2547,    0.2723,    0.2818,    0.2997,    0.3078,    0.3235,    0.3389,    0.3885,    0.4253,    0.4012,    0.4083,    0.4163,    0.7091,    0.7744,    0.8126,    0.8413,    0.8631,    0.9528,    0.8923,    0.9512,    0.9305,    0.9719,    0.9220,    0.9891,    2.1292,    2.1019,    2.1465,    2.1804,    2.2033,    2.1331,    2.2079,    2.2643,    2.3103,    2.1483,    2.1173,    2.1987,    5.5583,    5.2959,    5.2367,    5.0788,    4.6920,    4.4013,    3.8645,    3.5561,    4.3746,    3.8356,    2.9477,    2.7390,    2.1131,    1.9443,    1.4842,    1.4184,    0.9578,    0.6963,    0.5637,    0.2268,    0.2004,    0.1427,    0.0496,    0.0405,    0.0691,    0.2618,    0.5530,    0.9140,    1.3195,    1.7484,    2.1826,    2.4733,    2.1736,    1.6108,    1.5279,    1.9336,    2.4960,    3.2869,    3.7156,    3.9408,    3.9551,    3.8983,    3.9429,    3.9792,    3.9873,    3.9674,    3.9145,    3.7456,    1.2714,    1.1823,    1.1771,    1.0952,    1.1124,    1.1289,    1.1641,    1.1571,    1.1558,    1.2071,    1.2131,    1.2616,    0.9702,    0.9643,    0.9572,    0.9473,    0.9378,    0.9287,    0.9178,    0.9074,    0.8966,    0.8846,    0.8694,    0.8498,    0.8557,    0.8091,    0.8254,    0.7414,    0.7339,    0.7246,    0.7003,    0.6429,    0.6173,    0.5884,    0.5795,    0.5673,    1.5108,    1.2472,    1.1746,    1.1168,    0.9632,    0.9179,    0.8688,    0.8278,    0.7884,    0.7943,    0.7578,    0.7164,    1.1335,    1.0299,    1.0059,    0.9233,    0.8026,    0.7191,    0.6519,    0.5918,    0.5351,    0.4840,    0.4300,    0.3880,    0.8887,    0.6411,    0.4215,    0.3405,    0.2391,    0.1514,    0.1050,    0.0689,    0.0480,    0.0339,    0.0244,    0.0155,    0.0100,    0.0000,    0.0300,    0.0538,    0.0608,    0.0556,    0.0635,    0.0706,    0.0629,    0.0866,    0.0765,    0.0839,    0.1085,    0.0881,    0.1272,    0.1389,    0.1128,    0.0729,    0.0088,    0.0196,    0.1059,    0.1271,    0.2054,    0.2156,    0.2669,    0.2854,    0.2954,    0.3139,    0.3213,    0.3288,    0.3084,    0.2801,    0.2469,    0.2949,    0.4099,    0.4159,    0.7290,    0.7964,    0.8338,    0.8460,    0.8308,    0.9515,    0.9140,    0.9718,    0.8932,    1.0104,    0.9555,    1.0168,    2.2024,    2.1492,    2.2316,    2.2665,    2.2813,    1.8890,    1.9555,    2.0054,    2.0461,    1.9016,    1.8752,    1.9473,    4.9223,    4.6900,    4.6374,    4.4973,    4.1546,    3.8968,    3.4213,    3.1479,    2.3080,    2.0229,    1.5540,    1.4434,    1.1129,    1.0231,    0.7802,    0.7448,    0.5023,    0.3646,    0.2946,    0.1183,    0.1043,    0.0741,    0.0257,    0.0209
    2,    1.0000,  227.5722,    0.3046,   66.8198,  103.1872,   36.8674,   32.0993,  158.4330,  163.5827,  163.6723,  163.8293,  164.1029,  164.5732,  165.3648,  166.6602,  168.4872,  170.9519,  174.2721,  178.5564,  183.8814,  190.3071,  197.9049,  205.8548,  212.8059,  218.1105,  222.1140,  224.8330,  226.3589,  227.0949,  227.3721,  227.5098,  227.5598,    0.0458,    0.1705,    0.3537,    0.5733,    0.8112,    1.0525,    1.2854,    1.6380,    2.3148,    2.6699,    2.9534,    2.9017,    2.1389,    1.8092,    1.6785,    1.6784,    1.7945,    1.9243,    1.7734,    1.6112,    1.5138,    1.4289,    1.3691,    1.4022,    0.4976,    0.5366,    0.5294,    0.5625,    0.5555,    0.5480,    0.5730,    0.5676,    0.5835,    0.5464,    0.5487,    0.5117,    0.3552,    0.3184,    0.2773,    0.2678,    0.2518,    0.2178,    0.2444,    0.2451,    0.2518,    0.2689,    0.2920,    0.3091,    0.3453,    0.3479,    0.3189,    0.3422,    0.3376,    0.3352,    0.3296,    0.3323,    0.3285,    0.3245,    0.3084,    0.3033,    0.8087,    0.8630,    0.8239,    0.7848,    0.8103,    0.7707,    0.7375,    0.6999,    0.6637,    0.6036,    0.5702,    0.5390,    0.7392,    0.6737,    0.5669,    0.5123,    0.4911,    0.4453,    0.4018,    0.3604,    0.3243,    0.2912,    0.2680,    0.2399,    0.6303,    0.4492,    0.3500,    0.2055,    0.1432,    0.1143,    0.0788,    0.0585,    0.0396,    0.0262,    0.0165,    0.0118,    0.0743,    0.0463,    0.0598,    0.0632,    0.0709,    0.0661,    0.0739,    0.0831,    0.0730,    0.1004,    0.0888,    0.0973,    0.1108,    0.0903,    0.1314,    0.1461,    0.1202,    0.1469,    0.1841,    0.1955,    0.1899,    0.1181,    0.1884,    0.1991,    0.2443,    0.2611,    0.2703,    0.2874,    0.2952,    0.3104,    0.3271,    0.3750,    0.4108,    0.3871,    0.3939,    0.4017,    0.6841,    0.7470,    0.7839,    0.8116,    0.8328,    0.9223,    0.8637,    0.9207,    0.9007,    0.9406,    0.8924,    0.9574,    2.0608,    2.0346,    2.0775,    2.1104,    2.1326,    2.0822,    2.1553,    2.2103,    2.2552,    2.0971,    2.0668,    2.1463,    5.4259,    5.1698,    5.1121,    4.9581,    4.5807,    4.2970,    3.7732,    3.4722,    4.4266,    3.8815,    2.9832,    2.7724,    2.1392,    1.9686,    1.5031,    1.4369,    0.9706,    0.7059,    0.5717,    0.2301,    0.2034,    0.1449,    0.0504,    0.0412,    0.0696,    0.2637,    0.5572,    0.9212,    1.3306,    1.7639,    2.2029,    2.5577,    2.4496,    1.9395,    1.8656,    2.3152,    2.8296,    3.5209,    3.8581,    4.0340,    4.0709,    4.0515,    4.0887,    4.1117,    4.1076,    4.0783,    4.0212,    3.8831,    1.3263,    1.2584,    1.2504,    1.1791,    1.1867,    1.1937,    1.2078,    1.1981,    1.1899,    1.2268,    1.2272,    1.2631,    0.9704,    0.9643,    0.9572,    0.9473,    0.9379,    0.9287,    0.9178,    0.9075,    0.8967,    0.8846,    0.8698,    0.8511,    0.8627,    0.8248,    0.8355,    0.7689,    0.7602,    0.7506,    0.7305,    0.6855,    0.6640,    0.6400,    0.6318,    0.6197,    1.6537,    1.4011,    1.3257,    1.2620,    1.1052,    1.0532,    0.9979,    0.9501,    0.9042,    0.9032,    0.8600,    0.8136,    1.2744,    1.1603,    1.1190,    1.0247,    0.8982,    0.8082,    0.7326,    0.6648,    0.6010,    0.5432,    0.4829,    0.4354,    1.0079,    0.7263,    0.4837,    0.3828,    0.2687,    0.1727,    0.1196,    0.0789,    0.0547,    0.0383,    0.0272,    0.0176,    0.0078,    0.0000,    0.0245,    0.0441,    0.0499,    0.0456,    0.0522,    0.0581,    0.0517,    0.0712,    0.0630,    0.0690,    0.0935,    0.0759,    0.1096,    0.1197,    0.0972,    0.0627,    0.0076,    0.0168,    0.0942,    0.1130,    0.1827,    0.1918,    0.2374,    0.2539,    0.2628,    0.2792,    0.2858,    0.2925,    0.2743,    0.2491,    0.2195,    0.2622,    0.3647,    0.3700,    0.6486,    0.7086,    0.7419,    0.7527,    0.7391,    0.8534,    0.8198,    0.8717,    0.8011,    0.9063,    0.8571,    0.9121,    1.9755,    1.9277,    2.0017,    2.0330,    2.0463,    1.6172,    1.6742,    1.7169,    1.7518,    1.6280,    1.6054,    1.6672,    4.2142,    4.0154,    3.9704,    3.8506,    3.5572,    3.3366,    2.9295,    2.6955,    1.7895,    1.5685,    1.2050,    1.1193,    0.8630,    0.7935,    0.6052,    0.5778,    0.3897,    0.2829,    0.2287,    0.0918,    0.0810,    0.0575,    0.0200,    0.0162
    2,    1.2500,  227.5722,    0.3145,   62.5200,  101.7217,   39.7049,   28.9316,  158.4330,  163.5827,  163.6723,  163.8293,  164.1029,  164.5732,  165.3648,  166.6602,  168.4872,  170.9519,  174.2721,  178.5564,  183.8814,  190.3071,  197.9049,  205.8548,  212.8059,  218.1105,  222.1140,  224.8330,  226.3589,  227.0949,  227.3721,  227.5098,  227.5598,    0.0451,    0.1679,    0.3477,    0.5628,    0.7950,    1.0298,    1.2556,    1.5906,    2.2395,    2.5725,    2.8378,    2.7659,    2.0319,    1.7255,    1.6031,    1.6038,    1.7097,    1.8270,    1.6798,    1.5230,    1.4283,    1.3457,    1.2864,    1.3116,    0.4642,    0.4986,    0.4915,    0.5200,    0.5132,    0.5061,    0.5303,    0.5246,    0.5408,    0.5112,    0.5130,    0.4868,    0.3425,    0.3102,    0.2731,    0.2640,    0.2488,    0.2165,    0.2414,    0.2416,    0.2464,    0.2605,    0.2787,    0.2909,    0.3212,    0.3215,    0.2978,    0.3144,    0.3099,    0.3078,    0.3023,    0.3030,    0.2990,    0.2948,    0.2797,    0.2748,    0.7318,    0.7788,    0.7421,    0.7058,    0.7290,    0.6926,    0.6624,    0.6279,    0.5947,    0.5397,    0.5093,    0.4808,    0.6560,    0.5965,    0.4994,    0.4502,    0.4316,    0.3903,    0.3514,    0.3144,    0.2823,    0.2529,    0.2329,    0.2081,    0.5477,    0.3886,    0.3039,    0.1747,    0.1211,    0.0977,    0.0672,    0.0503,    0.0340,    0.0225,    0.0140,    0.0100,    0.0724,    0.0459,    0.0583,    0.0616,    0.0690,    0.0644,    0.0721,    0.0811,    0.0712,    0.0980,    0.0867,    0.0950,    0.1077,    0.0878,    0.1277,    0.1420,    0.1168,    0.1425,    0.1803,    0.1911,    0.1850,    0.1142,    0.1822,    0.1925,    0.2362,    0.2524,    0.2613,    0.2778,    0.2854,    0.3001,    0.3177,    0.3640,    0.3990,    0.3759,    0.3826,    0.3902,    0.6645,    0.7257,    0.7616,    0.7885,    0.8090,    0.8980,    0.8410,    0.8966,    0.8769,    0.9159,    0.8689,    0.9322,    2.0067,    1.9811,    2.0229,    2.0549,    2.0765,    2.0457,    2.1174,    2.1715,    2.2156,    2.0603,    2.0306,    2.1087,    5.3308,    5.0793,    5.0227,    4.8715,    4.5008,    4.2222,    3.7076,    3.4120,    4.4591,    3.9103,    3.0056,    2.7934,    2.1556,    1.9840,    1.5151,    1.4487,    0.9788,    0.7120,    0.5768,    0.2322,    0.2054,    0.1464,    0.0510,    0.0417,    0.0698,    0.2646,    0.5592,    0.9247,    1.3360,    1.7715,    2.2129,    2.5966,    2.6302,    2.2028,    2.1464,    2.6199,    3.0622,    3.6545,    3.9289,    4.0791,    4.1278,    4.1290,    4.1625,    4.1785,    4.1682,    4.1345,    4.0757,    3.9552,    1.3556,    1.3028,    1.2932,    1.2329,    1.2345,    1.2354,    1.2378,    1.2263,    1.2142,    1.2410,    1.2374,    1.2644,    0.9706,    0.9644,    0.9572,    0.9473,    0.9379,    0.9287,    0.9178,    0.9075,    0.8967,    0.8847,    0.8700,    0.8522,    0.8677,    0.8356,    0.8426,    0.7875,    0.7780,    0.7683,    0.7507,    0.7139,    0.6950,    0.6743,    0.6661,    0.6542,    1.7477,    1.5119,    1.4345,    1.3667,    1.2114,    1.1543,    1.0945,    1.0418,    0.9909,    0.9832,    0.9352,    0.8851,    1.3753,    1.2537,    1.1980,    1.0956,    0.9663,    0.8717,    0.7903,    0.7168,    0.6481,    0.5856,    0.5211,    0.4697,    1.0959,    0.7893,    0.5306,    0.4135,    0.2902,    0.1885,    0.1306,    0.0864,    0.0597,    0.0416,    0.0294,    0.0192,    0.0062,    0.0000,    0.0203,    0.0364,    0.0412,    0.0377,    0.0432,    0.0481,    0.0428,    0.0590,    0.0521,    0.0572,    0.0810,    0.0658,    0.0950,    0.1037,    0.0842,    0.0543,    0.0065,    0.0145,    0.0842,    0.1011,    0.1634,    0.1715,    0.2123,    0.2270,    0.2350,    0.2497,    0.2556,    0.2615,    0.2451,    0.2225,    0.1960,    0.2342,    0.3260,    0.3307,    0.5798,    0.6334,    0.6631,    0.6728,    0.6605,    0.7685,    0.7382,    0.7850,    0.7213,    0.8162,    0.7718,    0.8213,    1.7790,    1.7359,    1.8026,    1.8308,    1.8427,    1.3910,    1.4400,    1.4767,    1.5067,    1.4003,    1.3809,    1.4340,    3.6247,    3.4538,    3.4151,    3.3120,    3.0597,    2.8700,    2.5199,    2.3187,    1.3917,    1.2199,    0.9372,    0.8705,    0.6713,    0.6172,    0.4708,    0.4495,    0.3032,    0.2202,    0.1780,    0.0715,    0.0630,    0.0448,    0.0155,    0.0126
    2,    1.5000,  227.5722,    0.3221,   59.2382,  100.5877,   41.8560,   25.7224,  158.4330,  163.5827,  163.6723,  163.8293,  164.1029,  164.5732,  165.3648,  166.6602,  168.4872,  170.9519,  174.2721,  178.5564,  183.8814,  190.3071,  197.9049,  205.8548,  212.8059,  218.1105,  222.1140,  224.8330,  226.3589,  227.0949,  227.3721,  227.5098,  227.5598,    0.0446,    0.1659,    0.3432,    0.5549,    0.7829,    1.0127,    1.2331,    1.5546,    2.1795,    2.4943,    2.7439,    2.6598,    1.9527,    1.6626,    1.5463,    1.5480,    1.6461,    1.7539,    1.6097,    1.4572,    1.3647,    1.2839,    1.2253,    1.2444,    0.4394,    0.4703,    0.4633,    0.4884,    0.4816,    0.4747,    0.4976,    0.4916,    0.5074,    0.4832,    0.4841,    0.4655,    0.3313,    0.3028,    0.2692,    0.2604,    0.2459,    0.2152,    0.2385,    0.2383,    0.2415,    0.2530,    0.2674,    0.2760,    0.3020,    0.3009,    0.2810,    0.2930,    0.2886,    0.2867,    0.2814,    0.2808,    0.2767,    0.2725,    0.2582,    0.2535,    0.6742,    0.7154,    0.6805,    0.6463,    0.6670,    0.6330,    0.6048,    0.5727,    0.5419,    0.4911,    0.4628,    0.4364,    0.5933,    0.5382,    0.4489,    0.4039,    0.3868,    0.3489,    0.3134,    0.2798,    0.2507,    0.2242,    0.2064,    0.1841,    0.4846,    0.3422,    0.2681,    0.1515,    0.1046,    0.0849,    0.0581,    0.0438,    0.0295,    0.0195,    0.0121,    0.0085,    0.0708,    0.0455,    0.0572,    0.0605,    0.0678,    0.0632,    0.0709,    0.0798,    0.0700,    0.0964,    0.0853,    0.0934,    0.1054,    0.0859,    0.1250,    0.1390,    0.1142,    0.1389,    0.1769,    0.1873,    0.1810,    0.1111,    0.1772,    0.1872,    0.2297,    0.2455,    0.2541,    0.2702,    0.2776,    0.2920,    0.3102,    0.3552,    0.3893,    0.3667,    0.3737,    0.3812,    0.6492,    0.7089,    0.7439,    0.7702,    0.7901,    0.8785,    0.8229,    0.8772,    0.8577,    0.8961,    0.8501,    0.9121,    1.9633,    1.9384,    1.9792,    2.0105,    2.0317,    2.0191,    2.0899,    2.1433,    2.1868,    2.0335,    2.0042,    2.0813,    5.2616,    5.0134,    4.9576,    4.8085,    4.4426,    4.1677,    3.6599,    3.3683,    4.4795,    3.9284,    3.0196,    2.8066,    2.1660,    1.9939,    1.5228,    1.4563,    0.9841,    0.7160,    0.5803,    0.2337,    0.2068,    0.1474,    0.0514,    0.0420,    0.0700,    0.2651,    0.5604,    0.9269,    1.3392,    1.7761,    2.2191,    2.6173,    2.7501,    2.4150,    2.3811,    2.8655,    3.2272,    3.7341,    3.9682,    4.1051,    4.1604,    4.1734,    4.2049,    4.2171,    4.2036,    4.1677,    4.1080,    3.9977,    1.3731,    1.3302,    1.3197,    1.2687,    1.2664,    1.2634,    1.2592,    1.2465,    1.2322,    1.2516,    1.2451,    1.2654,    0.9707,    0.9644,    0.9572,    0.9473,    0.9379,    0.9287,    0.9178,    0.9075,    0.8967,    0.8847,    0.8703,    0.8531,    0.8715,    0.8435,    0.8476,    0.8007,    0.7907,    0.7807,    0.7649,    0.7336,    0.7165,    0.6979,    0.6895,    0.6777,    1.8119,    1.5940,    1.5152,    1.4444,    1.2929,    1.2319,    1.1689,    1.1123,    1.0577,    1.0437,    0.9920,    0.9391,    1.4499,    1.3228,    1.2551,    1.1471,    1.0166,    0.9186,    0.8329,    0.7554,    0.6830,    0.6170,    0.5497,    0.4955,    1.1632,    0.8374,    0.5670,    0.4367,    0.3064,    0.2008,    0.1391,    0.0923,    0.0637,    0.0442,    0.0310,    0.0204,    0.0049,    0.0000,    0.0168,    0.0302,    0.0342,    0.0313,    0.0360,    0.0400,    0.0356,    0.0491,    0.0434,    0.0475,    0.0705,    0.0573,    0.0827,    0.0903,    0.0733,    0.0471,    0.0057,    0.0126,    0.0755,    0.0907,    0.1466,    0.1539,    0.1906,    0.2038,    0.2110,    0.2242,    0.2295,    0.2348,    0.2198,    0.1994,    0.1756,    0.2099,    0.2924,    0.2967,    0.5201,    0.5682,    0.5949,    0.6035,    0.5924,    0.6941,    0.6668,    0.7091,    0.6515,    0.7373,    0.6972,    0.7419,    1.6070,    1.5681,    1.6284,    1.6539,    1.6646,    1.2005,    1.2428,    1.2745,    1.3004,    1.2085,    1.1918,    1.2376,    3.1283,    2.9808,    2.9475,    2.8586,    2.6408,    2.4771,    2.1750,    2.0013,    1.0853,    0.9513,    0.7309,    0.6789,    0.5236,    0.4814,    0.3672,    0.3507,    0.2366,    0.1718,    0.1389,    0.0558,    0.0492,    0.0350,    0.0121,    0.0099
    2,    1.7500,  227.5722,    0.3281,   56.6366,   99.7026,   43.5757,   22.6932,  158.4330,  163.5827,  163.6723,  163.8293,  164.1029,  164.5732,  165.3648,  166.6602,  168.4872,  170.9519,  174.2721,  178.5564,  183.8814,  190.3071,  197.9049,  205.8548,  212.8059,  218.1105,  222.1140,  224.8330,  226.3589,  227.0949,  227.3721,  227.5098,  227.5598,    0.0442,    0.1643,    0.3396,    0.5486,    0.7733,    0.9993,    1.2154,    1.5260,    2.1301,    2.4300,    2.6661,    2.5746,    1.8908,    1.6128,    1.5015,    1.5042,    1.5963,    1.6965,    1.5548,    1.4057,    1.3151,    1.2358,    1.1778,    1.1922,    0.4201,    0.4482,    0.4412,    0.4636,    0.4569,    0.4501,    0.4716,    0.4653,    0.4804,    0.4601,    0.4603,    0.4472,    0.3213,    0.2960,    0.2655,    0.2570,    0.2432,    0.2140,    0.2358,    0.2352,    0.2369,    0.2463,    0.2576,    0.2635,    0.2863,    0.2843,    0.2673,    0.2759,    0.2717,    0.2699,    0.2647,    0.2633,    0.2592,    0.2549,    0.2414,    0.2368,    0.6292,    0.6656,    0.6323,    0.5996,    0.6181,    0.5859,    0.5594,    0.5291,    0.5001,    0.4527,    0.4262,    0.4013,    0.5442,    0.4925,    0.4097,    0.3679,    0.3519,    0.3166,    0.2838,    0.2529,    0.2261,    0.2018,    0.1857,    0.1654,    0.4349,    0.3057,    0.2395,    0.1335,    0.0917,    0.0747,    0.0510,    0.0387,    0.0260,    0.0171,    0.0105,    0.0074,    0.0695,    0.0451,    0.0563,    0.0597,    0.0669,    0.0624,    0.0701,    0.0788,    0.0692,    0.0953,    0.0843,    0.0923,    0.1037,    0.0845,    0.1229,    0.1366,    0.1123,    0.1360,    0.1739,    0.1839,    0.1776,    0.1086,    0.1733,    0.1830,    0.2246,    0.2401,    0.2485,    0.2642,    0.2714,    0.2855,    0.3042,    0.3478,    0.3811,    0.3592,    0.3666,    0.3739,    0.6369,    0.6955,    0.7299,    0.7556,    0.7749,    0.8627,    0.8082,    0.8616,    0.8421,    0.8802,    0.8350,    0.8959,    1.9284,    1.9038,    1.9440,    1.9747,    1.9955,    1.9995,    2.0697,    2.1225,    2.1657,    2.0138,    1.9848,    2.0612,    5.2107,    4.9650,    4.9098,    4.7621,    4.3999,    4.1277,    3.6249,    3.3361,    4.4924,    3.9398,    3.0286,    2.8151,    2.1727,    2.0002,    1.5278,    1.4613,    0.9876,    0.7187,    0.5825,    0.2347,    0.2077,    0.1481,    0.0516,    0.0422,    0.0700,    0.2655,    0.5612,    0.9283,    1.3415,    1.7793,    2.2234,    2.6299,    2.8311,    2.5866,    2.5780,    3.0647,    3.3459,    3.7839,    3.9925,    4.1221,    4.1817,    4.2019,    4.2321,    4.2421,    4.2268,    4.1895,    4.1295,    4.0255,    1.3844,    1.3481,    1.3371,    1.2935,    1.2884,    1.2829,    1.2749,    1.2613,    1.2458,    1.2596,    1.2511,    1.2664,    0.9709,    0.9645,    0.9572,    0.9473,    0.9379,    0.9287,    0.9178,    0.9075,    0.8967,    0.8848,    0.8705,    0.8538,    0.8744,    0.8493,    0.8514,    0.8103,    0.7999,    0.7897,    0.7751,    0.7477,    0.7318,    0.7148,    0.7061,    0.6944,    1.8574,    1.6563,    1.5765,    1.5034,    1.3568,    1.2929,    1.2273,    1.1677,    1.1102,    1.0904,    1.0360,    0.9810,    1.5064,    1.3753,    1.2978,    1.1855,    1.0548,    0.9543,    0.8654,    0.7847,    0.7096,    0.6410,    0.5718,    0.5153,    1.2160,    0.8753,    0.5961,    0.4548,    0.3191,    0.2105,    0.1458,    0.0970,    0.0669,    0.0463,    0.0324,    0.0214,    0.0039,    0.0000,    0.0140,    0.0252,    0.0285,    0.0260,    0.0300,    0.0334,    0.0297,    0.0409,    0.0362,    0.0397,    0.0616,    0.0500,    0.0722,    0.0788,    0.0640,    0.0411,    0.0049,    0.0109,    0.0679,    0.0817,    0.1321,    0.1386,    0.1716,    0.1835,    0.1900,    0.2019,    0.2066,    0.2114,    0.1977,    0.1792,    0.1578,    0.1887,    0.2630,    0.2668,    0.4678,    0.5111,    0.5351,    0.5428,    0.5328,    0.6286,    0.6039,    0.6421,    0.5899,    0.6677,    0.6314,    0.6719,    1.4553,    1.4200,    1.4747,    1.4978,    1.5075,    1.0387,    1.0753,    1.1027,    1.1251,    1.0456,    1.0311,    1.0708,    2.7067,    2.5791,    2.5503,    2.4734,    2.2850,    2.1434,    1.8819,    1.7317,    0.8484,    0.7437,    0.5714,    0.5308,    0.4093,    0.3764,    0.2872,    0.2742,    0.1850,    0.1344,    0.1086,    0.0436,    0.0385,    0.0274,    0.0095,    0.0077
    2,    2.0000,  227.5722,    0.3328,   54.5142,   99.0066,   45.0054,   19.9198,  158.4330,  163.5827,  163.6723,  163.8293,  164.1029,  164.5732,  165.3648,  166.6602,  168.4872,  170.9519,  174.2721,  178.5564,  183.8814,  190.3071,  197.9049,  205.8548,  212.8059,  218.1105,  222.1140,  224.8330,  226.3589,  227.0949,  227.3721,  227.5098,  227.5598,    0.0439,    0.1630,    0.3367,    0.5435,    0.7655,    0.9883,    1.2010,    1.5025,    2.0886,    2.3759,    2.6005,    2.5045,    1.8403,    1.5720,    1.4650,    1.4686,    1.5558,    1.6499,    1.5103,    1.3641,    1.2751,    1.1971,    1.1395,    1.1501,    0.4046,    0.4303,    0.4234,    0.4436,    0.4369,    0.4302,    0.4502,    0.4438,    0.4581,    0.4409,    0.4402,    0.4312,    0.3123,    0.2898,    0.2620,    0.2538,    0.2406,    0.2128,    0.2332,    0.2323,    0.2327,    0.2402,    0.2490,    0.2528,    0.2732,    0.2706,    0.2558,    0.2620,    0.2578,    0.2561,    0.2511,    0.2491,    0.2450,    0.2408,    0.2278,    0.2234,    0.5930,    0.6254,    0.5933,    0.5620,    0.5784,    0.5477,    0.5224,    0.4937,    0.4662,    0.4215,    0.3964,    0.3729,    0.5046,    0.4558,    0.3783,    0.3391,    0.3238,    0.2908,    0.2602,    0.2313,    0.2064,    0.1839,    0.1691,    0.1503,    0.3948,    0.2763,    0.2163,    0.1191,    0.0814,    0.0665,    0.0452,    0.0344,    0.0231,    0.0152,    0.0093,    0.0065,    0.0683,    0.0448,    0.0557,    0.0591,    0.0663,    0.0618,    0.0695,    0.0782,    0.0687,    0.0945,    0.0836,    0.0916,    0.1023,    0.0834,    0.1214,    0.1349,    0.1108,    0.1336,    0.1712,    0.1809,    0.1748,    0.1066,    0.1701,    0.1797,    0.2205,    0.2357,    0.2439,    0.2594,    0.2664,    0.2802,    0.2993,    0.3417,    0.3742,    0.3529,    0.3608,    0.3681,    0.6271,    0.6848,    0.7186,    0.7438,    0.7626,    0.8498,    0.7962,    0.8489,    0.8294,    0.8672,    0.8227,    0.8827,    1.8999,    1.8756,    1.9154,    1.9457,    1.9661,    1.9850,    2.0547,    2.1071,    2.1500,    1.9992,    1.9704,    2.0463,    5.1730,    4.9291,    4.8743,    4.7278,    4.3683,    4.0981,    3.5989,    3.3123,    4.5006,    3.9471,    3.0343,    2.8205,    2.1770,    2.0043,    1.5311,    1.4646,    0.9900,    0.7205,    0.5841,    0.2353,    0.2083,    0.1486,    0.0518,    0.0424,    0.0701,    0.2657,    0.5618,    0.9294,    1.3432,    1.7817,    2.2265,    2.6385,    2.8870,    2.7260,    2.7439,    3.2273,    3.4324,    3.8167,    4.0090,    4.1343,    4.1967,    4.2217,    4.2511,    4.2597,    4.2432,    4.2051,    4.1449,    4.0451,    1.3923,    1.3605,    1.3492,    1.3110,    1.3042,    1.2968,    1.2866,    1.2725,    1.2563,    1.2659,    1.2558,    1.2672,    0.9710,    0.9645,    0.9572,    0.9473,    0.9379,    0.9287,    0.9179,    0.9075,    0.8967,    0.8848,    0.8707,    0.8545,    0.8768,    0.8538,    0.8544,    0.8176,    0.8069,    0.7965,    0.7827,    0.7581,    0.7430,    0.7272,    0.7182,    0.7065,    1.8906,    1.7044,    1.6238,    1.5490,    1.4077,    1.3414,    1.2739,    1.2119,    1.1521,    1.1272,    1.0706,    1.0139,    1.5502,    1.4161,    1.3304,    1.2150,    1.0845,    0.9820,    0.8906,    0.8076,    0.7303,    0.6598,    0.5892,    0.5310,    1.2583,    0.9057,    0.6198,    0.4692,    0.3293,    0.2184,    0.1513,    0.1010,    0.0695,    0.0480,    0.0335,    0.0222,    0.0031,    0.0000,    0.0117,    0.0210,    0.0237,    0.0217,    0.0251,    0.0279,    0.0248,    0.0342,    0.0302,    0.0331,    0.0539,    0.0437,    0.0632,    0.0689,    0.0560,    0.0359,    0.0043,    0.0095,    0.0613,    0.0737,    0.1192,    0.1251,    0.1549,    0.1657,    0.1715,    0.1822,    0.1865,    0.1908,    0.1781,    0.1614,    0.1421,    0.1699,    0.2371,    0.2405,    0.4217,    0.4607,    0.4823,    0.4893,    0.4802,    0.5703,    0.5480,    0.5827,    0.5352,    0.6059,    0.5729,    0.6097,    1.3206,    1.2885,    1.3382,    1.3591,    1.3679,    0.9004,    0.9321,    0.9559,    0.9753,    0.9064,    0.8938,    0.9282,    2.3463,    2.2357,    2.2107,    2.1441,    1.9808,    1.8580,    1.6314,    1.5012,    0.6647,    0.5827,    0.4477,    0.4159,    0.3207,    0.2950,    0.2250,    0.2149,    0.1450,    0.1053,    0.0852,    0.0342,    0.0302,    0.0215,    0.0074,    0.0061
