Particle       ,data/QEXT_96IR_84_VIS_NC50v1_2umrod
Ncase          ,  14
dt (sols)      ,  0.020833
Qext 0.67um    ,  1.473313
Alb sfc        ,  0.220000
Conrath nu     ,  0.002000
Sun Flux (W/m2),148.389262
BWN IR (cm-1)  ,     10.0000,     34.1670,     58.3330,     82.5000,    106.6670,    130.8330,    155.0000,    179.1670,    203.3330,    227.5000,    251.6670,    275.8330,    300.0000,    320.7880,    341.5750,    362.3630,    383.1500,    403.9380,    424.7250,    445.5130,    466.3010,    487.0880,    507.8760,    528.6630,    549.4510,    556.7420,    564.0330,    571.3240,    578.6150,    585.9060,    593.1970,    600.4880,    607.7790,    615.0700,    622.3610,    629.6520,    636.9430,    642.5500,    648.1570,    653.7640,    659.3700,    664.9770,    670.5840,    676.1910,    681.7980,    687.4050,    693.0110,    698.6180,    704.2250,    710.1390,    716.0530,    721.9670,    727.8810,    733.7950,    739.7090,    745.6240,    751.5380,    757.4520,    763.3660,    769.2800,    775.1940,    791.5010,    807.8070,    824.1140,    840.4210,    856.7270,    873.0340,    889.3410,    905.6470,    921.9540,    938.2610,    954.5670,    970.8740,    996.8050,   1022.7370,   1048.6680,   1074.6000,   1100.5310,   1126.4630,   1152.3940,   1178.3250,   1204.2570,   1230.1880,   1256.1200,   1282.0510,   1360.3990,   1438.7460,   1517.0940,   1595.4410,   1673.7890,   1752.1370,   1830.4840,   1908.8320,   1987.1790,   2065.5270,   2143.8740,   2222.2220
BWN VIS (cm-1) ,   2222.2200,   2294.3160,   2366.4120,   2438.5080,   2510.6030,   2582.6990,   2654.7950,   2726.8910,   2798.9870,   2871.0820,   2943.1780,   3015.2740,   3087.3700,   3165.9750,   3244.5800,   3323.1850,   3401.7900,   3480.3950,   3559.0000,   3637.6050,   3716.2100,   3794.8150,   3873.4200,   3952.0250,   4030.6300,   4142.2920,   4253.9530,   4365.6150,   4477.2770,   4588.9380,   4700.6000,   4812.2620,   4923.9230,   5035.5850,   5147.2470,   5258.9080,   5370.5700,   5560.6150,   5750.6600,   5940.7050,   6130.7500,   6320.7950,   6510.8400,   6700.8850,   6890.9300,   7080.9750,   7271.0200,   7461.0650,   7651.1100,   8055.1840,   8459.2580,   8863.3330,   9267.4070,   9671.4810,  10075.5550,  10479.6290,  10883.7030,  11287.7780,  11691.8520,  12095.9260,  12500.0000,  13541.6670,  14583.3330,  15625.0000,  16666.6670,  17708.3330,  18750.0000,  19791.6670,  20833.3330,  21875.0000,  22916.6670,  23958.3330,  25000.0000,  26388.8890,  27777.7780,  29166.6670,  30555.5570,  31944.4460,  33333.3350,  34722.2240,  36111.1130,  37500.0030,  38888.8920,  40277.7810,  41666.6700
SUN VIS (W/m2) ,      0.1008,      0.0862,      0.0968,      0.1089,      0.1224,      0.1136,      0.1248,      0.1400,      0.1233,      0.1698,      0.1502,      0.1645,      0.1814,      0.1477,      0.2144,      0.2377,      0.1946,      0.2106,      0.2276,      0.2472,      0.2683,      0.1918,      0.3072,      0.3239,      0.3986,      0.4261,      0.4410,      0.4688,      0.4810,      0.5017,      0.5013,      0.5485,      0.5772,      0.5665,      0.6183,      0.6303,      1.0809,      1.1806,      1.2379,      1.2751,      1.2949,      1.4092,      1.3262,      1.4132,      1.3634,      1.4505,      1.3747,      1.4716,      3.1730,      3.1258,      3.2038,      3.2543,      3.2846,      3.1576,      3.2685,      3.3520,      3.4202,      3.1800,      3.1347,      3.2554,      8.2299,      7.8425,      7.7561,      7.5237,      6.9524,      6.5235,      5.7299,      5.2748,      5.0739,      4.4511,      3.4228,      3.1828,      2.4579,      2.2644,      1.7312,      1.6575,      1.1215,      0.8173,      0.6634,      0.2677,      0.2374,      0.1697,      0.0593,      0.0486
================
wavelenght [um],    0.244068,    0.252632,    0.261818,    0.271698,    0.282353,    0.293878,    0.306383,    0.320000,    0.334884,    0.351220,    0.369231,    0.389189,    0.408511,    0.426667,    0.446512,    0.468293,    0.492308,    0.518919,    0.548571,    0.581818,    0.619355,    0.662069,    0.711111,    0.768000,    0.813143,    0.840768,    0.870336,    0.902060,    0.936184,    0.972991,    1.012810,    1.056028,    1.103099,    1.154562,    1.211061,    1.273375,    1.323436,    1.357581,    1.393534,    1.431444,    1.471474,    1.513807,    1.558648,    1.606226,    1.656801,    1.710664,    1.768147,    1.829628,    1.881560,    1.921939,    1.964090,    2.008131,    2.054193,    2.102417,    2.152960,    2.205992,    2.261704,    2.320302,    2.382017,    2.447105,    2.505432,    2.555765,    2.608162,    2.662752,    2.719677,    2.779088,    2.841153,    2.906054,    2.973989,    3.045176,    3.119855,    3.198288,    3.277268,    3.356577,    3.439819,    3.527294,    3.619334,    3.716307,    3.818620,    3.926726,    4.041130,    4.162400,    4.291175,    4.428172,    4.580751,    4.751270,    4.934974,    5.133456,    5.348572,    5.582505,    5.837838,    6.117648,    6.425631,    6.766266,    7.145039,    7.568734,    7.879690,    8.044056,    8.215425,    8.394255,    8.581043,    8.776330,    8.980716,    9.194848,    9.419442,    9.655282,    9.903235,   10.164260,   10.387231,   10.566200,   10.751445,   10.943308,   11.142136,   11.348323,   11.562291,   11.784476,   12.015368,   12.255495,   12.505409,   12.765727,   12.949392,   13.049328,   13.150818,   13.253898,   13.358608,   13.464994,   13.573088,   13.682923,   13.794549,   13.908012,   14.023357,   14.140631,   14.256763,   14.371646,   14.488386,   14.607038,   14.727660,   14.850291,   14.974981,   15.101782,   15.230738,   15.361915,   15.495384,   15.631191,   15.790367,   15.974275,   16.162517,   16.355249,   16.552633,   16.754839,   16.962047,   17.174443,   17.392227,   17.615605,   17.844795,   18.080028,   18.550914,   19.294981,   20.101230,   20.977796,   21.934298,   22.982219,   24.135264,   25.410119,   26.827165,   28.411593,   30.194923,   32.217118,   34.732292,   37.914692,   41.739101,   46.421699,   52.287582,   59.850314,   69.970927,   84.210526,  105.726686,  142.012170,  216.216216,  452.826771
Qext           ,      1.1790,      1.1790,      1.1790,      1.1790,      1.1790,      1.1790,      1.1790,      1.1790,      1.1790,      1.1790,      1.1790,      1.4733,      1.4733,      1.4733,      1.4733,      1.4733,      1.4733,      1.4733,      1.4733,      1.4733,      1.4733,      1.4733,      1.4733,      1.3112,      1.3112,      1.3112,      1.3112,      1.3112,      1.3112,      1.3112,      1.3112,      1.3112,      1.3112,      1.1861,      1.1861,      1.1861,      1.1861,      1.1861,      1.1861,      1.1861,      1.1861,      1.3124,      1.3124,      1.3124,      1.3124,      1.3124,      1.3124,      1.3124,      1.3337,      1.3337,      1.3337,      1.3337,      1.3337,      1.3337,      1.3337,      1.3337,      1.4782,      1.4782,      1.4782,      1.4782,      1.4782,      1.4782,      1.7646,      1.7646,      1.7646,      1.7646,      1.7646,      1.7646,      1.7622,      1.7622,      1.7622,      1.7622,      1.7622,      1.3289,      1.3289,      1.3289,      1.3289,      1.5104,      1.5104,      1.5104,      1.5104,      1.9244,      1.9244,      1.9244,      2.1115,      2.1115,      2.4317,      2.4317,      2.4845,      2.0630,      2.0630,      2.5506,      2.9882,      2.8941,      2.7411,      2.4183,      1.8930,      1.8930,      1.8339,      1.8339,      1.5177,      1.5177,      1.6121,      1.6121,      1.4971,      1.3655,      1.3655,      1.6043,      1.8631,      1.8631,      1.8942,      1.8942,      1.4887,      1.4887,      1.0359,      0.7297,      0.7297,      0.5869,      0.5869,      0.5610,      0.5945,      0.5945,      0.5945,      0.5945,      0.7014,      0.7014,      0.7014,      0.9509,      0.9509,      0.9509,      1.2218,      1.2218,      1.2218,      1.5058,      1.5058,      1.5058,      1.8094,      1.8094,      1.8094,      2.1498,      2.1498,      2.1498,      2.5365,      2.5365,      2.5365,      2.7925,      2.7925,      2.7254,      2.7254,      2.4051,      2.0733,      2.0733,      1.8930,      1.8930,      1.8879,      2.0379,      2.1929,      3.1605,      4.8687,      5.5935,      4.4283,      2.5050,      1.2709,      0.5754,      0.3189,      0.2093,      0.3077,      0.4857,      1.0528,      2.4154,      2.1401,      0.5615,      0.1304,      0.1211,      0.1211,      0.1211,      0.1211,      0.1211,      0.1211,      0.1211
Qscat          ,      0.5781,      0.5781,      0.5781,      0.5781,      0.5781,      0.5781,      0.5781,      0.5781,      0.5781,      0.5781,      0.5781,      0.5095,      0.5095,      0.5095,      0.5095,      0.5095,      0.5095,      0.5095,      0.5095,      0.5095,      0.5095,      0.5095,      0.5095,      0.3129,      0.3129,      0.3129,      0.3129,      0.3129,      0.3129,      0.3129,      0.3129,      0.3129,      0.3129,      0.1999,      0.1999,      0.1999,      0.1999,      0.1999,      0.1999,      0.1999,      0.1999,      0.1816,      0.1816,      0.1816,      0.1816,      0.1816,      0.1816,      0.1816,      0.2011,      0.2011,      0.2011,      0.2011,      0.2011,      0.2011,      0.2011,      0.2011,      0.1700,      0.1700,      0.1700,      0.1700,      0.1700,      0.1700,      0.1745,      0.1745,      0.1745,      0.1745,      0.1745,      0.1745,      0.1977,      0.1977,      0.1977,      0.1977,      0.1977,      0.1955,      0.1955,      0.1955,      0.1955,      0.2293,      0.2293,      0.2293,      0.2293,      0.2319,      0.2319,      0.2319,      0.1997,      0.1997,      0.2603,      0.2603,      0.3348,      0.3306,      0.3306,      0.3629,      0.4258,      0.4043,      0.4473,      0.5078,      0.5193,      0.5193,      0.7729,      0.7729,      0.6872,      0.6872,      0.8905,      0.8905,      0.9192,      0.6769,      0.6769,      0.5889,      0.6112,      0.6112,      0.6442,      0.6442,      0.6076,      0.6076,      0.5085,      0.4682,      0.4682,      0.4208,      0.4208,      0.4406,      0.5316,      0.5316,      0.5316,      0.5316,      0.6918,      0.6918,      0.6918,      0.8784,      0.8784,      0.8784,      0.7158,      0.7158,      0.7158,      0.6061,      0.6061,      0.6061,      0.6744,      0.6744,      0.6744,      0.6317,      0.6317,      0.6317,      0.6274,      0.6274,      0.6274,      0.7587,      0.7587,      0.7942,      0.7942,      0.6878,      0.6299,      0.6299,      0.6765,      0.6765,      0.7190,      0.7241,      0.7573,      1.1531,      1.8405,      2.1822,      1.9655,      1.2320,      0.7740,      0.4189,      0.3188,      0.2093,      0.3077,      0.4857,      0.6943,      2.4152,      2.1399,      0.3265,      0.1304,      0.1211,      0.1211,      0.1211,      0.1211,      0.1211,      0.1211,      0.1211
G factor       ,      0.5400,      0.5400,      0.5400,      0.5400,      0.5400,      0.5400,      0.5400,      0.5400,      0.5400,      0.5400,      0.5400,      0.4210,      0.4210,      0.4210,      0.4210,      0.4210,      0.4210,      0.4210,      0.4210,      0.4210,      0.4210,      0.4210,      0.4210,      0.3310,      0.3310,      0.3310,      0.3310,      0.3310,      0.3310,      0.3310,      0.3310,      0.3310,      0.3310,      0.2660,      0.2660,      0.2660,      0.2660,      0.2660,      0.2660,      0.2660,      0.2660,      0.2300,      0.2300,      0.2300,      0.2300,      0.2300,      0.2300,      0.2300,      0.2500,      0.2500,      0.2500,      0.2500,      0.2500,      0.2500,      0.2500,      0.2500,      0.2270,      0.2270,      0.2270,      0.2270,      0.2270,      0.2270,      0.2290,      0.2290,      0.2290,      0.2290,      0.2290,      0.2290,      0.1750,      0.1750,      0.1750,      0.1750,      0.1750,      0.1520,      0.1520,      0.1520,      0.1520,      0.1240,      0.1240,      0.1240,      0.1240,      0.1430,      0.1430,      0.1430,      0.1930,      0.1930,      0.2260,      0.2260,      0.1560,      0.1340,      0.1340,      0.1880,      0.1690,      0.1510,      0.1420,      0.1240,      0.1050,      0.1050,      0.1870,      0.1870,      0.0380,      0.0380,      0.0400,      0.0400,      0.0320,     -0.0400,     -0.0400,     -0.0260,      0.0050,      0.0050,      0.0180,      0.0180,      0.0080,      0.0080,     -0.0250,     -0.0440,     -0.0440,     -0.0660,     -0.0660,     -0.0290,     -0.0240,     -0.0240,     -0.0240,     -0.0240,      0.0380,      0.0380,      0.0380,      0.1440,      0.1440,      0.1440,      0.1470,      0.1470,      0.1470,      0.1150,      0.1150,      0.1150,      0.0910,      0.0910,      0.0910,      0.0670,      0.0670,      0.0670,      0.0450,      0.0450,      0.0450,      0.0230,      0.0230,     -0.0110,     -0.0110,     -0.0540,     -0.0890,     -0.0890,     -0.1030,     -0.1030,     -0.1020,     -0.0950,     -0.0870,     -0.0460,     -0.0190,     -0.0090,      0.0250,      0.0870,      0.1120,      0.0970,      0.0810,      0.0490,      0.0040,     -0.0110,     -0.0100,     -0.0030,     -0.0010,     -0.0010,      0.0020,      0.0000,      0.0000,      0.0000,      0.0000,      0.0000,      0.0000,      0.0000
================
P [mbar]       ,    0.1004,    0.1015,    0.1034,    0.1069,    0.1130,    0.1239,    0.1432,    0.1740,    0.2226,    0.3028,    0.4349,    0.6529,    1.0121,    1.6044,    2.4646,    3.4606,    4.3994,    5.2226,    5.8426,    6.2132,    6.3980,    6.4686,    6.5039,    6.5168
Temp initial[K],  163.5827,  163.6723,  163.8293,  164.1029,  164.5732,  165.3648,  166.6602,  168.4872,  170.9519,  174.2721,  178.5564,  183.8814,  190.3071,  197.9049,  205.8548,  212.8059,  218.1105,  222.1140,  224.8330,  226.3589,  227.0949,  227.3721,  227.5098,  227.5598
================
it   ,   tau    ,  Tsfc    ,   alb    ,   OLR    ,    ASR   ,  NET top ,  NET bot , T lev  01, T lev  02, T lev  03, T lev  04, T lev  05, T lev  06, T lev  07, T lev  08, T lev  09, T lev  10, T lev  11, T lev  12, T lev  13, T lev  14, T lev  15, T lev  16, T lev  17, T lev  18, T lev  19, T lev  20, T lev  21, T lev  22, T lev  23, T lev  24, T lev  25,  OLR IR01,  OLR IR02,  OLR IR03,  OLR IR04,  OLR IR05,  OLR IR06,  OLR IR07,  OLR IR08,  OLR IR09,  OLR IR10,  OLR IR11,  OLR IR12,  OLR IR13,  OLR IR14,  OLR IR15,  OLR IR16,  OLR IR17,  OLR IR18,  OLR IR19,  OLR IR20,  OLR IR21,  OLR IR22,  OLR IR23,  OLR IR24,  OLR IR25,  OLR IR26,  OLR IR27,  OLR IR28,  OLR IR29,  OLR IR30,  OLR IR31,  OLR IR32,  OLR IR33,  OLR IR34,  OLR IR35,  OLR IR36,  OLR IR37,  OLR IR38,  OLR IR39,  OLR IR40,  OLR IR41,  OLR IR42,  OLR IR43,  OLR IR44,  OLR IR45,  OLR IR46,  OLR IR47,  OLR IR48,  OLR IR49,  OLR IR50,  OLR IR51,  OLR IR52,  OLR IR53,  OLR IR54,  OLR IR55,  OLR IR56,  OLR IR57,  OLR IR58,  OLR IR59,  OLR IR60,  OLR IR61,  OLR IR62,  OLR IR63,  OLR IR64,  OLR IR65,  OLR IR66,  OLR IR67,  OLR IR68,  OLR IR69,  OLR IR70,  OLR IR71,  OLR IR72,  OLR IR73,  OLR IR74,  OLR IR75,  OLR IR76,  OLR IR77,  OLR IR78,  OLR IR79,  OLR IR80,  OLR IR81,  OLR IR82,  OLR IR83,  OLR IR84,  OLR IR85,  OLR IR86,  OLR IR87,  OLR IR88,  OLR IR89,  OLR IR90,  OLR IR91,  OLR IR92,  OLR IR93,  OLR IR94,  OLR IR95,  OLR IR96, ASR VIS01, ASR VIS02, ASR VIS03, ASR VIS04, ASR VIS05, ASR VIS06, ASR VIS07, ASR VIS08, ASR VIS09, ASR VIS10, ASR VIS11, ASR VIS12, ASR VIS13, ASR VIS14, ASR VIS15, ASR VIS16, ASR VIS17, ASR VIS18, ASR VIS19, ASR VIS20, ASR VIS21, ASR VIS22, ASR VIS23, ASR VIS24, ASR VIS25, ASR VIS26, ASR VIS27, ASR VIS28, ASR VIS29, ASR VIS30, ASR VIS31, ASR VIS32, ASR VIS33, ASR VIS34, ASR VIS35, ASR VIS36, ASR VIS37, ASR VIS38, ASR VIS39, ASR VIS40, ASR VIS41, ASR VIS42, ASR VIS43, ASR VIS44, ASR VIS45, ASR VIS46, ASR VIS47, ASR VIS48, ASR VIS49, ASR VIS50, ASR VIS51, ASR VIS52, ASR VIS53, ASR VIS54, ASR VIS55, ASR VIS56, ASR VIS57, ASR VIS58, ASR VIS59, ASR VIS60, ASR VIS61, ASR VIS62, ASR VIS63, ASR VIS64, ASR VIS65, ASR VIS66, ASR VIS67, ASR VIS68, ASR VIS69, ASR VIS70, ASR VIS71, ASR VIS72, ASR VIS73, ASR VIS74, ASR VIS75, ASR VIS76, ASR VIS77, ASR VIS78, ASR VIS79, ASR VIS80, ASR VIS81, ASR VIS82, ASR VIS83, ASR VIS84, SFC DIR01, SFC DIR02, SFC DIR03, SFC DIR04, SFC DIR05, SFC DIR06, SFC DIR07, SFC DIR08, SFC DIR09, SFC DIR10, SFC DIR11, SFC DIR12, SFC DIR13, SFC DIR14, SFC DIR15, SFC DIR16, SFC DIR17, SFC DIR18, SFC DIR19, SFC DIR20, SFC DIR21, SFC DIR22, SFC DIR23, SFC DIR24, SFC DIR25, SFC DIR26, SFC DIR27, SFC DIR28, SFC DIR29, SFC DIR30, SFC DIR31, SFC DIR32, SFC DIR33, SFC DIR34, SFC DIR35, SFC DIR36, SFC DIR37, SFC DIR38, SFC DIR39, SFC DIR40, SFC DIR41, SFC DIR42, SFC DIR43, SFC DIR44, SFC DIR45, SFC DIR46, SFC DIR47, SFC DIR48, SFC DIR49, SFC DIR50, SFC DIR51, SFC DIR52, SFC DIR53, SFC DIR54, SFC DIR55, SFC DIR56, SFC DIR57, SFC DIR58, SFC DIR59, SFC DIR60, SFC DIR61, SFC DIR62, SFC DIR63, SFC DIR64, SFC DIR65, SFC DIR66, SFC DIR67, SFC DIR68, SFC DIR69, SFC DIR70, SFC DIR71, SFC DIR72, SFC DIR73, SFC DIR74, SFC DIR75, SFC DIR76, SFC DIR77, SFC DIR78, SFC DIR79, SFC DIR80, SFC DIR81, SFC DIR82, SFC DIR83, SFC DIR84, SFC DIR85, SFC DIR86, SFC DIR87, SFC DIR88, SFC DIR89, SFC DIR90, SFC DIR91, SFC DIR92, SFC DIR93, SFC DIR94, SFC DIR95, SFC DIR96,SFC DVIS01,SFC DVIS02,SFC DVIS03,SFC DVIS04,SFC DVIS05,SFC DVIS06,SFC DVIS07,SFC DVIS08,SFC DVIS09,SFC DVIS10,SFC DVIS11,SFC DVIS12,SFC DVIS13,SFC DVIS14,SFC DVIS15,SFC DVIS16,SFC DVIS17,SFC DVIS18,SFC DVIS19,SFC DVIS20,SFC DVIS21,SFC DVIS22,SFC DVIS23,SFC DVIS24,SFC DVIS25,SFC DVIS26,SFC DVIS27,SFC DVIS28,SFC DVIS29,SFC DVIS30,SFC DVIS31,SFC DVIS32,SFC DVIS33,SFC DVIS34,SFC DVIS35,SFC DVIS36,SFC DVIS37,SFC DVIS38,SFC DVIS39,SFC DVIS40,SFC DVIS41,SFC DVIS42,SFC DVIS43,SFC DVIS44,SFC DVIS45,SFC DVIS46,SFC DVIS47,SFC DVIS48,SFC DVIS49,SFC DVIS50,SFC DVIS51,SFC DVIS52,SFC DVIS53,SFC DVIS54,SFC DVIS55,SFC DVIS56,SFC DVIS57,SFC DVIS58,SFC DVIS59,SFC DVIS60,SFC DVIS61,SFC DVIS62,SFC DVIS63,SFC DVIS64,SFC DVIS65,SFC DVIS66,SFC DVIS67,SFC DVIS68,SFC DVIS69,SFC DVIS70,SFC DVIS71,SFC DVIS72,SFC DVIS73,SFC DVIS74,SFC DVIS75,SFC DVIS76,SFC DVIS77,SFC DVIS78,SFC DVIS79,SFC DVIS80,SFC DVIS81,SFC DVIS82,SFC DVIS83,SFC DVIS84
    2,    0.0000,  227.5722,    0.2192,  139.8688,  115.8602,  -23.5218,  -14.0680,  158.4330,  163.5827,  163.6723,  163.8293,  164.1029,  164.5732,  165.3648,  166.6602,  168.4872,  170.9519,  174.2721,  178.5564,  183.8814,  190.3071,  197.9049,  205.8548,  212.8059,  218.1105,  222.1140,  224.8330,  226.3589,  227.0949,  227.3721,  227.5098,  227.5598,    0.0705,    0.2675,    0.5658,    0.9364,    1.3541,    1.7971,    2.2470,    2.6886,    3.1100,    3.5012,    3.8550,    4.1668,    3.7991,    3.9662,    4.1036,    4.2111,    4.2902,    4.3412,    4.3666,    4.3674,    4.3455,    4.3031,    4.2365,    4.1377,    1.4329,    1.4160,    1.3937,    1.3544,    1.3064,    1.2531,    1.1042,    1.0903,    1.0331,    0.8812,    0.8657,    0.6804,    0.4286,    0.3613,    0.2973,    0.2859,    0.2660,    0.2237,    0.2586,    0.2615,    0.2793,    0.3166,    0.3804,    0.4522,    0.5746,    0.6344,    0.5305,    0.6851,    0.6744,    0.6698,    0.6769,    0.7426,    0.7550,    0.7683,    0.7700,    0.7628,    2.0538,    1.9716,    1.9052,    1.8274,    1.7484,    1.6691,    1.5919,    1.5151,    1.4407,    1.3665,    1.2937,    1.2291,    1.8278,    1.6842,    1.5339,    1.3924,    1.2741,    1.1725,    1.0662,    0.9681,    0.8777,    0.7928,    0.7079,    0.6374,    1.5840,    1.1437,    0.8293,    0.5901,    0.4167,    0.2922,    0.2036,    0.1383,    0.0940,    0.0622,    0.0416,    0.0303,    0.0906,    0.0482,    0.0759,    0.0854,    0.0957,    0.0892,    0.0975,    0.1096,    0.0962,    0.1325,    0.1172,    0.1283,    0.1417,    0.1155,    0.1680,    0.1868,    0.1536,    0.1833,    0.2065,    0.2237,    0.2252,    0.1502,    0.2398,    0.2533,    0.3110,    0.3324,    0.3440,    0.3658,    0.3756,    0.3940,    0.4010,    0.4565,    0.4953,    0.4717,    0.4852,    0.4943,    0.8433,    0.9209,    0.9663,    0.9993,    1.0234,    1.1077,    1.0381,    1.1064,    1.0804,    1.1314,    1.0733,    1.1507,    2.4780,    2.4450,    2.4989,    2.5384,    2.5644,    2.4626,    2.5489,    2.6139,    2.6670,    2.4800,    2.4441,    2.5380,    6.4157,    6.1123,    6.0433,    5.8603,    5.4132,    5.0767,    4.4565,    4.0997,    3.9404,    3.4535,    2.6528,    2.4637,    1.8993,    1.7458,    1.3311,    1.2705,    0.8565,    0.6215,    0.5021,    0.2015,    0.1776,    0.1261,    0.0437,    0.0355,    0.0000,    0.0000,    0.0000,    0.0000,    0.0000,    0.0000,    0.0000,    0.0000,    0.0000,    0.0000,    0.0000,    0.0000,    0.0000,    0.0000,    0.0000,    0.0000,    0.0000,    0.0000,    0.0000,    0.0004,    0.0013,    0.0042,    0.0316,    0.1224,    0.0337,    0.0553,    0.0951,    0.1939,    0.3170,    0.4390,    0.7874,    0.8078,    0.8986,    1.0611,    1.1127,    1.2540,    0.9696,    0.9641,    0.9572,    0.9473,    0.9378,    0.9287,    0.9178,    0.9074,    0.8966,    0.8844,    0.8683,    0.8421,    0.8025,    0.6764,    0.7395,    0.4977,    0.5022,    0.4908,    0.4247,    0.2470,    0.1814,    0.1031,    0.0612,    0.0469,    0.0933,    0.0788,    0.0260,    0.0119,    0.0030,    0.0028,    0.0017,    0.0056,    0.0100,    0.0182,    0.0292,    0.0235,    0.0278,    0.0056,    0.0259,    0.0458,    0.0328,    0.0004,    0.0000,    0.0000,    0.0000,    0.0031,    0.0165,    0.0171,    0.0171,    0.0171,    0.0000,    0.0000,    0.0000,    0.0000,    0.0000,    0.0035,    0.0040,    0.0054,    0.0048,    0.0010,    0.0230,    0.0000,    0.0598,    0.1073,    0.1213,    0.1109,    0.1245,    0.1385,    0.1233,    0.1698,    0.1501,    0.1645,    0.1806,    0.1466,    0.2118,    0.2312,    0.1878,    0.1215,    0.0145,    0.0325,    0.1583,    0.1897,    0.3065,    0.3218,    0.3984,    0.4260,    0.4410,    0.4686,    0.4796,    0.4909,    0.4572,    0.4157,    0.3661,    0.4375,    0.6076,    0.6165,    1.0804,    1.1803,    1.2358,    1.2540,    1.2316,    1.3659,    1.3119,    1.3949,    1.2823,    1.4502,    1.3714,    1.4595,    3.1611,    3.0848,    3.2030,    3.2531,    3.2743,    3.1567,    3.2678,    3.3511,    3.4192,    3.1776,    3.1334,    3.2539,    8.2247,    7.8363,    7.7478,    7.5132,    6.9399,    6.5086,    5.7135,    5.2561,    5.0518,    4.4276,    3.4010,    3.1586,    2.4350,    2.2382,    1.7066,    1.6288,    1.0981,    0.7968,    0.6438,    0.2584,    0.2277,    0.1616,    0.0560,    0.0455
    2,    0.0500,  227.5722,    0.1987,  134.2724,  118.9048,  -14.8806,  -14.0462,  158.4330,  163.5827,  163.6723,  163.8293,  164.1029,  164.5732,  165.3648,  166.6602,  168.4872,  170.9519,  174.2721,  178.5564,  183.8814,  190.3071,  197.9049,  205.8548,  212.8059,  218.1105,  222.1140,  224.8330,  226.3589,  227.0949,  227.3721,  227.5098,  227.5598,    0.0703,    0.2664,    0.5634,    0.9325,    1.3484,    1.7896,    2.2377,    2.6766,    3.0683,    3.2604,    3.5579,    4.0528,    3.7358,    3.9247,    4.0757,    4.1690,    4.2257,    4.2115,    4.1312,    3.9688,    3.8647,    3.8752,    3.9439,    3.9314,    1.3646,    1.3520,    1.3319,    1.2960,    1.2496,    1.2009,    1.0608,    1.0433,    0.9913,    0.8517,    0.8390,    0.6696,    0.4246,    0.3592,    0.2965,    0.2852,    0.2655,    0.2235,    0.2581,    0.2610,    0.2787,    0.3154,    0.3777,    0.4480,    0.5663,    0.6228,    0.5238,    0.6723,    0.6620,    0.6593,    0.6656,    0.7282,    0.7415,    0.7539,    0.7553,    0.7481,    2.0174,    1.9348,    1.8691,    1.7862,    1.7088,    1.6190,    1.5267,    1.4527,    1.3672,    1.2966,    1.2280,    1.1662,    1.7442,    1.6148,    1.4704,    1.3307,    1.2138,    1.1161,    1.0180,    0.9240,    0.8327,    0.7520,    0.6688,    0.6019,    1.4703,    1.0490,    0.7548,    0.5343,    0.3821,    0.2719,    0.1892,    0.1264,    0.0860,    0.0569,    0.0384,    0.0279,    0.0912,    0.0481,    0.0781,    0.0885,    0.0993,    0.0924,    0.1011,    0.1132,    0.0995,    0.1369,    0.1211,    0.1344,    0.1483,    0.1208,    0.1757,    0.1951,    0.1606,    0.1869,    0.2066,    0.2241,    0.2307,    0.1573,    0.2494,    0.2633,    0.3234,    0.3457,    0.3578,    0.3804,    0.3883,    0.4069,    0.4126,    0.4661,    0.5032,    0.4819,    0.5011,    0.5105,    0.8722,    0.9525,    0.9993,    1.0326,    1.0556,    1.1437,    1.0730,    1.1383,    1.1091,    1.1648,    1.1047,    1.1841,    2.5505,    2.5155,    2.5725,    2.6095,    2.6360,    2.5316,    2.6204,    2.6872,    2.7418,    2.5495,    2.5127,    2.6093,    6.5958,    6.2617,    6.1911,    6.0037,    5.5457,    5.2011,    4.5659,    4.2005,    4.0374,    3.5387,    2.7184,    2.5248,    1.9466,    1.7692,    1.3490,    1.2877,    0.8683,    0.6302,    0.5092,    0.2044,    0.1802,    0.1279,    0.0444,    0.0361,    0.0003,    0.0011,    0.0024,    0.0039,    0.0056,    0.0075,    0.0093,    0.0120,    0.0766,    0.2408,    0.2971,    0.1801,    0.0632,    0.0415,    0.0280,    0.0421,    0.0910,    0.2118,    0.4360,    0.7616,    0.9526,    0.8396,    0.5896,    0.5072,    0.1579,    0.1672,    0.2033,    0.2921,    0.4120,    0.5209,    0.8424,    0.8640,    0.9424,    1.0863,    1.1297,    1.2550,    0.9696,    0.9641,    0.9572,    0.9473,    0.9378,    0.9287,    0.9178,    0.9074,    0.8966,    0.8844,    0.8683,    0.8425,    0.8054,    0.6841,    0.7427,    0.5071,    0.5111,    0.4980,    0.4333,    0.2596,    0.1944,    0.1176,    0.0765,    0.0623,    0.1344,    0.1219,    0.0684,    0.0626,    0.0516,    0.0696,    0.0924,    0.0914,    0.1133,    0.1153,    0.1192,    0.1089,    0.1377,    0.0911,    0.1026,    0.1165,    0.1029,    0.0658,    0.0570,    0.0514,    0.0527,    0.0503,    0.0620,    0.0577,    0.1448,    0.1189,    0.0768,    0.0549,    0.0326,    0.0184,    0.0126,    0.0134,    0.0104,    0.0095,    0.0071,    0.0027,    0.0204,    0.0000,    0.0529,    0.0976,    0.1104,    0.1010,    0.1133,    0.1275,    0.1135,    0.1563,    0.1381,    0.1470,    0.1614,    0.1310,    0.1892,    0.2066,    0.1677,    0.1085,    0.0130,    0.0290,    0.1413,    0.1693,    0.2790,    0.2930,    0.3626,    0.3878,    0.4014,    0.4265,    0.4417,    0.4521,    0.4210,    0.3828,    0.3372,    0.4029,    0.5595,    0.5677,    0.9953,    1.0873,    1.1385,    1.1552,    1.1346,    1.2583,    1.2086,    1.2977,    1.1929,    1.3491,    1.2758,    1.3577,    2.9407,    2.8698,    2.9797,    3.0180,    3.0377,    2.9286,    3.0317,    3.1090,    3.1722,    2.9481,    2.9071,    3.0188,    7.6305,    7.2683,    7.1862,    6.9686,    6.4368,    6.0367,    5.2992,    4.8749,    4.6853,    4.1063,    3.1542,    2.9294,    2.2583,    2.1297,    1.6237,    1.5497,    1.0448,    0.7581,    0.6125,    0.2458,    0.2166,    0.1538,    0.0533,    0.0433
    2,    0.1000,  227.5722,    0.1809,  129.4643,  121.5518,   -7.4252,  -14.5769,  158.4330,  163.5827,  163.6723,  163.8293,  164.1029,  164.5732,  165.3648,  166.6602,  168.4872,  170.9519,  174.2721,  178.5564,  183.8814,  190.3071,  197.9049,  205.8548,  212.8059,  218.1105,  222.1140,  224.8330,  226.3589,  227.0949,  227.3721,  227.5098,  227.5598,    0.0700,    0.2653,    0.5611,    0.9287,    1.3428,    1.7822,    2.2284,    2.6647,    3.0284,    3.0507,    3.3033,    3.9475,    3.6747,    3.8841,    4.0481,    4.1277,    4.1637,    4.0925,    3.9315,    3.6678,    3.5223,    3.5573,    3.7044,    3.7521,    1.3048,    1.2955,    1.2773,    1.2441,    1.1993,    1.1545,    1.0222,    1.0019,    0.9543,    0.8252,    0.8148,    0.6593,    0.4207,    0.3570,    0.2958,    0.2846,    0.2651,    0.2234,    0.2577,    0.2605,    0.2781,    0.3142,    0.3751,    0.4440,    0.5584,    0.6118,    0.5172,    0.6600,    0.6501,    0.6492,    0.6546,    0.7143,    0.7286,    0.7401,    0.7411,    0.7339,    1.9823,    1.8994,    1.8345,    1.7470,    1.6711,    1.5721,    1.4669,    1.3955,    1.3012,    1.2335,    1.1688,    1.1095,    1.6679,    1.5509,    1.4120,    1.2742,    1.1588,    1.0649,    0.9738,    0.8835,    0.7918,    0.7148,    0.6331,    0.5695,    1.3691,    0.9656,    0.6897,    0.4858,    0.3514,    0.2535,    0.1761,    0.1159,    0.0788,    0.0521,    0.0355,    0.0257,    0.0917,    0.0481,    0.0799,    0.0911,    0.1022,    0.0951,    0.1041,    0.1163,    0.1023,    0.1407,    0.1245,    0.1393,    0.1537,    0.1252,    0.1820,    0.2019,    0.1662,    0.1899,    0.2066,    0.2245,    0.2352,    0.1631,    0.2574,    0.2717,    0.3338,    0.3568,    0.3693,    0.3927,    0.3992,    0.4179,    0.4225,    0.4742,    0.5098,    0.4906,    0.5148,    0.5244,    0.8970,    0.9795,    1.0276,    1.0611,    1.0831,    1.1746,    1.1029,    1.1662,    1.1341,    1.1939,    1.1322,    1.2133,    2.6139,    2.5771,    2.6368,    2.6714,    2.6981,    2.5917,    2.6826,    2.7510,    2.8069,    2.6099,    2.5723,    2.6712,    6.7524,    6.3917,    6.3197,    6.1286,    5.6612,    5.3096,    4.6612,    4.2884,    4.1221,    3.6131,    2.7757,    2.5782,    1.9880,    1.7908,    1.3657,    1.3037,    0.8792,    0.6382,    0.5158,    0.2071,    0.1826,    0.1297,    0.0450,    0.0366,    0.0006,    0.0022,    0.0047,    0.0078,    0.0112,    0.0149,    0.0186,    0.0239,    0.1508,    0.4506,    0.5518,    0.3498,    0.1244,    0.0821,    0.0556,    0.0834,    0.1792,    0.4101,    0.8188,    1.3649,    1.6601,    1.4834,    1.0589,    0.8475,    0.2688,    0.2677,    0.3005,    0.3804,    0.4967,    0.5939,    0.8908,    0.9128,    0.9805,    1.1081,    1.1445,    1.2559,    0.9697,    0.9641,    0.9572,    0.9473,    0.9378,    0.9287,    0.9178,    0.9074,    0.8966,    0.8844,    0.8684,    0.8428,    0.8082,    0.6913,    0.7458,    0.5160,    0.5196,    0.5048,    0.4415,    0.2716,    0.2069,    0.1317,    0.0912,    0.0771,    0.1741,    0.1635,    0.1094,    0.1112,    0.0982,    0.1326,    0.1762,    0.1706,    0.2068,    0.2032,    0.2008,    0.1863,    0.2385,    0.1703,    0.1736,    0.1815,    0.1671,    0.1257,    0.1095,    0.0988,    0.1009,    0.0934,    0.1035,    0.0947,    0.2584,    0.2083,    0.1438,    0.1026,    0.0616,    0.0351,    0.0240,    0.0222,    0.0161,    0.0131,    0.0092,    0.0042,    0.0180,    0.0000,    0.0468,    0.0889,    0.1005,    0.0919,    0.1031,    0.1173,    0.1044,    0.1439,    0.1271,    0.1314,    0.1442,    0.1171,    0.1691,    0.1846,    0.1497,    0.0968,    0.0116,    0.0259,    0.1261,    0.1512,    0.2540,    0.2667,    0.3301,    0.3530,    0.3654,    0.3883,    0.4067,    0.4163,    0.3877,    0.3525,    0.3105,    0.3710,    0.5152,    0.5227,    0.9169,    1.0017,    1.0488,    1.0642,    1.0452,    1.1592,    1.1134,    1.2072,    1.1097,    1.2551,    1.1868,    1.2631,    2.7357,    2.6696,    2.7719,    2.8000,    2.8183,    2.7171,    2.8127,    2.8845,    2.9430,    2.7351,    2.6971,    2.8007,    7.0793,    6.7420,    6.6659,    6.4640,    5.9707,    5.5996,    4.9155,    4.5219,    4.3461,    3.8090,    2.9258,    2.7173,    2.0947,    2.0270,    1.5455,    1.4750,    0.9944,    0.7216,    0.5829,    0.2339,    0.2062,    0.1464,    0.0507,    0.0412
    2,    0.1500,  227.5722,    0.1654,  125.2553,  123.8503,   -0.9176,  -15.4709,  158.4330,  163.5827,  163.6723,  163.8293,  164.1029,  164.5732,  165.3648,  166.6602,  168.4872,  170.9519,  174.2721,  178.5564,  183.8814,  190.3071,  197.9049,  205.8548,  212.8059,  218.1105,  222.1140,  224.8330,  226.3589,  227.0949,  227.3721,  227.5098,  227.5598,    0.0697,    0.2642,    0.5588,    0.9248,    1.3373,    1.7749,    2.2192,    2.6529,    2.9903,    2.8663,    3.0827,    3.8501,    3.6155,    3.8443,    4.0209,    4.0873,    4.1041,    3.9829,    3.7604,    3.4339,    3.2673,    3.3128,    3.5052,    3.5952,    1.2521,    1.2452,    1.2286,    1.1978,    1.1545,    1.1130,    0.9877,    0.9651,    0.9213,    0.8014,    0.7928,    0.6497,    0.4169,    0.3550,    0.2950,    0.2840,    0.2646,    0.2232,    0.2573,    0.2600,    0.2774,    0.3130,    0.3725,    0.4400,    0.5507,    0.6013,    0.5109,    0.6483,    0.6387,    0.6394,    0.6441,    0.7010,    0.7161,    0.7268,    0.7275,    0.7203,    1.9485,    1.8655,    1.8013,    1.7096,    1.6351,    1.5280,    1.4119,    1.3428,    1.2414,    1.1765,    1.1151,    1.0581,    1.5981,    1.4919,    1.3581,    1.2223,    1.1085,    1.0180,    0.9330,    0.8463,    0.7543,    0.6807,    0.6005,    0.5399,    1.2786,    0.8920,    0.6326,    0.4435,    0.3241,    0.2368,    0.1643,    0.1065,    0.0724,    0.0478,    0.0329,    0.0238,    0.0920,    0.0481,    0.0812,    0.0933,    0.1047,    0.0973,    0.1067,    0.1189,    0.1046,    0.1440,    0.1274,    0.1432,    0.1580,    0.1287,    0.1870,    0.2074,    0.1708,    0.1923,    0.2066,    0.2248,    0.2388,    0.1677,    0.2641,    0.2787,    0.3426,    0.3662,    0.3790,    0.4030,    0.4086,    0.4274,    0.4311,    0.4812,    0.5155,    0.4981,    0.5266,    0.5363,    0.9182,    1.0028,    1.0519,    1.0856,    1.1068,    1.2011,    1.1286,    1.1905,    1.1559,    1.2194,    1.1563,    1.2388,    2.6693,    2.6309,    2.6930,    2.7252,    2.7522,    2.6439,    2.7366,    2.8064,    2.8634,    2.6625,    2.6242,    2.7251,    6.8886,    6.5047,    6.4315,    6.2371,    5.7616,    5.4039,    4.7442,    4.3648,    4.1957,    3.6779,    2.8256,    2.6248,    2.0240,    1.8107,    1.3810,    1.3185,    0.8893,    0.6456,    0.5219,    0.2096,    0.1848,    0.1313,    0.0456,    0.0371,    0.0009,    0.0033,    0.0070,    0.0116,    0.0168,    0.0222,    0.0278,    0.0357,    0.2228,    0.6350,    0.7724,    0.5099,    0.1836,    0.1218,    0.0828,    0.1239,    0.2647,    0.5960,    1.1563,    1.8484,    2.1939,    1.9855,    1.4557,    1.1493,    0.3679,    0.3584,    0.3881,    0.4600,    0.5724,    0.6592,    0.9335,    0.9552,    1.0137,    1.1271,    1.1574,    1.2568,    0.9698,    0.9642,    0.9572,    0.9473,    0.9378,    0.9287,    0.9178,    0.9074,    0.8966,    0.8844,    0.8684,    0.8431,    0.8108,    0.6982,    0.7487,    0.5246,    0.5277,    0.5114,    0.4494,    0.2832,    0.2190,    0.1452,    0.1054,    0.0914,    0.2125,    0.2037,    0.1489,    0.1578,    0.1428,    0.1921,    0.2536,    0.2438,    0.2916,    0.2829,    0.2749,    0.2566,    0.3311,    0.2439,    0.2396,    0.2416,    0.2261,    0.1807,    0.1580,    0.1427,    0.1450,    0.1330,    0.1412,    0.1284,    0.3597,    0.2870,    0.2025,    0.1444,    0.0875,    0.0504,    0.0344,    0.0301,    0.0213,    0.0165,    0.0112,    0.0057,    0.0160,    0.0000,    0.0414,    0.0809,    0.0915,    0.0836,    0.0939,    0.1080,    0.0961,    0.1324,    0.1170,    0.1174,    0.1288,    0.1046,    0.1511,    0.1649,    0.1336,    0.0864,    0.0103,    0.0231,    0.1126,    0.1349,    0.2312,    0.2427,    0.3005,    0.3213,    0.3326,    0.3534,    0.3745,    0.3833,    0.3570,    0.3246,    0.2859,    0.3416,    0.4744,    0.4813,    0.8447,    0.9228,    0.9662,    0.9804,    0.9629,    1.0679,    1.0257,    1.1230,    1.0323,    1.1675,    1.1041,    1.1750,    2.5449,    2.4835,    2.5786,    2.5978,    2.6148,    2.5209,    2.6096,    2.6762,    2.7305,    2.5376,    2.5023,    2.5985,    6.5681,    6.2543,    6.1836,    5.9964,    5.5388,    5.1945,    4.5599,    4.1948,    4.0318,    3.5335,    2.7142,    2.5207,    1.9433,    1.9295,    1.4711,    1.4040,    0.9466,    0.6869,    0.5549,    0.2227,    0.1963,    0.1393,    0.0483,    0.0393
    2,    0.2000,  227.5722,    0.1519,  121.5176,  125.8463,    4.8164,  -16.5958,  158.4330,  163.5827,  163.6723,  163.8293,  164.1029,  164.5732,  165.3648,  166.6602,  168.4872,  170.9519,  174.2721,  178.5564,  183.8814,  190.3071,  197.9049,  205.8548,  212.8059,  218.1105,  222.1140,  224.8330,  226.3589,  227.0949,  227.3721,  227.5098,  227.5598,    0.0694,    0.2631,    0.5565,    0.9211,    1.3318,    1.7676,    2.2101,    2.6412,    2.9538,    2.7029,    2.8898,    3.7600,    3.5582,    3.8054,    3.9940,    4.0476,    4.0467,    3.8820,    3.6127,    3.2473,    3.0698,    3.1189,    3.3372,    3.4569,    1.2053,    1.2004,    1.1850,    1.1562,    1.1143,    1.0757,    0.9566,    0.9323,    0.8916,    0.7798,    0.7727,    0.6405,    0.4132,    0.3530,    0.2943,    0.2834,    0.2641,    0.2230,    0.2569,    0.2595,    0.2768,    0.3118,    0.3701,    0.4362,    0.5434,    0.5913,    0.5048,    0.6371,    0.6278,    0.6300,    0.6339,    0.6882,    0.7041,    0.7140,    0.7144,    0.7073,    1.9160,    1.8328,    1.7693,    1.6740,    1.6008,    1.4866,    1.3612,    1.2943,    1.1871,    1.1247,    1.0663,    1.0113,    1.5339,    1.4373,    1.3082,    1.1746,    1.0625,    0.9750,    0.8954,    0.8118,    0.7200,    0.6494,    0.5707,    0.5129,    1.1974,    0.8268,    0.5823,    0.4063,    0.2997,    0.2216,    0.1535,    0.0981,    0.0667,    0.0440,    0.0305,    0.0220,    0.0923,    0.0481,    0.0823,    0.0951,    0.1068,    0.0992,    0.1088,    0.1212,    0.1067,    0.1468,    0.1298,    0.1464,    0.1615,    0.1315,    0.1911,    0.2118,    0.1745,    0.1942,    0.2066,    0.2250,    0.2417,    0.1715,    0.2698,    0.2846,    0.3499,    0.3740,    0.3871,    0.4116,    0.4166,    0.4355,    0.4384,    0.4872,    0.5204,    0.5044,    0.5366,    0.5465,    0.9364,    1.0227,    1.0727,    1.1065,    1.1271,    1.2238,    1.1506,    1.2117,    1.1750,    1.2416,    1.1773,    1.2611,    2.7177,    2.6780,    2.7421,    2.7719,    2.7991,    2.6893,    2.7836,    2.8546,    2.9126,    2.7082,    2.6692,    2.7719,    7.0069,    6.6029,    6.5288,    6.3315,    5.8489,    5.4859,    4.8163,    4.4313,    4.2598,    3.7342,    2.8691,    2.6653,    2.0554,    1.8290,    1.3950,    1.3320,    0.8985,    0.6524,    0.5275,    0.2119,    0.1869,    0.1328,    0.0461,    0.0375,    0.0012,    0.0044,    0.0093,    0.0154,    0.0222,    0.0295,    0.0369,    0.0474,    0.2925,    0.7984,    0.9654,    0.6611,    0.2409,    0.1608,    0.1096,    0.1636,    0.3478,    0.7706,    1.4549,    2.2390,    2.6011,    2.3804,    1.7928,    1.4177,    0.4567,    0.4402,    0.4672,    0.5318,    0.6401,    0.7177,    0.9712,    0.9922,    1.0426,    1.1437,    1.1687,    1.2576,    0.9698,    0.9642,    0.9572,    0.9473,    0.9378,    0.9287,    0.9178,    0.9074,    0.8966,    0.8844,    0.8685,    0.8434,    0.8133,    0.7047,    0.7515,    0.5329,    0.5355,    0.5178,    0.4571,    0.2943,    0.2307,    0.1583,    0.1191,    0.1051,    0.2496,    0.2424,    0.1870,    0.2025,    0.1856,    0.2484,    0.3254,    0.3117,    0.3687,    0.3554,    0.3423,    0.3205,    0.4164,    0.3122,    0.3009,    0.2972,    0.2805,    0.2314,    0.2030,    0.1833,    0.1856,    0.1693,    0.1757,    0.1593,    0.4502,    0.3566,    0.2541,    0.1811,    0.1107,    0.0643,    0.0440,    0.0373,    0.0260,    0.0195,    0.0130,    0.0070,    0.0141,    0.0000,    0.0367,    0.0736,    0.0833,    0.0761,    0.0854,    0.0994,    0.0885,    0.1219,    0.1077,    0.1049,    0.1151,    0.0935,    0.1350,    0.1474,    0.1193,    0.0772,    0.0092,    0.0206,    0.1005,    0.1205,    0.2105,    0.2209,    0.2735,    0.2925,    0.3028,    0.3217,    0.3448,    0.3530,    0.3287,    0.2989,    0.2633,    0.3146,    0.4368,    0.4432,    0.7782,    0.8501,    0.8901,    0.9032,    0.8871,    0.9838,    0.9449,    1.0447,    0.9604,    1.0861,    1.0271,    1.0931,    2.3675,    2.3103,    2.3988,    2.4103,    2.4261,    2.3389,    2.4212,    2.4830,    2.5334,    2.3544,    2.3217,    2.4109,    6.0940,    5.8023,    5.7368,    5.5631,    5.1386,    4.8192,    4.2305,    3.8917,    3.7405,    3.2783,    2.5182,    2.3387,    1.8029,    1.8369,    1.4005,    1.3367,    0.9012,    0.6539,    0.5283,    0.2120,    0.1868,    0.1326,    0.0460,    0.0374
    2,    0.3000,  227.5722,    0.1301,  115.1179,  129.0861,   14.4563,  -19.1906,  158.4330,  163.5827,  163.6723,  163.8293,  164.1029,  164.5732,  165.3648,  166.6602,  168.4872,  170.9519,  174.2721,  178.5564,  183.8814,  190.3071,  197.9049,  205.8548,  212.8059,  218.1105,  222.1140,  224.8330,  226.3589,  227.0949,  227.3721,  227.5098,  227.5598,    0.0688,    0.2610,    0.5520,    0.9135,    1.3210,    1.7532,    2.1921,    2.6182,    2.8853,    2.4263,    2.5683,    3.5986,    3.4488,    3.7298,    3.9414,    3.9705,    3.9383,    3.7023,    3.3711,    2.9679,    2.7821,    2.8299,    3.0691,    3.2242,    1.1258,    1.1237,    1.1103,    1.0847,    1.0452,    1.0112,    0.9029,    0.8760,    0.8405,    0.7421,    0.7372,    0.6235,    0.4063,    0.3492,    0.2928,    0.2822,    0.2632,    0.2227,    0.2561,    0.2585,    0.2756,    0.3095,    0.3653,    0.4288,    0.5295,    0.5726,    0.4932,    0.6159,    0.6072,    0.6120,    0.6146,    0.6641,    0.6814,    0.6899,    0.6897,    0.6826,    1.8544,    1.7712,    1.7091,    1.6074,    1.5368,    1.4108,    1.2709,    1.2078,    1.0924,    1.0343,    0.9808,    0.9294,    1.4201,    1.3397,    1.2188,    1.0897,    0.9809,    0.8989,    0.8282,    0.7503,    0.6591,    0.5941,    0.5182,    0.4652,    1.0582,    0.7169,    0.4984,    0.3447,    0.2583,    0.1950,    0.1347,    0.0838,    0.0570,    0.0375,    0.0264,    0.0190,    0.0927,    0.0481,    0.0839,    0.0979,    0.1100,    0.1021,    0.1121,    0.1248,    0.1099,    0.1513,    0.1338,    0.1511,    0.1667,    0.1357,    0.1971,    0.2184,    0.1799,    0.1969,    0.2066,    0.2252,    0.2459,    0.1770,    0.2785,    0.2937,    0.3612,    0.3861,    0.3997,    0.4249,    0.4293,    0.4484,    0.4500,    0.4966,    0.5280,    0.5145,    0.5526,    0.5627,    0.9655,    1.0544,    1.1059,    1.1399,    1.1594,    1.2600,    1.1857,    1.2465,    1.2062,    1.2779,    1.2116,    1.2976,    2.7968,    2.7549,    2.8224,    2.8478,    2.8754,    2.7629,    2.8599,    2.9329,    2.9925,    2.7824,    2.7424,    2.8479,    7.1992,    6.7625,    6.6867,    6.4849,    5.9907,    5.6192,    4.9336,    4.5395,    4.3641,    3.8259,    2.9398,    2.7312,    2.1066,    1.8609,    1.4196,    1.3558,    0.9148,    0.6644,    0.5373,    0.2159,    0.1905,    0.1354,    0.0470,    0.0383,    0.0017,    0.0065,    0.0138,    0.0229,    0.0331,    0.0439,    0.0549,    0.0705,    0.4258,    1.0751,    1.2870,    0.9398,    0.3503,    0.2364,    0.1623,    0.2407,    0.5066,    1.0894,    1.9558,    2.8165,    3.1576,    2.9431,    2.3265,    1.8706,    0.6083,    0.5816,    0.6037,    0.6559,    0.7554,    0.8173,    1.0341,    1.0529,    1.0904,    1.1710,    1.1874,    1.2589,    0.9699,    0.9642,    0.9572,    0.9473,    0.9378,    0.9287,    0.9178,    0.9074,    0.8966,    0.8844,    0.8686,    0.8440,    0.8179,    0.7168,    0.7569,    0.5483,    0.5502,    0.5299,    0.4715,    0.3152,    0.2528,    0.1830,    0.1450,    0.1312,    0.3203,    0.3161,    0.2594,    0.2866,    0.2662,    0.3523,    0.4538,    0.4332,    0.5029,    0.4816,    0.4600,    0.4323,    0.5678,    0.4354,    0.4114,    0.3968,    0.3774,    0.3217,    0.2836,    0.2560,    0.2574,    0.2336,    0.2364,    0.2135,    0.6045,    0.4732,    0.3402,    0.2421,    0.1502,    0.0887,    0.0607,    0.0496,    0.0341,    0.0247,    0.0161,    0.0093,    0.0111,    0.0000,    0.0287,    0.0610,    0.0690,    0.0631,    0.0708,    0.0842,    0.0750,    0.1033,    0.0912,    0.0837,    0.0919,    0.0746,    0.1078,    0.1177,    0.0951,    0.0615,    0.0074,    0.0165,    0.0801,    0.0960,    0.1744,    0.1831,    0.2266,    0.2424,    0.2509,    0.2666,    0.2924,    0.2993,    0.2788,    0.2535,    0.2233,    0.2668,    0.3704,    0.3758,    0.6605,    0.7215,    0.7555,    0.7666,    0.7529,    0.8350,    0.8020,    0.9042,    0.8312,    0.9400,    0.8889,    0.9460,    2.0490,    1.9995,    2.0761,    2.0752,    2.0888,    2.0137,    2.0846,    2.1378,    2.1812,    2.0271,    1.9989,    2.0757,    5.2467,    4.9955,    4.9391,    4.7896,    4.4241,    4.1492,    3.6423,    3.3507,    3.2205,    2.8226,    2.1682,    2.0136,    1.5524,    1.6652,    1.2696,    1.2118,    0.8170,    0.5929,    0.4790,    0.1922,    0.1694,    0.1203,    0.0417,    0.0339
    2,    0.4000,  227.5722,    0.1136,  109.7880,  131.5326,   22.2330,  -21.8897,  158.4330,  163.5827,  163.6723,  163.8293,  164.1029,  164.5732,  165.3648,  166.6602,  168.4872,  170.9519,  174.2721,  178.5564,  183.8814,  190.3071,  197.9049,  205.8548,  212.8059,  218.1105,  222.1140,  224.8330,  226.3589,  227.0949,  227.3721,  227.5098,  227.5598,    0.0683,    0.2588,    0.5475,    0.9062,    1.3103,    1.7390,    2.1744,    2.5955,    2.8224,    2.2011,    2.3113,    3.4590,    3.3460,    3.6571,    3.8901,    3.8963,    3.8376,    3.5478,    3.1823,    2.7674,    2.5806,    2.6231,    2.8645,    3.0361,    1.0611,    1.0606,    1.0486,    1.0255,    0.9879,    0.9574,    0.8580,    0.8296,    0.7979,    0.7102,    0.7069,    0.6081,    0.3999,    0.3455,    0.2914,    0.2810,    0.2622,    0.2224,    0.2553,    0.2576,    0.2744,    0.3073,    0.3607,    0.4218,    0.5167,    0.5555,    0.4823,    0.5964,    0.5882,    0.5952,    0.5966,    0.6417,    0.6602,    0.6674,    0.6667,    0.6597,    1.7971,    1.7141,    1.6532,    1.5466,    1.4783,    1.3432,    1.1930,    1.1330,    1.0127,    0.9581,    0.9085,    0.8602,    1.3225,    1.2549,    1.1411,    1.0165,    0.9111,    0.8338,    0.7700,    0.6970,    0.6071,    0.5467,    0.4735,    0.4246,    0.9440,    0.6289,    0.4321,    0.2964,    0.2248,    0.1728,    0.1190,    0.0723,    0.0491,    0.0322,    0.0230,    0.0164,    0.0929,    0.0480,    0.0849,    0.0999,    0.1122,    0.1041,    0.1144,    0.1275,    0.1123,    0.1545,    0.1367,    0.1542,    0.1700,    0.1385,    0.2011,    0.2226,    0.1834,    0.1987,    0.2065,    0.2253,    0.2486,    0.1806,    0.2846,    0.3002,    0.3692,    0.3947,    0.4085,    0.4343,    0.4386,    0.4579,    0.4585,    0.5035,    0.5336,    0.5219,    0.5644,    0.5746,    0.9868,    1.0777,    1.1303,    1.1645,    1.1831,    1.2866,    1.2115,    1.2730,    1.2299,    1.3057,    1.2378,    1.3254,    2.8572,    2.8136,    2.8837,    2.9051,    2.9330,    2.8186,    2.9175,    2.9920,    3.0528,    2.8384,    2.7977,    2.9053,    7.3444,    6.8832,    6.8061,    6.6008,    6.0980,    5.7200,    5.0223,    4.6213,    4.4430,    3.8954,    2.9934,    2.7813,    2.1455,    1.8876,    1.4402,    1.3757,    0.9284,    0.6745,    0.5456,    0.2193,    0.1936,    0.1377,    0.0478,    0.0390,    0.0023,    0.0086,    0.0183,    0.0303,    0.0438,    0.0581,    0.0726,    0.0932,    0.5513,    1.3004,    1.5442,    1.1903,    0.4532,    0.3091,    0.2136,    0.3149,    0.6565,    1.3727,    2.3542,    3.2063,    3.4976,    3.3054,    2.7198,    2.2331,    0.7314,    0.6982,    0.7161,    0.7582,    0.8488,    0.8981,    1.0839,    1.0999,    1.1274,    1.1921,    1.2020,    1.2601,    0.9700,    0.9642,    0.9572,    0.9473,    0.9378,    0.9287,    0.9178,    0.9074,    0.8966,    0.8844,    0.8687,    0.8446,    0.8221,    0.7277,    0.7618,    0.5625,    0.5637,    0.5411,    0.4848,    0.3346,    0.2734,    0.2061,    0.1692,    0.1555,    0.3866,    0.3850,    0.3272,    0.3643,    0.3406,    0.4458,    0.5649,    0.5383,    0.6151,    0.5872,    0.5587,    0.5259,    0.6974,    0.5431,    0.5080,    0.4833,    0.4608,    0.3994,    0.3535,    0.3191,    0.3187,    0.2885,    0.2876,    0.2593,    0.7299,    0.5660,    0.4081,    0.2902,    0.1824,    0.1093,    0.0749,    0.0597,    0.0409,    0.0290,    0.0188,    0.0113,    0.0087,    0.0000,    0.0225,    0.0505,    0.0572,    0.0523,    0.0587,    0.0714,    0.0635,    0.0875,    0.0773,    0.0669,    0.0734,    0.0596,    0.0861,    0.0940,    0.0758,    0.0490,    0.0059,    0.0131,    0.0639,    0.0765,    0.1445,    0.1517,    0.1878,    0.2009,    0.2079,    0.2209,    0.2480,    0.2538,    0.2364,    0.2150,    0.1894,    0.2263,    0.3142,    0.3188,    0.5606,    0.6125,    0.6413,    0.6507,    0.6391,    0.7088,    0.6808,    0.7826,    0.7195,    0.8137,    0.7694,    0.8188,    1.7735,    1.7307,    1.7970,    1.7871,    1.7988,    1.7342,    1.7952,    1.8410,    1.8784,    1.7457,    1.7214,    1.7876,    4.5184,    4.3029,    4.2544,    4.1256,    3.8108,    3.5740,    3.1374,    2.8863,    2.7741,    2.4314,    1.8677,    1.7346,    1.3373,    1.5101,    1.1514,    1.0990,    0.7410,    0.5377,    0.4344,    0.1744,    0.1537,    0.1091,    0.0378,    0.0308
    2,    0.5000,  227.5722,    0.1011,  105.2456,  133.3821,   28.6254,  -24.4530,  158.4330,  163.5827,  163.6723,  163.8293,  164.1029,  164.5732,  165.3648,  166.6602,  168.4872,  170.9519,  174.2721,  178.5564,  183.8814,  190.3071,  197.9049,  205.8548,  212.8059,  218.1105,  222.1140,  224.8330,  226.3589,  227.0949,  227.3721,  227.5098,  227.5598,    0.0677,    0.2568,    0.5431,    0.8989,    1.2998,    1.7251,    2.1570,    2.5732,    2.7645,    2.0142,    2.1010,    3.3374,    3.2491,    3.5872,    3.8402,    3.8248,    3.7440,    3.4139,    3.0306,    2.6150,    2.4302,    2.4667,    2.7026,    2.8808,    1.0072,    1.0078,    0.9967,    0.9755,    0.9396,    0.9119,    0.8199,    0.7905,    0.7619,    0.6830,    0.6806,    0.5941,    0.3938,    0.3420,    0.2900,    0.2798,    0.2613,    0.2221,    0.2545,    0.2566,    0.2733,    0.3051,    0.3563,    0.4151,    0.5047,    0.5398,    0.4721,    0.5784,    0.5706,    0.5794,    0.5798,    0.6209,    0.6404,    0.6465,    0.6453,    0.6384,    1.7436,    1.6610,    1.6013,    1.4908,    1.4245,    1.2826,    1.1251,    1.0679,    0.9447,    0.8931,    0.8468,    0.8010,    1.2380,    1.1807,    1.0730,    0.9530,    0.8507,    0.7775,    0.7192,    0.6504,    0.5622,    0.5058,    0.4351,    0.3898,    0.8494,    0.5575,    0.3790,    0.2580,    0.1975,    0.1541,    0.1057,    0.0629,    0.0426,    0.0279,    0.0202,    0.0143,    0.0930,    0.0480,    0.0855,    0.1013,    0.1138,    0.1056,    0.1161,    0.1294,    0.1140,    0.1569,    0.1388,    0.1562,    0.1722,    0.1402,    0.2036,    0.2254,    0.1857,    0.1998,    0.2064,    0.2254,    0.2503,    0.1830,    0.2889,    0.3047,    0.3748,    0.4006,    0.4147,    0.4409,    0.4455,    0.4648,    0.4647,    0.5085,    0.5376,    0.5272,    0.5730,    0.5833,    1.0025,    1.0949,    1.1482,    1.1826,    1.2006,    1.3061,    1.2305,    1.2933,    1.2480,    1.3268,    1.2578,    1.3466,    2.9032,    2.8583,    2.9305,    2.9485,    2.9765,    2.8606,    2.9610,    3.0366,    3.0983,    2.8807,    2.8395,    2.9487,    7.4542,    6.9743,    6.8964,    6.6884,    6.1791,    5.7962,    5.0894,    4.6833,    4.5028,    3.9480,    3.0340,    2.8193,    2.1750,    1.9100,    1.4575,    1.3925,    0.9399,    0.6829,    0.5526,    0.2222,    0.1962,    0.1396,    0.0485,    0.0395,    0.0028,    0.0107,    0.0227,    0.0375,    0.0543,    0.0720,    0.0901,    0.1155,    0.6696,    1.4874,    1.7545,    1.4164,    0.5501,    0.3790,    0.2635,    0.3864,    0.7983,    1.6253,    2.6736,    3.4744,    3.7119,    3.5444,    3.0130,    2.5252,    0.8321,    0.7949,    0.8092,    0.8430,    0.9249,    0.9641,    1.1235,    1.1365,    1.1564,    1.2087,    1.2136,    1.2611,    0.9701,    0.9643,    0.9572,    0.9473,    0.9378,    0.9287,    0.9178,    0.9074,    0.8966,    0.8845,    0.8687,    0.8451,    0.8260,    0.7376,    0.7664,    0.5756,    0.5762,    0.5516,    0.4973,    0.3526,    0.2927,    0.2277,    0.1918,    0.1782,    0.4489,    0.4495,    0.3906,    0.4364,    0.4096,    0.5302,    0.6616,    0.6298,    0.7095,    0.6760,    0.6418,    0.6049,    0.8091,    0.6377,    0.5929,    0.5590,    0.5331,    0.4668,    0.4144,    0.3742,    0.3714,    0.3358,    0.3311,    0.2982,    0.8328,    0.6407,    0.4624,    0.3286,    0.2090,    0.1268,    0.0869,    0.0682,    0.0465,    0.0327,    0.0211,    0.0130,    0.0068,    0.0000,    0.0176,    0.0419,    0.0474,    0.0433,    0.0486,    0.0605,    0.0538,    0.0741,    0.0655,    0.0534,    0.0587,    0.0476,    0.0688,    0.0751,    0.0604,    0.0391,    0.0047,    0.0105,    0.0509,    0.0610,    0.1198,    0.1258,    0.1557,    0.1665,    0.1724,    0.1831,    0.2104,    0.2153,    0.2006,    0.1824,    0.1607,    0.1920,    0.2665,    0.2704,    0.4760,    0.5200,    0.5444,    0.5525,    0.5426,    0.6018,    0.5780,    0.6775,    0.6229,    0.7044,    0.6661,    0.7089,    1.5354,    1.4983,    1.5557,    1.5395,    1.5495,    1.4939,    1.5465,    1.5859,    1.6181,    1.5038,    1.4829,    1.5399,    3.8923,    3.7082,    3.6664,    3.5554,    3.2842,    3.0801,    2.7039,    2.4875,    2.3908,    2.0955,    1.6097,    1.4950,    1.1526,    1.3699,    1.0445,    0.9970,    0.6722,    0.4879,    0.3942,    0.1582,    0.1395,    0.0990,    0.0343,    0.0279
    2,    0.7500,  227.5722,    0.0816,   96.2695,  136.2741,   40.4945,  -29.6704,  158.4330,  163.5827,  163.6723,  163.8293,  164.1029,  164.5732,  165.3648,  166.6602,  168.4872,  170.9519,  174.2721,  178.5564,  183.8814,  190.3071,  197.9049,  205.8548,  212.8059,  218.1105,  222.1140,  224.8330,  226.3589,  227.0949,  227.3721,  227.5098,  227.5598,    0.0664,    0.2517,    0.5325,    0.8812,    1.2743,    1.6912,    2.1146,    2.5191,    2.6384,    1.6616,    1.7118,    3.0946,    3.0299,    3.4237,    3.7207,    3.6570,    3.5367,    3.1472,    2.7543,    2.3530,    2.1783,    2.2011,    2.4127,    2.5887,    0.9049,    0.9068,    0.8971,    0.8790,    0.8464,    0.8235,    0.7458,    0.7156,    0.6922,    0.6292,    0.6281,    0.5639,    0.3803,    0.3340,    0.2867,    0.2771,    0.2592,    0.2213,    0.2526,    0.2544,    0.2704,    0.3000,    0.3462,    0.3999,    0.4781,    0.5056,    0.4490,    0.5385,    0.5316,    0.5438,    0.5421,    0.5747,    0.5964,    0.6000,    0.5979,    0.5912,    1.6244,    1.5435,    1.4864,    1.3698,    1.3080,    1.1554,    0.9886,    0.9370,    0.8123,    0.7666,    0.7262,    0.6855,    1.0695,    1.0305,    0.9350,    0.8256,    0.7306,    0.6657,    0.6169,    0.5567,    0.4733,    0.4248,    0.3602,    0.3218,    0.6739,    0.4296,    0.2857,    0.1913,    0.1482,    0.1188,    0.0808,    0.0461,    0.0310,    0.0202,    0.0149,    0.0105,    0.0931,    0.0480,    0.0861,    0.1032,    0.1160,    0.1075,    0.1183,    0.1323,    0.1166,    0.1605,    0.1419,    0.1587,    0.1750,    0.1425,    0.2069,    0.2289,    0.1886,    0.2012,    0.2061,    0.2252,    0.2524,    0.1859,    0.2949,    0.3109,    0.3826,    0.4089,    0.4233,    0.4500,    0.4557,    0.4752,    0.4739,    0.5158,    0.5433,    0.5351,    0.5858,    0.5963,    1.0259,    1.1205,    1.1750,    1.2095,    1.2265,    1.3352,    1.2587,    1.3252,    1.2766,    1.3603,    1.2894,    1.3802,    2.9760,    2.9290,    3.0044,    3.0159,    3.0442,    2.9261,    3.0288,    3.1061,    3.1693,    2.9467,    2.9046,    3.0163,    7.6251,    7.1165,    7.0372,    6.8253,    6.3059,    5.9154,    5.1944,    4.7803,    4.5965,    4.0306,    3.0978,    2.8790,    2.2215,    1.9512,    1.4894,    1.4234,    0.9612,    0.6987,    0.5656,    0.2275,    0.2011,    0.1432,    0.0498,    0.0406,    0.0042,    0.0158,    0.0334,    0.0552,    0.0798,    0.1059,    0.1325,    0.1696,    0.9375,    1.8403,    2.1440,    1.8939,    0.7694,    0.5426,    0.3830,    0.5542,    1.1207,    2.1481,    3.2297,    3.8481,    3.9812,    3.8616,    3.4713,    3.0380,    1.0130,    0.9729,    0.9801,    0.9988,    1.0608,    1.0821,    1.1920,    1.1981,    1.2054,    1.2368,    1.2335,    1.2632,    0.9704,    0.9643,    0.9572,    0.9473,    0.9378,    0.9287,    0.9178,    0.9074,    0.8966,    0.8845,    0.8690,    0.8462,    0.8343,    0.7586,    0.7765,    0.6045,    0.6036,    0.5751,    0.5250,    0.3924,    0.3361,    0.2760,    0.2424,    0.2290,    0.5896,    0.5945,    0.5331,    0.5950,    0.5616,    0.7085,    0.8536,    0.8117,    0.8873,    0.8436,    0.7992,    0.7544,    1.0277,    0.8294,    0.7650,    0.7116,    0.6771,    0.6010,    0.5366,    0.4846,    0.4745,    0.4283,    0.4147,    0.3732,    1.0200,    0.7730,    0.5576,    0.3959,    0.2576,    0.1606,    0.1103,    0.0840,    0.0572,    0.0397,    0.0257,    0.0163,    0.0037,    0.0000,    0.0096,    0.0262,    0.0297,    0.0271,    0.0305,    0.0400,    0.0356,    0.0491,    0.0434,    0.0305,    0.0335,    0.0272,    0.0393,    0.0429,    0.0344,    0.0223,    0.0027,    0.0060,    0.0290,    0.0347,    0.0750,    0.0788,    0.0975,    0.1043,    0.1080,    0.1147,    0.1396,    0.1429,    0.1331,    0.1211,    0.1067,    0.1275,    0.1768,    0.1794,    0.3165,    0.3457,    0.3620,    0.3673,    0.3608,    0.4001,    0.3843,    0.4729,    0.4348,    0.4916,    0.4649,    0.4948,    1.0717,    1.0458,    1.0858,    1.0620,    1.0689,    1.0305,    1.0668,    1.0940,    1.1162,    1.0373,    1.0229,    1.0622,    2.6850,    2.5630,    2.5341,    2.4574,    2.2700,    2.1289,    1.8689,    1.7194,    1.6526,    1.4485,    1.1128,    1.0335,    0.7968,    1.0754,    0.8201,    0.7828,    0.5279,    0.3831,    0.3096,    0.1243,    0.1096,    0.0778,    0.0270,    0.0219
    2,    1.0000,  227.5722,    0.0718,   89.5416,  137.7293,   48.6785,  -33.0394,  158.4330,  163.5827,  163.6723,  163.8293,  164.1029,  164.5732,  165.3648,  166.6602,  168.4872,  170.9519,  174.2721,  178.5564,  183.8814,  190.3071,  197.9049,  205.8548,  212.8059,  218.1105,  222.1140,  224.8330,  226.3589,  227.0949,  227.3721,  227.5098,  227.5598,    0.0651,    0.2469,    0.5222,    0.8643,    1.2497,    1.6586,    2.0739,    2.4673,    2.5343,    1.4141,    1.4444,    2.9150,    2.8383,    3.2744,    3.6085,    3.5034,    3.3615,    2.9492,    2.5650,    2.1840,    2.0207,    2.0329,    2.2189,    2.3829,    0.8323,    0.8344,    0.8254,    0.8093,    0.7792,    0.7593,    0.6918,    0.6618,    0.6418,    0.5894,    0.5885,    0.5392,    0.3686,    0.3269,    0.2837,    0.2745,    0.2571,    0.2206,    0.2508,    0.2523,    0.2678,    0.2952,    0.3371,    0.3863,    0.4553,    0.4772,    0.4289,    0.5049,    0.4986,    0.5129,    0.5096,    0.5353,    0.5586,    0.5604,    0.5576,    0.5510,    1.5226,    1.4440,    1.3891,    1.2699,    1.2117,    1.0547,    0.8858,    0.8383,    0.7165,    0.6751,    0.6388,    0.6018,    0.9444,    0.9165,    0.8302,    0.7300,    0.6414,    0.5827,    0.5400,    0.4863,    0.4081,    0.3654,    0.3063,    0.2729,    0.5562,    0.3475,    0.2273,    0.1502,    0.1166,    0.0947,    0.0639,    0.0353,    0.0236,    0.0153,    0.0114,    0.0079,    0.0930,    0.0479,    0.0863,    0.1040,    0.1169,    0.1084,    0.1192,    0.1336,    0.1178,    0.1621,    0.1433,    0.1596,    0.1760,    0.1433,    0.2080,    0.2301,    0.1896,    0.2015,    0.2058,    0.2250,    0.2531,    0.1869,    0.2973,    0.3135,    0.3858,    0.4124,    0.4269,    0.4538,    0.4604,    0.4799,    0.4781,    0.5191,    0.5458,    0.5385,    0.5917,    0.6023,    1.0368,    1.1324,    1.1874,    1.2220,    1.2385,    1.3487,    1.2718,    1.3415,    1.2910,    1.3773,    1.3054,    1.3972,    3.0130,    2.9650,    3.0420,    3.0494,    3.0779,    2.9586,    3.0625,    3.1407,    3.2046,    2.9794,    2.9369,    3.0499,    7.7101,    7.1875,    7.1075,    6.8937,    6.3692,    5.9751,    5.2471,    4.8290,    4.6436,    4.0722,    3.1301,    2.9093,    2.2452,    1.9779,    1.5101,    1.4435,    0.9750,    0.7090,    0.5742,    0.2311,    0.2043,    0.1455,    0.0507,    0.0414,    0.0054,    0.0206,    0.0436,    0.0722,    0.1044,    0.1385,    0.1732,    0.2214,    1.1706,    2.0880,    2.4117,    2.2728,    0.9610,    0.6919,    0.4953,    0.7078,    1.4039,    2.5505,    3.5654,    4.0194,    4.0946,    4.0013,    3.7124,    3.3517,    1.1272,    1.0890,    1.0912,    1.1003,    1.1459,    1.1564,    1.2334,    1.2341,    1.2344,    1.2535,    1.2457,    1.2648,    0.9706,    0.9644,    0.9572,    0.9473,    0.9379,    0.9287,    0.9178,    0.9075,    0.8966,    0.8845,    0.8691,    0.8472,    0.8411,    0.7753,    0.7851,    0.6287,    0.6267,    0.5952,    0.5486,    0.4263,    0.3735,    0.3176,    0.2860,    0.2728,    0.7119,    0.7197,    0.6561,    0.7285,    0.6894,    0.8498,    0.9937,    0.9444,    1.0080,    0.9575,    0.9066,    0.8567,    1.1840,    0.9734,    0.8945,    0.8259,    0.7828,    0.6996,    0.6271,    0.5664,    0.5485,    0.4949,    0.4732,    0.4257,    1.1422,    0.8567,    0.6173,    0.4381,    0.2897,    0.1843,    0.1268,    0.0948,    0.0646,    0.0445,    0.0289,    0.0187,    0.0020,    0.0000,    0.0053,    0.0165,    0.0186,    0.0170,    0.0191,    0.0265,    0.0236,    0.0325,    0.0288,    0.0175,    0.0192,    0.0156,    0.0225,    0.0246,    0.0196,    0.0127,    0.0015,    0.0034,    0.0165,    0.0198,    0.0471,    0.0494,    0.0612,    0.0655,    0.0678,    0.0720,    0.0928,    0.0950,    0.0885,    0.0805,    0.0710,    0.0848,    0.1176,    0.1193,    0.2107,    0.2302,    0.2411,    0.2446,    0.2403,    0.2665,    0.2559,    0.3306,    0.3040,    0.3437,    0.3250,    0.3459,    0.7492,    0.7311,    0.7591,    0.7344,    0.7392,    0.7126,    0.7377,    0.7565,    0.7719,    0.7174,    0.7074,    0.7346,    1.8568,    1.7779,    1.7579,    1.7047,    1.5747,    1.4769,    1.2966,    1.1929,    1.1466,    1.0050,    0.7721,    0.7171,    0.5529,    0.8462,    0.6453,    0.6161,    0.4155,    0.3016,    0.2437,    0.0979,    0.0863,    0.0613,    0.0213,    0.0173
    2,    1.2500,  227.5722,    0.0668,   84.2522,  138.4699,   54.7096,  -34.8813,  158.4330,  163.5827,  163.6723,  163.8293,  164.1029,  164.5732,  165.3648,  166.6602,  168.4872,  170.9519,  174.2721,  178.5564,  183.8814,  190.3071,  197.9049,  205.8548,  212.8059,  218.1105,  222.1140,  224.8330,  226.3589,  227.0949,  227.3721,  227.5098,  227.5598,    0.0639,    0.2422,    0.5123,    0.8479,    1.2261,    1.6273,    2.0347,    2.4175,    2.4475,    1.2309,    1.2493,    2.7781,    2.6695,    3.1376,    3.5028,    3.3622,    3.2120,    2.7967,    2.4252,    2.0647,    1.9115,    1.9157,    2.0794,    2.2294,    0.7777,    0.7797,    0.7710,    0.7563,    0.7282,    0.7105,    0.6506,    0.6213,    0.6034,    0.5586,    0.5575,    0.5186,    0.3584,    0.3205,    0.2808,    0.2720,    0.2552,    0.2198,    0.2490,    0.2502,    0.2652,    0.2907,    0.3288,    0.3741,    0.4357,    0.4532,    0.4112,    0.4761,    0.4704,    0.4858,    0.4813,    0.5013,    0.5260,    0.5264,    0.5230,    0.5165,    1.4348,    1.3588,    1.3059,    1.1862,    1.1311,    0.9731,    0.8058,    0.7615,    0.6445,    0.6063,    0.5730,    0.5388,    0.8483,    0.8273,    0.7482,    0.6559,    0.5728,    0.5189,    0.4805,    0.4317,    0.3586,    0.3204,    0.2663,    0.2367,    0.4737,    0.2919,    0.1887,    0.1234,    0.0954,    0.0778,    0.0521,    0.0282,    0.0187,    0.0121,    0.0090,    0.0062,    0.0929,    0.0479,    0.0864,    0.1043,    0.1173,    0.1087,    0.1196,    0.1342,    0.1183,    0.1629,    0.1440,    0.1599,    0.1763,    0.1435,    0.2084,    0.2305,    0.1899,    0.2016,    0.2056,    0.2248,    0.2532,    0.1873,    0.2984,    0.3146,    0.3871,    0.4138,    0.4284,    0.4554,    0.4626,    0.4821,    0.4801,    0.5205,    0.5467,    0.5401,    0.5944,    0.6050,    1.0419,    1.1379,    1.1932,    1.2277,    1.2440,    1.3550,    1.2779,    1.3498,    1.2983,    1.3860,    1.3136,    1.4059,    3.0319,    2.9833,    3.0612,    3.0661,    3.0946,    2.9748,    3.0793,    3.1579,    3.2221,    2.9958,    2.9531,    3.0667,    7.7525,    7.2230,    7.1428,    6.9280,    6.4011,    6.0052,    5.2737,    4.8537,    4.6676,    4.0934,    3.1467,    2.9248,    2.2574,    1.9951,    1.5235,    1.4567,    0.9841,    0.7158,    0.5799,    0.2335,    0.2065,    0.1472,    0.0512,    0.0419,    0.0067,    0.0253,    0.0535,    0.0885,    0.1280,    0.1699,    0.2124,    0.2712,    1.3745,    2.2715,    2.6071,    2.5771,    1.1298,    0.8287,    0.6009,    0.8491,    1.6542,    2.8639,    3.7746,    4.1085,    4.1535,    4.0742,    3.8485,    3.5501,    1.2014,    1.1666,    1.1652,    1.1681,    1.2011,    1.2047,    1.2596,    1.2565,    1.2527,    1.2642,    1.2538,    1.2661,    0.9708,    0.9645,    0.9572,    0.9473,    0.9379,    0.9287,    0.9178,    0.9075,    0.8966,    0.8846,    0.8693,    0.8480,    0.8467,    0.7889,    0.7924,    0.6494,    0.6463,    0.6127,    0.5691,    0.4553,    0.4062,    0.3539,    0.3239,    0.3108,    0.8191,    0.8288,    0.7632,    0.8420,    0.7981,    0.9632,    1.0977,    1.0432,    1.0923,    1.0372,    0.9821,    0.9287,    1.2984,    1.0837,    0.9938,    0.9137,    0.8625,    0.7739,    0.6955,    0.6285,    0.6029,    0.5439,    0.5152,    0.4636,    1.2257,    0.9125,    0.6569,    0.4662,    0.3119,    0.2015,    0.1388,    0.1024,    0.0698,    0.0480,    0.0314,    0.0205,    0.0011,    0.0000,    0.0029,    0.0104,    0.0117,    0.0107,    0.0120,    0.0176,    0.0157,    0.0216,    0.0191,    0.0101,    0.0111,    0.0090,    0.0130,    0.0142,    0.0112,    0.0073,    0.0009,    0.0020,    0.0095,    0.0113,    0.0296,    0.0311,    0.0385,    0.0412,    0.0426,    0.0453,    0.0618,    0.0633,    0.0590,    0.0537,    0.0473,    0.0565,    0.0783,    0.0795,    0.1406,    0.1536,    0.1608,    0.1632,    0.1603,    0.1778,    0.1708,    0.2315,    0.2129,    0.2407,    0.2276,    0.2422,    0.5246,    0.5120,    0.5316,    0.5092,    0.5125,    0.4941,    0.5115,    0.5245,    0.5352,    0.4974,    0.4905,    0.5093,    1.2874,    1.2379,    1.2240,    1.1870,    1.0965,    1.0284,    0.9028,    0.8306,    0.7984,    0.6998,    0.5377,    0.4994,    0.3851,    0.6673,    0.5089,    0.4859,    0.3277,    0.2379,    0.1923,    0.0772,    0.0681,    0.0484,    0.0168,    0.0137
    2,    1.5000,  227.5722,    0.0643,   79.9502,  138.8520,   59.3947,  -35.6166,  158.4330,  163.5827,  163.6723,  163.8293,  164.1029,  164.5732,  165.3648,  166.6602,  168.4872,  170.9519,  174.2721,  178.5564,  183.8814,  190.3071,  197.9049,  205.8548,  212.8059,  218.1105,  222.1140,  224.8330,  226.3589,  227.0949,  227.3721,  227.5098,  227.5598,    0.0627,    0.2377,    0.5028,    0.8322,    1.2033,    1.5971,    1.9969,    2.3697,    2.3744,    1.0898,    1.1008,    2.6709,    2.5197,    3.0118,    3.4032,    3.2319,    3.0836,    2.6752,    2.3166,    1.9752,    1.8305,    1.8287,    1.9738,    2.1101,    0.7351,    0.7367,    0.7283,    0.7145,    0.6882,    0.6720,    0.6180,    0.5895,    0.5733,    0.5340,    0.5326,    0.5010,    0.3495,    0.3147,    0.2781,    0.2696,    0.2533,    0.2191,    0.2473,    0.2483,    0.2628,    0.2865,    0.3213,    0.3632,    0.4185,    0.4326,    0.3955,    0.4511,    0.4459,    0.4619,    0.4563,    0.4717,    0.4976,    0.4967,    0.4929,    0.4866,    1.3584,    1.2851,    1.2340,    1.1152,    1.0626,    0.9055,    0.7419,    0.7002,    0.5887,    0.5530,    0.5220,    0.4900,    0.7726,    0.7558,    0.6824,    0.5968,    0.5186,    0.4686,    0.4332,    0.3885,    0.3202,    0.2855,    0.2359,    0.2091,    0.4138,    0.2526,    0.1618,    0.1049,    0.0805,    0.0655,    0.0435,    0.0232,    0.0153,    0.0098,    0.0074,    0.0050,    0.0928,    0.0478,    0.0863,    0.1045,    0.1174,    0.1088,    0.1198,    0.1345,    0.1185,    0.1632,    0.1443,    0.1600,    0.1764,    0.1436,    0.2085,    0.2307,    0.1900,    0.2016,    0.2054,    0.2246,    0.2532,    0.1874,    0.2988,    0.3150,    0.3877,    0.4144,    0.4290,    0.4560,    0.4636,    0.4831,    0.4809,    0.5211,    0.5471,    0.5407,    0.5957,    0.6063,    1.0442,    1.1405,    1.1958,    1.2304,    1.2465,    1.3578,    1.2807,    1.3540,    1.3020,    1.3904,    1.3178,    1.4103,    3.0415,    2.9926,    3.0710,    3.0744,    3.1030,    2.9829,    3.0877,    3.1665,    3.2309,    3.0039,    2.9611,    3.0751,    7.7738,    7.2410,    7.1606,    6.9454,    6.4173,    6.0205,    5.2872,    4.8663,    4.6799,    4.1044,    3.1552,    2.9330,    2.2639,    2.0063,    1.5323,    1.4653,    0.9901,    0.7204,    0.5837,    0.2351,    0.2080,    0.1483,    0.0516,    0.0422,    0.0079,    0.0298,    0.0630,    0.1043,    0.1508,    0.2001,    0.2502,    0.3190,    1.5534,    2.4128,    2.7559,    2.8236,    1.2797,    0.9546,    0.7006,    0.9795,    1.8767,    3.1104,    3.9093,    4.1609,    4.1893,    4.1181,    3.9315,    3.6802,    1.2511,    1.2199,    1.2159,    1.2147,    1.2381,    1.2373,    1.2771,    1.2713,    1.2650,    1.2715,    1.2595,    1.2671,    0.9710,    0.9645,    0.9572,    0.9473,    0.9379,    0.9287,    0.9178,    0.9075,    0.8966,    0.8846,    0.8695,    0.8488,    0.8513,    0.7999,    0.7988,    0.6672,    0.6633,    0.6281,    0.5869,    0.4806,    0.4349,    0.3857,    0.3572,    0.3442,    0.9140,    0.9245,    0.8572,    0.9393,    0.8913,    1.0553,    1.1764,    1.1179,    1.1528,    1.0945,    1.0365,    0.9807,    1.3839,    1.1697,    1.0713,    0.9824,    0.9238,    0.8312,    0.7484,    0.6764,    0.6439,    0.5810,    0.5463,    0.4917,    1.2850,    0.9517,    0.6845,    0.4859,    0.3279,    0.2144,    0.1479,    0.1080,    0.0737,    0.0506,    0.0332,    0.0219,    0.0006,    0.0000,    0.0016,    0.0066,    0.0074,    0.0068,    0.0076,    0.0117,    0.0104,    0.0144,    0.0127,    0.0058,    0.0064,    0.0052,    0.0075,    0.0082,    0.0064,    0.0042,    0.0005,    0.0011,    0.0054,    0.0065,    0.0187,    0.0196,    0.0243,    0.0260,    0.0269,    0.0285,    0.0413,    0.0423,    0.0394,    0.0359,    0.0316,    0.0377,    0.0523,    0.0531,    0.0940,    0.1027,    0.1075,    0.1091,    0.1072,    0.1189,    0.1142,    0.1624,    0.1494,    0.1689,    0.1597,    0.1699,    0.3681,    0.3592,    0.3729,    0.3540,    0.3563,    0.3435,    0.3556,    0.3647,    0.3721,    0.3458,    0.3410,    0.3541,    0.8950,    0.8649,    0.8552,    0.8294,    0.7661,    0.7186,    0.6308,    0.5804,    0.5579,    0.4890,    0.3757,    0.3490,    0.2691,    0.5274,    0.4022,    0.3841,    0.2591,    0.1881,    0.1520,    0.0611,    0.0539,    0.0383,    0.0133,    0.0108
    2,    1.7500,  227.5722,    0.0629,   76.3607,  139.0525,   63.1856,  -35.6000,  158.4330,  163.5827,  163.6723,  163.8293,  164.1029,  164.5732,  165.3648,  166.6602,  168.4872,  170.9519,  174.2721,  178.5564,  183.8814,  190.3071,  197.9049,  205.8548,  212.8059,  218.1105,  222.1140,  224.8330,  226.3589,  227.0949,  227.3721,  227.5098,  227.5598,    0.0616,    0.2334,    0.4937,    0.8170,    1.1814,    1.5680,    1.9606,    2.3238,    2.3122,    0.9778,    0.9839,    2.5847,    2.3858,    2.8957,    3.3090,    3.1113,    2.9724,    2.5757,    2.2293,    1.9052,    1.7674,    1.7609,    1.8907,    2.0146,    0.7009,    0.7020,    0.6938,    0.6806,    0.6560,    0.6409,    0.5915,    0.5640,    0.5488,    0.5138,    0.5120,    0.4859,    0.3415,    0.3094,    0.2755,    0.2674,    0.2515,    0.2184,    0.2457,    0.2464,    0.2604,    0.2826,    0.3144,    0.3533,    0.4034,    0.4148,    0.3814,    0.4293,    0.4244,    0.4405,    0.4342,    0.4457,    0.4726,    0.4708,    0.4666,    0.4605,    1.2915,    1.2209,    1.1713,    1.0542,    1.0037,    0.8488,    0.6898,    0.6502,    0.5443,    0.5106,    0.4815,    0.4513,    0.7116,    0.6973,    0.6286,    0.5487,    0.4748,    0.4280,    0.3950,    0.3536,    0.2898,    0.2578,    0.2121,    0.1877,    0.3687,    0.2236,    0.1422,    0.0915,    0.0696,    0.0564,    0.0372,    0.0197,    0.0129,    0.0082,    0.0061,    0.0041,    0.0927,    0.0478,    0.0863,    0.1045,    0.1175,    0.1089,    0.1199,    0.1346,    0.1187,    0.1634,    0.1445,    0.1601,    0.1764,    0.1437,    0.2085,    0.2307,    0.1900,    0.2016,    0.2052,    0.2245,    0.2532,    0.1874,    0.2990,    0.3152,    0.3879,    0.4147,    0.4292,    0.4563,    0.4641,    0.4836,    0.4813,    0.5213,    0.5471,    0.5409,    0.5963,    0.6069,    1.0453,    1.1417,    1.1971,    1.2317,    1.2477,    1.3592,    1.2821,    1.3561,    1.3038,    1.3927,    1.3199,    1.4126,    3.0464,    2.9973,    3.0760,    3.0786,    3.1072,    2.9870,    3.0919,    3.1709,    3.2353,    3.0080,    2.9652,    3.0793,    7.7845,    7.2500,    7.1696,    6.9542,    6.4255,    6.0283,    5.2942,    4.8729,    4.6863,    4.1102,    3.1598,    2.9373,    2.2673,    2.0137,    1.5381,    1.4711,    0.9942,    0.7234,    0.5863,    0.2362,    0.2090,    0.1490,    0.0519,    0.0425,    0.0090,    0.0341,    0.0722,    0.1194,    0.1727,    0.2292,    0.2865,    0.3650,    1.7109,    2.5251,    2.8730,    3.0247,    1.4136,    1.0708,    0.7948,    1.1001,    2.0753,    3.3058,    3.9992,    4.1951,    4.2136,    4.1476,    3.9857,    3.7688,    1.2854,    1.2574,    1.2515,    1.2475,    1.2638,    1.2601,    1.2893,    1.2818,    1.2737,    1.2768,    1.2638,    1.2681,    0.9712,    0.9646,    0.9572,    0.9473,    0.9379,    0.9287,    0.9178,    0.9075,    0.8966,    0.8846,    0.8697,    0.8494,    0.8552,    0.8090,    0.8044,    0.6826,    0.6780,    0.6416,    0.6026,    0.5028,    0.4603,    0.4140,    0.3867,    0.3738,    0.9983,    1.0091,    0.9403,    1.0234,    0.9717,    1.1306,    1.2368,    1.1755,    1.1973,    1.1368,    1.0768,    1.0192,    1.4490,    1.2377,    1.1327,    1.0369,    0.9718,    0.8760,    0.7898,    0.7141,    0.6755,    0.6095,    0.5699,    0.5130,    1.3287,    0.9803,    0.7048,    0.5003,    0.3398,    0.2243,    0.1549,    0.1122,    0.0767,    0.0526,    0.0347,    0.0230,    0.0003,    0.0000,    0.0009,    0.0042,    0.0047,    0.0043,    0.0048,    0.0078,    0.0070,    0.0096,    0.0085,    0.0034,    0.0037,    0.0030,    0.0043,    0.0047,    0.0037,    0.0024,    0.0003,    0.0007,    0.0031,    0.0037,    0.0118,    0.0124,    0.0153,    0.0164,    0.0170,    0.0180,    0.0276,    0.0283,    0.0264,    0.0240,    0.0212,    0.0253,    0.0350,    0.0355,    0.0630,    0.0688,    0.0720,    0.0731,    0.0718,    0.0796,    0.0765,    0.1142,    0.1050,    0.1187,    0.1122,    0.1194,    0.2587,    0.2525,    0.2621,    0.2467,    0.2484,    0.2394,    0.2479,    0.2542,    0.2593,    0.2410,    0.2377,    0.2468,    0.6239,    0.6063,    0.5995,    0.5814,    0.5371,    0.5037,    0.4423,    0.4069,    0.3911,    0.3429,    0.2634,    0.2447,    0.1887,    0.4176,    0.3185,    0.3042,    0.2052,    0.1490,    0.1204,    0.0484,    0.0427,    0.0303,    0.0105,    0.0086
    2,    2.0000,  227.5722,    0.0622,   73.3052,  139.1599,   66.3496,  -35.0960,  158.4330,  163.5827,  163.6723,  163.8293,  164.1029,  164.5732,  165.3648,  166.6602,  168.4872,  170.9519,  174.2721,  178.5564,  183.8814,  190.3071,  197.9049,  205.8548,  212.8059,  218.1105,  222.1140,  224.8330,  226.3589,  227.0949,  227.3721,  227.5098,  227.5598,    0.0605,    0.2292,    0.4848,    0.8024,    1.1603,    1.5399,    1.9255,    2.2796,    2.2588,    0.8867,    0.8896,    2.5137,    2.2655,    2.7882,    3.2200,    2.9994,    2.8753,    2.4922,    2.1575,    1.8485,    1.7166,    1.7063,    1.8234,    1.9362,    0.6727,    0.6733,    0.6653,    0.6527,    0.6294,    0.6151,    0.5696,    0.5428,    0.5286,    0.4969,    0.4946,    0.4727,    0.3343,    0.3046,    0.2731,    0.2653,    0.2498,    0.2178,    0.2442,    0.2447,    0.2582,    0.2789,    0.3081,    0.3443,    0.3900,    0.3991,    0.3687,    0.4101,    0.4055,    0.4213,    0.4144,    0.4227,    0.4505,    0.4479,    0.4435,    0.4375,    1.2324,    1.1644,    1.1162,    1.0012,    0.9526,    0.8004,    0.6466,    0.6088,    0.5084,    0.4764,    0.4486,    0.4200,    0.6616,    0.6487,    0.5838,    0.5087,    0.4387,    0.3947,    0.3637,    0.3249,    0.2651,    0.2355,    0.1932,    0.1706,    0.3338,    0.2015,    0.1274,    0.0815,    0.0615,    0.0494,    0.0324,    0.0171,    0.0111,    0.0070,    0.0052,    0.0035,    0.0927,    0.0478,    0.0863,    0.1046,    0.1175,    0.1089,    0.1199,    0.1347,    0.1187,    0.1634,    0.1445,    0.1601,    0.1765,    0.1437,    0.2086,    0.2307,    0.1901,    0.2015,    0.2051,    0.2243,    0.2531,    0.1875,    0.2990,    0.3153,    0.3880,    0.4148,    0.4293,    0.4564,    0.4643,    0.4838,    0.4815,    0.5213,    0.5470,    0.5410,    0.5965,    0.6071,    1.0459,    1.1422,    1.1977,    1.2322,    1.2482,    1.3598,    1.2827,    1.3572,    1.3047,    1.3939,    1.3210,    1.4137,    3.0489,    2.9998,    3.0786,    3.0807,    3.1092,    2.9890,    3.0940,    3.1730,    3.2376,    3.0101,    2.9672,    3.0814,    7.7899,    7.2547,    7.1743,    6.9588,    6.4298,    6.0324,    5.2979,    4.8763,    4.6898,    4.1133,    3.1623,    2.9397,    2.2693,    2.0186,    1.5420,    1.4749,    0.9969,    0.7255,    0.5881,    0.2369,    0.2097,    0.1496,    0.0521,    0.0426,    0.0101,    0.0383,    0.0810,    0.1340,    0.1938,    0.2572,    0.3216,    0.4092,    1.8499,    2.6164,    2.9677,    3.1897,    1.5340,    1.1783,    0.8839,    1.2120,    2.2532,    3.4616,    4.0613,    4.2193,    4.2313,    4.1687,    4.0235,    3.8313,    1.3099,    1.2844,    1.2772,    1.2714,    1.2823,    1.2766,    1.2982,    1.2895,    1.2803,    1.2809,    1.2671,    1.2689,    0.9713,    0.9646,    0.9572,    0.9473,    0.9379,    0.9287,    0.9178,    0.9075,    0.8967,    0.8846,    0.8698,    0.8500,    0.8586,    0.8166,    0.8093,    0.6962,    0.6910,    0.6537,    0.6165,    0.5224,    0.4831,    0.4392,    0.4130,    0.4002,    1.0738,    1.0841,    1.0140,    1.0963,    1.0417,    1.1928,    1.2840,    1.2204,    1.2309,    1.1688,    1.1073,    1.0484,    1.4995,    1.2921,    1.1820,    1.0809,    1.0100,    0.9117,    0.8228,    0.7442,    0.7002,    0.6319,    0.5881,    0.5295,    1.3620,    1.0020,    0.7201,    0.5112,    0.3490,    0.2321,    0.1604,    0.1155,    0.0790,    0.0541,    0.0358,    0.0238,    0.0002,    0.0000,    0.0005,    0.0026,    0.0030,    0.0027,    0.0031,    0.0052,    0.0047,    0.0064,    0.0057,    0.0020,    0.0021,    0.0017,    0.0025,    0.0027,    0.0021,    0.0014,    0.0002,    0.0004,    0.0018,    0.0022,    0.0075,    0.0078,    0.0097,    0.0104,    0.0108,    0.0114,    0.0185,    0.0190,    0.0177,    0.0161,    0.0142,    0.0170,    0.0235,    0.0238,    0.0423,    0.0462,    0.0484,    0.0491,    0.0482,    0.0535,    0.0513,    0.0804,    0.0739,    0.0836,    0.0790,    0.0841,    0.1822,    0.1778,    0.1846,    0.1724,    0.1736,    0.1673,    0.1732,    0.1776,    0.1812,    0.1684,    0.1661,    0.1725,    0.4360,    0.4263,    0.4215,    0.4088,    0.3776,    0.3542,    0.3110,    0.2861,    0.2750,    0.2411,    0.1852,    0.1721,    0.1327,    0.3313,    0.2527,    0.2414,    0.1628,    0.1182,    0.0956,    0.0384,    0.0339,    0.0241,    0.0084,    0.0068
