Particle       ,data/QEXT_96IR_84_VIS_RNC10_2_9umrod
Ncase          ,  14
dt (sols)      ,  0.020833
Qext 0.67um    ,  1.929245
Alb sfc        ,  0.220000
Conrath nu     ,  0.002000
Sun Flux (W/m2),148.389262
BWN IR (cm-1)  ,     10.0000,     34.1670,     58.3330,     82.5000,    106.6670,    130.8330,    155.0000,    179.1670,    203.3330,    227.5000,    251.6670,    275.8330,    300.0000,    320.7880,    341.5750,    362.3630,    383.1500,    403.9380,    424.7250,    445.5130,    466.3010,    487.0880,    507.8760,    528.6630,    549.4510,    556.7420,    564.0330,    571.3240,    578.6150,    585.9060,    593.1970,    600.4880,    607.7790,    615.0700,    622.3610,    629.6520,    636.9430,    642.5500,    648.1570,    653.7640,    659.3700,    664.9770,    670.5840,    676.1910,    681.7980,    687.4050,    693.0110,    698.6180,    704.2250,    710.1390,    716.0530,    721.9670,    727.8810,    733.7950,    739.7090,    745.6240,    751.5380,    757.4520,    763.3660,    769.2800,    775.1940,    791.5010,    807.8070,    824.1140,    840.4210,    856.7270,    873.0340,    889.3410,    905.6470,    921.9540,    938.2610,    954.5670,    970.8740,    996.8050,   1022.7370,   1048.6680,   1074.6000,   1100.5310,   1126.4630,   1152.3940,   1178.3250,   1204.2570,   1230.1880,   1256.1200,   1282.0510,   1360.3990,   1438.7460,   1517.0940,   1595.4410,   1673.7890,   1752.1370,   1830.4840,   1908.8320,   1987.1790,   2065.5270,   2143.8740,   2222.2220
BWN VIS (cm-1) ,   2222.2200,   2294.3160,   2366.4120,   2438.5080,   2510.6030,   2582.6990,   2654.7950,   2726.8910,   2798.9870,   2871.0820,   2943.1780,   3015.2740,   3087.3700,   3165.9750,   3244.5800,   3323.1850,   3401.7900,   3480.3950,   3559.0000,   3637.6050,   3716.2100,   3794.8150,   3873.4200,   3952.0250,   4030.6300,   4142.2920,   4253.9530,   4365.6150,   4477.2770,   4588.9380,   4700.6000,   4812.2620,   4923.9230,   5035.5850,   5147.2470,   5258.9080,   5370.5700,   5560.6150,   5750.6600,   5940.7050,   6130.7500,   6320.7950,   6510.8400,   6700.8850,   6890.9300,   7080.9750,   7271.0200,   7461.0650,   7651.1100,   8055.1840,   8459.2580,   8863.3330,   9267.4070,   9671.4810,  10075.5550,  10479.6290,  10883.7030,  11287.7780,  11691.8520,  12095.9260,  12500.0000,  13541.6670,  14583.3330,  15625.0000,  16666.6670,  17708.3330,  18750.0000,  19791.6670,  20833.3330,  21875.0000,  22916.6670,  23958.3330,  25000.0000,  26388.8890,  27777.7780,  29166.6670,  30555.5570,  31944.4460,  33333.3350,  34722.2240,  36111.1130,  37500.0030,  38888.8920,  40277.7810,  41666.6700
SUN VIS (W/m2) ,      0.1008,      0.0862,      0.0968,      0.1089,      0.1224,      0.1136,      0.1248,      0.1400,      0.1233,      0.1698,      0.1502,      0.1645,      0.1814,      0.1477,      0.2144,      0.2377,      0.1946,      0.2106,      0.2276,      0.2472,      0.2683,      0.1918,      0.3072,      0.3239,      0.3986,      0.4261,      0.4410,      0.4688,      0.4810,      0.5017,      0.5013,      0.5485,      0.5772,      0.5665,      0.6183,      0.6303,      1.0809,      1.1806,      1.2379,      1.2751,      1.2949,      1.4092,      1.3262,      1.4132,      1.3634,      1.4505,      1.3747,      1.4716,      3.1730,      3.1258,      3.2038,      3.2543,      3.2846,      3.1576,      3.2685,      3.3520,      3.4202,      3.1800,      3.1347,      3.2554,      8.2299,      7.8425,      7.7561,      7.5237,      6.9524,      6.5235,      5.7299,      5.2748,      5.0739,      4.4511,      3.4228,      3.1828,      2.4579,      2.2644,      1.7312,      1.6575,      1.1215,      0.8173,      0.6634,      0.2677,      0.2374,      0.1697,      0.0593,      0.0486
================
wavelenght [um],    0.244068,    0.252632,    0.261818,    0.271698,    0.282353,    0.293878,    0.306383,    0.320000,    0.334884,    0.351220,    0.369231,    0.389189,    0.408511,    0.426667,    0.446512,    0.468293,    0.492308,    0.518919,    0.548571,    0.581818,    0.619355,    0.662069,    0.711111,    0.768000,    0.813143,    0.840768,    0.870336,    0.902060,    0.936184,    0.972991,    1.012810,    1.056028,    1.103099,    1.154562,    1.211061,    1.273375,    1.323436,    1.357581,    1.393534,    1.431444,    1.471474,    1.513807,    1.558648,    1.606226,    1.656801,    1.710664,    1.768147,    1.829628,    1.881560,    1.921939,    1.964090,    2.008131,    2.054193,    2.102417,    2.152960,    2.205992,    2.261704,    2.320302,    2.382017,    2.447105,    2.505432,    2.555765,    2.608162,    2.662752,    2.719677,    2.779088,    2.841153,    2.906054,    2.973989,    3.045176,    3.119855,    3.198288,    3.277268,    3.356577,    3.439819,    3.527294,    3.619334,    3.716307,    3.818620,    3.926726,    4.041130,    4.162400,    4.291175,    4.428172,    4.580751,    4.751270,    4.934974,    5.133456,    5.348572,    5.582505,    5.837838,    6.117648,    6.425631,    6.766266,    7.145039,    7.568734,    7.879690,    8.044056,    8.215425,    8.394255,    8.581043,    8.776330,    8.980716,    9.194848,    9.419442,    9.655282,    9.903235,   10.164260,   10.387231,   10.566200,   10.751445,   10.943308,   11.142136,   11.348323,   11.562291,   11.784476,   12.015368,   12.255495,   12.505409,   12.765727,   12.949392,   13.049328,   13.150818,   13.253898,   13.358608,   13.464994,   13.573088,   13.682923,   13.794549,   13.908012,   14.023357,   14.140631,   14.256763,   14.371646,   14.488386,   14.607038,   14.727660,   14.850291,   14.974981,   15.101782,   15.230738,   15.361915,   15.495384,   15.631191,   15.790367,   15.974275,   16.162517,   16.355249,   16.552633,   16.754839,   16.962047,   17.174443,   17.392227,   17.615605,   17.844795,   18.080028,   18.550914,   19.294981,   20.101230,   20.977796,   21.934298,   22.982219,   24.135264,   25.410119,   26.827165,   28.411593,   30.194923,   32.217118,   34.732292,   37.914692,   41.739101,   46.421699,   52.287582,   59.850314,   69.970927,   84.210526,  105.726686,  142.012170,  216.216216,  452.826771
Qext           ,      2.1530,      2.1530,      2.1530,      2.1530,      2.1530,      2.1530,      2.1530,      2.1530,      2.1530,      2.1530,      2.1530,      2.1530,      2.1530,      2.1530,      2.1530,      2.1530,      1.9292,      1.9292,      1.9292,      1.9292,      1.9292,      1.9292,      1.9292,      1.9292,      1.9292,      1.9292,      1.9292,      1.9292,      1.9292,      1.9292,      1.9292,      1.2478,      1.2478,      1.2478,      1.2478,      1.2478,      1.2478,      1.2478,      1.2478,      1.2478,      1.2478,      1.2478,      1.2478,      1.3122,      1.3122,      1.3122,      1.3122,      1.3122,      1.3122,      1.3122,      1.3122,      1.3122,      1.3122,      1.3122,      1.5115,      1.5115,      1.5115,      1.5115,      1.5115,      1.5115,      1.5115,      1.5115,      1.5115,      1.5115,      1.5057,      1.5057,      1.5057,      1.5057,      1.5057,      1.5057,      1.5057,      1.5057,      1.7469,      1.7469,      1.7469,      1.7469,      1.7469,      1.7469,      1.9753,      1.9753,      1.9753,      1.9753,      1.9753,      2.6812,      2.6812,      2.6812,      2.7567,      2.7567,      2.7567,      2.7928,      2.7928,      2.6933,      2.6933,      3.3974,      3.8026,      3.8026,      3.9374,      3.9374,      4.4946,      4.4946,      4.4946,      3.6081,      3.6081,      3.6081,      3.7482,      3.7482,      3.9544,      3.9544,      4.2881,      4.2881,      4.2881,      5.3620,      5.3620,      5.3620,      7.0014,      7.0014,      7.6033,      7.6033,      7.6033,      4.7277,      4.7277,      4.7277,      3.7535,      3.7535,      3.7535,      3.7535,      3.7535,      3.8107,      3.8107,      3.8107,      3.8107,      3.8107,      4.2405,      4.2405,      4.2405,      4.2405,      4.3353,      4.3353,      4.3353,      4.3353,      4.3353,      3.9506,      3.9506,      3.9506,      3.9506,      4.1861,      4.1861,      4.1861,      4.9225,      4.9225,      6.0814,      6.0814,      6.0814,      7.4555,      7.4555,      8.8399,      9.4113,     10.7522,     11.4917,     11.9918,     11.1822,      9.3700,      9.0205,      6.2720,      3.8901,      3.2734,      3.8760,      5.2106,      5.0781,      7.5236,     11.3481,     13.2872,      8.7650,     16.1874,     16.1874,     16.1874,     16.1874,     16.1874,     16.1874,     16.1874
Qscat          ,      1.3994,      1.3994,      1.3994,      1.3994,      1.3994,      1.3994,      1.3994,      1.3994,      1.3994,      1.3994,      1.3994,      1.3994,      1.3994,      1.3994,      1.3994,      1.3994,      1.6696,      1.6696,      1.6696,      1.6696,      1.6696,      1.6696,      1.6696,      1.6696,      1.6696,      1.6696,      1.6696,      1.6696,      1.6696,      1.6696,      1.6696,      1.1420,      1.1420,      1.1420,      1.1420,      1.1420,      1.1420,      1.1420,      1.1420,      1.1420,      1.1420,      1.1420,      1.1420,      1.2267,      1.2267,      1.2267,      1.2267,      1.2267,      1.2267,      1.2267,      1.2267,      1.2267,      1.2267,      1.2267,      1.4024,      1.4024,      1.4024,      1.4024,      1.4024,      1.4024,      1.4024,      1.4024,      1.4024,      1.4024,      1.4066,      1.4066,      1.4066,      1.4066,      1.4066,      1.4066,      1.4066,      1.4066,      1.6231,      1.6231,      1.6231,      1.6231,      1.6231,      1.6231,      1.8184,      1.8184,      1.8184,      1.8184,      1.8184,      2.4350,      2.4350,      2.4350,      2.4821,      2.4821,      2.4821,      2.5187,      2.5187,      2.4305,      2.4305,      3.0386,      3.3641,      3.3641,      3.4942,      3.4942,      3.8177,      3.8177,      3.8177,      3.2017,      3.2017,      3.2017,      3.4262,      3.4262,      3.6173,      3.6173,      3.8941,      3.8941,      3.8941,      4.7832,      4.7832,      4.7832,      6.0395,      6.0395,      6.2391,      6.2391,      6.2391,      3.8816,      3.8816,      3.8816,      3.1621,      3.1621,      3.1621,      3.1621,      3.1621,      3.1869,      3.1869,      3.1869,      3.1869,      3.1869,      3.4027,      3.4027,      3.4027,      3.4027,      3.3287,      3.3287,      3.3287,      3.3287,      3.3287,      3.1357,      3.1357,      3.1357,      3.1357,      3.5184,      3.5184,      3.5184,      4.2528,      4.2528,      5.2821,      5.2821,      5.2821,      6.5115,      6.5115,      7.6900,      8.1804,      9.2601,      9.7714,     10.0372,      9.0219,      6.9436,      6.0771,      4.0538,      2.5254,      2.1738,      2.6569,      3.6115,      3.5262,      4.6536,      5.1840,      4.1851,      4.0110,      8.3619,      8.3619,      8.3619,      8.3619,      8.3619,      8.3619,      8.3619
G factor       ,      0.5970,      0.5970,      0.5970,      0.5970,      0.5970,      0.5970,      0.5970,      0.5970,      0.5970,      0.5970,      0.5970,      0.5970,      0.5970,      0.5970,      0.5970,      0.5970,      0.2650,      0.2650,      0.2650,      0.2650,      0.2650,      0.2650,      0.2650,      0.2650,      0.2650,      0.2650,      0.2650,      0.2650,      0.2650,      0.2650,      0.2650,      0.2430,      0.2430,      0.2430,      0.2430,      0.2430,      0.2430,      0.2430,      0.2430,      0.2430,      0.2430,      0.2430,      0.2430,      0.1960,      0.1960,      0.1960,      0.1960,      0.1960,      0.1960,      0.1960,      0.1960,      0.1960,      0.1960,      0.1960,      0.1890,      0.1890,      0.1890,      0.1890,      0.1890,      0.1890,      0.1890,      0.1890,      0.1890,      0.1890,      0.2270,      0.2270,      0.2270,      0.2270,      0.2270,      0.2270,      0.2270,      0.2270,      0.1830,      0.1830,      0.1830,      0.1830,      0.1830,      0.1830,      0.1720,      0.1720,      0.1720,      0.1720,      0.1720,      0.2070,      0.2070,      0.2070,      0.1590,      0.1590,      0.1590,      0.1900,      0.1900,      0.2250,      0.2250,      0.2180,      0.2170,      0.2170,      0.1880,      0.1880,      0.1190,      0.1190,      0.1190,      0.0970,      0.0970,      0.0970,      0.1010,      0.1010,      0.1100,      0.1100,      0.1170,      0.1170,      0.1170,      0.1140,      0.1140,      0.1140,      0.0880,      0.0880,      0.0530,      0.0530,      0.0530,      0.0720,      0.0720,      0.0720,      0.1840,      0.1840,      0.1840,      0.1840,      0.1840,      0.2780,      0.2780,      0.2780,      0.2780,      0.2780,      0.3370,      0.3370,      0.3370,      0.3370,      0.2710,      0.2710,      0.2710,      0.2710,      0.2710,      0.1700,      0.1700,      0.1700,      0.1700,      0.1750,      0.1750,      0.1750,      0.2020,      0.2020,      0.2260,      0.2260,      0.2260,      0.2260,      0.2260,      0.2040,      0.1890,      0.1280,      0.0670,      0.0200,     -0.0290,     -0.1400,     -0.1550,      0.0640,      0.1860,      0.1290,     -0.0300,     -0.0700,     -0.0590,     -0.0150,     -0.0040,      0.0300,      0.0150,      0.0100,      0.0100,      0.0100,      0.0100,      0.0100,      0.0100,      0.0100
================
P [mbar]       ,    0.1004,    0.1015,    0.1034,    0.1069,    0.1130,    0.1239,    0.1432,    0.1740,    0.2226,    0.3028,    0.4349,    0.6529,    1.0121,    1.6044,    2.4646,    3.4606,    4.3994,    5.2226,    5.8426,    6.2132,    6.3980,    6.4686,    6.5039,    6.5168
Temp initial[K],  163.5827,  163.6723,  163.8293,  164.1029,  164.5732,  165.3648,  166.6602,  168.4872,  170.9519,  174.2721,  178.5564,  183.8814,  190.3071,  197.9049,  205.8548,  212.8059,  218.1105,  222.1140,  224.8330,  226.3589,  227.0949,  227.3721,  227.5098,  227.5598
================
it   ,   tau    ,  Tsfc    ,   alb    ,   OLR    ,    ASR   ,  NET top ,  NET bot , T lev  01, T lev  02, T lev  03, T lev  04, T lev  05, T lev  06, T lev  07, T lev  08, T lev  09, T lev  10, T lev  11, T lev  12, T lev  13, T lev  14, T lev  15, T lev  16, T lev  17, T lev  18, T lev  19, T lev  20, T lev  21, T lev  22, T lev  23, T lev  24, T lev  25,  OLR IR01,  OLR IR02,  OLR IR03,  OLR IR04,  OLR IR05,  OLR IR06,  OLR IR07,  OLR IR08,  OLR IR09,  OLR IR10,  OLR IR11,  OLR IR12,  OLR IR13,  OLR IR14,  OLR IR15,  OLR IR16,  OLR IR17,  OLR IR18,  OLR IR19,  OLR IR20,  OLR IR21,  OLR IR22,  OLR IR23,  OLR IR24,  OLR IR25,  OLR IR26,  OLR IR27,  OLR IR28,  OLR IR29,  OLR IR30,  OLR IR31,  OLR IR32,  OLR IR33,  OLR IR34,  OLR IR35,  OLR IR36,  OLR IR37,  OLR IR38,  OLR IR39,  OLR IR40,  OLR IR41,  OLR IR42,  OLR IR43,  OLR IR44,  OLR IR45,  OLR IR46,  OLR IR47,  OLR IR48,  OLR IR49,  OLR IR50,  OLR IR51,  OLR IR52,  OLR IR53,  OLR IR54,  OLR IR55,  OLR IR56,  OLR IR57,  OLR IR58,  OLR IR59,  OLR IR60,  OLR IR61,  OLR IR62,  OLR IR63,  OLR IR64,  OLR IR65,  OLR IR66,  OLR IR67,  OLR IR68,  OLR IR69,  OLR IR70,  OLR IR71,  OLR IR72,  OLR IR73,  OLR IR74,  OLR IR75,  OLR IR76,  OLR IR77,  OLR IR78,  OLR IR79,  OLR IR80,  OLR IR81,  OLR IR82,  OLR IR83,  OLR IR84,  OLR IR85,  OLR IR86,  OLR IR87,  OLR IR88,  OLR IR89,  OLR IR90,  OLR IR91,  OLR IR92,  OLR IR93,  OLR IR94,  OLR IR95,  OLR IR96, ASR VIS01, ASR VIS02, ASR VIS03, ASR VIS04, ASR VIS05, ASR VIS06, ASR VIS07, ASR VIS08, ASR VIS09, ASR VIS10, ASR VIS11, ASR VIS12, ASR VIS13, ASR VIS14, ASR VIS15, ASR VIS16, ASR VIS17, ASR VIS18, ASR VIS19, ASR VIS20, ASR VIS21, ASR VIS22, ASR VIS23, ASR VIS24, ASR VIS25, ASR VIS26, ASR VIS27, ASR VIS28, ASR VIS29, ASR VIS30, ASR VIS31, ASR VIS32, ASR VIS33, ASR VIS34, ASR VIS35, ASR VIS36, ASR VIS37, ASR VIS38, ASR VIS39, ASR VIS40, ASR VIS41, ASR VIS42, ASR VIS43, ASR VIS44, ASR VIS45, ASR VIS46, ASR VIS47, ASR VIS48, ASR VIS49, ASR VIS50, ASR VIS51, ASR VIS52, ASR VIS53, ASR VIS54, ASR VIS55, ASR VIS56, ASR VIS57, ASR VIS58, ASR VIS59, ASR VIS60, ASR VIS61, ASR VIS62, ASR VIS63, ASR VIS64, ASR VIS65, ASR VIS66, ASR VIS67, ASR VIS68, ASR VIS69, ASR VIS70, ASR VIS71, ASR VIS72, ASR VIS73, ASR VIS74, ASR VIS75, ASR VIS76, ASR VIS77, ASR VIS78, ASR VIS79, ASR VIS80, ASR VIS81, ASR VIS82, ASR VIS83, ASR VIS84, SFC DIR01, SFC DIR02, SFC DIR03, SFC DIR04, SFC DIR05, SFC DIR06, SFC DIR07, SFC DIR08, SFC DIR09, SFC DIR10, SFC DIR11, SFC DIR12, SFC DIR13, SFC DIR14, SFC DIR15, SFC DIR16, SFC DIR17, SFC DIR18, SFC DIR19, SFC DIR20, SFC DIR21, SFC DIR22, SFC DIR23, SFC DIR24, SFC DIR25, SFC DIR26, SFC DIR27, SFC DIR28, SFC DIR29, SFC DIR30, SFC DIR31, SFC DIR32, SFC DIR33, SFC DIR34, SFC DIR35, SFC DIR36, SFC DIR37, SFC DIR38, SFC DIR39, SFC DIR40, SFC DIR41, SFC DIR42, SFC DIR43, SFC DIR44, SFC DIR45, SFC DIR46, SFC DIR47, SFC DIR48, SFC DIR49, SFC DIR50, SFC DIR51, SFC DIR52, SFC DIR53, SFC DIR54, SFC DIR55, SFC DIR56, SFC DIR57, SFC DIR58, SFC DIR59, SFC DIR60, SFC DIR61, SFC DIR62, SFC DIR63, SFC DIR64, SFC DIR65, SFC DIR66, SFC DIR67, SFC DIR68, SFC DIR69, SFC DIR70, SFC DIR71, SFC DIR72, SFC DIR73, SFC DIR74, SFC DIR75, SFC DIR76, SFC DIR77, SFC DIR78, SFC DIR79, SFC DIR80, SFC DIR81, SFC DIR82, SFC DIR83, SFC DIR84, SFC DIR85, SFC DIR86, SFC DIR87, SFC DIR88, SFC DIR89, SFC DIR90, SFC DIR91, SFC DIR92, SFC DIR93, SFC DIR94, SFC DIR95, SFC DIR96,SFC DVIS01,SFC DVIS02,SFC DVIS03,SFC DVIS04,SFC DVIS05,SFC DVIS06,SFC DVIS07,SFC DVIS08,SFC DVIS09,SFC DVIS10,SFC DVIS11,SFC DVIS12,SFC DVIS13,SFC DVIS14,SFC DVIS15,SFC DVIS16,SFC DVIS17,SFC DVIS18,SFC DVIS19,SFC DVIS20,SFC DVIS21,SFC DVIS22,SFC DVIS23,SFC DVIS24,SFC DVIS25,SFC DVIS26,SFC DVIS27,SFC DVIS28,SFC DVIS29,SFC DVIS30,SFC DVIS31,SFC DVIS32,SFC DVIS33,SFC DVIS34,SFC DVIS35,SFC DVIS36,SFC DVIS37,SFC DVIS38,SFC DVIS39,SFC DVIS40,SFC DVIS41,SFC DVIS42,SFC DVIS43,SFC DVIS44,SFC DVIS45,SFC DVIS46,SFC DVIS47,SFC DVIS48,SFC DVIS49,SFC DVIS50,SFC DVIS51,SFC DVIS52,SFC DVIS53,SFC DVIS54,SFC DVIS55,SFC DVIS56,SFC DVIS57,SFC DVIS58,SFC DVIS59,SFC DVIS60,SFC DVIS61,SFC DVIS62,SFC DVIS63,SFC DVIS64,SFC DVIS65,SFC DVIS66,SFC DVIS67,SFC DVIS68,SFC DVIS69,SFC DVIS70,SFC DVIS71,SFC DVIS72,SFC DVIS73,SFC DVIS74,SFC DVIS75,SFC DVIS76,SFC DVIS77,SFC DVIS78,SFC DVIS79,SFC DVIS80,SFC DVIS81,SFC DVIS82,SFC DVIS83,SFC DVIS84
    2,    0.0000,  227.5722,    0.2192,  139.8688,  115.8602,  -23.5218,  -14.0680,  158.4330,  163.5827,  163.6723,  163.8293,  164.1029,  164.5732,  165.3648,  166.6602,  168.4872,  170.9519,  174.2721,  178.5564,  183.8814,  190.3071,  197.9049,  205.8548,  212.8059,  218.1105,  222.1140,  224.8330,  226.3589,  227.0949,  227.3721,  227.5098,  227.5598,    0.0705,    0.2675,    0.5658,    0.9364,    1.3541,    1.7971,    2.2470,    2.6886,    3.1100,    3.5012,    3.8550,    4.1668,    3.7991,    3.9662,    4.1036,    4.2111,    4.2902,    4.3412,    4.3666,    4.3674,    4.3455,    4.3031,    4.2365,    4.1377,    1.4329,    1.4160,    1.3937,    1.3544,    1.3064,    1.2531,    1.1042,    1.0903,    1.0331,    0.8812,    0.8657,    0.6804,    0.4286,    0.3613,    0.2973,    0.2859,    0.2660,    0.2237,    0.2586,    0.2615,    0.2793,    0.3166,    0.3804,    0.4522,    0.5746,    0.6344,    0.5305,    0.6851,    0.6744,    0.6698,    0.6769,    0.7426,    0.7550,    0.7683,    0.7700,    0.7628,    2.0538,    1.9716,    1.9052,    1.8274,    1.7484,    1.6691,    1.5919,    1.5151,    1.4407,    1.3665,    1.2937,    1.2291,    1.8278,    1.6842,    1.5339,    1.3924,    1.2741,    1.1725,    1.0662,    0.9681,    0.8777,    0.7928,    0.7079,    0.6374,    1.5840,    1.1437,    0.8293,    0.5901,    0.4167,    0.2922,    0.2036,    0.1383,    0.0940,    0.0622,    0.0416,    0.0303,    0.0906,    0.0482,    0.0759,    0.0854,    0.0957,    0.0892,    0.0975,    0.1096,    0.0962,    0.1325,    0.1172,    0.1283,    0.1417,    0.1155,    0.1680,    0.1868,    0.1536,    0.1833,    0.2065,    0.2237,    0.2252,    0.1502,    0.2398,    0.2533,    0.3110,    0.3324,    0.3440,    0.3658,    0.3756,    0.3940,    0.4010,    0.4565,    0.4953,    0.4717,    0.4852,    0.4943,    0.8433,    0.9209,    0.9663,    0.9993,    1.0234,    1.1077,    1.0381,    1.1064,    1.0804,    1.1314,    1.0733,    1.1507,    2.4780,    2.4450,    2.4989,    2.5384,    2.5644,    2.4626,    2.5489,    2.6139,    2.6670,    2.4800,    2.4441,    2.5380,    6.4157,    6.1123,    6.0433,    5.8603,    5.4132,    5.0767,    4.4565,    4.0997,    3.9404,    3.4535,    2.6528,    2.4637,    1.8993,    1.7458,    1.3311,    1.2705,    0.8565,    0.6215,    0.5021,    0.2015,    0.1776,    0.1261,    0.0437,    0.0355,    0.0000,    0.0000,    0.0000,    0.0000,    0.0000,    0.0000,    0.0000,    0.0000,    0.0000,    0.0000,    0.0000,    0.0000,    0.0000,    0.0000,    0.0000,    0.0000,    0.0000,    0.0000,    0.0000,    0.0004,    0.0013,    0.0042,    0.0316,    0.1224,    0.0337,    0.0553,    0.0951,    0.1939,    0.3170,    0.4390,    0.7874,    0.8078,    0.8986,    1.0611,    1.1127,    1.2540,    0.9696,    0.9641,    0.9572,    0.9473,    0.9378,    0.9287,    0.9178,    0.9074,    0.8966,    0.8844,    0.8683,    0.8421,    0.8025,    0.6764,    0.7395,    0.4977,    0.5022,    0.4908,    0.4247,    0.2470,    0.1814,    0.1031,    0.0612,    0.0469,    0.0933,    0.0788,    0.0260,    0.0119,    0.0030,    0.0028,    0.0017,    0.0056,    0.0100,    0.0182,    0.0292,    0.0235,    0.0278,    0.0056,    0.0259,    0.0458,    0.0328,    0.0004,    0.0000,    0.0000,    0.0000,    0.0031,    0.0165,    0.0171,    0.0171,    0.0171,    0.0000,    0.0000,    0.0000,    0.0000,    0.0000,    0.0035,    0.0040,    0.0054,    0.0048,    0.0010,    0.0230,    0.0000,    0.0598,    0.1073,    0.1213,    0.1109,    0.1245,    0.1385,    0.1233,    0.1698,    0.1501,    0.1645,    0.1806,    0.1466,    0.2118,    0.2312,    0.1878,    0.1215,    0.0145,    0.0325,    0.1583,    0.1897,    0.3065,    0.3218,    0.3984,    0.4260,    0.4410,    0.4686,    0.4796,    0.4909,    0.4572,    0.4157,    0.3661,    0.4375,    0.6076,    0.6165,    1.0804,    1.1803,    1.2358,    1.2540,    1.2316,    1.3659,    1.3119,    1.3949,    1.2823,    1.4502,    1.3714,    1.4595,    3.1611,    3.0848,    3.2030,    3.2531,    3.2743,    3.1567,    3.2678,    3.3511,    3.4192,    3.1776,    3.1334,    3.2539,    8.2247,    7.8363,    7.7478,    7.5132,    6.9399,    6.5086,    5.7135,    5.2561,    5.0518,    4.4276,    3.4010,    3.1586,    2.4350,    2.2382,    1.7066,    1.6288,    1.0981,    0.7968,    0.6438,    0.2584,    0.2277,    0.1616,    0.0560,    0.0455
    2,    0.0500,  227.5722,    0.2299,  123.7016,  114.2788,   -8.9351,    4.7648,  158.4330,  163.5827,  163.6723,  163.8293,  164.1029,  164.5732,  165.3648,  166.6602,  168.4872,  170.9519,  174.2721,  178.5564,  183.8814,  190.3071,  197.9049,  205.8548,  212.8059,  218.1105,  222.1140,  224.8330,  226.3589,  227.0949,  227.3721,  227.5098,  227.5598,    0.0592,    0.2240,    0.4723,    0.7791,    1.1226,    1.4847,    1.8497,    2.3957,    2.7123,    3.0160,    3.3881,    3.7616,    3.4162,    3.6669,    3.8725,    3.9476,    3.8353,    3.6056,    3.5680,    3.4743,    3.4198,    3.4365,    3.4603,    3.4942,    1.2233,    1.2413,    1.2236,    1.2207,    1.1828,    1.1405,    1.0350,    1.0235,    0.9815,    0.8452,    0.8335,    0.6668,    0.4234,    0.3585,    0.2961,    0.2849,    0.2653,    0.2234,    0.2578,    0.2606,    0.2781,    0.3143,    0.3755,    0.4430,    0.5572,    0.6101,    0.5133,    0.6529,    0.6432,    0.6356,    0.6401,    0.6962,    0.7056,    0.7157,    0.6968,    0.6897,    1.8555,    1.6783,    1.6184,    1.5511,    1.5052,    1.4366,    1.4187,    1.3503,    1.2839,    1.2451,    1.1789,    1.1198,    1.6753,    1.5430,    1.4108,    1.2812,    1.1752,    1.0805,    0.9825,    0.8769,    0.7948,    0.7179,    0.6528,    0.5877,    1.4668,    1.0588,    0.7736,    0.5584,    0.3943,    0.2753,    0.1918,    0.1301,    0.0884,    0.0586,    0.0394,    0.0286,    0.0892,    0.0481,    0.0744,    0.0831,    0.0931,    0.0868,    0.0951,    0.1069,    0.0939,    0.1292,    0.1143,    0.1252,    0.1388,    0.1131,    0.1646,    0.1830,    0.1505,    0.1803,    0.2051,    0.2218,    0.2219,    0.1470,    0.2347,    0.2479,    0.3044,    0.3253,    0.3367,    0.3580,    0.3677,    0.3857,    0.3938,    0.4490,    0.4879,    0.4639,    0.4761,    0.4852,    0.8275,    0.9036,    0.9481,    0.9807,    1.0047,    1.0905,    1.0218,    1.0891,    1.0639,    1.1136,    1.0563,    1.1326,    2.4389,    2.4066,    2.4594,    2.4982,    2.5240,    2.4152,    2.4998,    2.5636,    2.6157,    2.4323,    2.3971,    2.4892,    6.2924,    5.9948,    5.9272,    5.7478,    5.3093,    4.9794,    4.3712,    4.0213,    3.9694,    3.4789,    2.6724,    2.4819,    1.9134,    1.7589,    1.3412,    1.2802,    0.8632,    0.6265,    0.5062,    0.2032,    0.1791,    0.1272,    0.0441,    0.0359,    0.0305,    0.1153,    0.2428,    0.3999,    0.5754,    0.7597,    0.9449,    0.7169,    1.2189,    1.1428,    0.8258,    0.6172,    0.5770,    0.4519,    0.3707,    0.4357,    0.7266,    1.0838,    1.0838,    1.1424,    1.1461,    1.0575,    0.9608,    0.8783,    0.2796,    0.2577,    0.2893,    0.3418,    0.4470,    0.5511,    0.8429,    0.8587,    0.9342,    1.0811,    1.1262,    1.2549,    0.9696,    0.9641,    0.9572,    0.9473,    0.9378,    0.9287,    0.9178,    0.9074,    0.8966,    0.8844,    0.8683,    0.8428,    0.8076,    0.6900,    0.7483,    0.5234,    0.5266,    0.5170,    0.4560,    0.2927,    0.2320,    0.1598,    0.1425,    0.1286,    0.3160,    0.4092,    0.3512,    0.3248,    0.2709,    0.2583,    0.1878,    0.1821,    0.1772,    0.1459,    0.1491,    0.1377,    0.1863,    0.1528,    0.1532,    0.1598,    0.1352,    0.0963,    0.0871,    0.0958,    0.0867,    0.0811,    0.0730,    0.0678,    0.1366,    0.1028,    0.0560,    0.0316,    0.0222,    0.0167,    0.0116,    0.0114,    0.0093,    0.0089,    0.0069,    0.0026,    0.0218,    0.0000,    0.0574,    0.1030,    0.1165,    0.1065,    0.1202,    0.1337,    0.1190,    0.1639,    0.1449,    0.1588,    0.1754,    0.1425,    0.2057,    0.2246,    0.1825,    0.1180,    0.0141,    0.0316,    0.1535,    0.1840,    0.2974,    0.3122,    0.3864,    0.4133,    0.4278,    0.4545,    0.4653,    0.4762,    0.4455,    0.4050,    0.3567,    0.4263,    0.5920,    0.6007,    1.0528,    1.1501,    1.2041,    1.2219,    1.2000,    1.3328,    1.2801,    1.3611,    1.2512,    1.4151,    1.3382,    1.4241,    3.0845,    3.0101,    3.1254,    3.1742,    3.1950,    3.0312,    3.1379,    3.2180,    3.2833,    3.0513,    3.0089,    3.1246,    7.8979,    7.5249,    7.4400,    7.2148,    6.6643,    6.2502,    5.4867,    5.0475,    4.7914,    4.1992,    3.2255,    2.9955,    2.3092,    2.1225,    1.6183,    1.5445,    1.0412,    0.7556,    0.6104,    0.2450,    0.2159,    0.1532,    0.0531,    0.0432
    2,    0.1000,  227.5722,    0.2397,  112.6101,  112.8192,    0.6976,   17.0754,  158.4330,  163.5827,  163.6723,  163.8293,  164.1029,  164.5732,  165.3648,  166.6602,  168.4872,  170.9519,  174.2721,  178.5564,  183.8814,  190.3071,  197.9049,  205.8548,  212.8059,  218.1105,  222.1140,  224.8330,  226.3589,  227.0949,  227.3721,  227.5098,  227.5598,    0.0546,    0.2059,    0.4329,    0.7119,    1.0224,    1.3474,    1.6727,    2.2132,    2.4950,    2.7432,    3.0773,    3.4569,    3.1302,    3.4255,    3.6766,    3.7289,    3.5025,    3.1515,    3.0786,    2.9458,    2.8756,    2.9064,    2.9600,    3.0484,    1.0744,    1.1101,    1.0955,    1.1146,    1.0842,    1.0500,    0.9762,    0.9665,    0.9364,    0.8132,    0.8046,    0.6539,    0.4184,    0.3557,    0.2949,    0.2839,    0.2645,    0.2231,    0.2571,    0.2597,    0.2769,    0.3120,    0.3707,    0.4343,    0.5412,    0.5881,    0.4977,    0.6243,    0.6153,    0.6054,    0.6078,    0.6559,    0.6631,    0.6705,    0.6374,    0.6305,    1.6951,    1.4673,    1.4124,    1.3525,    1.3246,    1.2638,    1.2808,    1.2189,    1.1589,    1.1439,    1.0833,    1.0288,    1.5468,    1.4239,    1.3062,    1.1866,    1.0908,    1.0020,    0.9109,    0.8013,    0.7262,    0.6559,    0.6055,    0.5451,    1.3655,    0.9854,    0.7246,    0.5299,    0.3740,    0.2601,    0.1812,    0.1228,    0.0835,    0.0553,    0.0373,    0.0271,    0.0879,    0.0480,    0.0730,    0.0809,    0.0907,    0.0846,    0.0928,    0.1044,    0.0917,    0.1261,    0.1116,    0.1222,    0.1361,    0.1109,    0.1614,    0.1794,    0.1476,    0.1776,    0.2038,    0.2200,    0.2189,    0.1440,    0.2300,    0.2429,    0.2982,    0.3187,    0.3298,    0.3507,    0.3602,    0.3780,    0.3870,    0.4419,    0.4808,    0.4565,    0.4676,    0.4765,    0.8125,    0.8872,    0.9310,    0.9632,    0.9870,    1.0742,    1.0063,    1.0726,    1.0482,    1.0966,    1.0402,    1.1154,    2.4019,    2.3702,    2.4219,    2.4602,    2.4856,    2.3717,    2.4549,    2.5175,    2.5686,    2.3885,    2.3540,    2.4445,    6.1793,    5.8871,    5.8208,    5.6447,    5.2141,    4.8902,    4.2930,    3.9495,    3.9966,    3.5030,    2.6909,    2.4993,    1.9270,    1.7715,    1.3509,    1.2897,    0.8697,    0.6313,    0.5102,    0.2048,    0.1806,    0.1283,    0.0445,    0.0362,    0.0470,    0.1775,    0.3740,    0.6163,    0.8872,    1.1720,    1.4584,    1.2216,    1.9223,    1.8724,    1.4395,    1.1156,    1.0398,    0.8356,    0.6978,    0.8140,    1.2983,    1.8278,    1.8176,    1.8870,    1.8828,    1.7545,    1.6006,    1.4294,    0.4625,    0.4155,    0.4407,    0.4622,    0.5530,    0.6428,    0.8901,    0.9022,    0.9652,    1.0985,    1.1380,    1.2557,    0.9697,    0.9641,    0.9572,    0.9473,    0.9378,    0.9287,    0.9178,    0.9074,    0.8966,    0.8844,    0.8684,    0.8434,    0.8123,    0.7022,    0.7562,    0.5464,    0.5484,    0.5401,    0.4836,    0.3327,    0.2762,    0.2092,    0.2097,    0.1961,    0.5001,    0.6549,    0.5928,    0.5573,    0.4749,    0.4527,    0.3382,    0.3248,    0.3124,    0.2531,    0.2498,    0.2336,    0.3209,    0.2777,    0.2619,    0.2572,    0.2231,    0.1786,    0.1619,    0.1758,    0.1591,    0.1462,    0.1217,    0.1115,    0.2403,    0.1771,    0.1052,    0.0601,    0.0423,    0.0316,    0.0220,    0.0185,    0.0141,    0.0119,    0.0088,    0.0040,    0.0207,    0.0000,    0.0552,    0.0990,    0.1120,    0.1024,    0.1161,    0.1292,    0.1150,    0.1584,    0.1400,    0.1535,    0.1706,    0.1385,    0.2000,    0.2183,    0.1774,    0.1147,    0.0137,    0.0307,    0.1490,    0.1786,    0.2887,    0.3030,    0.3751,    0.4012,    0.4153,    0.4412,    0.4517,    0.4623,    0.4343,    0.3948,    0.3477,    0.4155,    0.5772,    0.5856,    1.0263,    1.1212,    1.1739,    1.1912,    1.1698,    1.3010,    1.2496,    1.3287,    1.2214,    1.3814,    1.3063,    1.3902,    3.0110,    2.9383,    3.0509,    3.0986,    3.1188,    2.9130,    3.0156,    3.0925,    3.1553,    2.9324,    2.8916,    3.0028,    7.5901,    7.2317,    7.1501,    6.9337,    6.4048,    6.0068,    5.2732,    4.8511,    4.5462,    3.9844,    3.0605,    2.8423,    2.1911,    2.0140,    1.5356,    1.4655,    0.9880,    0.7170,    0.5792,    0.2325,    0.2049,    0.1454,    0.0504,    0.0410
    2,    0.1500,  227.5722,    0.2488,  104.4019,  111.4637,    7.5511,   25.4607,  158.4330,  163.5827,  163.6723,  163.8293,  164.1029,  164.5732,  165.3648,  166.6602,  168.4872,  170.9519,  174.2721,  178.5564,  183.8814,  190.3071,  197.9049,  205.8548,  212.8059,  218.1105,  222.1140,  224.8330,  226.3589,  227.0949,  227.3721,  227.5098,  227.5598,    0.0523,    0.1967,    0.4125,    0.6765,    0.9689,    1.2732,    1.5759,    2.0916,    2.3568,    2.5716,    2.8613,    3.2230,    2.9118,    3.2285,    3.5092,    3.5455,    3.2518,    2.8516,    2.7572,    2.6067,    2.5276,    2.5572,    2.6171,    2.7256,    0.9645,    1.0087,    0.9964,    1.0288,    1.0040,    0.9759,    0.9257,    0.9173,    0.8965,    0.7847,    0.7784,    0.6418,    0.4136,    0.3531,    0.2937,    0.2830,    0.2638,    0.2228,    0.2563,    0.2588,    0.2757,    0.3098,    0.3662,    0.4262,    0.5264,    0.5681,    0.4834,    0.5987,    0.5903,    0.5786,    0.5792,    0.6207,    0.6260,    0.6314,    0.5885,    0.5818,    1.5630,    1.3093,    1.2582,    1.2039,    1.1859,    1.1310,    1.1687,    1.1121,    1.0572,    1.0586,    1.0026,    0.9519,    1.4370,    1.3223,    1.2164,    1.1052,    1.0178,    0.9343,    0.8492,    0.7378,    0.6684,    0.6036,    0.5646,    0.5082,    1.2769,    0.9211,    0.6813,    0.5040,    0.3557,    0.2464,    0.1716,    0.1162,    0.0790,    0.0524,    0.0355,    0.0257,    0.0867,    0.0479,    0.0717,    0.0790,    0.0885,    0.0825,    0.0908,    0.1020,    0.0896,    0.1233,    0.1091,    0.1195,    0.1335,    0.1088,    0.1583,    0.1760,    0.1448,    0.1749,    0.2025,    0.2183,    0.2160,    0.1412,    0.2255,    0.2382,    0.2923,    0.3124,    0.3234,    0.3439,    0.3532,    0.3707,    0.3806,    0.4352,    0.4740,    0.4495,    0.4595,    0.4683,    0.7982,    0.8717,    0.9147,    0.9465,    0.9702,    1.0586,    0.9917,    1.0570,    1.0332,    1.0805,    1.0250,    1.0992,    2.3667,    2.3357,    2.3863,    2.4240,    2.4492,    2.3318,    2.4136,    2.4751,    2.5254,    2.3484,    2.3144,    2.4034,    6.0754,    5.7882,    5.7230,    5.5500,    5.1267,    4.8083,    4.2212,    3.8835,    4.0216,    3.5250,    2.7080,    2.5153,    1.9394,    1.7831,    1.3599,    1.2984,    0.8757,    0.6358,    0.5139,    0.2064,    0.1820,    0.1293,    0.0449,    0.0365,    0.0562,    0.2126,    0.4480,    0.7386,    1.0637,    1.4059,    1.7504,    1.5831,    2.3374,    2.3507,    1.9072,    1.5253,    1.4182,    1.1650,    0.9883,    1.1447,    1.7568,    2.3632,    2.3436,    2.4091,    2.3959,    2.2499,    2.0684,    1.8493,    0.6041,    0.5420,    0.5622,    0.5622,    0.6412,    0.7192,    0.9307,    0.9398,    0.9925,    1.1139,    1.1485,    1.2564,    0.9697,    0.9642,    0.9572,    0.9473,    0.9378,    0.9287,    0.9178,    0.9074,    0.8966,    0.8844,    0.8685,    0.8440,    0.8165,    0.7132,    0.7634,    0.5670,    0.5679,    0.5606,    0.5079,    0.3679,    0.3151,    0.2526,    0.2662,    0.2528,    0.6547,    0.8449,    0.7795,    0.7367,    0.6355,    0.6057,    0.4624,    0.4426,    0.4240,    0.3445,    0.3357,    0.3153,    0.4366,    0.3851,    0.3558,    0.3415,    0.2996,    0.2502,    0.2268,    0.2436,    0.2204,    0.2013,    0.1639,    0.1494,    0.3311,    0.2422,    0.1488,    0.0859,    0.0605,    0.0451,    0.0313,    0.0248,    0.0184,    0.0147,    0.0105,    0.0053,    0.0196,    0.0000,    0.0531,    0.0952,    0.1077,    0.0985,    0.1123,    0.1250,    0.1112,    0.1532,    0.1354,    0.1484,    0.1659,    0.1347,    0.1945,    0.2124,    0.1725,    0.1116,    0.0134,    0.0298,    0.1447,    0.1735,    0.2804,    0.2943,    0.3644,    0.3896,    0.4034,    0.4286,    0.4387,    0.4490,    0.4236,    0.3850,    0.3391,    0.4052,    0.5629,    0.5711,    1.0010,    1.0936,    1.1450,    1.1618,    1.1410,    1.2704,    1.2202,    1.2975,    1.1927,    1.3490,    1.2756,    1.3576,    2.9404,    2.8694,    2.9793,    3.0259,    3.0457,    2.8015,    2.9001,    2.9741,    3.0345,    2.8201,    2.7809,    2.8878,    7.2995,    6.9549,    6.8765,    6.6685,    6.1598,    5.7771,    5.0716,    4.6658,    4.3146,    3.7814,    2.9046,    2.6976,    2.0796,    1.9115,    1.4575,    1.3910,    0.9378,    0.6805,    0.5498,    0.2207,    0.1945,    0.1381,    0.0479,    0.0389
    2,    0.2000,  227.5722,    0.2573,   98.0178,  110.2024,   12.6748,   31.3050,  158.4330,  163.5827,  163.6723,  163.8293,  164.1029,  164.5732,  165.3648,  166.6602,  168.4872,  170.9519,  174.2721,  178.5564,  183.8814,  190.3071,  197.9049,  205.8548,  212.8059,  218.1105,  222.1140,  224.8330,  226.3589,  227.0949,  227.3721,  227.5098,  227.5598,    0.0509,    0.1911,    0.3998,    0.6543,    0.9349,    1.2258,    1.5134,    2.0052,    2.2592,    2.4531,    2.7050,    3.0398,    2.7414,    3.0656,    3.3652,    3.3904,    3.0581,    2.6418,    2.5339,    2.3754,    2.2908,    2.3142,    2.3711,    2.4835,    0.8808,    0.9286,    0.9178,    0.9583,    0.9376,    0.9142,    0.8818,    0.8744,    0.8611,    0.7590,    0.7546,    0.6304,    0.4089,    0.3505,    0.2926,    0.2820,    0.2630,    0.2225,    0.2556,    0.2580,    0.2746,    0.3077,    0.3618,    0.4184,    0.5127,    0.5499,    0.4703,    0.5756,    0.5678,    0.5546,    0.5539,    0.5898,    0.5935,    0.5971,    0.5477,    0.5411,    1.4528,    1.1873,    1.1393,    1.0891,    1.0765,    1.0262,    1.0759,    1.0236,    0.9730,    0.9857,    0.9336,    0.8862,    1.3424,    1.2346,    1.1384,    1.0346,    0.9542,    0.8752,    0.7953,    0.6837,    0.6192,    0.5590,    0.5288,    0.4760,    1.1990,    0.8646,    0.6427,    0.4804,    0.3389,    0.2341,    0.1630,    0.1103,    0.0750,    0.0497,    0.0338,    0.0245,    0.0856,    0.0478,    0.0704,    0.0772,    0.0865,    0.0806,    0.0888,    0.0999,    0.0877,    0.1207,    0.1067,    0.1169,    0.1310,    0.1068,    0.1554,    0.1729,    0.1422,    0.1724,    0.2013,    0.2167,    0.2132,    0.1386,    0.2212,    0.2337,    0.2869,    0.3066,    0.3173,    0.3374,    0.3466,    0.3639,    0.3745,    0.4287,    0.4676,    0.4428,    0.4518,    0.4605,    0.7848,    0.8570,    0.8993,    0.9307,    0.9543,    1.0438,    0.9777,    1.0421,    1.0190,    1.0652,    1.0105,    1.0837,    2.3332,    2.3028,    2.3525,    2.3897,    2.4145,    2.2952,    2.3756,    2.4362,    2.4857,    2.3114,    2.2780,    2.3656,    5.9799,    5.6973,    5.6332,    5.4629,    5.0463,    4.7330,    4.1552,    3.8229,    4.0444,    3.5451,    2.7236,    2.5299,    1.9508,    1.7938,    1.3682,    1.3065,    0.8813,    0.6399,    0.5174,    0.2078,    0.1833,    0.1303,    0.0452,    0.0368,    0.0615,    0.2327,    0.4906,    0.8092,    1.1660,    1.5419,    1.9207,    1.8451,    2.5870,    2.6697,    2.2696,    1.8668,    1.7320,    1.4502,    1.2476,    1.4355,    2.1295,    2.7601,    2.7345,    2.7917,    2.7712,    2.6185,    2.4246,    2.1798,    0.7169,    0.6457,    0.6618,    0.6465,    0.7157,    0.7839,    0.9659,    0.9725,    1.0167,    1.1276,    1.1578,    1.2571,    0.9698,    0.9642,    0.9572,    0.9473,    0.9378,    0.9287,    0.9178,    0.9074,    0.8966,    0.8844,    0.8686,    0.8445,    0.8204,    0.7232,    0.7698,    0.5856,    0.5855,    0.5789,    0.5296,    0.3992,    0.3496,    0.2910,    0.3144,    0.3012,    0.7865,    0.9958,    0.9277,    0.8793,    0.7653,    0.7294,    0.5667,    0.5416,    0.5177,    0.4233,    0.4097,    0.3858,    0.5372,    0.4784,    0.4379,    0.4150,    0.3667,    0.3129,    0.2838,    0.3018,    0.2730,    0.2486,    0.2010,    0.1827,    0.4113,    0.2997,    0.1877,    0.1094,    0.0770,    0.0572,    0.0398,    0.0305,    0.0222,    0.0172,    0.0121,    0.0064,    0.0187,    0.0000,    0.0512,    0.0917,    0.1038,    0.0949,    0.1087,    0.1209,    0.1076,    0.1483,    0.1310,    0.1437,    0.1614,    0.1311,    0.1893,    0.2067,    0.1679,    0.1086,    0.0130,    0.0290,    0.1406,    0.1686,    0.2725,    0.2861,    0.3541,    0.3787,    0.3920,    0.4165,    0.4264,    0.4364,    0.4133,    0.3756,    0.3308,    0.3954,    0.5493,    0.5573,    0.9768,    1.0671,    1.1173,    1.1337,    1.1133,    1.2411,    1.1920,    1.2675,    1.1651,    1.3178,    1.2462,    1.3262,    2.8724,    2.8031,    2.9105,    2.9560,    2.9753,    2.6961,    2.7910,    2.8622,    2.9203,    2.7140,    2.6763,    2.7792,    7.0249,    6.6933,    6.6179,    6.4177,    5.9282,    5.5600,    4.8811,    4.4906,    4.0956,    3.5895,    2.7573,    2.5608,    1.9742,    1.8147,    1.3836,    1.3206,    0.8904,    0.6461,    0.5220,    0.2095,    0.1847,    0.1311,    0.0455,    0.0370
    2,    0.3000,  227.5722,    0.2727,   88.6227,  107.9298,   19.7990,   38.3220,  158.4330,  163.5827,  163.6723,  163.8293,  164.1029,  164.5732,  165.3648,  166.6602,  168.4872,  170.9519,  174.2721,  178.5564,  183.8814,  190.3071,  197.9049,  205.8548,  212.8059,  218.1105,  222.1140,  224.8330,  226.3589,  227.0949,  227.3721,  227.5098,  227.5598,    0.0491,    0.1840,    0.3839,    0.6262,    0.8919,    1.1652,    1.4335,    1.8891,    2.1269,    2.2955,    2.4964,    2.7761,    2.4970,    2.8150,    3.1317,    3.1437,    2.7807,    2.3694,    2.2478,    2.0849,    1.9945,    2.0040,    2.0475,    2.1495,    0.7633,    0.8111,    0.8024,    0.8498,    0.8349,    0.8178,    0.8094,    0.8032,    0.8007,    0.7146,    0.7130,    0.6094,    0.4001,    0.3455,    0.2903,    0.2802,    0.2616,    0.2219,    0.2542,    0.2563,    0.2723,    0.3036,    0.3536,    0.4041,    0.4880,    0.5177,    0.4470,    0.5358,    0.5287,    0.5134,    0.5108,    0.5378,    0.5392,    0.5403,    0.4835,    0.4772,    1.2798,    1.0122,    0.9687,    0.9245,    0.9159,    0.8723,    0.9319,    0.8862,    0.8421,    0.8679,    0.8220,    0.7799,    1.1875,    1.0912,    1.0099,    0.9180,    0.8487,    0.7774,    0.7061,    0.5966,    0.5399,    0.4872,    0.4694,    0.4223,    1.0681,    0.7694,    0.5768,    0.4390,    0.3096,    0.2125,    0.1479,    0.0999,    0.0679,    0.0450,    0.0308,    0.0223,    0.0835,    0.0476,    0.0682,    0.0739,    0.0829,    0.0773,    0.0853,    0.0960,    0.0842,    0.1159,    0.1025,    0.1123,    0.1266,    0.1032,    0.1502,    0.1671,    0.1374,    0.1678,    0.1989,    0.2136,    0.2082,    0.1338,    0.2135,    0.2256,    0.2769,    0.2959,    0.3063,    0.3257,    0.3345,    0.3514,    0.3632,    0.4168,    0.4555,    0.4304,    0.4376,    0.4460,    0.7598,    0.8298,    0.8707,    0.9014,    0.9249,    1.0164,    0.9518,    1.0145,    0.9926,    1.0367,    0.9836,    1.0549,    2.2711,    2.2419,    2.2897,    2.3259,    2.3503,    2.2302,    2.3084,    2.3673,    2.4154,    2.2461,    2.2136,    2.2987,    5.8109,    5.5363,    5.4741,    5.3087,    4.9041,    4.5997,    4.0383,    3.7155,    4.0844,    3.5804,    2.7509,    2.5555,    1.9708,    1.8125,    1.3828,    1.3207,    0.8911,    0.6472,    0.5235,    0.2103,    0.1856,    0.1320,    0.0458,    0.0373,    0.0665,    0.2515,    0.5306,    0.8760,    1.2632,    1.6719,    2.0846,    2.1777,    2.8364,    3.0333,    2.7782,    2.3984,    2.2175,    1.9172,    1.6887,    1.9200,    2.6892,    3.2901,    3.2621,    3.3029,    3.2731,    3.1232,    2.9263,    2.6641,    0.8846,    0.8055,    0.8153,    0.7808,    0.8344,    0.8870,    1.0241,    1.0265,    1.0576,    1.1508,    1.1738,    1.2583,    0.9699,    0.9642,    0.9572,    0.9473,    0.9378,    0.9287,    0.9178,    0.9074,    0.8966,    0.8845,    0.8687,    0.8455,    0.8272,    0.7405,    0.7810,    0.6176,    0.6160,    0.6103,    0.5666,    0.4523,    0.4080,    0.3560,    0.3921,    0.3792,    0.9989,    1.2196,    1.1475,    1.0906,    0.9619,    0.9167,    0.7323,    0.6986,    0.6664,    0.5525,    0.5311,    0.5013,    0.7036,    0.6327,    0.5744,    0.5375,    0.4789,    0.4177,    0.3789,    0.3965,    0.3586,    0.3255,    0.2631,    0.2384,    0.5465,    0.3965,    0.2541,    0.1507,    0.1060,    0.0783,    0.0544,    0.0404,    0.0289,    0.0215,    0.0148,    0.0085,    0.0170,    0.0000,    0.0476,    0.0853,    0.0965,    0.0882,    0.1021,    0.1135,    0.1011,    0.1392,    0.1230,    0.1349,    0.1532,    0.1244,    0.1796,    0.1961,    0.1593,    0.1029,    0.0124,    0.0275,    0.1330,    0.1595,    0.2578,    0.2707,    0.3350,    0.3583,    0.3709,    0.3941,    0.4034,    0.4128,    0.3940,    0.3580,    0.3153,    0.3768,    0.5237,    0.5314,    0.9313,    1.0174,    1.0652,    1.0809,    1.0614,    1.1856,    1.1388,    1.2109,    1.1130,    1.2589,    1.1905,    1.2669,    2.7441,    2.6778,    2.7805,    2.8239,    2.8424,    2.5017,    2.5897,    2.6558,    2.7097,    2.5183,    2.4833,    2.5788,    6.5185,    6.2108,    6.1409,    5.9552,    5.5011,    5.1596,    4.5296,    4.1674,    3.6926,    3.2364,    2.4861,    2.3090,    1.7801,    1.6364,    1.2478,    1.1910,    0.8031,    0.5828,    0.4709,    0.1890,    0.1666,    0.1183,    0.0410,    0.0334
    2,    0.4000,  227.5722,    0.2860,   81.9523,  105.9449,   24.4862,   41.6996,  158.4330,  163.5827,  163.6723,  163.8293,  164.1029,  164.5732,  165.3648,  166.6602,  168.4872,  170.9519,  174.2721,  178.5564,  183.8814,  190.3071,  197.9049,  205.8548,  212.8059,  218.1105,  222.1140,  224.8330,  226.3589,  227.0949,  227.3721,  227.5098,  227.5598,    0.0480,    0.1795,    0.3736,    0.6082,    0.8641,    1.1262,    1.3819,    1.8123,    2.0395,    2.1916,    2.3628,    2.5984,    2.3327,    2.6335,    2.9521,    2.9579,    2.5921,    2.1979,    2.0715,    1.9100,    1.8174,    1.8162,    1.8467,    1.9332,    0.6858,    0.7302,    0.7226,    0.7710,    0.7594,    0.7462,    0.7522,    0.7466,    0.7513,    0.6775,    0.6776,    0.5905,    0.3920,    0.3407,    0.2881,    0.2784,    0.2602,    0.2213,    0.2528,    0.2547,    0.2701,    0.2996,    0.3459,    0.3912,    0.4663,    0.4902,    0.4269,    0.5026,    0.4961,    0.4794,    0.4755,    0.4961,    0.4958,    0.4952,    0.4357,    0.4297,    1.1511,    0.8933,    0.8531,    0.8128,    0.8046,    0.7654,    0.8259,    0.7850,    0.7455,    0.7771,    0.7360,    0.6980,    1.0664,    0.9791,    0.9086,    0.8260,    0.7651,    0.6999,    0.6354,    0.5297,    0.4789,    0.4319,    0.4220,    0.3795,    0.9627,    0.6926,    0.5226,    0.4039,    0.2846,    0.1943,    0.1352,    0.0912,    0.0620,    0.0411,    0.0283,    0.0204,    0.0818,    0.0474,    0.0663,    0.0712,    0.0798,    0.0744,    0.0823,    0.0926,    0.0812,    0.1118,    0.0989,    0.1083,    0.1226,    0.0999,    0.1455,    0.1619,    0.1332,    0.1635,    0.1966,    0.2106,    0.2036,    0.1295,    0.2067,    0.2184,    0.2680,    0.2864,    0.2964,    0.3152,    0.3238,    0.3403,    0.3529,    0.4059,    0.4445,    0.4190,    0.4247,    0.4330,    0.7373,    0.8052,    0.8450,    0.8750,    0.8982,    0.9915,    0.9283,    0.9895,    0.9686,    1.0110,    0.9591,    1.0288,    2.2148,    2.1866,    2.2328,    2.2681,    2.2920,    2.1749,    2.2511,    2.3085,    2.3555,    2.1904,    2.1587,    2.2417,    5.6668,    5.3991,    5.3385,    5.1773,    4.7828,    4.4861,    3.9387,    3.6241,    4.1178,    3.6100,    2.7738,    2.5770,    1.9876,    1.8282,    1.3950,    1.3326,    0.8994,    0.6534,    0.5286,    0.2125,    0.1876,    0.1334,    0.0464,    0.0378,    0.0683,    0.2585,    0.5457,    0.9014,    1.3007,    1.7226,    2.1491,    2.3605,    2.9399,    3.2085,    3.0999,    2.7859,    2.5688,    2.2799,    2.0475,    2.3035,    3.0772,    3.6077,    3.5849,    3.6136,    3.5803,    3.4421,    3.2555,    2.9977,    1.0022,    0.9221,    0.9273,    0.8827,    0.9245,    0.9654,    1.0700,    1.0693,    1.0906,    1.1696,    1.1868,    1.2593,    0.9700,    0.9642,    0.9572,    0.9473,    0.9378,    0.9287,    0.9178,    0.9074,    0.8966,    0.8845,    0.8688,    0.8463,    0.8331,    0.7551,    0.7904,    0.6442,    0.6413,    0.6361,    0.5968,    0.4956,    0.4556,    0.4089,    0.4518,    0.4392,    1.1622,    1.3759,    1.3009,    1.2380,    1.1032,    1.0513,    0.8578,    0.8176,    0.7791,    0.6540,    0.6265,    0.5920,    0.8357,    0.7551,    0.6835,    0.6352,    0.5690,    0.5018,    0.4552,    0.4702,    0.4252,    0.3854,    0.3129,    0.2831,    0.6560,    0.4749,    0.3086,    0.1857,    0.1306,    0.0961,    0.0667,    0.0487,    0.0345,    0.0251,    0.0171,    0.0102,    0.0155,    0.0000,    0.0444,    0.0796,    0.0901,    0.0823,    0.0961,    0.1069,    0.0951,    0.1310,    0.1158,    0.1269,    0.1456,    0.1182,    0.1707,    0.1863,    0.1514,    0.0978,    0.0117,    0.0262,    0.1261,    0.1512,    0.2444,    0.2566,    0.3176,    0.3397,    0.3517,    0.3736,    0.3824,    0.3914,    0.3762,    0.3417,    0.3010,    0.3597,    0.5001,    0.5074,    0.8894,    0.9716,    1.0173,    1.0322,    1.0136,    1.1340,    1.0893,    1.1582,    1.0645,    1.2042,    1.1388,    1.2119,    2.6249,    2.5614,    2.6597,    2.7012,    2.7189,    2.3264,    2.4084,    2.4698,    2.5200,    2.3420,    2.3094,    2.3982,    6.0620,    5.7759,    5.7110,    5.5384,    5.1162,    4.7986,    4.2128,    3.8760,    3.3318,    2.9203,    2.2433,    2.0835,    1.6064,    1.4767,    1.1261,    1.0749,    0.7249,    0.5261,    0.4251,    0.1707,    0.1505,    0.1068,    0.0370,    0.0301
    2,    0.5000,  227.5722,    0.2978,   76.9123,  104.2023,   27.7852,   43.0516,  158.4330,  163.5827,  163.6723,  163.8293,  164.1029,  164.5732,  165.3648,  166.6602,  168.4872,  170.9519,  174.2721,  178.5564,  183.8814,  190.3071,  197.9049,  205.8548,  212.8059,  218.1105,  222.1140,  224.8330,  226.3589,  227.0949,  227.3721,  227.5098,  227.5598,    0.0472,    0.1762,    0.3663,    0.5952,    0.8443,    1.0983,    1.3450,    1.7560,    1.9766,    2.1162,    2.2680,    2.4718,    2.2154,    2.4973,    2.8105,    2.8134,    2.4547,    2.0770,    1.9494,    1.7907,    1.6977,    1.6893,    1.7101,    1.7825,    0.6313,    0.6716,    0.6646,    0.7116,    0.7021,    0.6913,    0.7059,    0.7006,    0.7102,    0.6460,    0.6472,    0.5734,    0.3844,    0.3363,    0.2860,    0.2766,    0.2588,    0.2208,    0.2514,    0.2531,    0.2680,    0.2959,    0.3388,    0.3795,    0.4472,    0.4665,    0.4094,    0.4745,    0.4685,    0.4509,    0.4462,    0.4619,    0.4605,    0.4587,    0.3988,    0.3930,    1.0519,    0.8075,    0.7697,    0.7322,    0.7232,    0.6872,    0.7450,    0.7076,    0.6716,    0.7054,    0.6679,    0.6330,    0.9695,    0.8893,    0.8268,    0.7516,    0.6973,    0.6370,    0.5780,    0.4768,    0.4307,    0.3882,    0.3834,    0.3446,    0.8760,    0.6294,    0.4775,    0.3737,    0.2632,    0.1789,    0.1243,    0.0838,    0.0569,    0.0378,    0.0261,    0.0188,    0.0802,    0.0473,    0.0646,    0.0688,    0.0771,    0.0719,    0.0796,    0.0896,    0.0786,    0.1081,    0.0956,    0.1047,    0.1190,    0.0970,    0.1412,    0.1572,    0.1293,    0.1597,    0.1945,    0.2079,    0.1995,    0.1257,    0.2006,    0.2119,    0.2600,    0.2779,    0.2876,    0.3059,    0.3142,    0.3303,    0.3436,    0.3959,    0.4344,    0.4087,    0.4130,    0.4212,    0.7169,    0.7829,    0.8216,    0.8510,    0.8740,    0.9689,    0.9069,    0.9668,    0.9468,    0.9876,    0.9369,    1.0051,    2.1636,    2.1363,    2.1811,    2.2156,    2.2390,    2.1275,    2.2021,    2.2583,    2.3042,    2.1427,    2.1117,    2.1929,    5.5434,    5.2816,    5.2225,    5.0649,    4.6790,    4.3889,    3.8535,    3.5457,    4.1458,    3.6347,    2.7930,    2.5950,    2.0017,    1.8414,    1.4052,    1.3426,    0.9063,    0.6586,    0.5330,    0.2143,    0.1893,    0.1347,    0.0468,    0.0382,    0.0690,    0.2614,    0.5521,    0.9124,    1.3171,    1.7451,    2.1783,    2.4641,    2.9888,    3.2986,    3.3079,    3.0737,    2.8279,    2.5657,    2.3422,    2.6103,    3.3516,    3.8052,    3.7900,    3.8107,    3.7769,    3.6528,    3.4808,    3.2367,    1.0878,    1.0101,    1.0119,    0.9622,    0.9949,    1.0266,    1.1069,    1.1037,    1.1178,    1.1852,    1.1976,    1.2603,    0.9701,    0.9642,    0.9572,    0.9473,    0.9378,    0.9287,    0.9178,    0.9074,    0.8966,    0.8845,    0.8689,    0.8471,    0.8381,    0.7674,    0.7984,    0.6666,    0.6627,    0.6576,    0.6220,    0.5315,    0.4950,    0.4526,    0.4990,    0.4865,    1.2910,    1.4893,    1.4122,    1.3452,    1.2089,    1.1520,    0.9561,    0.9109,    0.8673,    0.7359,    0.7034,    0.6651,    0.9431,    0.8547,    0.7726,    0.7152,    0.6430,    0.5708,    0.5178,    0.5291,    0.4785,    0.4332,    0.3538,    0.3198,    0.7466,    0.5397,    0.3543,    0.2157,    0.1517,    0.1111,    0.0772,    0.0558,    0.0392,    0.0282,    0.0191,    0.0117,    0.0142,    0.0000,    0.0415,    0.0745,    0.0843,    0.0770,    0.0906,    0.1008,    0.0897,    0.1236,    0.1092,    0.1198,    0.1386,    0.1125,    0.1625,    0.1774,    0.1441,    0.0931,    0.0112,    0.0249,    0.1197,    0.1436,    0.2322,    0.2437,    0.3017,    0.3226,    0.3340,    0.3549,    0.3632,    0.3717,    0.3597,    0.3266,    0.2877,    0.3439,    0.4783,    0.4852,    0.8506,    0.9292,    0.9729,    0.9871,    0.9692,    1.0860,    1.0432,    1.1092,    1.0194,    1.1533,    1.0906,    1.1606,    2.5138,    2.4530,    2.5471,    2.5869,    2.6038,    2.1677,    2.2441,    2.3013,    2.3481,    2.1822,    2.1519,    2.2346,    5.6485,    5.3820,    5.3215,    5.1608,    4.7674,    4.4715,    3.9258,    3.6120,    3.0085,    2.6370,    2.0257,    1.8815,    1.4506,    1.3336,    1.0170,    0.9709,    0.6547,    0.4753,    0.3841,    0.1542,    0.1359,    0.0966,    0.0335,    0.0272
    2,    0.7500,  227.5722,    0.3215,   68.2882,  100.6809,   32.8921,   42.1669,  158.4330,  163.5827,  163.6723,  163.8293,  164.1029,  164.5732,  165.3648,  166.6602,  168.4872,  170.9519,  174.2721,  178.5564,  183.8814,  190.3071,  197.9049,  205.8548,  212.8059,  218.1105,  222.1140,  224.8330,  226.3589,  227.0949,  227.3721,  227.5098,  227.5598,    0.0459,    0.1709,    0.3544,    0.5741,    0.8119,    1.0528,    1.2850,    1.6618,    1.8743,    1.9922,    2.1125,    2.2704,    2.0284,    2.2713,    2.5618,    2.5621,    2.2270,    1.8810,    1.7546,    1.6031,    1.5111,    1.4931,    1.4996,    1.5489,    0.5462,    0.5782,    0.5717,    0.6125,    0.6053,    0.5974,    0.6213,    0.6161,    0.6320,    0.5848,    0.5868,    0.5370,    0.3674,    0.3259,    0.2811,    0.2725,    0.2555,    0.2194,    0.2481,    0.2493,    0.2629,    0.2872,    0.3229,    0.3545,    0.4080,    0.4193,    0.3740,    0.4202,    0.4150,    0.3964,    0.3907,    0.3987,    0.3956,    0.3921,    0.3356,    0.3303,    0.8823,    0.6694,    0.6356,    0.6026,    0.5916,    0.5606,    0.6083,    0.5768,    0.5465,    0.5787,    0.5475,    0.5182,    0.7956,    0.7281,    0.6787,    0.6166,    0.5734,    0.5224,    0.4732,    0.3834,    0.3455,    0.3106,    0.3125,    0.2805,    0.7149,    0.5116,    0.3916,    0.3141,    0.2208,    0.1486,    0.1031,    0.0693,    0.0470,    0.0312,    0.0218,    0.0156,    0.0769,    0.0469,    0.0612,    0.0641,    0.0718,    0.0670,    0.0741,    0.0835,    0.0732,    0.1007,    0.0891,    0.0976,    0.1115,    0.0909,    0.1324,    0.1474,    0.1213,    0.1514,    0.1896,    0.2017,    0.1907,    0.1178,    0.1879,    0.1985,    0.2435,    0.2603,    0.2694,    0.2865,    0.2943,    0.3097,    0.3237,    0.3744,    0.4124,    0.3864,    0.3882,    0.3960,    0.6735,    0.7355,    0.7719,    0.8000,    0.8224,    0.9205,    0.8613,    0.9182,    0.9000,    0.9376,    0.8896,    0.9546,    2.0544,    2.0290,    2.0708,    2.1035,    2.1259,    2.0358,    2.1072,    2.1610,    2.2049,    2.0504,    2.0207,    2.0985,    5.3048,    5.0544,    4.9979,    4.8473,    4.4782,    4.2007,    3.6885,    3.3942,    4.1972,    3.6802,    2.8283,    2.6282,    2.0277,    1.8658,    1.4243,    1.3613,    0.9193,    0.6684,    0.5412,    0.2177,    0.1924,    0.1370,    0.0477,    0.0389,    0.0697,    0.2640,    0.5579,    0.9225,    1.3325,    1.7666,    2.2065,    2.5756,    3.0379,    3.3896,    3.5717,    3.5222,    3.2279,    3.0545,    2.8783,    3.1447,    3.7491,    4.0473,    4.0491,    4.0599,    4.0291,    3.9350,    3.7988,    3.5977,    1.2202,    1.1541,    1.1502,    1.0985,    1.1154,    1.1316,    1.1731,    1.1656,    1.1678,    1.2139,    1.2179,    1.2623,    0.9703,    0.9643,    0.9572,    0.9473,    0.9379,    0.9287,    0.9178,    0.9075,    0.8966,    0.8845,    0.8692,    0.8487,    0.8480,    0.7912,    0.8138,    0.7094,    0.7034,    0.6982,    0.6693,    0.5987,    0.5687,    0.5343,    0.5813,    0.5691,    1.5159,    1.6650,    1.5850,    1.5116,    1.3809,    1.3160,    1.1276,    1.0734,    1.0212,    0.8846,    0.8431,    0.7979,    1.1405,    1.0374,    0.9374,    0.8630,    0.7804,    0.6989,    0.6340,    0.6344,    0.5737,    0.5188,    0.4296,    0.3878,    0.9161,    0.6609,    0.4411,    0.2750,    0.1933,    0.1405,    0.0975,    0.0694,    0.0484,    0.0342,    0.0230,    0.0145,    0.0115,    0.0000,    0.0355,    0.0637,    0.0720,    0.0658,    0.0790,    0.0879,    0.0782,    0.1077,    0.0952,    0.1044,    0.1234,    0.1002,    0.1447,    0.1579,    0.1283,    0.0827,    0.0099,    0.0221,    0.1059,    0.1271,    0.2055,    0.2157,    0.2670,    0.2856,    0.2956,    0.3141,    0.3215,    0.3290,    0.3234,    0.2934,    0.2584,    0.3090,    0.4301,    0.4364,    0.7650,    0.8358,    0.8750,    0.8878,    0.8716,    0.9790,    0.9405,    1.0000,    0.9189,    1.0398,    0.9833,    1.0464,    2.2664,    2.2115,    2.2965,    2.3324,    2.3476,    1.8295,    1.8939,    1.9422,    1.9817,    1.8417,    1.8161,    1.8860,    4.7673,    4.5424,    4.4915,    4.3559,    4.0240,    3.7744,    3.3138,    3.0491,    2.3381,    2.0494,    1.5744,    1.4624,    1.1276,    1.0368,    0.7907,    0.7550,    0.5092,    0.3697,    0.2988,    0.1200,    0.1058,    0.0752,    0.0261,    0.0212
    2,    1.0000,  227.5722,    0.3393,   62.7132,   98.0458,   35.8361,   38.8640,  158.4330,  163.5827,  163.6723,  163.8293,  164.1029,  164.5732,  165.3648,  166.6602,  168.4872,  170.9519,  174.2721,  178.5564,  183.8814,  190.3071,  197.9049,  205.8548,  212.8059,  218.1105,  222.1140,  224.8330,  226.3589,  227.0949,  227.3721,  227.5098,  227.5598,    0.0451,    0.1676,    0.3469,    0.5610,    0.7918,    1.0246,    1.2478,    1.6019,    1.8112,    1.9149,    2.0138,    2.1473,    1.9135,    2.1306,    2.3993,    2.3978,    2.0823,    1.7593,    1.6344,    1.4884,    1.3979,    1.3748,    1.3737,    1.4101,    0.4956,    0.5224,    0.5160,    0.5514,    0.5449,    0.5380,    0.5638,    0.5583,    0.5766,    0.5401,    0.5418,    0.5075,    0.3528,    0.3168,    0.2765,    0.2686,    0.2525,    0.2181,    0.2451,    0.2458,    0.2583,    0.2794,    0.3094,    0.3341,    0.3775,    0.3840,    0.3471,    0.3810,    0.3762,    0.3575,    0.3515,    0.3553,    0.3515,    0.3474,    0.2955,    0.2905,    0.7748,    0.5858,    0.5547,    0.5244,    0.5123,    0.4843,    0.5234,    0.4954,    0.4686,    0.4965,    0.4693,    0.4435,    0.6808,    0.6217,    0.5799,    0.5262,    0.4900,    0.4452,    0.4026,    0.3225,    0.2899,    0.2601,    0.2644,    0.2370,    0.6039,    0.4303,    0.3309,    0.2702,    0.1895,    0.1264,    0.0875,    0.0586,    0.0397,    0.0263,    0.0185,    0.0133,    0.0744,    0.0465,    0.0587,    0.0607,    0.0680,    0.0635,    0.0700,    0.0789,    0.0691,    0.0951,    0.0841,    0.0922,    0.1057,    0.0862,    0.1255,    0.1397,    0.1150,    0.1447,    0.1852,    0.1963,    0.1837,    0.1116,    0.1780,    0.1882,    0.2308,    0.2467,    0.2553,    0.2715,    0.2789,    0.2936,    0.3077,    0.3569,    0.3943,    0.3682,    0.3683,    0.3758,    0.6388,    0.6975,    0.7321,    0.7591,    0.7810,    0.8815,    0.8247,    0.8792,    0.8622,    0.8975,    0.8516,    0.9139,    1.9667,    1.9427,    1.9822,    2.0135,    2.0351,    1.9716,    2.0407,    2.0928,    2.1354,    1.9857,    1.9570,    2.0323,    5.1377,    4.8952,    4.8406,    4.6949,    4.3375,    4.0689,    3.5730,    3.2881,    4.2301,    3.7093,    2.8509,    2.6495,    2.0444,    1.8815,    1.4367,    1.3735,    0.9278,    0.6748,    0.5466,    0.2200,    0.1945,    0.1386,    0.0483,    0.0394,    0.0699,    0.2650,    0.5601,    0.9264,    1.3385,    1.7750,    2.2177,    2.6142,    3.0578,    3.4228,    3.6771,    3.7548,    3.4330,    3.3436,    3.2233,    3.4681,    3.9378,    4.1445,    4.1558,    4.1630,    4.1352,    4.0593,    3.9478,    3.7824,    1.2902,    1.2362,    1.2292,    1.1815,    1.1890,    1.1958,    1.2159,    1.2057,    1.2013,    1.2333,    1.2317,    1.2638,    0.9705,    0.9644,    0.9572,    0.9473,    0.9379,    0.9287,    0.9178,    0.9075,    0.8966,    0.8846,    0.8695,    0.8499,    0.8552,    0.8080,    0.8247,    0.7394,    0.7320,    0.7262,    0.7019,    0.6448,    0.6192,    0.5903,    0.6328,    0.6208,    1.6568,    1.7596,    1.6781,    1.6014,    1.4800,    1.4105,    1.2363,    1.1765,    1.1189,    0.9841,    0.9366,    0.8868,    1.2747,    1.1617,    1.0503,    0.9642,    0.8748,    0.7868,    0.7137,    0.7034,    0.6360,    0.5748,    0.4817,    0.4345,    1.0338,    0.7451,    0.5026,    0.3187,    0.2239,    0.1618,    0.1122,    0.0793,    0.0550,    0.0385,    0.0258,    0.0166,    0.0095,    0.0000,    0.0306,    0.0550,    0.0622,    0.0569,    0.0695,    0.0773,    0.0688,    0.0948,    0.0838,    0.0919,    0.1107,    0.0899,    0.1298,    0.1416,    0.1151,    0.0740,    0.0089,    0.0197,    0.0943,    0.1134,    0.1833,    0.1924,    0.2382,    0.2547,    0.2637,    0.2802,    0.2868,    0.2934,    0.2927,    0.2653,    0.2336,    0.2794,    0.3894,    0.3951,    0.6927,    0.7567,    0.7923,    0.8037,    0.7889,    0.8874,    0.8525,    0.9065,    0.8329,    0.9426,    0.8913,    0.9485,    2.0545,    2.0048,    2.0819,    2.1144,    2.1282,    1.5559,    1.6107,    1.6519,    1.6854,    1.5664,    1.5446,    1.6040,    4.0546,    3.8634,    3.8201,    3.7048,    3.4226,    3.2104,    2.8188,    2.5937,    1.8242,    1.5990,    1.2285,    1.1411,    0.8800,    0.8091,    0.6172,    0.5893,    0.3975,    0.2886,    0.2334,    0.0937,    0.0827,    0.0587,    0.0204,    0.0166
    2,    1.2500,  227.5722,    0.3528,   58.7444,   96.0346,   37.7978,   34.9620,  158.4330,  163.5827,  163.6723,  163.8293,  164.1029,  164.5732,  165.3648,  166.6602,  168.4872,  170.9519,  174.2721,  178.5564,  183.8814,  190.3071,  197.9049,  205.8548,  212.8059,  218.1105,  222.1140,  224.8330,  226.3589,  227.0949,  227.3721,  227.5098,  227.5598,    0.0445,    0.1653,    0.3417,    0.5519,    0.7778,    1.0049,    1.2219,    1.5597,    1.7672,    1.8609,    1.9437,    2.0606,    1.8324,    2.0318,    2.2828,    2.2792,    1.9795,    1.6745,    1.5508,    1.4089,    1.3196,    1.2931,    1.2868,    1.3148,    0.4610,    0.4844,    0.4779,    0.5094,    0.5030,    0.4964,    0.5219,    0.5160,    0.5352,    0.5058,    0.5068,    0.4831,    0.3402,    0.3086,    0.2722,    0.2650,    0.2496,    0.2168,    0.2422,    0.2425,    0.2539,    0.2723,    0.2976,    0.3171,    0.3532,    0.3566,    0.3257,    0.3513,    0.3467,    0.3283,    0.3224,    0.3237,    0.3196,    0.3152,    0.2675,    0.2628,    0.6999,    0.5289,    0.4997,    0.4714,    0.4586,    0.4326,    0.4654,    0.4398,    0.4152,    0.4391,    0.4146,    0.3913,    0.5998,    0.5466,    0.5095,    0.4617,    0.4302,    0.3899,    0.3519,    0.2798,    0.2509,    0.2245,    0.2297,    0.2055,    0.5232,    0.3710,    0.2860,    0.2364,    0.1654,    0.1095,    0.0757,    0.0505,    0.0342,    0.0226,    0.0160,    0.0114,    0.0722,    0.0461,    0.0567,    0.0581,    0.0651,    0.0608,    0.0669,    0.0753,    0.0660,    0.0908,    0.0804,    0.0880,    0.1010,    0.0824,    0.1200,    0.1336,    0.1099,    0.1391,    0.1813,    0.1916,    0.1779,    0.1068,    0.1703,    0.1800,    0.2207,    0.2359,    0.2442,    0.2596,    0.2668,    0.2810,    0.2946,    0.3425,    0.3791,    0.3532,    0.3522,    0.3594,    0.6106,    0.6668,    0.6998,    0.7258,    0.7472,    0.8497,    0.7948,    0.8474,    0.8314,    0.8649,    0.8207,    0.8809,    1.8954,    1.8725,    1.9102,    1.9404,    1.9613,    1.9258,    1.9933,    2.0442,    2.0858,    1.9396,    1.9116,    1.9851,    5.0185,    4.7817,    4.7285,    4.5862,    4.2372,    3.9750,    3.4906,    3.2124,    4.2512,    3.7280,    2.8655,    2.6633,    2.0553,    1.8918,    1.4448,    1.3815,    0.9335,    0.6791,    0.5502,    0.2216,    0.1960,    0.1397,    0.0487,    0.0398,    0.0701,    0.2655,    0.5613,    0.9285,    1.3418,    1.7797,    2.2239,    2.6323,    3.0690,    3.4401,    3.7264,    3.8817,    3.5441,    3.5204,    3.4507,    3.6698,    4.0359,    4.1928,    4.2088,    4.2143,    4.1883,    4.1226,    4.0259,    3.8849,    1.3300,    1.2859,    1.2771,    1.2348,    1.2363,    1.2371,    1.2449,    1.2330,    1.2247,    1.2470,    1.2417,    1.2651,    0.9707,    0.9644,    0.9572,    0.9473,    0.9379,    0.9287,    0.9178,    0.9075,    0.8967,    0.8846,    0.8697,    0.8510,    0.8607,    0.8204,    0.8327,    0.7611,    0.7528,    0.7464,    0.7252,    0.6778,    0.6553,    0.6302,    0.6668,    0.6549,    1.7498,    1.8152,    1.7330,    1.6545,    1.5414,    1.4692,    1.3096,    1.2461,    1.1849,    1.0548,    1.0029,    0.9499,    1.3713,    1.2510,    1.1321,    1.0375,    0.9431,    0.8504,    0.7714,    0.7513,    0.6793,    0.6138,    0.5194,    0.4684,    1.1198,    0.8066,    0.5483,    0.3523,    0.2474,    0.1780,    0.1234,    0.0868,    0.0600,    0.0418,    0.0280,    0.0182,    0.0079,    0.0000,    0.0266,    0.0479,    0.0542,    0.0495,    0.0616,    0.0685,    0.0610,    0.0840,    0.0742,    0.0814,    0.0999,    0.0811,    0.1171,    0.1278,    0.1038,    0.0666,    0.0080,    0.0177,    0.0846,    0.1018,    0.1645,    0.1727,    0.2138,    0.2286,    0.2367,    0.2515,    0.2574,    0.2633,    0.2663,    0.2411,    0.2122,    0.2540,    0.3544,    0.3596,    0.6305,    0.6888,    0.7211,    0.7315,    0.7179,    0.8079,    0.7762,    0.8254,    0.7582,    0.8583,    0.8116,    0.8637,    1.8707,    1.8253,    1.8956,    1.9253,    1.9378,    1.3307,    1.3775,    1.4127,    1.4414,    1.3396,    1.3210,    1.3718,    3.4676,    3.3041,    3.2671,    3.1686,    2.9273,    2.7458,    2.4109,    2.2185,    1.4282,    1.2519,    0.9618,    0.8935,    0.6890,    0.6336,    0.4833,    0.4616,    0.3114,    0.2261,    0.1828,    0.0734,    0.0648,    0.0460,    0.0160,    0.0130
    2,    1.5000,  227.5722,    0.3633,   55.7431,   94.4751,   39.2438,   31.1022,  158.4330,  163.5827,  163.6723,  163.8293,  164.1029,  164.5732,  165.3648,  166.6602,  168.4872,  170.9519,  174.2721,  178.5564,  183.8814,  190.3071,  197.9049,  205.8548,  212.8059,  218.1105,  222.1140,  224.8330,  226.3589,  227.0949,  227.3721,  227.5098,  227.5598,    0.0441,    0.1636,    0.3378,    0.5450,    0.7672,    0.9902,    1.2026,    1.5278,    1.7344,    1.8204,    1.8907,    1.9945,    1.7707,    1.9568,    2.1936,    2.1879,    1.9018,    1.6112,    1.4885,    1.3497,    1.2614,    1.2324,    1.2223,    1.2440,    0.4353,    0.4562,    0.4498,    0.4782,    0.4718,    0.4654,    0.4898,    0.4837,    0.5029,    0.4785,    0.4787,    0.4625,    0.3291,    0.3011,    0.2682,    0.2616,    0.2469,    0.2156,    0.2395,    0.2394,    0.2499,    0.2659,    0.2873,    0.3028,    0.3333,    0.3346,    0.3083,    0.3280,    0.3235,    0.3055,    0.2998,    0.2996,    0.2953,    0.2909,    0.2467,    0.2422,    0.6442,    0.4873,    0.4595,    0.4327,    0.4193,    0.3949,    0.4230,    0.3990,    0.3762,    0.3968,    0.3741,    0.3527,    0.5395,    0.4907,    0.4569,    0.4135,    0.3852,    0.3483,    0.3138,    0.2482,    0.2221,    0.1983,    0.2035,    0.1818,    0.4619,    0.3259,    0.2514,    0.2097,    0.1464,    0.0963,    0.0663,    0.0442,    0.0298,    0.0197,    0.0140,    0.0100,    0.0705,    0.0458,    0.0551,    0.0562,    0.0630,    0.0588,    0.0644,    0.0726,    0.0636,    0.0875,    0.0774,    0.0848,    0.0972,    0.0793,    0.1155,    0.1286,    0.1059,    0.1344,    0.1778,    0.1874,    0.1731,    0.1029,    0.1641,    0.1734,    0.2127,    0.2273,    0.2353,    0.2502,    0.2570,    0.2708,    0.2838,    0.3303,    0.3663,    0.3406,    0.3389,    0.3459,    0.5874,    0.6415,    0.6733,    0.6985,    0.7193,    0.8236,    0.7703,    0.8213,    0.8059,    0.8381,    0.7953,    0.8537,    1.8368,    1.8148,    1.8511,    1.8804,    1.9007,    1.8927,    1.9591,    2.0091,    2.0499,    1.9062,    1.8787,    1.9510,    4.9322,    4.6996,    4.6474,    4.5076,    4.1647,    3.9070,    3.4310,    3.1577,    4.2648,    3.7401,    2.8750,    2.6722,    2.0623,    1.8985,    1.4501,    1.3868,    0.9372,    0.6820,    0.5527,    0.2226,    0.1970,    0.1405,    0.0489,    0.0400,    0.0701,    0.2659,    0.5621,    0.9299,    1.3439,    1.7828,    2.2280,    2.6429,    3.0761,    3.4511,    3.7536,    3.9547,    3.6079,    3.6319,    3.6037,    3.7993,    4.0922,    4.2213,    4.2397,    4.2443,    4.2193,    4.1593,    4.0715,    3.9463,    1.3543,    1.3174,    1.3075,    1.2703,    1.2678,    1.2648,    1.2654,    1.2522,    1.2415,    1.2570,    1.2490,    1.2662,    0.9709,    0.9645,    0.9572,    0.9473,    0.9379,    0.9287,    0.9178,    0.9075,    0.8967,    0.8847,    0.8699,    0.8518,    0.8649,    0.8297,    0.8387,    0.7773,    0.7683,    0.7613,    0.7425,    0.7020,    0.6818,    0.6595,    0.6901,    0.6783,    1.8137,    1.8505,    1.7678,    1.6884,    1.5817,    1.5079,    1.3612,    1.2952,    1.2314,    1.1068,    1.0519,    0.9965,    1.4435,    1.3179,    1.1936,    1.0928,    0.9944,    0.8983,    0.8148,    0.7859,    0.7108,    0.6422,    0.5478,    0.4939,    1.1851,    0.8533,    0.5835,    0.3788,    0.2660,    0.1907,    0.1322,    0.0926,    0.0640,    0.0444,    0.0297,    0.0195,    0.0066,    0.0000,    0.0233,    0.0419,    0.0474,    0.0433,    0.0549,    0.0610,    0.0543,    0.0748,    0.0661,    0.0725,    0.0905,    0.0735,    0.1061,    0.1158,    0.0941,    0.0603,    0.0072,    0.0160,    0.0762,    0.0918,    0.1483,    0.1557,    0.1928,    0.2062,    0.2134,    0.2268,    0.2321,    0.2374,    0.2433,    0.2201,    0.1936,    0.2318,    0.3240,    0.3287,    0.5764,    0.6297,    0.6592,    0.6686,    0.6561,    0.7382,    0.7093,    0.7542,    0.6927,    0.7843,    0.7416,    0.7892,    1.7095,    1.6679,    1.7322,    1.7593,    1.7707,    1.1426,    1.1828,    1.2130,    1.2377,    1.1502,    1.1343,    1.1779,    2.9775,    2.8371,    2.8054,    2.7208,    2.5136,    2.3579,    2.0703,    1.9051,    1.1214,    0.9831,    0.7553,    0.7016,    0.5411,    0.4976,    0.3796,    0.3625,    0.2446,    0.1776,    0.1436,    0.0577,    0.0509,    0.0362,    0.0126,    0.0102
    2,    1.7500,  227.5722,    0.3716,   53.3770,   93.2504,   40.3894,   27.5153,  158.4330,  163.5827,  163.6723,  163.8293,  164.1029,  164.5732,  165.3648,  166.6602,  168.4872,  170.9519,  174.2721,  178.5564,  183.8814,  190.3071,  197.9049,  205.8548,  212.8059,  218.1105,  222.1140,  224.8330,  226.3589,  227.0949,  227.3721,  227.5098,  227.5598,    0.0438,    0.1622,    0.3348,    0.5397,    0.7590,    0.9786,    1.1874,    1.5027,    1.7086,    1.7886,    1.8488,    1.9420,    1.7216,    1.8970,    2.1220,    2.1148,    1.8406,    1.5618,    1.4398,    1.3035,    1.2160,    1.1850,    1.1720,    1.1887,    0.4152,    0.4342,    0.4278,    0.4539,    0.4475,    0.4411,    0.4643,    0.4580,    0.4769,    0.4562,    0.4556,    0.4449,    0.3193,    0.2944,    0.2645,    0.2584,    0.2443,    0.2145,    0.2369,    0.2365,    0.2461,    0.2600,    0.2782,    0.2905,    0.3167,    0.3166,    0.2938,    0.3091,    0.3047,    0.2871,    0.2816,    0.2804,    0.2761,    0.2717,    0.2304,    0.2261,    0.6009,    0.4554,    0.4288,    0.4031,    0.3892,    0.3659,    0.3903,    0.3677,    0.3462,    0.3642,    0.3429,    0.3229,    0.4930,    0.4475,    0.4161,    0.3760,    0.3501,    0.3159,    0.2841,    0.2239,    0.1999,    0.1781,    0.1831,    0.1633,    0.4139,    0.2906,    0.2240,    0.1882,    0.1309,    0.0856,    0.0588,    0.0391,    0.0263,    0.0174,    0.0124,    0.0088,    0.0690,    0.0455,    0.0538,    0.0547,    0.0613,    0.0573,    0.0625,    0.0704,    0.0617,    0.0849,    0.0751,    0.0822,    0.0942,    0.0768,    0.1118,    0.1246,    0.1025,    0.1304,    0.1745,    0.1837,    0.1691,    0.0998,    0.1591,    0.1681,    0.2062,    0.2204,    0.2281,    0.2425,    0.2492,    0.2626,    0.2748,    0.3201,    0.3553,    0.3299,    0.3278,    0.3347,    0.5682,    0.6205,    0.6513,    0.6758,    0.6961,    0.8019,    0.7500,    0.7997,    0.7847,    0.8159,    0.7743,    0.8312,    1.7883,    1.7670,    1.8021,    1.8307,    1.8505,    1.8685,    1.9340,    1.9834,    2.0237,    1.8819,    1.8547,    1.9261,    4.8692,    4.6396,    4.5881,    4.4501,    4.1117,    3.8574,    3.3875,    3.1177,    4.2735,    3.7479,    2.8811,    2.6781,    2.0670,    1.9030,    1.4536,    1.3904,    0.9398,    0.6839,    0.5544,    0.2233,    0.1977,    0.1410,    0.0491,    0.0402,    0.0702,    0.2661,    0.5627,    0.9309,    1.3454,    1.7849,    2.2308,    2.6501,    3.0812,    3.4586,    3.7707,    3.9993,    3.6470,    3.7044,    3.7088,    3.8850,    4.1276,    4.2403,    4.2601,    4.2640,    4.2397,    4.1832,    4.1009,    3.9858,    1.3700,    1.3384,    1.3278,    1.2948,    1.2897,    1.2841,    1.2802,    1.2663,    1.2540,    1.2645,    1.2546,    1.2671,    0.9710,    0.9645,    0.9572,    0.9473,    0.9379,    0.9287,    0.9178,    0.9075,    0.8967,    0.8847,    0.8701,    0.8526,    0.8683,    0.8370,    0.8434,    0.7897,    0.7801,    0.7727,    0.7555,    0.7202,    0.7017,    0.6815,    0.7067,    0.6949,    1.8590,    1.8744,    1.7915,    1.7114,    1.6095,    1.5346,    1.3987,    1.3308,    1.2653,    1.1463,    1.0891,    1.0318,    1.4991,    1.3693,    1.2413,    1.1355,    1.0341,    0.9352,    0.8484,    0.8119,    0.7343,    0.6635,    0.5698,    0.5136,    1.2360,    0.8899,    0.6114,    0.4003,    0.2811,    0.2009,    0.1392,    0.0973,    0.0671,    0.0464,    0.0311,    0.0205,    0.0055,    0.0000,    0.0205,    0.0368,    0.0417,    0.0381,    0.0491,    0.0546,    0.0486,    0.0669,    0.0592,    0.0649,    0.0824,    0.0669,    0.0966,    0.1054,    0.0856,    0.0547,    0.0065,    0.0144,    0.0689,    0.0831,    0.1343,    0.1409,    0.1745,    0.1866,    0.1932,    0.2052,    0.2101,    0.2148,    0.2231,    0.2016,    0.1772,    0.2124,    0.2971,    0.3014,    0.5287,    0.5776,    0.6047,    0.6133,    0.6016,    0.6764,    0.6500,    0.6912,    0.6346,    0.7188,    0.6797,    0.7232,    1.5666,    1.5285,    1.5875,    1.6124,    1.6228,    0.9839,    1.0186,    1.0446,    1.0658,    0.9905,    0.9768,    1.0144,    2.5641,    2.4432,    2.4159,    2.3431,    2.1647,    2.0306,    1.7829,    1.6407,    0.8828,    0.7739,    0.5946,    0.5524,    0.4260,    0.3918,    0.2989,    0.2855,    0.1926,    0.1399,    0.1131,    0.0455,    0.0401,    0.0285,    0.0099,    0.0081
    2,    2.0000,  227.5722,    0.3781,   51.4539,   92.2784,   41.3447,   24.2726,  158.4330,  163.5827,  163.6723,  163.8293,  164.1029,  164.5732,  165.3648,  166.6602,  168.4872,  170.9519,  174.2721,  178.5564,  183.8814,  190.3071,  197.9049,  205.8548,  212.8059,  218.1105,  222.1140,  224.8330,  226.3589,  227.0949,  227.3721,  227.5098,  227.5598,    0.0435,    0.1611,    0.3323,    0.5353,    0.7523,    0.9693,    1.1751,    1.4822,    1.6878,    1.7629,    1.8146,    1.8988,    1.6814,    1.8478,    2.0629,    2.0545,    1.7907,    1.5218,    1.4004,    1.2662,    1.1794,    1.1468,    1.1314,    1.1441,    0.3990,    0.4164,    0.4100,    0.4342,    0.4278,    0.4215,    0.4435,    0.4370,    0.4555,    0.4376,    0.4362,    0.4296,    0.3106,    0.2883,    0.2610,    0.2554,    0.2419,    0.2134,    0.2345,    0.2337,    0.2425,    0.2547,    0.2701,    0.2799,    0.3026,    0.3014,    0.2815,    0.2935,    0.2892,    0.2720,    0.2667,    0.2648,    0.2605,    0.2562,    0.2174,    0.2132,    0.5660,    0.4301,    0.4044,    0.3797,    0.3652,    0.3430,    0.3643,    0.3428,    0.3223,    0.3381,    0.3181,    0.2991,    0.4558,    0.4130,    0.3835,    0.3460,    0.3220,    0.2900,    0.2604,    0.2046,    0.1823,    0.1621,    0.1667,    0.1485,    0.3753,    0.2623,    0.2019,    0.1704,    0.1182,    0.0769,    0.0527,    0.0349,    0.0234,    0.0154,    0.0111,    0.0078,    0.0677,    0.0451,    0.0528,    0.0536,    0.0601,    0.0561,    0.0610,    0.0687,    0.0601,    0.0828,    0.0732,    0.0802,    0.0916,    0.0747,    0.1088,    0.1212,    0.0997,    0.1270,    0.1716,    0.1803,    0.1656,    0.0972,    0.1550,    0.1638,    0.2009,    0.2147,    0.2222,    0.2363,    0.2428,    0.2559,    0.2671,    0.3113,    0.3459,    0.3209,    0.3186,    0.3253,    0.5521,    0.6029,    0.6329,    0.6567,    0.6766,    0.7837,    0.7331,    0.7817,    0.7670,    0.7975,    0.7567,    0.8124,    1.7479,    1.7271,    1.7613,    1.7892,    1.8086,    1.8506,    1.9156,    1.9645,    2.0044,    1.8639,    1.8370,    1.9077,    4.8228,    4.5954,    4.5444,    4.4078,    4.0727,    3.8208,    3.3555,    3.0883,    4.2792,    3.7530,    2.8851,    2.6819,    2.0701,    1.9059,    1.4560,    1.3928,    0.9415,    0.6853,    0.5556,    0.2239,    0.1982,    0.1414,    0.0493,    0.0403,    0.0702,    0.2663,    0.5631,    0.9316,    1.3466,    1.7865,    2.2329,    2.6552,    3.0849,    3.4642,    3.7826,    4.0283,    3.6727,    3.7532,    3.7826,    3.9437,    4.1518,    4.2539,    4.2747,    4.2782,    4.2542,    4.2001,    4.1213,    4.0130,    1.3808,    1.3529,    1.3418,    1.3122,    1.3053,    1.2979,    1.2912,    1.2768,    1.2636,    1.2702,    1.2591,    1.2679,    0.9712,    0.9646,    0.9572,    0.9473,    0.9379,    0.9287,    0.9179,    0.9075,    0.8967,    0.8848,    0.8703,    0.8532,    0.8711,    0.8427,    0.8471,    0.7993,    0.7893,    0.7815,    0.7655,    0.7342,    0.7170,    0.6983,    0.7188,    0.7071,    1.8922,    1.8915,    1.8085,    1.7280,    1.6295,    1.5539,    1.4267,    1.3575,    1.2907,    1.1769,    1.1179,    1.0593,    1.5427,    1.4098,    1.2789,    1.1694,    1.0653,    0.9644,    0.8749,    0.8318,    0.7525,    0.6799,    0.5872,    0.5293,    1.2766,    0.9191,    0.6340,    0.4180,    0.2935,    0.2092,    0.1450,    0.1012,    0.0698,    0.0481,    0.0323,    0.0214,    0.0046,    0.0000,    0.0180,    0.0325,    0.0367,    0.0336,    0.0440,    0.0490,    0.0436,    0.0601,    0.0531,    0.0582,    0.0752,    0.0610,    0.0881,    0.0961,    0.0781,    0.0498,    0.0059,    0.0131,    0.0625,    0.0754,    0.1219,    0.1279,    0.1584,    0.1694,    0.1754,    0.1863,    0.1907,    0.1950,    0.2051,    0.1851,    0.1626,    0.1951,    0.2733,    0.2773,    0.4864,    0.5313,    0.5562,    0.5641,    0.5533,    0.6213,    0.5971,    0.6349,    0.5829,    0.6603,    0.6244,    0.6644,    1.4392,    1.4041,    1.4584,    1.4812,    1.4907,    0.8491,    0.8790,    0.9015,    0.9198,    0.8548,    0.8429,    0.8754,    2.2127,    2.1084,    2.0849,    2.0221,    1.8681,    1.7524,    1.5387,    1.4159,    0.6964,    0.6105,    0.4691,    0.4358,    0.3361,    0.3091,    0.2358,    0.2252,    0.1520,    0.1104,    0.0893,    0.0359,    0.0317,    0.0225,    0.0078,    0.0064
