Particle       ,data/QEXT_96IR_84_VIS_RNC10_6_9umrod
Ncase          ,  14
dt (sols)      ,  0.020833
Qext 0.67um    ,  1.955726
Alb sfc        ,  0.220000
Conrath nu     ,  0.002000
Sun Flux (W/m2),148.389262
BWN IR (cm-1)  ,     10.0000,     34.1670,     58.3330,     82.5000,    106.6670,    130.8330,    155.0000,    179.1670,    203.3330,    227.5000,    251.6670,    275.8330,    300.0000,    320.7880,    341.5750,    362.3630,    383.1500,    403.9380,    424.7250,    445.5130,    466.3010,    487.0880,    507.8760,    528.6630,    549.4510,    556.7420,    564.0330,    571.3240,    578.6150,    585.9060,    593.1970,    600.4880,    607.7790,    615.0700,    622.3610,    629.6520,    636.9430,    642.5500,    648.1570,    653.7640,    659.3700,    664.9770,    670.5840,    676.1910,    681.7980,    687.4050,    693.0110,    698.6180,    704.2250,    710.1390,    716.0530,    721.9670,    727.8810,    733.7950,    739.7090,    745.6240,    751.5380,    757.4520,    763.3660,    769.2800,    775.1940,    791.5010,    807.8070,    824.1140,    840.4210,    856.7270,    873.0340,    889.3410,    905.6470,    921.9540,    938.2610,    954.5670,    970.8740,    996.8050,   1022.7370,   1048.6680,   1074.6000,   1100.5310,   1126.4630,   1152.3940,   1178.3250,   1204.2570,   1230.1880,   1256.1200,   1282.0510,   1360.3990,   1438.7460,   1517.0940,   1595.4410,   1673.7890,   1752.1370,   1830.4840,   1908.8320,   1987.1790,   2065.5270,   2143.8740,   2222.2220
BWN VIS (cm-1) ,   2222.2200,   2294.3160,   2366.4120,   2438.5080,   2510.6030,   2582.6990,   2654.7950,   2726.8910,   2798.9870,   2871.0820,   2943.1780,   3015.2740,   3087.3700,   3165.9750,   3244.5800,   3323.1850,   3401.7900,   3480.3950,   3559.0000,   3637.6050,   3716.2100,   3794.8150,   3873.4200,   3952.0250,   4030.6300,   4142.2920,   4253.9530,   4365.6150,   4477.2770,   4588.9380,   4700.6000,   4812.2620,   4923.9230,   5035.5850,   5147.2470,   5258.9080,   5370.5700,   5560.6150,   5750.6600,   5940.7050,   6130.7500,   6320.7950,   6510.8400,   6700.8850,   6890.9300,   7080.9750,   7271.0200,   7461.0650,   7651.1100,   8055.1840,   8459.2580,   8863.3330,   9267.4070,   9671.4810,  10075.5550,  10479.6290,  10883.7030,  11287.7780,  11691.8520,  12095.9260,  12500.0000,  13541.6670,  14583.3330,  15625.0000,  16666.6670,  17708.3330,  18750.0000,  19791.6670,  20833.3330,  21875.0000,  22916.6670,  23958.3330,  25000.0000,  26388.8890,  27777.7780,  29166.6670,  30555.5570,  31944.4460,  33333.3350,  34722.2240,  36111.1130,  37500.0030,  38888.8920,  40277.7810,  41666.6700
SUN VIS (W/m2) ,      0.1008,      0.0862,      0.0968,      0.1089,      0.1224,      0.1136,      0.1248,      0.1400,      0.1233,      0.1698,      0.1502,      0.1645,      0.1814,      0.1477,      0.2144,      0.2377,      0.1946,      0.2106,      0.2276,      0.2472,      0.2683,      0.1918,      0.3072,      0.3239,      0.3986,      0.4261,      0.4410,      0.4688,      0.4810,      0.5017,      0.5013,      0.5485,      0.5772,      0.5665,      0.6183,      0.6303,      1.0809,      1.1806,      1.2379,      1.2751,      1.2949,      1.4092,      1.3262,      1.4132,      1.3634,      1.4505,      1.3747,      1.4716,      3.1730,      3.1258,      3.2038,      3.2543,      3.2846,      3.1576,      3.2685,      3.3520,      3.4202,      3.1800,      3.1347,      3.2554,      8.2299,      7.8425,      7.7561,      7.5237,      6.9524,      6.5235,      5.7299,      5.2748,      5.0739,      4.4511,      3.4228,      3.1828,      2.4579,      2.2644,      1.7312,      1.6575,      1.1215,      0.8173,      0.6634,      0.2677,      0.2374,      0.1697,      0.0593,      0.0486
================
wavelenght [um],    0.244068,    0.252632,    0.261818,    0.271698,    0.282353,    0.293878,    0.306383,    0.320000,    0.334884,    0.351220,    0.369231,    0.389189,    0.408511,    0.426667,    0.446512,    0.468293,    0.492308,    0.518919,    0.548571,    0.581818,    0.619355,    0.662069,    0.711111,    0.768000,    0.813143,    0.840768,    0.870336,    0.902060,    0.936184,    0.972991,    1.012810,    1.056028,    1.103099,    1.154562,    1.211061,    1.273375,    1.323436,    1.357581,    1.393534,    1.431444,    1.471474,    1.513807,    1.558648,    1.606226,    1.656801,    1.710664,    1.768147,    1.829628,    1.881560,    1.921939,    1.964090,    2.008131,    2.054193,    2.102417,    2.152960,    2.205992,    2.261704,    2.320302,    2.382017,    2.447105,    2.505432,    2.555765,    2.608162,    2.662752,    2.719677,    2.779088,    2.841153,    2.906054,    2.973989,    3.045176,    3.119855,    3.198288,    3.277268,    3.356577,    3.439819,    3.527294,    3.619334,    3.716307,    3.818620,    3.926726,    4.041130,    4.162400,    4.291175,    4.428172,    4.580751,    4.751270,    4.934974,    5.133456,    5.348572,    5.582505,    5.837838,    6.117648,    6.425631,    6.766266,    7.145039,    7.568734,    7.879690,    8.044056,    8.215425,    8.394255,    8.581043,    8.776330,    8.980716,    9.194848,    9.419442,    9.655282,    9.903235,   10.164260,   10.387231,   10.566200,   10.751445,   10.943308,   11.142136,   11.348323,   11.562291,   11.784476,   12.015368,   12.255495,   12.505409,   12.765727,   12.949392,   13.049328,   13.150818,   13.253898,   13.358608,   13.464994,   13.573088,   13.682923,   13.794549,   13.908012,   14.023357,   14.140631,   14.256763,   14.371646,   14.488386,   14.607038,   14.727660,   14.850291,   14.974981,   15.101782,   15.230738,   15.361915,   15.495384,   15.631191,   15.790367,   15.974275,   16.162517,   16.355249,   16.552633,   16.754839,   16.962047,   17.174443,   17.392227,   17.615605,   17.844795,   18.080028,   18.550914,   19.294981,   20.101230,   20.977796,   21.934298,   22.982219,   24.135264,   25.410119,   26.827165,   28.411593,   30.194923,   32.217118,   34.732292,   37.914692,   41.739101,   46.421699,   52.287582,   59.850314,   69.970927,   84.210526,  105.726686,  142.012170,  216.216216,  452.826771
Qext           ,      2.1996,      2.1996,      2.1996,      2.1996,      2.1996,      2.1996,      2.1996,      2.1996,      2.1996,      2.1996,      2.1996,      2.1996,      2.1996,      2.1996,      2.1996,      2.1996,      1.9557,      1.9557,      1.9557,      1.9557,      1.9557,      1.9557,      1.9557,      1.9557,      1.9557,      1.9557,      1.9557,      1.9557,      1.9557,      1.9557,      1.9557,      1.7681,      1.7681,      1.7681,      1.7681,      1.7681,      1.7681,      1.7681,      1.7681,      1.7681,      1.7681,      1.7681,      1.7681,      1.9100,      1.9100,      1.9100,      1.9100,      1.9100,      1.9100,      1.9100,      1.9100,      1.9100,      1.9100,      1.9100,      2.0494,      2.0494,      2.0494,      2.0494,      2.0494,      2.0494,      2.0494,      2.0494,      2.0494,      2.0494,      2.4340,      2.4340,      2.4340,      2.4340,      2.4340,      2.4340,      2.4340,      2.4340,      2.4263,      2.4263,      2.4263,      2.4263,      2.4263,      2.4263,      3.1073,      3.1073,      3.1073,      3.1073,      3.1073,      2.8200,      2.8200,      2.8200,      3.0979,      3.0979,      3.0979,      3.3752,      3.3752,      4.4206,      4.4206,      5.4087,      4.2375,      4.2375,      3.3627,      3.3627,      4.1170,      4.1170,      4.1170,      4.4074,      4.4074,      4.4074,      5.3843,      5.3843,      5.9128,      5.9128,      5.5766,      5.5766,      5.5766,      5.3430,      5.3430,      5.3430,      6.0201,      6.0201,      6.9564,      6.9564,      6.9564,      8.2160,      8.2160,      8.2160,      8.2099,      8.2099,      8.2099,      8.2099,      8.2099,      7.5446,      7.5446,      7.5446,      7.5446,      7.5446,      6.8849,      6.8849,      6.8849,      6.8849,      5.6009,      5.6009,      5.6009,      5.6009,      5.6009,      4.5147,      4.5147,      4.5147,      4.5147,      4.5454,      4.5454,      4.5454,      4.9172,      4.9172,      4.4369,      4.4369,      4.4369,      4.7078,      4.7078,      5.1691,      5.4908,      6.3900,      7.3232,      7.8475,      7.8297,      8.8506,     11.4423,     15.0859,     15.5634,     17.3276,     19.7690,     22.0966,     18.9440,     20.2752,     11.3801,      3.4794,      1.9568,      2.0182,      2.0182,      2.0182,      2.0182,      2.0182,      2.0182,      2.0182
Qscat          ,      1.4454,      1.4454,      1.4454,      1.4454,      1.4454,      1.4454,      1.4454,      1.4454,      1.4454,      1.4454,      1.4454,      1.4454,      1.4454,      1.4454,      1.4454,      1.4454,      1.7273,      1.7273,      1.7273,      1.7273,      1.7273,      1.7273,      1.7273,      1.7273,      1.7273,      1.7273,      1.7273,      1.7273,      1.7273,      1.7273,      1.7273,      1.6318,      1.6318,      1.6318,      1.6318,      1.6318,      1.6318,      1.6318,      1.6318,      1.6318,      1.6318,      1.6318,      1.6318,      1.7754,      1.7754,      1.7754,      1.7754,      1.7754,      1.7754,      1.7754,      1.7754,      1.7754,      1.7754,      1.7754,      1.9038,      1.9038,      1.9038,      1.9038,      1.9038,      1.9038,      1.9038,      1.9038,      1.9038,      1.9038,      2.2434,      2.2434,      2.2434,      2.2434,      2.2434,      2.2434,      2.2434,      2.2434,      2.2819,      2.2819,      2.2819,      2.2819,      2.2819,      2.2819,      2.8435,      2.8435,      2.8435,      2.8435,      2.8435,      2.6238,      2.6238,      2.6238,      2.8768,      2.8768,      2.8768,      3.0987,      3.0987,      4.0128,      4.0128,      4.7965,      3.7217,      3.7217,      3.0062,      3.0062,      3.6950,      3.6950,      3.6950,      3.9868,      3.9868,      3.9868,      4.7646,      4.7646,      5.1988,      5.1988,      4.9836,      4.9836,      4.9836,      4.7723,      4.7723,      4.7723,      5.3135,      5.3135,      6.0246,      6.0246,      6.0246,      7.0190,      7.0190,      7.0190,      6.8279,      6.8279,      6.8279,      6.8279,      6.8279,      6.2239,      6.2239,      6.2239,      6.2239,      6.2239,      5.5392,      5.5392,      5.5392,      5.5392,      4.4967,      4.4967,      4.4967,      4.4967,      4.4967,      3.5392,      3.5392,      3.5392,      3.5392,      3.4027,      3.4027,      3.4027,      3.6007,      3.6007,      3.4646,      3.4646,      3.4646,      3.7825,      3.7825,      4.2050,      4.4123,      5.1511,      5.6809,      5.6915,      5.5805,      6.5983,      8.8715,     11.7127,     11.4122,     11.7792,     11.0667,     10.4262,     11.2856,     10.8438,      7.2651,      2.2518,      1.0281,      0.9803,      0.9803,      0.9803,      0.9803,      0.9803,      0.9803,      0.9803
G factor       ,      0.6780,      0.6780,      0.6780,      0.6780,      0.6780,      0.6780,      0.6780,      0.6780,      0.6780,      0.6780,      0.6780,      0.6780,      0.6780,      0.6780,      0.6780,      0.6780,      0.3560,      0.3560,      0.3560,      0.3560,      0.3560,      0.3560,      0.3560,      0.3560,      0.3560,      0.3560,      0.3560,      0.3560,      0.3560,      0.3560,      0.3560,      0.3410,      0.3410,      0.3410,      0.3410,      0.3410,      0.3410,      0.3410,      0.3410,      0.3410,      0.3410,      0.3410,      0.3410,      0.3130,      0.3130,      0.3130,      0.3130,      0.3130,      0.3130,      0.3130,      0.3130,      0.3130,      0.3130,      0.3130,      0.2390,      0.2390,      0.2390,      0.2390,      0.2390,      0.2390,      0.2390,      0.2390,      0.2390,      0.2390,      0.2920,      0.2920,      0.2920,      0.2920,      0.2920,      0.2920,      0.2920,      0.2920,      0.2440,      0.2440,      0.2440,      0.2440,      0.2440,      0.2440,      0.2250,      0.2250,      0.2250,      0.2250,      0.2250,      0.3350,      0.3350,      0.3350,      0.2510,      0.2510,      0.2510,      0.3030,      0.3030,      0.2740,      0.2740,      0.1880,      0.1920,      0.1920,      0.2100,      0.2100,      0.1860,      0.1860,      0.1860,      0.1880,      0.1880,      0.1880,      0.2260,      0.2260,      0.1900,      0.1900,      0.2030,      0.2030,      0.2030,      0.2680,      0.2680,      0.2680,      0.3290,      0.3290,      0.3010,      0.3010,      0.3010,      0.2320,      0.2320,      0.2320,      0.0830,      0.0830,      0.0830,      0.0830,      0.0830,     -0.0430,     -0.0430,     -0.0430,     -0.0430,     -0.0430,     -0.0920,     -0.0920,     -0.0920,     -0.0920,     -0.1450,     -0.1450,     -0.1450,     -0.1450,     -0.1450,     -0.1630,     -0.1630,     -0.1630,     -0.1630,     -0.1030,     -0.1030,     -0.1030,     -0.0760,     -0.0760,     -0.0390,     -0.0390,     -0.0390,      0.0130,      0.0130,      0.0440,      0.0560,      0.0900,      0.1100,      0.1260,      0.1820,      0.2540,      0.2640,      0.2360,      0.1990,      0.1560,      0.0580,      0.0330,     -0.0060,      0.0940,      0.0570,      0.0260,     -0.0390,     -0.0710,     -0.0710,     -0.0710,     -0.0710,     -0.0710,     -0.0710,     -0.0710
================
P [mbar]       ,    0.1004,    0.1015,    0.1034,    0.1069,    0.1130,    0.1239,    0.1432,    0.1740,    0.2226,    0.3028,    0.4349,    0.6529,    1.0121,    1.6044,    2.4646,    3.4606,    4.3994,    5.2226,    5.8426,    6.2132,    6.3980,    6.4686,    6.5039,    6.5168
Temp initial[K],  163.5827,  163.6723,  163.8293,  164.1029,  164.5732,  165.3648,  166.6602,  168.4872,  170.9519,  174.2721,  178.5564,  183.8814,  190.3071,  197.9049,  205.8548,  212.8059,  218.1105,  222.1140,  224.8330,  226.3589,  227.0949,  227.3721,  227.5098,  227.5598
================
it   ,   tau    ,  Tsfc    ,   alb    ,   OLR    ,    ASR   ,  NET top ,  NET bot , T lev  01, T lev  02, T lev  03, T lev  04, T lev  05, T lev  06, T lev  07, T lev  08, T lev  09, T lev  10, T lev  11, T lev  12, T lev  13, T lev  14, T lev  15, T lev  16, T lev  17, T lev  18, T lev  19, T lev  20, T lev  21, T lev  22, T lev  23, T lev  24, T lev  25,  OLR IR01,  OLR IR02,  OLR IR03,  OLR IR04,  OLR IR05,  OLR IR06,  OLR IR07,  OLR IR08,  OLR IR09,  OLR IR10,  OLR IR11,  OLR IR12,  OLR IR13,  OLR IR14,  OLR IR15,  OLR IR16,  OLR IR17,  OLR IR18,  OLR IR19,  OLR IR20,  OLR IR21,  OLR IR22,  OLR IR23,  OLR IR24,  OLR IR25,  OLR IR26,  OLR IR27,  OLR IR28,  OLR IR29,  OLR IR30,  OLR IR31,  OLR IR32,  OLR IR33,  OLR IR34,  OLR IR35,  OLR IR36,  OLR IR37,  OLR IR38,  OLR IR39,  OLR IR40,  OLR IR41,  OLR IR42,  OLR IR43,  OLR IR44,  OLR IR45,  OLR IR46,  OLR IR47,  OLR IR48,  OLR IR49,  OLR IR50,  OLR IR51,  OLR IR52,  OLR IR53,  OLR IR54,  OLR IR55,  OLR IR56,  OLR IR57,  OLR IR58,  OLR IR59,  OLR IR60,  OLR IR61,  OLR IR62,  OLR IR63,  OLR IR64,  OLR IR65,  OLR IR66,  OLR IR67,  OLR IR68,  OLR IR69,  OLR IR70,  OLR IR71,  OLR IR72,  OLR IR73,  OLR IR74,  OLR IR75,  OLR IR76,  OLR IR77,  OLR IR78,  OLR IR79,  OLR IR80,  OLR IR81,  OLR IR82,  OLR IR83,  OLR IR84,  OLR IR85,  OLR IR86,  OLR IR87,  OLR IR88,  OLR IR89,  OLR IR90,  OLR IR91,  OLR IR92,  OLR IR93,  OLR IR94,  OLR IR95,  OLR IR96, ASR VIS01, ASR VIS02, ASR VIS03, ASR VIS04, ASR VIS05, ASR VIS06, ASR VIS07, ASR VIS08, ASR VIS09, ASR VIS10, ASR VIS11, ASR VIS12, ASR VIS13, ASR VIS14, ASR VIS15, ASR VIS16, ASR VIS17, ASR VIS18, ASR VIS19, ASR VIS20, ASR VIS21, ASR VIS22, ASR VIS23, ASR VIS24, ASR VIS25, ASR VIS26, ASR VIS27, ASR VIS28, ASR VIS29, ASR VIS30, ASR VIS31, ASR VIS32, ASR VIS33, ASR VIS34, ASR VIS35, ASR VIS36, ASR VIS37, ASR VIS38, ASR VIS39, ASR VIS40, ASR VIS41, ASR VIS42, ASR VIS43, ASR VIS44, ASR VIS45, ASR VIS46, ASR VIS47, ASR VIS48, ASR VIS49, ASR VIS50, ASR VIS51, ASR VIS52, ASR VIS53, ASR VIS54, ASR VIS55, ASR VIS56, ASR VIS57, ASR VIS58, ASR VIS59, ASR VIS60, ASR VIS61, ASR VIS62, ASR VIS63, ASR VIS64, ASR VIS65, ASR VIS66, ASR VIS67, ASR VIS68, ASR VIS69, ASR VIS70, ASR VIS71, ASR VIS72, ASR VIS73, ASR VIS74, ASR VIS75, ASR VIS76, ASR VIS77, ASR VIS78, ASR VIS79, ASR VIS80, ASR VIS81, ASR VIS82, ASR VIS83, ASR VIS84, SFC DIR01, SFC DIR02, SFC DIR03, SFC DIR04, SFC DIR05, SFC DIR06, SFC DIR07, SFC DIR08, SFC DIR09, SFC DIR10, SFC DIR11, SFC DIR12, SFC DIR13, SFC DIR14, SFC DIR15, SFC DIR16, SFC DIR17, SFC DIR18, SFC DIR19, SFC DIR20, SFC DIR21, SFC DIR22, SFC DIR23, SFC DIR24, SFC DIR25, SFC DIR26, SFC DIR27, SFC DIR28, SFC DIR29, SFC DIR30, SFC DIR31, SFC DIR32, SFC DIR33, SFC DIR34, SFC DIR35, SFC DIR36, SFC DIR37, SFC DIR38, SFC DIR39, SFC DIR40, SFC DIR41, SFC DIR42, SFC DIR43, SFC DIR44, SFC DIR45, SFC DIR46, SFC DIR47, SFC DIR48, SFC DIR49, SFC DIR50, SFC DIR51, SFC DIR52, SFC DIR53, SFC DIR54, SFC DIR55, SFC DIR56, SFC DIR57, SFC DIR58, SFC DIR59, SFC DIR60, SFC DIR61, SFC DIR62, SFC DIR63, SFC DIR64, SFC DIR65, SFC DIR66, SFC DIR67, SFC DIR68, SFC DIR69, SFC DIR70, SFC DIR71, SFC DIR72, SFC DIR73, SFC DIR74, SFC DIR75, SFC DIR76, SFC DIR77, SFC DIR78, SFC DIR79, SFC DIR80, SFC DIR81, SFC DIR82, SFC DIR83, SFC DIR84, SFC DIR85, SFC DIR86, SFC DIR87, SFC DIR88, SFC DIR89, SFC DIR90, SFC DIR91, SFC DIR92, SFC DIR93, SFC DIR94, SFC DIR95, SFC DIR96,SFC DVIS01,SFC DVIS02,SFC DVIS03,SFC DVIS04,SFC DVIS05,SFC DVIS06,SFC DVIS07,SFC DVIS08,SFC DVIS09,SFC DVIS10,SFC DVIS11,SFC DVIS12,SFC DVIS13,SFC DVIS14,SFC DVIS15,SFC DVIS16,SFC DVIS17,SFC DVIS18,SFC DVIS19,SFC DVIS20,SFC DVIS21,SFC DVIS22,SFC DVIS23,SFC DVIS24,SFC DVIS25,SFC DVIS26,SFC DVIS27,SFC DVIS28,SFC DVIS29,SFC DVIS30,SFC DVIS31,SFC DVIS32,SFC DVIS33,SFC DVIS34,SFC DVIS35,SFC DVIS36,SFC DVIS37,SFC DVIS38,SFC DVIS39,SFC DVIS40,SFC DVIS41,SFC DVIS42,SFC DVIS43,SFC DVIS44,SFC DVIS45,SFC DVIS46,SFC DVIS47,SFC DVIS48,SFC DVIS49,SFC DVIS50,SFC DVIS51,SFC DVIS52,SFC DVIS53,SFC DVIS54,SFC DVIS55,SFC DVIS56,SFC DVIS57,SFC DVIS58,SFC DVIS59,SFC DVIS60,SFC DVIS61,SFC DVIS62,SFC DVIS63,SFC DVIS64,SFC DVIS65,SFC DVIS66,SFC DVIS67,SFC DVIS68,SFC DVIS69,SFC DVIS70,SFC DVIS71,SFC DVIS72,SFC DVIS73,SFC DVIS74,SFC DVIS75,SFC DVIS76,SFC DVIS77,SFC DVIS78,SFC DVIS79,SFC DVIS80,SFC DVIS81,SFC DVIS82,SFC DVIS83,SFC DVIS84
    2,    0.0000,  227.5722,    0.2192,  139.8688,  115.8602,  -23.5218,  -14.0680,  158.4330,  163.5827,  163.6723,  163.8293,  164.1029,  164.5732,  165.3648,  166.6602,  168.4872,  170.9519,  174.2721,  178.5564,  183.8814,  190.3071,  197.9049,  205.8548,  212.8059,  218.1105,  222.1140,  224.8330,  226.3589,  227.0949,  227.3721,  227.5098,  227.5598,    0.0705,    0.2675,    0.5658,    0.9364,    1.3541,    1.7971,    2.2470,    2.6886,    3.1100,    3.5012,    3.8550,    4.1668,    3.7991,    3.9662,    4.1036,    4.2111,    4.2902,    4.3412,    4.3666,    4.3674,    4.3455,    4.3031,    4.2365,    4.1377,    1.4329,    1.4160,    1.3937,    1.3544,    1.3064,    1.2531,    1.1042,    1.0903,    1.0331,    0.8812,    0.8657,    0.6804,    0.4286,    0.3613,    0.2973,    0.2859,    0.2660,    0.2237,    0.2586,    0.2615,    0.2793,    0.3166,    0.3804,    0.4522,    0.5746,    0.6344,    0.5305,    0.6851,    0.6744,    0.6698,    0.6769,    0.7426,    0.7550,    0.7683,    0.7700,    0.7628,    2.0538,    1.9716,    1.9052,    1.8274,    1.7484,    1.6691,    1.5919,    1.5151,    1.4407,    1.3665,    1.2937,    1.2291,    1.8278,    1.6842,    1.5339,    1.3924,    1.2741,    1.1725,    1.0662,    0.9681,    0.8777,    0.7928,    0.7079,    0.6374,    1.5840,    1.1437,    0.8293,    0.5901,    0.4167,    0.2922,    0.2036,    0.1383,    0.0940,    0.0622,    0.0416,    0.0303,    0.0906,    0.0482,    0.0759,    0.0854,    0.0957,    0.0892,    0.0975,    0.1096,    0.0962,    0.1325,    0.1172,    0.1283,    0.1417,    0.1155,    0.1680,    0.1868,    0.1536,    0.1833,    0.2065,    0.2237,    0.2252,    0.1502,    0.2398,    0.2533,    0.3110,    0.3324,    0.3440,    0.3658,    0.3756,    0.3940,    0.4010,    0.4565,    0.4953,    0.4717,    0.4852,    0.4943,    0.8433,    0.9209,    0.9663,    0.9993,    1.0234,    1.1077,    1.0381,    1.1064,    1.0804,    1.1314,    1.0733,    1.1507,    2.4780,    2.4450,    2.4989,    2.5384,    2.5644,    2.4626,    2.5489,    2.6139,    2.6670,    2.4800,    2.4441,    2.5380,    6.4157,    6.1123,    6.0433,    5.8603,    5.4132,    5.0767,    4.4565,    4.0997,    3.9404,    3.4535,    2.6528,    2.4637,    1.8993,    1.7458,    1.3311,    1.2705,    0.8565,    0.6215,    0.5021,    0.2015,    0.1776,    0.1261,    0.0437,    0.0355,    0.0000,    0.0000,    0.0000,    0.0000,    0.0000,    0.0000,    0.0000,    0.0000,    0.0000,    0.0000,    0.0000,    0.0000,    0.0000,    0.0000,    0.0000,    0.0000,    0.0000,    0.0000,    0.0000,    0.0004,    0.0013,    0.0042,    0.0316,    0.1224,    0.0337,    0.0553,    0.0951,    0.1939,    0.3170,    0.4390,    0.7874,    0.8078,    0.8986,    1.0611,    1.1127,    1.2540,    0.9696,    0.9641,    0.9572,    0.9473,    0.9378,    0.9287,    0.9178,    0.9074,    0.8966,    0.8844,    0.8683,    0.8421,    0.8025,    0.6764,    0.7395,    0.4977,    0.5022,    0.4908,    0.4247,    0.2470,    0.1814,    0.1031,    0.0612,    0.0469,    0.0933,    0.0788,    0.0260,    0.0119,    0.0030,    0.0028,    0.0017,    0.0056,    0.0100,    0.0182,    0.0292,    0.0235,    0.0278,    0.0056,    0.0259,    0.0458,    0.0328,    0.0004,    0.0000,    0.0000,    0.0000,    0.0031,    0.0165,    0.0171,    0.0171,    0.0171,    0.0000,    0.0000,    0.0000,    0.0000,    0.0000,    0.0035,    0.0040,    0.0054,    0.0048,    0.0010,    0.0230,    0.0000,    0.0598,    0.1073,    0.1213,    0.1109,    0.1245,    0.1385,    0.1233,    0.1698,    0.1501,    0.1645,    0.1806,    0.1466,    0.2118,    0.2312,    0.1878,    0.1215,    0.0145,    0.0325,    0.1583,    0.1897,    0.3065,    0.3218,    0.3984,    0.4260,    0.4410,    0.4686,    0.4796,    0.4909,    0.4572,    0.4157,    0.3661,    0.4375,    0.6076,    0.6165,    1.0804,    1.1803,    1.2358,    1.2540,    1.2316,    1.3659,    1.3119,    1.3949,    1.2823,    1.4502,    1.3714,    1.4595,    3.1611,    3.0848,    3.2030,    3.2531,    3.2743,    3.1567,    3.2678,    3.3511,    3.4192,    3.1776,    3.1334,    3.2539,    8.2247,    7.8363,    7.7478,    7.5132,    6.9399,    6.5086,    5.7135,    5.2561,    5.0518,    4.4276,    3.4010,    3.1586,    2.4350,    2.2382,    1.7066,    1.6288,    1.0981,    0.7968,    0.6438,    0.2584,    0.2277,    0.1616,    0.0560,    0.0455
    2,    0.0500,  227.5722,    0.2299,  123.0001,  114.2724,   -8.2399,    6.3653,  158.4330,  163.5827,  163.6723,  163.8293,  164.1029,  164.5732,  165.3648,  166.6602,  168.4872,  170.9519,  174.2721,  178.5564,  183.8814,  190.3071,  197.9049,  205.8548,  212.8059,  218.1105,  222.1140,  224.8330,  226.3589,  227.0949,  227.3721,  227.5098,  227.5598,    0.0684,    0.2594,    0.5484,    0.9073,    1.3113,    1.7396,    2.1743,    2.6010,    2.9225,    2.9486,    3.0489,    3.2157,    2.9494,    3.0743,    3.2219,    3.3597,    3.4387,    3.6567,    3.8070,    3.8334,    3.7802,    3.7502,    3.7348,    3.6987,    1.2858,    1.2802,    1.2614,    1.2329,    1.1941,    1.1507,    1.0220,    1.0108,    0.9662,    0.8343,    0.8237,    0.6603,    0.4209,    0.3571,    0.2955,    0.2840,    0.2646,    0.2231,    0.2571,    0.2598,    0.2764,    0.3111,    0.3688,    0.4308,    0.5312,    0.5744,    0.4879,    0.6067,    0.5981,    0.5948,    0.5965,    0.6419,    0.6483,    0.6549,    0.6676,    0.6606,    1.7767,    1.7561,    1.6944,    1.6243,    1.5823,    1.5103,    1.4458,    1.3760,    1.3084,    1.2270,    1.1618,    1.1035,    1.6279,    1.4990,    1.3845,    1.2573,    1.1666,    1.0725,    0.9752,    0.8901,    0.8069,    0.7289,    0.6620,    0.5960,    1.4527,    1.0486,    0.7422,    0.5430,    0.3834,    0.2747,    0.1914,    0.1302,    0.0885,    0.0586,    0.0396,    0.0288,    0.0893,    0.0480,    0.0738,    0.0821,    0.0921,    0.0858,    0.0943,    0.1061,    0.0931,    0.1282,    0.1134,    0.1242,    0.1377,    0.1122,    0.1633,    0.1815,    0.1493,    0.1792,    0.2045,    0.2210,    0.2211,    0.1462,    0.2335,    0.2466,    0.3027,    0.3235,    0.3349,    0.3561,    0.3657,    0.3837,    0.3924,    0.4475,    0.4863,    0.4624,    0.4744,    0.4834,    0.8244,    0.9002,    0.9446,    0.9771,    1.0010,    1.0865,    1.0180,    1.0850,    1.0600,    1.1094,    1.0524,    1.1284,    2.4298,    2.3977,    2.4502,    2.4889,    2.5146,    2.4187,    2.5035,    2.5674,    2.6195,    2.4358,    2.4006,    2.4929,    6.3016,    6.0036,    5.9359,    5.7562,    5.3170,    4.9866,    4.3775,    4.0271,    3.9769,    3.4855,    2.6773,    2.4865,    1.9169,    1.7621,    1.3435,    1.2824,    0.8647,    0.6275,    0.5070,    0.2035,    0.1794,    0.1274,    0.0442,    0.0359,    0.0051,    0.0194,    0.0409,    0.0673,    0.0969,    0.1279,    0.1590,    0.1781,    0.3216,    1.0096,    1.7827,    1.8237,    1.9202,    1.7690,    1.4958,    1.3294,    1.2457,    0.9880,    0.8227,    0.7903,    0.8045,    0.7338,    0.6601,    0.6606,    0.2113,    0.2185,    0.2516,    0.3346,    0.4407,    0.5456,    0.8587,    0.8733,    0.9466,    1.0881,    1.1309,    1.2552,    0.9697,    0.9641,    0.9572,    0.9473,    0.9378,    0.9287,    0.9178,    0.9074,    0.8966,    0.8844,    0.8684,    0.8436,    0.8148,    0.7087,    0.7605,    0.5586,    0.5600,    0.5479,    0.4929,    0.3462,    0.2912,    0.2259,    0.1746,    0.1609,    0.4040,    0.3195,    0.2629,    0.2399,    0.1871,    0.1784,    0.1604,    0.1561,    0.1525,    0.1671,    0.1690,    0.1566,    0.2408,    0.2033,    0.1836,    0.1870,    0.1438,    0.1044,    0.0945,    0.0808,    0.0732,    0.0690,    0.0636,    0.0593,    0.1511,    0.1132,    0.0875,    0.0469,    0.0330,    0.0173,    0.0120,    0.0114,    0.0093,    0.0088,    0.0067,    0.0024,    0.0220,    0.0000,    0.0563,    0.1010,    0.1142,    0.1044,    0.1191,    0.1325,    0.1179,    0.1624,    0.1435,    0.1574,    0.1728,    0.1403,    0.2026,    0.2212,    0.1797,    0.1162,    0.0139,    0.0311,    0.1522,    0.1825,    0.2949,    0.3096,    0.3833,    0.4099,    0.4243,    0.4508,    0.4615,    0.4723,    0.4421,    0.4019,    0.3541,    0.4231,    0.5876,    0.5961,    1.0448,    1.1414,    1.1950,    1.2126,    1.1909,    1.3247,    1.2723,    1.3529,    1.2436,    1.4065,    1.3301,    1.4155,    3.0658,    2.9918,    3.1064,    3.1549,    3.1755,    3.0442,    3.1514,    3.2318,    3.2974,    3.0645,    3.0219,    3.1380,    7.9318,    7.5572,    7.4719,    7.2457,    6.6929,    6.2769,    5.5101,    5.0690,    4.8044,    4.2106,    3.2342,    3.0035,    2.3154,    2.1281,    1.6225,    1.5485,    1.0439,    0.7575,    0.6119,    0.2456,    0.2164,    0.1536,    0.0532,    0.0433
    2,    0.1000,  227.5722,    0.2398,  111.9273,  112.8091,    1.3706,   18.9045,  158.4330,  163.5827,  163.6723,  163.8293,  164.1029,  164.5732,  165.3648,  166.6602,  168.4872,  170.9519,  174.2721,  178.5564,  183.8814,  190.3071,  197.9049,  205.8548,  212.8059,  218.1105,  222.1140,  224.8330,  226.3589,  227.0949,  227.3721,  227.5098,  227.5598,    0.0666,    0.2522,    0.5331,    0.8817,    1.2738,    1.6891,    2.1101,    2.5232,    2.7683,    2.6336,    2.7065,    2.8111,    2.5992,    2.6846,    2.7878,    2.9014,    2.9591,    3.2158,    3.4148,    3.4523,    3.3813,    3.3510,    3.3587,    3.3585,    1.1704,    1.1720,    1.1558,    1.1350,    1.1031,    1.0672,    0.9549,    0.9455,    0.9101,    0.7943,    0.7872,    0.6419,    0.4136,    0.3531,    0.2937,    0.2822,    0.2632,    0.2225,    0.2557,    0.2581,    0.2735,    0.3059,    0.3582,    0.4121,    0.4956,    0.5274,    0.4541,    0.5475,    0.5403,    0.5378,    0.5363,    0.5684,    0.5711,    0.5737,    0.5915,    0.5848,    1.5711,    1.5863,    1.5286,    1.4645,    1.4466,    1.3805,    1.3253,    1.2612,    1.1992,    1.1141,    1.0551,    1.0018,    1.4686,    1.3512,    1.2622,    1.1465,    1.0760,    0.9883,    0.8985,    0.8237,    0.7466,    0.6744,    0.6216,    0.5596,    1.3411,    0.9677,    0.6711,    0.5027,    0.3547,    0.2590,    0.1804,    0.1230,    0.0836,    0.0554,    0.0378,    0.0274,    0.0881,    0.0479,    0.0719,    0.0793,    0.0889,    0.0829,    0.0915,    0.1029,    0.0903,    0.1243,    0.1100,    0.1205,    0.1341,    0.1093,    0.1590,    0.1768,    0.1454,    0.1754,    0.2027,    0.2185,    0.2174,    0.1426,    0.2276,    0.2404,    0.2951,    0.3154,    0.3265,    0.3471,    0.3565,    0.3742,    0.3844,    0.4391,    0.4779,    0.4536,    0.4643,    0.4732,    0.8068,    0.8810,    0.9245,    0.9565,    0.9802,    1.0666,    0.9992,    1.0650,    1.0409,    1.0888,    1.0328,    1.1075,    2.3848,    2.3535,    2.4046,    2.4426,    2.4679,    2.3783,    2.4616,    2.5244,    2.5757,    2.3951,    2.3604,    2.4512,    6.1962,    5.9033,    5.8367,    5.6601,    5.2283,    4.9035,    4.3046,    3.9602,    4.0112,    3.5157,    2.7007,    2.5083,    1.9338,    1.7778,    1.3556,    1.2941,    0.8726,    0.6334,    0.5119,    0.2055,    0.1812,    0.1287,    0.0446,    0.0363,    0.0099,    0.0372,    0.0784,    0.1291,    0.1856,    0.2450,    0.3047,    0.3421,    0.6013,    1.6809,    2.6650,    2.7590,    2.7841,    2.6620,    2.3602,    2.1549,    2.0436,    1.6884,    1.4453,    1.3959,    1.4130,    1.2935,    1.1544,    1.0946,    0.3557,    0.3529,    0.3806,    0.4512,    0.5433,    0.6343,    0.9173,    0.9273,    0.9867,    1.1106,    1.1462,    1.2563,    0.9697,    0.9642,    0.9572,    0.9473,    0.9378,    0.9287,    0.9178,    0.9074,    0.8966,    0.8844,    0.8686,    0.8448,    0.8244,    0.7335,    0.7765,    0.6045,    0.6036,    0.5912,    0.5442,    0.4201,    0.3727,    0.3167,    0.2614,    0.2480,    0.6416,    0.5134,    0.4537,    0.4234,    0.3402,    0.3243,    0.2931,    0.2820,    0.2717,    0.2891,    0.2836,    0.2656,    0.4130,    0.3630,    0.3141,    0.3039,    0.2380,    0.1925,    0.1745,    0.1500,    0.1358,    0.1253,    0.1050,    0.0965,    0.2654,    0.1951,    0.1590,    0.0872,    0.0614,    0.0327,    0.0228,    0.0184,    0.0140,    0.0119,    0.0084,    0.0037,    0.0210,    0.0000,    0.0531,    0.0953,    0.1078,    0.0985,    0.1141,    0.1269,    0.1130,    0.1556,    0.1375,    0.1508,    0.1655,    0.1344,    0.1941,    0.2119,    0.1722,    0.1114,    0.0134,    0.0298,    0.1466,    0.1758,    0.2840,    0.2982,    0.3691,    0.3947,    0.4086,    0.4342,    0.4444,    0.4549,    0.4279,    0.3890,    0.3427,    0.4094,    0.5686,    0.5769,    1.0112,    1.1046,    1.1566,    1.1736,    1.1526,    1.2855,    1.2347,    1.3129,    1.2069,    1.3650,    1.2908,    1.3737,    2.9752,    2.9034,    3.0147,    3.0618,    3.0818,    2.9378,    3.0413,    3.1188,    3.1822,    2.9574,    2.9162,    3.0283,    7.6547,    7.2932,    7.2110,    6.9927,    6.4592,    6.0578,    5.3179,    4.8923,    4.5712,    4.0062,    3.0772,    2.8577,    2.2030,    2.0248,    1.5437,    1.4733,    0.9932,    0.7207,    0.5822,    0.2336,    0.2059,    0.1461,    0.0507,    0.0412
    2,    0.1500,  227.5722,    0.2489,  103.8079,  111.4501,    8.1319,   27.1070,  158.4330,  163.5827,  163.6723,  163.8293,  164.1029,  164.5732,  165.3648,  166.6602,  168.4872,  170.9519,  174.2721,  178.5564,  183.8814,  190.3071,  197.9049,  205.8548,  212.8059,  218.1105,  222.1140,  224.8330,  226.3589,  227.0949,  227.3721,  227.5098,  227.5598,    0.0649,    0.2460,    0.5197,    0.8591,    1.2406,    1.6444,    2.0533,    2.4539,    2.6402,    2.4384,    2.5180,    2.5935,    2.4039,    2.4679,    2.5388,    2.6258,    2.6624,    2.9155,    3.1294,    3.1707,    3.0891,    3.0530,    3.0690,    3.0890,    1.0780,    1.0841,    1.0700,    1.0550,    1.0282,    0.9980,    0.8992,    0.8910,    0.8623,    0.7597,    0.7552,    0.6250,    0.4067,    0.3492,    0.2920,    0.2804,    0.2618,    0.2220,    0.2544,    0.2565,    0.2708,    0.3009,    0.3485,    0.3955,    0.4659,    0.4895,    0.4264,    0.5014,    0.4951,    0.4931,    0.4897,    0.5127,    0.5130,    0.5131,    0.5331,    0.5265,    1.4134,    1.4497,    1.3952,    1.3360,    1.3340,    1.2727,    1.2244,    1.1651,    1.1076,    1.0212,    0.9671,    0.9180,    1.3388,    1.2310,    1.1603,    1.0541,    0.9986,    0.9165,    0.8330,    0.7666,    0.6947,    0.6275,    0.5858,    0.5274,    1.2452,    0.8981,    0.6120,    0.4676,    0.3299,    0.2450,    0.1706,    0.1165,    0.0792,    0.0525,    0.0361,    0.0262,    0.0870,    0.0478,    0.0701,    0.0768,    0.0861,    0.0802,    0.0889,    0.1000,    0.0878,    0.1208,    0.1068,    0.1170,    0.1307,    0.1066,    0.1551,    0.1724,    0.1418,    0.1719,    0.2009,    0.2162,    0.2138,    0.1392,    0.2222,    0.2347,    0.2881,    0.3079,    0.3187,    0.3389,    0.3481,    0.3654,    0.3770,    0.4312,    0.4699,    0.4454,    0.4550,    0.4637,    0.7904,    0.8631,    0.9057,    0.9372,    0.9609,    1.0480,    0.9816,    1.0463,    1.0230,    1.0695,    1.0145,    1.0880,    2.3426,    2.3120,    2.3620,    2.3993,    2.4243,    2.3408,    2.4229,    2.4847,    2.5351,    2.3574,    2.3233,    2.4126,    6.0987,    5.8104,    5.7450,    5.5712,    5.1463,    4.8266,    4.2372,    3.8982,    4.0428,    3.5435,    2.7221,    2.5284,    1.9494,    1.7923,    1.3668,    1.3049,    0.8801,    0.6389,    0.5164,    0.2074,    0.1829,    0.1299,    0.0451,    0.0367,    0.0142,    0.0536,    0.1128,    0.1857,    0.2671,    0.3526,    0.4385,    0.4932,    0.8462,    2.1456,    3.1286,    3.2751,    3.2004,    3.1444,    2.8946,    2.7013,    2.5885,    2.2064,    1.9299,    1.8719,    1.8875,    1.7356,    1.5532,    1.4519,    0.4754,    0.4656,    0.4887,    0.5494,    0.6298,    0.7093,    0.9661,    0.9724,    1.0206,    1.1298,    1.1593,    1.2573,    0.9698,    0.9642,    0.9572,    0.9473,    0.9378,    0.9287,    0.9178,    0.9074,    0.8966,    0.8845,    0.8687,    0.8458,    0.8323,    0.7530,    0.7891,    0.6403,    0.6376,    0.6251,    0.5840,    0.4772,    0.4354,    0.3865,    0.3300,    0.3169,    0.8292,    0.6730,    0.6107,    0.5744,    0.4695,    0.4475,    0.4057,    0.3888,    0.3729,    0.3908,    0.3791,    0.3566,    0.5551,    0.4947,    0.4239,    0.4023,    0.3188,    0.2682,    0.2432,    0.2099,    0.1900,    0.1740,    0.1419,    0.1296,    0.3640,    0.2658,    0.2186,    0.1221,    0.0859,    0.0465,    0.0323,    0.0247,    0.0183,    0.0147,    0.0099,    0.0048,    0.0200,    0.0000,    0.0502,    0.0901,    0.1019,    0.0931,    0.1094,    0.1218,    0.1084,    0.1493,    0.1319,    0.1446,    0.1588,    0.1289,    0.1862,    0.2033,    0.1651,    0.1068,    0.0128,    0.0286,    0.1413,    0.1695,    0.2738,    0.2875,    0.3559,    0.3806,    0.3940,    0.4186,    0.4285,    0.4385,    0.4144,    0.3767,    0.3319,    0.3965,    0.5507,    0.5588,    0.9793,    1.0699,    1.1202,    1.1366,    1.1163,    1.2483,    1.1990,    1.2749,    1.1719,    1.3255,    1.2534,    1.3339,    2.8891,    2.8194,    2.9274,    2.9732,    2.9926,    2.8370,    2.9368,    3.0118,    3.0729,    2.8558,    2.8161,    2.9244,    7.3919,    7.0429,    6.9635,    6.7528,    6.2377,    5.8501,    5.1357,    4.7247,    4.3499,    3.8123,    2.9283,    2.7195,    2.0964,    1.9269,    1.4691,    1.4021,    0.9452,    0.6859,    0.5541,    0.2224,    0.1960,    0.1391,    0.0482,    0.0392
    2,    0.2000,  227.5722,    0.2575,   97.4794,  110.1854,   13.1967,   32.6670,  158.4330,  163.5827,  163.6723,  163.8293,  164.1029,  164.5732,  165.3648,  166.6602,  168.4872,  170.9519,  174.2721,  178.5564,  183.8814,  190.3071,  197.9049,  205.8548,  212.8059,  218.1105,  222.1140,  224.8330,  226.3589,  227.0949,  227.3721,  227.5098,  227.5598,    0.0635,    0.2405,    0.5079,    0.8392,    1.2113,    1.6048,    2.0029,    2.3920,    2.5329,    2.3078,    2.3943,    2.4541,    2.2744,    2.3256,    2.3769,    2.4439,    2.4642,    2.7011,    2.9147,    2.9562,    2.8681,    2.8244,    2.8409,    2.8717,    1.0028,    1.0118,    0.9992,    0.9884,    0.9656,    0.9398,    0.8523,    0.8448,    0.8213,    0.7296,    0.7269,    0.6094,    0.4001,    0.3455,    0.2903,    0.2787,    0.2605,    0.2214,    0.2530,    0.2550,    0.2682,    0.2962,    0.3396,    0.3808,    0.4407,    0.4582,    0.4033,    0.4645,    0.4588,    0.4571,    0.4525,    0.4692,    0.4680,    0.4663,    0.4870,    0.4807,    1.2892,    1.3377,    1.2859,    1.2306,    1.2392,    1.1819,    1.1388,    1.0835,    1.0299,    0.9435,    0.8935,    0.8479,    1.2313,    1.1313,    1.0742,    0.9760,    0.9319,    0.8546,    0.7765,    0.7169,    0.6495,    0.5867,    0.5539,    0.4986,    1.1618,    0.8375,    0.5621,    0.4370,    0.3081,    0.2323,    0.1617,    0.1106,    0.0752,    0.0498,    0.0346,    0.0251,    0.0859,    0.0476,    0.0686,    0.0745,    0.0835,    0.0779,    0.0865,    0.0973,    0.0854,    0.1175,    0.1040,    0.1139,    0.1277,    0.1041,    0.1515,    0.1685,    0.1386,    0.1686,    0.1992,    0.2139,    0.2106,    0.1361,    0.2172,    0.2295,    0.2816,    0.3010,    0.3115,    0.3313,    0.3402,    0.3573,    0.3700,    0.4238,    0.4625,    0.4377,    0.4462,    0.4548,    0.7751,    0.8464,    0.8882,    0.9193,    0.9427,    1.0305,    0.9651,    1.0287,    1.0062,    1.0513,    0.9974,    1.0697,    2.3030,    2.2732,    2.3220,    2.3587,    2.3833,    2.3061,    2.3869,    2.4478,    2.4976,    2.3225,    2.2889,    2.3769,    6.0084,    5.7244,    5.6600,    5.4888,    5.0703,    4.7554,    4.1748,    3.8409,    4.0716,    3.5689,    2.7418,    2.5468,    1.9637,    1.8056,    1.3771,    1.3149,    0.8869,    0.6440,    0.5206,    0.2091,    0.1844,    0.1311,    0.0455,    0.0370,    0.0182,    0.0686,    0.1444,    0.2378,    0.3421,    0.4516,    0.5616,    0.6328,    1.0620,    2.4750,    3.3816,    3.5713,    3.4119,    3.4160,    3.2371,    3.0761,    2.9747,    2.6000,    2.3146,    2.2528,    2.2650,    2.0923,    1.8815,    1.7510,    0.5764,    0.5613,    0.5807,    0.6331,    0.7037,    0.7733,    1.0073,    1.0106,    1.0497,    1.1463,    1.1706,    1.2581,    0.9699,    0.9642,    0.9572,    0.9473,    0.9378,    0.9287,    0.9178,    0.9074,    0.8966,    0.8845,    0.8689,    0.8467,    0.8387,    0.7687,    0.7992,    0.6688,    0.6648,    0.6522,    0.6158,    0.5225,    0.4852,    0.4417,    0.3855,    0.3726,    0.9809,    0.8067,    0.7420,    0.7008,    0.5802,    0.5530,    0.5026,    0.4807,    0.4600,    0.4771,    0.4602,    0.4337,    0.6744,    0.6053,    0.5176,    0.4862,    0.3891,    0.3338,    0.3028,    0.2622,    0.2374,    0.2166,    0.1749,    0.1592,    0.4500,    0.3274,    0.2689,    0.1527,    0.1074,    0.0590,    0.0410,    0.0304,    0.0221,    0.0171,    0.0113,    0.0059,    0.0192,    0.0000,    0.0476,    0.0853,    0.0965,    0.0882,    0.1051,    0.1170,    0.1041,    0.1434,    0.1267,    0.1389,    0.1525,    0.1238,    0.1788,    0.1952,    0.1586,    0.1025,    0.0123,    0.0275,    0.1364,    0.1635,    0.2642,    0.2774,    0.3434,    0.3672,    0.3802,    0.4039,    0.4134,    0.4231,    0.4016,    0.3650,    0.3216,    0.3843,    0.5338,    0.5416,    0.9492,    1.0370,    1.0857,    1.1017,    1.0819,    1.2129,    1.1649,    1.2387,    1.1386,    1.2879,    1.2179,    1.2961,    2.8072,    2.7394,    2.8443,    2.8888,    2.9077,    2.7412,    2.8377,    2.9101,    2.9692,    2.7595,    2.7211,    2.8257,    7.1425,    6.8053,    6.7286,    6.5251,    6.0274,    5.6530,    4.9626,    4.5656,    4.1401,    3.6284,    2.7871,    2.5884,    1.9954,    1.8341,    1.3984,    1.3346,    0.8998,    0.6529,    0.5275,    0.2117,    0.1865,    0.1324,    0.0459,    0.0373
    2,    0.3000,  227.5722,    0.2728,   88.0991,  107.9062,   20.2998,   39.1770,  158.4330,  163.5827,  163.6723,  163.8293,  164.1029,  164.5732,  165.3648,  166.6602,  168.4872,  170.9519,  174.2721,  178.5564,  183.8814,  190.3071,  197.9049,  205.8548,  212.8059,  218.1105,  222.1140,  224.8330,  226.3589,  227.0949,  227.3721,  227.5098,  227.5598,    0.0611,    0.2313,    0.4881,    0.8058,    1.1620,    1.5380,    1.9177,    2.2865,    2.3651,    2.1434,    2.2346,    2.2770,    2.1080,    2.1428,    2.1726,    2.2158,    2.2161,    2.4184,    2.6165,    2.6537,    2.5589,    2.5005,    2.5083,    2.5457,    0.8887,    0.9005,    0.8900,    0.8849,    0.8676,    0.8479,    0.7776,    0.7709,    0.7542,    0.6793,    0.6791,    0.5816,    0.3881,    0.3384,    0.2871,    0.2754,    0.2579,    0.2204,    0.2505,    0.2520,    0.2632,    0.2876,    0.3237,    0.3557,    0.4001,    0.4097,    0.3669,    0.4089,    0.4040,    0.4028,    0.3971,    0.4058,    0.4028,    0.3995,    0.4194,    0.4135,    1.1074,    1.1659,    1.1185,    1.0692,    1.0890,    1.0380,    1.0020,    0.9529,    0.9055,    0.8213,    0.7777,    0.7375,    1.0641,    0.9762,    0.9371,    0.8513,    0.8227,    0.7533,    0.6842,    0.6349,    0.5750,    0.5192,    0.4994,    0.4495,    1.0241,    0.7373,    0.4825,    0.3859,    0.2718,    0.2103,    0.1464,    0.1003,    0.0682,    0.0452,    0.0319,    0.0231,    0.0840,    0.0474,    0.0660,    0.0707,    0.0793,    0.0740,    0.0823,    0.0926,    0.0813,    0.1118,    0.0989,    0.1084,    0.1223,    0.0997,    0.1452,    0.1615,    0.1329,    0.1628,    0.1959,    0.2098,    0.2047,    0.1305,    0.2083,    0.2201,    0.2700,    0.2886,    0.2987,    0.3176,    0.3263,    0.3429,    0.3574,    0.4103,    0.4488,    0.4236,    0.4304,    0.4388,    0.7474,    0.8162,    0.8565,    0.8868,    0.9100,    0.9986,    0.9350,    0.9967,    0.9755,    1.0184,    0.9661,    1.0363,    2.2310,    2.2024,    2.2491,    2.2847,    2.3087,    2.2440,    2.3227,    2.3819,    2.4303,    2.2600,    2.2273,    2.3129,    5.8468,    5.5705,    5.5079,    5.3414,    4.9343,    4.6280,    4.0631,    3.7383,    4.1223,    3.6136,    2.7764,    2.5791,    1.9889,    1.8290,    1.3953,    1.3325,    0.8990,    0.6529,    0.5280,    0.2121,    0.1872,    0.1331,    0.0462,    0.0376,    0.0252,    0.0952,    0.2004,    0.3301,    0.4749,    0.6269,    0.7797,    0.8817,    1.4228,    2.8845,    3.6100,    3.8543,    3.5915,    3.6712,    3.6130,    3.5265,    3.4617,    3.1441,    2.8761,    2.8144,    2.8186,    2.6276,    2.3875,    2.2223,    0.7367,    0.7152,    0.7284,    0.7681,    0.8229,    0.8768,    1.0726,    1.0713,    1.0964,    1.1729,    1.1890,    1.2596,    0.9700,    0.9642,    0.9572,    0.9473,    0.9378,    0.9287,    0.9178,    0.9074,    0.8966,    0.8845,    0.8691,    0.8482,    0.8486,    0.7923,    0.8145,    0.7111,    0.7051,    0.6927,    0.6629,    0.5895,    0.5587,    0.5232,    0.4696,    0.4570,    1.2107,    1.0178,    0.9494,    0.9002,    0.7598,    0.7241,    0.6608,    0.6307,    0.6020,    0.6154,    0.5901,    0.5572,    0.8636,    0.7804,    0.6691,    0.6220,    0.5051,    0.4422,    0.4012,    0.3493,    0.3162,    0.2875,    0.2314,    0.2100,    0.5926,    0.4295,    0.3493,    0.2036,    0.1432,    0.0805,    0.0559,    0.0403,    0.0288,    0.0214,    0.0139,    0.0078,    0.0176,    0.0000,    0.0429,    0.0769,    0.0870,    0.0795,    0.0973,    0.1083,    0.0964,    0.1328,    0.1173,    0.1286,    0.1410,    0.1145,    0.1654,    0.1805,    0.1467,    0.0948,    0.0114,    0.0254,    0.1272,    0.1526,    0.2467,    0.2590,    0.3206,    0.3428,    0.3549,    0.3771,    0.3860,    0.3950,    0.3780,    0.3435,    0.3026,    0.3616,    0.5024,    0.5098,    0.8935,    0.9761,    1.0219,    1.0369,    1.0183,    1.1468,    1.1015,    1.1713,    1.0766,    1.2177,    1.1515,    1.2255,    2.6543,    2.5902,    2.6895,    2.7315,    2.7494,    2.5635,    2.6538,    2.7215,    2.7768,    2.5806,    2.5448,    2.6426,    6.6797,    6.3644,    6.2927,    6.1024,    5.6371,    5.2870,    4.6415,    4.2703,    3.7519,    3.2883,    2.5259,    2.3459,    1.8085,    1.6624,    1.2675,    1.2098,    0.8157,    0.5919,    0.4782,    0.1919,    0.1692,    0.1201,    0.0416,    0.0339
    2,    0.4000,  227.5722,    0.2862,   81.3878,  105.9151,   25.0219,   42.2430,  158.4330,  163.5827,  163.6723,  163.8293,  164.1029,  164.5732,  165.3648,  166.6602,  168.4872,  170.9519,  174.2721,  178.5564,  183.8814,  190.3071,  197.9049,  205.8548,  212.8059,  218.1105,  222.1140,  224.8330,  226.3589,  227.0949,  227.3721,  227.5098,  227.5598,    0.0593,    0.2241,    0.4724,    0.7791,    1.1226,    1.4844,    1.8491,    2.2006,    2.2418,    2.0406,    2.1326,    2.1644,    2.0031,    2.0265,    2.0432,    2.0734,    2.0631,    2.2396,    2.4195,    2.4510,    2.3535,    2.2843,    2.2803,    2.3153,    0.8071,    0.8197,    0.8104,    0.8087,    0.7947,    0.7788,    0.7208,    0.7144,    0.7018,    0.6391,    0.6400,    0.5575,    0.3771,    0.3319,    0.2840,    0.2723,    0.2554,    0.2193,    0.2480,    0.2491,    0.2585,    0.2798,    0.3101,    0.3350,    0.3688,    0.3737,    0.3393,    0.3692,    0.3647,    0.3637,    0.3577,    0.3620,    0.3582,    0.3541,    0.3725,    0.3669,    0.9814,    1.0411,    0.9970,    0.9519,    0.9760,    0.9297,    0.8978,    0.8535,    0.8106,    0.7299,    0.6909,    0.6547,    0.9406,    0.8616,    0.8331,    0.7566,    0.7373,    0.6742,    0.6120,    0.5700,    0.5160,    0.4657,    0.4548,    0.4091,    0.9152,    0.6579,    0.4218,    0.3449,    0.2427,    0.1919,    0.1335,    0.0917,    0.0624,    0.0414,    0.0295,    0.0213,    0.0823,    0.0471,    0.0638,    0.0677,    0.0759,    0.0708,    0.0788,    0.0887,    0.0778,    0.1070,    0.0947,    0.1037,    0.1178,    0.0961,    0.1398,    0.1556,    0.1280,    0.1577,    0.1930,    0.2061,    0.1995,    0.1257,    0.2006,    0.2119,    0.2600,    0.2779,    0.2877,    0.3059,    0.3142,    0.3303,    0.3463,    0.3983,    0.4365,    0.4112,    0.4166,    0.4248,    0.7232,    0.7897,    0.8288,    0.8583,    0.8811,    0.9704,    0.9084,    0.9683,    0.9482,    0.9892,    0.9385,    1.0068,    2.1672,    2.1397,    2.1847,    2.2192,    2.2426,    2.1904,    2.2672,    2.3250,    2.3723,    2.2060,    2.1740,    2.2576,    5.7071,    5.4375,    5.3765,    5.2141,    4.8167,    4.5179,    3.9665,    3.6496,    4.1649,    3.6512,    2.8054,    2.6063,    2.0101,    1.8488,    1.4106,    1.3474,    0.9093,    0.6605,    0.5343,    0.2148,    0.1896,    0.1348,    0.0468,    0.0382,    0.0312,    0.1179,    0.2482,    0.4088,    0.5881,    0.7765,    0.9657,    1.0959,    1.7096,    3.1053,    3.6971,    3.9680,    3.6590,    3.7736,    3.7888,    3.7619,    3.7330,    3.4854,    3.2534,    3.1963,    3.1935,    3.0027,    2.7557,    2.5742,    0.8579,    0.8328,    0.8413,    0.8716,    0.9144,    0.9562,    1.1215,    1.1169,    1.1322,    1.1933,    1.2033,    1.2609,    0.9702,    0.9643,    0.9572,    0.9473,    0.9378,    0.9287,    0.9178,    0.9074,    0.8966,    0.8846,    0.8694,    0.8495,    0.8558,    0.8090,    0.8253,    0.7407,    0.7333,    0.7209,    0.6957,    0.6361,    0.6097,    0.5796,    0.5298,    0.5174,    1.3752,    1.1764,    1.1051,    1.0498,    0.8991,    0.8567,    0.7844,    0.7479,    0.7129,    0.7214,    0.6896,    0.6519,    1.0066,    0.9129,    0.7862,    0.7269,    0.5970,    0.5279,    0.4790,    0.4189,    0.3791,    0.3441,    0.2781,    0.2519,    0.7061,    0.5107,    0.4106,    0.2443,    0.1718,    0.0985,    0.0684,    0.0485,    0.0343,    0.0251,    0.0160,    0.0094,    0.0163,    0.0000,    0.0389,    0.0697,    0.0789,    0.0721,    0.0905,    0.1007,    0.0896,    0.1234,    0.1091,    0.1196,    0.1309,    0.1063,    0.1535,    0.1676,    0.1361,    0.0879,    0.0106,    0.0236,    0.1191,    0.1429,    0.2310,    0.2425,    0.3001,    0.3210,    0.3323,    0.3531,    0.3614,    0.3698,    0.3566,    0.3239,    0.2854,    0.3410,    0.4740,    0.4809,    0.8430,    0.9209,    0.9642,    0.9783,    0.9607,    1.0864,    1.0435,    1.1096,    1.0199,    1.1537,    1.0910,    1.1610,    2.5147,    2.4539,    2.5480,    2.5879,    2.6047,    2.4022,    2.4867,    2.5502,    2.6020,    2.4182,    2.3846,    2.4763,    6.2593,    5.9639,    5.8968,    5.7185,    5.2826,    4.9546,    4.3498,    4.0020,    3.4023,    2.9820,    2.2906,    2.1274,    1.6401,    1.5077,    1.1496,    1.0973,    0.7399,    0.5370,    0.4339,    0.1742,    0.1535,    0.1090,    0.0378,    0.0307
    2,    0.5000,  227.5722,    0.2980,   76.3014,  104.1667,   28.3617,   43.4452,  158.4330,  163.5827,  163.6723,  163.8293,  164.1029,  164.5732,  165.3648,  166.6602,  168.4872,  170.9519,  174.2721,  178.5564,  183.8814,  190.3071,  197.9049,  205.8548,  212.8059,  218.1105,  222.1140,  224.8330,  226.3589,  227.0949,  227.3721,  227.5098,  227.5598,    0.0578,    0.2182,    0.4597,    0.7576,    1.0906,    1.4407,    1.7929,    2.1298,    2.1486,    1.9673,    2.0604,    2.0845,    1.9297,    1.9445,    1.9511,    1.9724,    1.9557,    2.1139,    2.2785,    2.3045,    2.2061,    2.1298,    2.1154,    2.1452,    0.7464,    0.7588,    0.7503,    0.7505,    0.7386,    0.7252,    0.6761,    0.6698,    0.6597,    0.6062,    0.6075,    0.5364,    0.3672,    0.3258,    0.2810,    0.2693,    0.2530,    0.2183,    0.2456,    0.2464,    0.2542,    0.2727,    0.2981,    0.3176,    0.3440,    0.3459,    0.3175,    0.3393,    0.3350,    0.3341,    0.3282,    0.3299,    0.3257,    0.3213,    0.3382,    0.3329,    0.8893,    0.9468,    0.9052,    0.8632,    0.8883,    0.8455,    0.8162,    0.7755,    0.7362,    0.6593,    0.6238,    0.5907,    0.8459,    0.7738,    0.7517,    0.6823,    0.6689,    0.6108,    0.5542,    0.5176,    0.4682,    0.4225,    0.4175,    0.3755,    0.8271,    0.5936,    0.3742,    0.3115,    0.2189,    0.1762,    0.1225,    0.0844,    0.0573,    0.0381,    0.0274,    0.0198,    0.0808,    0.0469,    0.0620,    0.0652,    0.0731,    0.0682,    0.0757,    0.0853,    0.0748,    0.1029,    0.0910,    0.0997,    0.1140,    0.0929,    0.1353,    0.1505,    0.1238,    0.1533,    0.1902,    0.2026,    0.1949,    0.1215,    0.1939,    0.2049,    0.2514,    0.2686,    0.2780,    0.2957,    0.3037,    0.3195,    0.3365,    0.3876,    0.4256,    0.4001,    0.4043,    0.4123,    0.7018,    0.7664,    0.8043,    0.8331,    0.8557,    0.9453,    0.8847,    0.9431,    0.9239,    0.9632,    0.9139,    0.9805,    2.1104,    2.0840,    2.1274,    2.1610,    2.1839,    2.1438,    2.2190,    2.2756,    2.3218,    2.1591,    2.1278,    2.2097,    5.5859,    5.3220,    5.2624,    5.1035,    4.7147,    4.4223,    3.8827,    3.5726,    4.2006,    3.6827,    2.8298,    2.6291,    2.0279,    1.8654,    1.4235,    1.3599,    0.9179,    0.6670,    0.5397,    0.2170,    0.1916,    0.1363,    0.0474,    0.0386,    0.0363,    0.1372,    0.2890,    0.4761,    0.6850,    0.9045,    1.1251,    1.2809,    1.9401,    3.2290,    3.7380,    4.0219,    3.6923,    3.8231,    3.8789,    3.8921,    3.8912,    3.7064,    3.5134,    3.4624,    3.4541,    3.2732,    3.0313,    2.8441,    0.9518,    0.9249,    0.9298,    0.9529,    0.9862,    1.0187,    1.1590,    1.1518,    1.1601,    1.2094,    1.2145,    1.2620,    0.9703,    0.9643,    0.9572,    0.9473,    0.9379,    0.9287,    0.9178,    0.9075,    0.8966,    0.8846,    0.8696,    0.8505,    0.8612,    0.8212,    0.8332,    0.7621,    0.7537,    0.7415,    0.7196,    0.6697,    0.6465,    0.6204,    0.5745,    0.5622,    1.4972,    1.2991,    1.2255,    1.1656,    1.0100,    0.9624,    0.8835,    0.8418,    0.8018,    0.8051,    0.7682,    0.7266,    1.1183,    1.0162,    0.8794,    0.8104,    0.6715,    0.5975,    0.5421,    0.4758,    0.4306,    0.3904,    0.3173,    0.2870,    0.7984,    0.5767,    0.4589,    0.2776,    0.1951,    0.1137,    0.0790,    0.0555,    0.0391,    0.0281,    0.0179,    0.0108,    0.0151,    0.0000,    0.0354,    0.0635,    0.0718,    0.0657,    0.0844,    0.0939,    0.0836,    0.1151,    0.1017,    0.1115,    0.1219,    0.0989,    0.1429,    0.1560,    0.1267,    0.0818,    0.0099,    0.0219,    0.1118,    0.1342,    0.2168,    0.2276,    0.2818,    0.3013,    0.3119,    0.3314,    0.3393,    0.3472,    0.3371,    0.3061,    0.2697,    0.3223,    0.4482,    0.4547,    0.7970,    0.8707,    0.9116,    0.9250,    0.9082,    1.0310,    0.9903,    1.0531,    0.9678,    1.0949,    1.0354,    1.1018,    2.3865,    2.3288,    2.4182,    2.4560,    2.4720,    2.2549,    2.3343,    2.3938,    2.4425,    2.2699,    2.2384,    2.3245,    5.8756,    5.5983,    5.5354,    5.3682,    4.9590,    4.6512,    4.0834,    3.7570,    3.0871,    2.7057,    2.0785,    1.9304,    1.4883,    1.3682,    1.0433,    0.9959,    0.6715,    0.4874,    0.3939,    0.1581,    0.1394,    0.0990,    0.0343,    0.0279
    2,    0.7500,  227.5722,    0.3218,   67.6169,  100.6333,   33.5177,   42.5520,  158.4330,  163.5827,  163.6723,  163.8293,  164.1029,  164.5732,  165.3648,  166.6602,  168.4872,  170.9519,  174.2721,  178.5564,  183.8814,  190.3071,  197.9049,  205.8548,  212.8059,  218.1105,  222.1140,  224.8330,  226.3589,  227.0949,  227.3721,  227.5098,  227.5598,    0.0551,    0.2079,    0.4371,    0.7188,    1.0325,    1.3611,    1.6899,    1.9987,    1.9930,    1.8468,    1.9447,    1.9563,    1.8129,    1.8136,    1.8027,    1.8088,    1.7822,    1.9112,    2.0486,    2.0639,    1.9659,    1.8816,    1.8509,    1.8673,    0.6466,    0.6573,    0.6497,    0.6518,    0.6424,    0.6322,    0.5970,    0.5903,    0.5832,    0.5447,    0.5458,    0.4934,    0.3458,    0.3123,    0.2742,    0.2623,    0.2475,    0.2159,    0.2401,    0.2401,    0.2444,    0.2574,    0.2739,    0.2844,    0.2995,    0.2977,    0.2787,    0.2891,    0.2850,    0.2843,    0.2787,    0.2773,    0.2730,    0.2686,    0.2823,    0.2775,    0.7397,    0.7884,    0.7513,    0.7145,    0.7369,    0.7000,    0.6740,    0.6394,    0.6061,    0.5381,    0.5085,    0.4806,    0.6850,    0.6243,    0.6098,    0.5526,    0.5459,    0.4970,    0.4501,    0.4221,    0.3812,    0.3435,    0.3467,    0.3115,    0.6665,    0.4761,    0.2905,    0.2496,    0.1748,    0.1458,    0.1012,    0.0700,    0.0475,    0.0316,    0.0233,    0.0167,    0.0776,    0.0464,    0.0585,    0.0608,    0.0681,    0.0636,    0.0698,    0.0786,    0.0689,    0.0948,    0.0839,    0.0919,    0.1065,    0.0869,    0.1265,    0.1408,    0.1158,    0.1444,    0.1841,    0.1952,    0.1854,    0.1132,    0.1806,    0.1908,    0.2341,    0.2502,    0.2589,    0.2753,    0.2829,    0.2978,    0.3163,    0.3655,    0.4026,    0.3772,    0.3794,    0.3871,    0.6583,    0.7189,    0.7545,    0.7819,    0.8037,    0.8934,    0.8359,    0.8911,    0.8737,    0.9098,    0.8632,    0.9264,    1.9936,    1.9691,    2.0093,    2.0411,    2.0629,    2.0516,    2.1236,    2.1778,    2.2220,    2.0663,    2.0364,    2.1147,    5.3460,    5.0936,    5.0366,    4.8848,    4.5128,    4.2331,    3.7168,    3.4202,    4.2669,    3.7411,    2.8751,    2.6716,    2.0610,    1.8964,    1.4475,    1.3834,    0.9342,    0.6791,    0.5498,    0.2212,    0.1954,    0.1391,    0.0484,    0.0395,    0.0462,    0.1745,    0.3676,    0.6057,    0.8719,    1.1517,    1.4330,    1.6439,    2.3441,    3.3614,    3.7822,    4.0783,    3.7311,    3.8772,    3.9730,    4.0339,    4.0721,    3.9915,    3.8781,    3.8416,    3.8254,    3.6807,    3.4725,    3.2927,    1.1109,    1.0834,    1.0820,    1.0927,    1.1099,    1.1263,    1.2211,    1.2100,    1.2076,    1.2369,    1.2342,    1.2643,    0.9706,    0.9644,    0.9572,    0.9473,    0.9379,    0.9287,    0.9178,    0.9075,    0.8967,    0.8847,    0.8701,    0.8524,    0.8702,    0.8405,    0.8457,    0.7954,    0.7856,    0.7736,    0.7565,    0.7215,    0.7031,    0.6831,    0.6459,    0.6339,    1.6925,    1.5077,    1.4304,    1.3627,    1.2067,    1.1498,    1.0617,    1.0107,    0.9617,    0.9527,    0.9068,    0.8584,    1.3120,    1.1955,    1.0449,    0.9587,    0.8081,    0.7248,    0.6575,    0.5809,    0.5256,    0.4758,    0.3924,    0.3544,    0.9680,    0.6980,    0.5438,    0.3392,    0.2383,    0.1432,    0.0994,    0.0692,    0.0482,    0.0341,    0.0217,    0.0136,    0.0126,    0.0000,    0.0284,    0.0510,    0.0577,    0.0527,    0.0717,    0.0798,    0.0710,    0.0979,    0.0865,    0.0948,    0.1030,    0.0836,    0.1207,    0.1318,    0.1070,    0.0689,    0.0083,    0.0184,    0.0962,    0.1156,    0.1869,    0.1962,    0.2429,    0.2597,    0.2689,    0.2857,    0.2924,    0.2992,    0.2951,    0.2678,    0.2359,    0.2820,    0.3925,    0.3982,    0.6981,    0.7626,    0.7984,    0.8100,    0.7953,    0.9103,    0.8745,    0.9299,    0.8544,    0.9668,    0.9143,    0.9729,    2.1074,    2.0564,    2.1353,    2.1687,    2.1829,    1.9373,    2.0055,    2.0567,    2.0985,    1.9502,    1.9232,    1.9971,    5.0482,    4.8101,    4.7561,    4.6125,    4.2610,    3.9967,    3.5090,    3.2286,    2.4270,    2.1273,    1.6342,    1.5179,    1.1703,    1.0760,    0.8206,    0.7834,    0.5283,    0.3835,    0.3100,    0.1245,    0.1097,    0.0779,    0.0270,    0.0220
    2,    1.0000,  227.5722,    0.3396,   62.0504,   97.9906,   36.4463,   39.3989,  158.4330,  163.5827,  163.6723,  163.8293,  164.1029,  164.5732,  165.3648,  166.6602,  168.4872,  170.9519,  174.2721,  178.5564,  183.8814,  190.3071,  197.9049,  205.8548,  212.8059,  218.1105,  222.1140,  224.8330,  226.3589,  227.0949,  227.3721,  227.5098,  227.5598,    0.0534,    0.2012,    0.4222,    0.6932,    0.9938,    1.3075,    1.6201,    1.9092,    1.8965,    1.7711,    1.8739,    1.8779,    1.7421,    1.7341,    1.7117,    1.7079,    1.6750,    1.7850,    1.9045,    1.9126,    1.8158,    1.7289,    1.6901,    1.6973,    0.5856,    0.5946,    0.5872,    0.5896,    0.5811,    0.5721,    0.5444,    0.5374,    0.5314,    0.5016,    0.5018,    0.4604,    0.3283,    0.3007,    0.2680,    0.2561,    0.2425,    0.2137,    0.2351,    0.2344,    0.2360,    0.2449,    0.2555,    0.2606,    0.2698,    0.2665,    0.2529,    0.2575,    0.2535,    0.2528,    0.2477,    0.2451,    0.2409,    0.2366,    0.2482,    0.2437,    0.6486,    0.6898,    0.6556,    0.6220,    0.6405,    0.6074,    0.5829,    0.5521,    0.5225,    0.4616,    0.4355,    0.4109,    0.5840,    0.5305,    0.5187,    0.4690,    0.4644,    0.4216,    0.3811,    0.3580,    0.3228,    0.2904,    0.2970,    0.2665,    0.5585,    0.3967,    0.2365,    0.2072,    0.1446,    0.1237,    0.0856,    0.0595,    0.0404,    0.0268,    0.0201,    0.0144,    0.0750,    0.0459,    0.0562,    0.0579,    0.0649,    0.0606,    0.0656,    0.0739,    0.0647,    0.0891,    0.0788,    0.0863,    0.1013,    0.0826,    0.1202,    0.1338,    0.1101,    0.1377,    0.1789,    0.1891,    0.1781,    0.1071,    0.1708,    0.1805,    0.2214,    0.2366,    0.2449,    0.2604,    0.2676,    0.2818,    0.3010,    0.3483,    0.3845,    0.3594,    0.3606,    0.3679,    0.6255,    0.6830,    0.7169,    0.7431,    0.7642,    0.8534,    0.7984,    0.8512,    0.8349,    0.8688,    0.8244,    0.8848,    1.9039,    1.8808,    1.9188,    1.9492,    1.9701,    1.9849,    2.0545,    2.1070,    2.1498,    1.9991,    1.9702,    2.0460,    5.1723,    4.9282,    4.8732,    4.7264,    4.3666,    4.0962,    3.5968,    3.3099,    4.3098,    3.7790,    2.9045,    2.6992,    2.0826,    1.9166,    1.4633,    1.3989,    0.9449,    0.6871,    0.5565,    0.2240,    0.1980,    0.1411,    0.0491,    0.0401,    0.0530,    0.2002,    0.4219,    0.6954,    1.0013,    1.3230,    1.6468,    1.9019,    2.5899,    3.4078,    3.8017,    4.1023,    3.7490,    3.9010,    4.0100,    4.0876,    4.1413,    4.1110,    4.0457,    4.0195,    4.0000,    3.8865,    3.7149,    3.5527,    1.2056,    1.1797,    1.1747,    1.1778,    1.1852,    1.1921,    1.2570,    1.2439,    1.2363,    1.2538,    1.2465,    1.2659,    0.9708,    0.9645,    0.9572,    0.9473,    0.9379,    0.9287,    0.9178,    0.9075,    0.8967,    0.8848,    0.8705,    0.8538,    0.8757,    0.8515,    0.8529,    0.8136,    0.8031,    0.7912,    0.7765,    0.7493,    0.7334,    0.7164,    0.6858,    0.6739,    1.8017,    1.6341,    1.5546,    1.4823,    1.3333,    1.2704,    1.1787,    1.1217,    1.0668,    1.0475,    0.9959,    0.9431,    1.4337,    1.3082,    1.1524,    1.0551,    0.9004,    0.8107,    0.7355,    0.6527,    0.5905,    0.5341,    0.4458,    0.4024,    1.0830,    0.7801,    0.5988,    0.3813,    0.2678,    0.1645,    0.1141,    0.0790,    0.0549,    0.0384,    0.0246,    0.0157,    0.0106,    0.0000,    0.0231,    0.0415,    0.0470,    0.0429,    0.0618,    0.0687,    0.0612,    0.0843,    0.0745,    0.0816,    0.0880,    0.0714,    0.1031,    0.1125,    0.0914,    0.0587,    0.0070,    0.0156,    0.0837,    0.1007,    0.1627,    0.1708,    0.2115,    0.2262,    0.2341,    0.2488,    0.2546,    0.2605,    0.2606,    0.2362,    0.2080,    0.2487,    0.3467,    0.3517,    0.6167,    0.6737,    0.7053,    0.7155,    0.7023,    0.8097,    0.7778,    0.8271,    0.7599,    0.8600,    0.8133,    0.8654,    1.8746,    1.8291,    1.8995,    1.9292,    1.9417,    1.6763,    1.7354,    1.7797,    1.8158,    1.6875,    1.6641,    1.7281,    4.3682,    4.1622,    4.1156,    3.9914,    3.6873,    3.4587,    3.0367,    2.7942,    1.9144,    1.6781,    1.2892,    1.1975,    0.9234,    0.8490,    0.6475,    0.6183,    0.4170,    0.3028,    0.2447,    0.0983,    0.0867,    0.0616,    0.0214,    0.0174
    2,    1.2500,  227.5722,    0.3532,   58.1216,   95.9769,   38.3661,   35.6257,  158.4330,  163.5827,  163.6723,  163.8293,  164.1029,  164.5732,  165.3648,  166.6602,  168.4872,  170.9519,  174.2721,  178.5564,  183.8814,  190.3071,  197.9049,  205.8548,  212.8059,  218.1105,  222.1140,  224.8330,  226.3589,  227.0949,  227.3721,  227.5098,  227.5598,    0.0522,    0.1964,    0.4117,    0.6748,    0.9659,    1.2686,    1.5691,    1.8438,    1.8290,    1.7179,    1.8250,    1.8237,    1.6935,    1.6793,    1.6488,    1.6380,    1.6006,    1.6968,    1.8031,    1.8062,    1.7105,    1.6221,    1.5787,    1.5795,    0.5435,    0.5512,    0.5439,    0.5461,    0.5380,    0.5296,    0.5065,    0.4993,    0.4937,    0.4696,    0.4687,    0.4342,    0.3137,    0.2907,    0.2624,    0.2505,    0.2379,    0.2116,    0.2305,    0.2293,    0.2287,    0.2345,    0.2409,    0.2426,    0.2485,    0.2446,    0.2342,    0.2355,    0.2316,    0.2309,    0.2262,    0.2230,    0.2189,    0.2148,    0.2249,    0.2206,    0.5863,    0.6218,    0.5896,    0.5583,    0.5736,    0.5429,    0.5194,    0.4912,    0.4642,    0.4088,    0.3851,    0.3628,    0.5145,    0.4659,    0.4552,    0.4106,    0.4066,    0.3682,    0.3322,    0.3121,    0.2809,    0.2523,    0.2602,    0.2332,    0.4811,    0.3399,    0.1990,    0.1765,    0.1226,    0.1070,    0.0739,    0.0515,    0.0349,    0.0231,    0.0176,    0.0126,    0.0729,    0.0454,    0.0545,    0.0560,    0.0627,    0.0586,    0.0625,    0.0704,    0.0616,    0.0848,    0.0750,    0.0822,    0.0975,    0.0795,    0.1157,    0.1288,    0.1060,    0.1324,    0.1744,    0.1839,    0.1723,    0.1025,    0.1634,    0.1727,    0.2119,    0.2264,    0.2344,    0.2492,    0.2561,    0.2698,    0.2890,    0.3347,    0.3700,    0.3453,    0.3460,    0.3531,    0.6002,    0.6554,    0.6879,    0.7132,    0.7336,    0.8222,    0.7691,    0.8200,    0.8044,    0.8368,    0.7940,    0.8523,    1.8339,    1.8118,    1.8481,    1.8774,    1.8976,    1.9358,    2.0037,    2.0548,    2.0966,    1.9497,    1.9215,    1.9954,    5.0444,    4.8064,    4.7528,    4.6098,    4.2590,    3.9953,    3.5083,    3.2287,    4.3376,    3.8037,    2.9236,    2.7172,    2.0968,    1.9299,    1.4737,    1.4091,    0.9520,    0.6925,    0.5610,    0.2259,    0.1998,    0.1424,    0.0496,    0.0405,    0.0577,    0.2181,    0.4597,    0.7580,    1.0918,    1.4431,    1.7969,    2.0875,    2.7431,    3.4300,    3.8128,    4.1159,    3.7594,    3.9147,    4.0303,    4.1154,    4.1761,    4.1701,    4.1319,    4.1124,    4.0914,    3.9992,    3.8562,    3.7113,    1.2649,    1.2411,    1.2338,    1.2320,    1.2334,    1.2342,    1.2793,    1.2651,    1.2548,    1.2648,    1.2548,    1.2673,    0.9711,    0.9646,    0.9572,    0.9473,    0.9379,    0.9287,    0.9179,    0.9075,    0.8967,    0.8849,    0.8709,    0.8549,    0.8795,    0.8584,    0.8574,    0.8246,    0.8137,    0.8019,    0.7885,    0.7656,    0.7511,    0.7358,    0.7098,    0.6981,    1.8676,    1.7153,    1.6346,    1.5594,    1.4192,    1.3523,    1.2599,    1.1988,    1.1398,    1.1121,    1.0567,    1.0009,    1.5152,    1.3838,    1.2265,    1.1217,    0.9664,    0.8722,    0.7912,    0.7045,    0.6373,    0.5762,    0.4857,    0.4381,    1.1655,    0.8392,    0.6371,    0.4119,    0.2892,    0.1806,    0.1252,    0.0865,    0.0599,    0.0417,    0.0268,    0.0173,    0.0090,    0.0000,    0.0189,    0.0341,    0.0385,    0.0352,    0.0536,    0.0597,    0.0531,    0.0732,    0.0647,    0.0709,    0.0757,    0.0615,    0.0887,    0.0968,    0.0787,    0.0503,    0.0060,    0.0133,    0.0733,    0.0883,    0.1428,    0.1498,    0.1855,    0.1984,    0.2054,    0.2182,    0.2234,    0.2285,    0.2315,    0.2096,    0.1845,    0.2208,    0.3082,    0.3126,    0.5482,    0.5989,    0.6270,    0.6360,    0.6242,    0.7241,    0.6957,    0.7398,    0.6795,    0.7693,    0.7275,    0.7741,    1.6768,    1.6361,    1.6991,    1.7257,    1.7369,    1.4581,    1.5094,    1.5480,    1.5794,    1.4678,    1.4475,    1.5031,    3.7996,    3.6204,    3.5799,    3.4719,    3.2075,    3.0086,    2.6416,    2.4307,    1.5147,    1.3277,    1.0201,    0.9475,    0.7307,    0.6719,    0.5125,    0.4894,    0.3301,    0.2397,    0.1938,    0.0778,    0.0687,    0.0488,    0.0169,    0.0138
    2,    1.5000,  227.5722,    0.3637,   55.1705,   94.4206,   39.7656,   31.8321,  158.4330,  163.5827,  163.6723,  163.8293,  164.1029,  164.5732,  165.3648,  166.6602,  168.4872,  170.9519,  174.2721,  178.5564,  183.8814,  190.3071,  197.9049,  205.8548,  212.8059,  218.1105,  222.1140,  224.8330,  226.3589,  227.0949,  227.3721,  227.5098,  227.5598,    0.0514,    0.1929,    0.4037,    0.6608,    0.9445,    1.2387,    1.5298,    1.7935,    1.7777,    1.6779,    1.7887,    1.7834,    1.6576,    1.6387,    1.6021,    1.5859,    1.5452,    1.6308,    1.7270,    1.7262,    1.6316,    1.5421,    1.4952,    1.4916,    0.5121,    0.5188,    0.5116,    0.5134,    0.5056,    0.4975,    0.4777,    0.4704,    0.4648,    0.4446,    0.4428,    0.4128,    0.3013,    0.2819,    0.2573,    0.2454,    0.2338,    0.2096,    0.2264,    0.2247,    0.2222,    0.2257,    0.2290,    0.2286,    0.2324,    0.2282,    0.2199,    0.2193,    0.2154,    0.2148,    0.2102,    0.2068,    0.2027,    0.1988,    0.2077,    0.2037,    0.5405,    0.5714,    0.5409,    0.5112,    0.5239,    0.4951,    0.4725,    0.4462,    0.4210,    0.3700,    0.3481,    0.3274,    0.4635,    0.4186,    0.4083,    0.3676,    0.3634,    0.3284,    0.2957,    0.2777,    0.2494,    0.2236,    0.2319,    0.2075,    0.4230,    0.2972,    0.1716,    0.1533,    0.1060,    0.0939,    0.0646,    0.0452,    0.0305,    0.0202,    0.0155,    0.0111,    0.0711,    0.0449,    0.0532,    0.0547,    0.0613,    0.0572,    0.0601,    0.0678,    0.0593,    0.0817,    0.0722,    0.0791,    0.0947,    0.0772,    0.1124,    0.1251,    0.1029,    0.1283,    0.1705,    0.1794,    0.1677,    0.0990,    0.1578,    0.1668,    0.2046,    0.2186,    0.2263,    0.2407,    0.2473,    0.2605,    0.2796,    0.3237,    0.3580,    0.3339,    0.3346,    0.3415,    0.5803,    0.6337,    0.6651,    0.6897,    0.7095,    0.7973,    0.7459,    0.7953,    0.7801,    0.8114,    0.7700,    0.8266,    1.7784,    1.7571,    1.7922,    1.8206,    1.8402,    1.8991,    1.9657,    2.0159,    2.0569,    1.9127,    1.8851,    1.9576,    4.9489,    4.7155,    4.6630,    4.5227,    4.1786,    3.9200,    3.4423,    3.1680,    4.3557,    3.8198,    2.9361,    2.7290,    2.1061,    1.9387,    1.4807,    1.4160,    0.9568,    0.6962,    0.5641,    0.2272,    0.2010,    0.1433,    0.0499,    0.0408,    0.0610,    0.2307,    0.4863,    0.8021,    1.1557,    1.5281,    1.9034,    2.2221,    2.8406,    3.4433,    3.8201,    4.1248,    3.7662,    3.9236,    4.0433,    4.1327,    4.1972,    4.2043,    4.1816,    4.1663,    4.1448,    4.0660,    3.9433,    3.8124,    1.3035,    1.2817,    1.2729,    1.2680,    1.2655,    1.2624,    1.2938,    1.2791,    1.2673,    1.2724,    1.2606,    1.2684,    0.9713,    0.9646,    0.9572,    0.9474,    0.9379,    0.9287,    0.9179,    0.9075,    0.8968,    0.8850,    0.8712,    0.8558,    0.8822,    0.8631,    0.8605,    0.8318,    0.8208,    0.8090,    0.7963,    0.7761,    0.7623,    0.7481,    0.7252,    0.7136,    1.9100,    1.7700,    1.6884,    1.6114,    1.4797,    1.4101,    1.3183,    1.2542,    1.1924,    1.1581,    1.1000,    1.0421,    1.5723,    1.4368,    1.2797,    1.1696,    1.0155,    0.9179,    0.8327,    0.7433,    0.6724,    0.6078,    0.5164,    0.4657,    1.2271,    0.8834,    0.6651,    0.4350,    0.3054,    0.1931,    0.1339,    0.0923,    0.0638,    0.0443,    0.0285,    0.0186,    0.0077,    0.0000,    0.0156,    0.0281,    0.0318,    0.0291,    0.0469,    0.0521,    0.0464,    0.0639,    0.0565,    0.0619,    0.0655,    0.0532,    0.0768,    0.0838,    0.0680,    0.0434,    0.0051,    0.0114,    0.0646,    0.0779,    0.1259,    0.1322,    0.1637,    0.1750,    0.1812,    0.1925,    0.1970,    0.2015,    0.2067,    0.1869,    0.1644,    0.1969,    0.2753,    0.2792,    0.4897,    0.5350,    0.5601,    0.5681,    0.5574,    0.6504,    0.6250,    0.6646,    0.6102,    0.6911,    0.6535,    0.6954,    1.5063,    1.4697,    1.5264,    1.5503,    1.5603,    1.2731,    1.3180,    1.3516,    1.3791,    1.2817,    1.2639,    1.3125,    3.3177,    3.1613,    3.1259,    3.0316,    2.8008,    2.6272,    2.3067,    2.1226,    1.2016,    1.0533,    0.8093,    0.7518,    0.5797,    0.5331,    0.4067,    0.3884,    0.2620,    0.1903,    0.1538,    0.0618,    0.0545,    0.0387,    0.0134,    0.0109
    2,    1.7500,  227.5722,    0.3719,   52.8558,   93.2048,   40.8693,   28.2512,  158.4330,  163.5827,  163.6723,  163.8293,  164.1029,  164.5732,  165.3648,  166.6602,  168.4872,  170.9519,  174.2721,  178.5564,  183.8814,  190.3071,  197.9049,  205.8548,  212.8059,  218.1105,  222.1140,  224.8330,  226.3589,  227.0949,  227.3721,  227.5098,  227.5598,    0.0507,    0.1900,    0.3973,    0.6496,    0.9274,    1.2145,    1.4979,    1.7529,    1.7366,    1.6464,    1.7604,    1.7520,    1.6298,    1.6072,    1.5657,    1.5453,    1.5019,    1.5791,    1.6672,    1.6635,    1.5699,    1.4793,    1.4297,    1.4225,    0.4875,    0.4934,    0.4863,    0.4878,    0.4801,    0.4723,    0.4549,    0.4475,    0.4418,    0.4245,    0.4219,    0.3950,    0.2906,    0.2741,    0.2527,    0.2407,    0.2299,    0.2078,    0.2225,    0.2204,    0.2165,    0.2180,    0.2192,    0.2172,    0.2198,    0.2154,    0.2086,    0.2067,    0.2028,    0.2022,    0.1978,    0.1942,    0.1903,    0.1865,    0.1945,    0.1906,    0.5052,    0.5324,    0.5032,    0.4749,    0.4855,    0.4581,    0.4362,    0.4113,    0.3876,    0.3401,    0.3195,    0.3001,    0.4243,    0.3824,    0.3722,    0.3344,    0.3300,    0.2975,    0.2674,    0.2509,    0.2250,    0.2014,    0.2095,    0.1872,    0.3780,    0.2642,    0.1508,    0.1352,    0.0931,    0.0834,    0.0572,    0.0401,    0.0270,    0.0179,    0.0139,    0.0099,    0.0695,    0.0445,    0.0523,    0.0538,    0.0603,    0.0563,    0.0584,    0.0657,    0.0576,    0.0792,    0.0701,    0.0768,    0.0926,    0.0755,    0.1099,    0.1223,    0.1006,    0.1250,    0.1670,    0.1755,    0.1638,    0.0963,    0.1535,    0.1622,    0.1989,    0.2126,    0.2201,    0.2340,    0.2404,    0.2534,    0.2720,    0.3147,    0.3482,    0.3246,    0.3255,    0.3323,    0.5646,    0.6166,    0.6471,    0.6710,    0.6902,    0.7774,    0.7272,    0.7754,    0.7605,    0.7912,    0.7508,    0.8060,    1.7341,    1.7133,    1.7475,    1.7751,    1.7943,    1.8714,    1.9371,    1.9865,    2.0269,    1.8848,    1.8576,    1.9291,    4.8768,    4.6468,    4.5952,    4.4570,    4.1179,    3.8632,    3.3925,    3.1223,    4.3676,    3.8303,    2.9444,    2.7368,    2.1122,    1.9445,    1.4853,    1.4206,    0.9601,    0.6987,    0.5663,    0.2281,    0.2019,    0.1440,    0.0502,    0.0410,    0.0633,    0.2395,    0.5051,    0.8334,    1.2011,    1.5887,    1.9795,    2.3206,    2.9041,    3.4523,    3.8253,    4.1310,    3.7710,    3.9299,    4.0523,    4.1447,    4.2116,    4.2267,    4.2134,    4.2009,    4.1792,    4.1087,    3.9999,    3.8797,    1.3295,    1.3095,    1.2997,    1.2927,    1.2875,    1.2819,    1.3039,    1.2888,    1.2762,    1.2779,    1.2650,    1.2694,    0.9715,    0.9647,    0.9573,    0.9474,    0.9379,    0.9287,    0.9179,    0.9075,    0.8968,    0.8850,    0.8715,    0.8566,    0.8843,    0.8666,    0.8628,    0.8369,    0.8258,    0.8140,    0.8017,    0.7833,    0.7700,    0.7564,    0.7357,    0.7241,    1.9388,    1.8083,    1.7262,    1.6480,    1.5236,    1.4522,    1.3616,    1.2954,    1.2315,    1.1918,    1.1318,    1.0724,    1.6137,    1.4754,    1.3192,    1.2052,    1.0530,    0.9529,    0.8645,    0.7733,    0.6995,    0.6322,    0.5408,    0.4876,    1.2745,    0.9176,    0.6864,    0.4531,    0.3181,    0.2032,    0.1409,    0.0970,    0.0670,    0.0463,    0.0300,    0.0197,    0.0066,    0.0000,    0.0129,    0.0233,    0.0264,    0.0241,    0.0411,    0.0457,    0.0407,    0.0561,    0.0496,    0.0544,    0.0569,    0.0462,    0.0667,    0.0727,    0.0591,    0.0376,    0.0044,    0.0098,    0.0571,    0.0690,    0.1115,    0.1170,    0.1449,    0.1550,    0.1604,    0.1705,    0.1745,    0.1784,    0.1852,    0.1673,    0.1470,    0.1762,    0.2468,    0.2503,    0.4391,    0.4797,    0.5022,    0.5093,    0.4996,    0.5861,    0.5633,    0.5989,    0.5498,    0.6229,    0.5890,    0.6267,    1.3576,    1.3245,    1.3757,    1.3972,    1.4062,    1.1148,    1.1541,    1.1835,    1.2076,    1.1223,    1.1067,    1.1493,    2.9051,    2.7681,    2.7372,    2.6547,    2.4525,    2.3005,    2.0200,    1.8588,    0.9555,    0.8376,    0.6436,    0.5978,    0.4611,    0.4240,    0.3234,    0.3089,    0.2084,    0.1514,    0.1224,    0.0492,    0.0434,    0.0308,    0.0107,    0.0087
    2,    2.0000,  227.5722,    0.3783,   50.9817,   92.2471,   41.7905,   24.9678,  158.4330,  163.5827,  163.6723,  163.8293,  164.1029,  164.5732,  165.3648,  166.6602,  168.4872,  170.9519,  174.2721,  178.5564,  183.8814,  190.3071,  197.9049,  205.8548,  212.8059,  218.1105,  222.1140,  224.8330,  226.3589,  227.0949,  227.3721,  227.5098,  227.5598,    0.0501,    0.1877,    0.3921,    0.6403,    0.9131,    1.1945,    1.4714,    1.7192,    1.7027,    1.6208,    1.7376,    1.7267,    1.6074,    1.5819,    1.5363,    1.5124,    1.4669,    1.5373,    1.6188,    1.6127,    1.5199,    1.4284,    1.3765,    1.3664,    0.4676,    0.4728,    0.4657,    0.4670,    0.4594,    0.4518,    0.4362,    0.4288,    0.4231,    0.4079,    0.4046,    0.3800,    0.2813,    0.2671,    0.2484,    0.2364,    0.2264,    0.2061,    0.2190,    0.2165,    0.2113,    0.2114,    0.2108,    0.2079,    0.2095,    0.2051,    0.1994,    0.1966,    0.1928,    0.1921,    0.1879,    0.1842,    0.1804,    0.1767,    0.1839,    0.1801,    0.4771,    0.5012,    0.4730,    0.4458,    0.4546,    0.4285,    0.4071,    0.3835,    0.3609,    0.3163,    0.2968,    0.2784,    0.3933,    0.3536,    0.3434,    0.3079,    0.3033,    0.2729,    0.2448,    0.2294,    0.2054,    0.1835,    0.1913,    0.1707,    0.3421,    0.2379,    0.1346,    0.1208,    0.0828,    0.0748,    0.0512,    0.0359,    0.0242,    0.0160,    0.0125,    0.0088,    0.0682,    0.0441,    0.0515,    0.0532,    0.0597,    0.0556,    0.0570,    0.0642,    0.0562,    0.0774,    0.0684,    0.0750,    0.0911,    0.0743,    0.1081,    0.1202,    0.0988,    0.1223,    0.1638,    0.1721,    0.1606,    0.0941,    0.1501,    0.1586,    0.1945,    0.2079,    0.2152,    0.2288,    0.2351,    0.2477,    0.2658,    0.3073,    0.3399,    0.3169,    0.3182,    0.3249,    0.5520,    0.6029,    0.6327,    0.6560,    0.6747,    0.7612,    0.7122,    0.7594,    0.7446,    0.7748,    0.7352,    0.7894,    1.6982,    1.6779,    1.7114,    1.7385,    1.7572,    1.8503,    1.9152,    1.9641,    2.0041,    1.8636,    1.8367,    1.9074,    4.8220,    4.5946,    4.5436,    4.4070,    4.0718,    3.8200,    3.3547,    3.0875,    4.3754,    3.8373,    2.9498,    2.7420,    2.1164,    1.9485,    1.4884,    1.4237,    0.9623,    0.7004,    0.5678,    0.2287,    0.2025,    0.1444,    0.0503,    0.0412,    0.0650,    0.2458,    0.5186,    0.8558,    1.2338,    1.6323,    2.0345,    2.3932,    2.9465,    3.4588,    3.8291,    4.1356,    3.7746,    3.9346,    4.0590,    4.1534,    4.2220,    4.2425,    4.2354,    4.2250,    4.2031,    4.1381,    4.0387,    3.9263,    1.3478,    1.3291,    1.3186,    1.3102,    1.3033,    1.2959,    1.3112,    1.2960,    1.2829,    1.2821,    1.2684,    1.2702,    0.9717,    0.9648,    0.9573,    0.9474,    0.9379,    0.9287,    0.9179,    0.9075,    0.8968,    0.8851,    0.8717,    0.8572,    0.8860,    0.8692,    0.8645,    0.8407,    0.8295,    0.8177,    0.8057,    0.7884,    0.7755,    0.7624,    0.7432,    0.7317,    1.9595,    1.8360,    1.7536,    1.6745,    1.5564,    1.4836,    1.3943,    1.3266,    1.2612,    1.2172,    1.1557,    1.0953,    1.6447,    1.5043,    1.3492,    1.2323,    1.0825,    0.9804,    0.8895,    0.7969,    0.7209,    0.6515,    0.5604,    0.5052,    1.3120,    0.9446,    0.7030,    0.4676,    0.3283,    0.2114,    0.1466,    0.1009,    0.0696,    0.0480,    0.0312,    0.0206,    0.0057,    0.0000,    0.0107,    0.0193,    0.0219,    0.0200,    0.0362,    0.0403,    0.0359,    0.0494,    0.0437,    0.0479,    0.0495,    0.0402,    0.0580,    0.0633,    0.0514,    0.0326,    0.0038,    0.0085,    0.0507,    0.0613,    0.0990,    0.1039,    0.1287,    0.1377,    0.1425,    0.1514,    0.1550,    0.1584,    0.1664,    0.1501,    0.1319,    0.1582,    0.2218,    0.2250,    0.3947,    0.4312,    0.4514,    0.4578,    0.4490,    0.5295,    0.5089,    0.5411,    0.4967,    0.5628,    0.5322,    0.5663,    1.2267,    1.1968,    1.2431,    1.2625,    1.2706,    0.9782,    1.0127,    1.0385,    1.0596,    0.9847,    0.9711,    1.0084,    2.5491,    2.4290,    2.4018,    2.3294,    2.1521,    2.0187,    1.7726,    1.6311,    0.7614,    0.6675,    0.5128,    0.4764,    0.3674,    0.3379,    0.2578,    0.2462,    0.1661,    0.1206,    0.0976,    0.0392,    0.0346,    0.0246,    0.0085,    0.0069
