Particle       ,data/QEXT_96IR_84_VIS_NC175v1_2umrod
Ncase          ,  14
dt (sols)      ,  0.020833
Qext 0.67um    ,  1.383584
Alb sfc        ,  0.220000
Conrath nu     ,  0.002000
Sun Flux (W/m2),148.389262
BWN IR (cm-1)  ,     10.0000,     34.1670,     58.3330,     82.5000,    106.6670,    130.8330,    155.0000,    179.1670,    203.3330,    227.5000,    251.6670,    275.8330,    300.0000,    320.7880,    341.5750,    362.3630,    383.1500,    403.9380,    424.7250,    445.5130,    466.3010,    487.0880,    507.8760,    528.6630,    549.4510,    556.7420,    564.0330,    571.3240,    578.6150,    585.9060,    593.1970,    600.4880,    607.7790,    615.0700,    622.3610,    629.6520,    636.9430,    642.5500,    648.1570,    653.7640,    659.3700,    664.9770,    670.5840,    676.1910,    681.7980,    687.4050,    693.0110,    698.6180,    704.2250,    710.1390,    716.0530,    721.9670,    727.8810,    733.7950,    739.7090,    745.6240,    751.5380,    757.4520,    763.3660,    769.2800,    775.1940,    791.5010,    807.8070,    824.1140,    840.4210,    856.7270,    873.0340,    889.3410,    905.6470,    921.9540,    938.2610,    954.5670,    970.8740,    996.8050,   1022.7370,   1048.6680,   1074.6000,   1100.5310,   1126.4630,   1152.3940,   1178.3250,   1204.2570,   1230.1880,   1256.1200,   1282.0510,   1360.3990,   1438.7460,   1517.0940,   1595.4410,   1673.7890,   1752.1370,   1830.4840,   1908.8320,   1987.1790,   2065.5270,   2143.8740,   2222.2220
BWN VIS (cm-1) ,   2222.2200,   2294.3160,   2366.4120,   2438.5080,   2510.6030,   2582.6990,   2654.7950,   2726.8910,   2798.9870,   2871.0820,   2943.1780,   3015.2740,   3087.3700,   3165.9750,   3244.5800,   3323.1850,   3401.7900,   3480.3950,   3559.0000,   3637.6050,   3716.2100,   3794.8150,   3873.4200,   3952.0250,   4030.6300,   4142.2920,   4253.9530,   4365.6150,   4477.2770,   4588.9380,   4700.6000,   4812.2620,   4923.9230,   5035.5850,   5147.2470,   5258.9080,   5370.5700,   5560.6150,   5750.6600,   5940.7050,   6130.7500,   6320.7950,   6510.8400,   6700.8850,   6890.9300,   7080.9750,   7271.0200,   7461.0650,   7651.1100,   8055.1840,   8459.2580,   8863.3330,   9267.4070,   9671.4810,  10075.5550,  10479.6290,  10883.7030,  11287.7780,  11691.8520,  12095.9260,  12500.0000,  13541.6670,  14583.3330,  15625.0000,  16666.6670,  17708.3330,  18750.0000,  19791.6670,  20833.3330,  21875.0000,  22916.6670,  23958.3330,  25000.0000,  26388.8890,  27777.7780,  29166.6670,  30555.5570,  31944.4460,  33333.3350,  34722.2240,  36111.1130,  37500.0030,  38888.8920,  40277.7810,  41666.6700
SUN VIS (W/m2) ,      0.1008,      0.0862,      0.0968,      0.1089,      0.1224,      0.1136,      0.1248,      0.1400,      0.1233,      0.1698,      0.1502,      0.1645,      0.1814,      0.1477,      0.2144,      0.2377,      0.1946,      0.2106,      0.2276,      0.2472,      0.2683,      0.1918,      0.3072,      0.3239,      0.3986,      0.4261,      0.4410,      0.4688,      0.4810,      0.5017,      0.5013,      0.5485,      0.5772,      0.5665,      0.6183,      0.6303,      1.0809,      1.1806,      1.2379,      1.2751,      1.2949,      1.4092,      1.3262,      1.4132,      1.3634,      1.4505,      1.3747,      1.4716,      3.1730,      3.1258,      3.2038,      3.2543,      3.2846,      3.1576,      3.2685,      3.3520,      3.4202,      3.1800,      3.1347,      3.2554,      8.2299,      7.8425,      7.7561,      7.5237,      6.9524,      6.5235,      5.7299,      5.2748,      5.0739,      4.4511,      3.4228,      3.1828,      2.4579,      2.2644,      1.7312,      1.6575,      1.1215,      0.8173,      0.6634,      0.2677,      0.2374,      0.1697,      0.0593,      0.0486
================
wavelenght [um],    0.244068,    0.252632,    0.261818,    0.271698,    0.282353,    0.293878,    0.306383,    0.320000,    0.334884,    0.351220,    0.369231,    0.389189,    0.408511,    0.426667,    0.446512,    0.468293,    0.492308,    0.518919,    0.548571,    0.581818,    0.619355,    0.662069,    0.711111,    0.768000,    0.813143,    0.840768,    0.870336,    0.902060,    0.936184,    0.972991,    1.012810,    1.056028,    1.103099,    1.154562,    1.211061,    1.273375,    1.323436,    1.357581,    1.393534,    1.431444,    1.471474,    1.513807,    1.558648,    1.606226,    1.656801,    1.710664,    1.768147,    1.829628,    1.881560,    1.921939,    1.964090,    2.008131,    2.054193,    2.102417,    2.152960,    2.205992,    2.261704,    2.320302,    2.382017,    2.447105,    2.505432,    2.555765,    2.608162,    2.662752,    2.719677,    2.779088,    2.841153,    2.906054,    2.973989,    3.045176,    3.119855,    3.198288,    3.277268,    3.356577,    3.439819,    3.527294,    3.619334,    3.716307,    3.818620,    3.926726,    4.041130,    4.162400,    4.291175,    4.428172,    4.580751,    4.751270,    4.934974,    5.133456,    5.348572,    5.582505,    5.837838,    6.117648,    6.425631,    6.766266,    7.145039,    7.568734,    7.879690,    8.044056,    8.215425,    8.394255,    8.581043,    8.776330,    8.980716,    9.194848,    9.419442,    9.655282,    9.903235,   10.164260,   10.387231,   10.566200,   10.751445,   10.943308,   11.142136,   11.348323,   11.562291,   11.784476,   12.015368,   12.255495,   12.505409,   12.765727,   12.949392,   13.049328,   13.150818,   13.253898,   13.358608,   13.464994,   13.573088,   13.682923,   13.794549,   13.908012,   14.023357,   14.140631,   14.256763,   14.371646,   14.488386,   14.607038,   14.727660,   14.850291,   14.974981,   15.101782,   15.230738,   15.361915,   15.495384,   15.631191,   15.790367,   15.974275,   16.162517,   16.355249,   16.552633,   16.754839,   16.962047,   17.174443,   17.392227,   17.615605,   17.844795,   18.080028,   18.550914,   19.294981,   20.101230,   20.977796,   21.934298,   22.982219,   24.135264,   25.410119,   26.827165,   28.411593,   30.194923,   32.217118,   34.732292,   37.914692,   41.739101,   46.421699,   52.287582,   59.850314,   69.970927,   84.210526,  105.726686,  142.012170,  216.216216,  452.826771
Qext           ,      1.1045,      1.1045,      1.1045,      1.1045,      1.1045,      1.1045,      1.1045,      1.1045,      1.1045,      1.1045,      1.1045,      1.3836,      1.3836,      1.3836,      1.3836,      1.3836,      1.3836,      1.3836,      1.3836,      1.3836,      1.3836,      1.3836,      1.3836,      1.2061,      1.2061,      1.2061,      1.2061,      1.2061,      1.2061,      1.2061,      1.2061,      1.2061,      1.2061,      1.1896,      1.1896,      1.1896,      1.1896,      1.1896,      1.1896,      1.1896,      1.1896,      1.3107,      1.3107,      1.3107,      1.3107,      1.3107,      1.3107,      1.3107,      1.3853,      1.3853,      1.3853,      1.3853,      1.3853,      1.3853,      1.3853,      1.3853,      1.6241,      1.6241,      1.6241,      1.6241,      1.6241,      1.6241,      1.5903,      1.5903,      1.5903,      1.5903,      1.5903,      1.5903,      1.5391,      1.5391,      1.5391,      1.5391,      1.5391,      1.6135,      1.6135,      1.6135,      1.6135,      1.8679,      1.8679,      1.8679,      1.8679,      1.9288,      1.9288,      1.9288,      2.0174,      2.0174,      2.1992,      2.1992,      2.3828,      2.4375,      2.4375,      2.5578,      2.1722,      2.1853,      2.0521,      2.0405,      2.1353,      2.1353,      2.0168,      2.0168,      1.8420,      1.8420,      1.6505,      1.6505,      1.6449,      1.8458,      1.8458,      1.6637,      1.8999,      1.8999,      1.8184,      1.8184,      1.3487,      1.3487,      1.3907,      1.6764,      1.6764,      1.8694,      1.8694,      1.9248,      1.8786,      1.8786,      1.8786,      1.8786,      1.8342,      1.8342,      1.8342,      1.8396,      1.8396,      1.8396,      1.8106,      1.8106,      1.8106,      1.6613,      1.6613,      1.6613,      1.4269,      1.4269,      1.4269,      1.2219,      1.2219,      1.2219,      1.1320,      1.1320,      1.1320,      1.1727,      1.1727,      1.3104,      1.3104,      1.4907,      1.6547,      1.6547,      1.7543,      1.7543,      1.7685,      1.7099,      1.6620,      1.4796,      1.3189,      1.1000,      0.9050,      1.0820,      1.6014,      1.9486,      1.9123,      2.0318,      2.3209,      1.9491,      0.8198,      0.3335,      0.7444,      0.7283,      0.4937,      0.5942,      0.5942,      0.5942,      0.5942,      0.5942,      0.5942,      0.5942
Qscat          ,      0.5399,      0.5399,      0.5399,      0.5399,      0.5399,      0.5399,      0.5399,      0.5399,      0.5399,      0.5399,      0.5399,      0.4287,      0.4287,      0.4287,      0.4287,      0.4287,      0.4287,      0.4287,      0.4287,      0.4287,      0.4287,      0.4287,      0.4287,      0.2360,      0.2360,      0.2360,      0.2360,      0.2360,      0.2360,      0.2360,      0.2360,      0.2360,      0.2360,      0.1875,      0.1875,      0.1875,      0.1875,      0.1875,      0.1875,      0.1875,      0.1875,      0.1637,      0.1637,      0.1637,      0.1637,      0.1637,      0.1637,      0.1637,      0.1732,      0.1732,      0.1732,      0.1732,      0.1732,      0.1732,      0.1732,      0.1732,      0.1886,      0.1886,      0.1886,      0.1886,      0.1886,      0.1886,      0.2400,      0.2400,      0.2400,      0.2400,      0.2400,      0.2400,      0.1885,      0.1885,      0.1885,      0.1885,      0.1885,      0.2044,      0.2044,      0.2044,      0.2044,      0.2373,      0.2373,      0.2373,      0.2373,      0.2610,      0.2610,      0.2610,      0.2651,      0.2651,      0.3324,      0.3324,      0.3707,      0.4072,      0.4072,      0.4014,      0.3828,      0.3887,      0.4054,      0.4671,      0.5152,      0.5152,      0.4986,      0.4986,      0.4720,      0.4720,      0.5594,      0.5594,      0.7154,      0.8176,      0.8176,      0.8364,      0.9749,      0.9749,      0.8807,      0.8807,      0.7074,      0.7074,      0.6490,      0.7020,      0.7020,      0.8636,      0.8636,      0.9172,      0.8420,      0.8420,      0.8420,      0.8420,      0.7621,      0.7621,      0.7621,      0.6951,      0.6951,      0.6951,      0.6481,      0.6481,      0.6481,      0.6411,      0.6411,      0.6411,      0.6563,      0.6563,      0.6563,      0.6668,      0.6668,      0.6668,      0.6730,      0.6730,      0.6730,      0.6939,      0.6939,      0.7358,      0.7358,      0.7761,      0.7841,      0.7841,      0.7593,      0.7593,      0.7442,      0.7908,      0.8523,      1.1409,      1.2143,      1.0370,      0.9049,      1.0818,      1.1079,      1.1288,      1.3510,      1.7363,      2.0210,      1.7649,      0.8197,      0.3335,      0.7443,      0.7282,      0.4937,      0.5941,      0.5941,      0.5941,      0.5941,      0.5941,      0.5941,      0.5941
G factor       ,      0.4330,      0.4330,      0.4330,      0.4330,      0.4330,      0.4330,      0.4330,      0.4330,      0.4330,      0.4330,      0.4330,      0.3930,      0.3930,      0.3930,      0.3930,      0.3930,      0.3930,      0.3930,      0.3930,      0.3930,      0.3930,      0.3930,      0.3930,      0.2800,      0.2800,      0.2800,      0.2800,      0.2800,      0.2800,      0.2800,      0.2800,      0.2800,      0.2800,      0.2550,      0.2550,      0.2550,      0.2550,      0.2550,      0.2550,      0.2550,      0.2550,      0.2590,      0.2590,      0.2590,      0.2590,      0.2590,      0.2590,      0.2590,      0.2870,      0.2870,      0.2870,      0.2870,      0.2870,      0.2870,      0.2870,      0.2870,      0.3190,      0.3190,      0.3190,      0.3190,      0.3190,      0.3190,      0.2580,      0.2580,      0.2580,      0.2580,      0.2580,      0.2580,      0.2720,      0.2720,      0.2720,      0.2720,      0.2720,      0.2730,      0.2730,      0.2730,      0.2730,      0.2950,      0.2950,      0.2950,      0.2950,      0.2780,      0.2780,      0.2780,      0.2430,      0.2430,      0.1960,      0.1960,      0.2180,      0.2610,      0.2610,      0.2880,      0.2440,      0.2690,      0.2310,      0.1870,      0.1720,      0.1720,      0.1840,      0.1840,      0.1610,      0.1610,      0.1860,      0.1860,      0.2940,      0.3180,      0.3180,      0.3250,      0.3410,      0.3410,      0.3240,      0.3240,      0.2640,      0.2640,      0.2130,      0.2280,      0.2280,      0.2690,      0.2690,      0.2920,      0.2920,      0.2920,      0.2920,      0.2920,      0.2840,      0.2840,      0.2840,      0.2630,      0.2630,      0.2630,      0.2360,      0.2360,      0.2360,      0.2120,      0.2120,      0.2120,      0.1840,      0.1840,      0.1840,      0.1510,      0.1510,      0.1510,      0.1280,      0.1280,      0.1280,      0.1300,      0.1300,      0.1450,      0.1450,      0.1540,      0.1490,      0.1490,      0.1330,      0.1330,      0.1150,      0.1030,      0.1030,      0.1160,      0.0900,     -0.0060,     -0.0480,      0.0530,      0.1260,      0.1570,      0.1850,      0.1740,      0.1240,      0.0880,      0.0730,      0.0540,      0.0220,     -0.0310,     -0.1060,     -0.0830,     -0.0830,     -0.0830,     -0.0830,     -0.0830,     -0.0830,     -0.0830
================
P [mbar]       ,    0.1004,    0.1015,    0.1034,    0.1069,    0.1130,    0.1239,    0.1432,    0.1740,    0.2226,    0.3028,    0.4349,    0.6529,    1.0121,    1.6044,    2.4646,    3.4606,    4.3994,    5.2226,    5.8426,    6.2132,    6.3980,    6.4686,    6.5039,    6.5168
Temp initial[K],  163.5827,  163.6723,  163.8293,  164.1029,  164.5732,  165.3648,  166.6602,  168.4872,  170.9519,  174.2721,  178.5564,  183.8814,  190.3071,  197.9049,  205.8548,  212.8059,  218.1105,  222.1140,  224.8330,  226.3589,  227.0949,  227.3721,  227.5098,  227.5598
================
it   ,   tau    ,  Tsfc    ,   alb    ,   OLR    ,    ASR   ,  NET top ,  NET bot , T lev  01, T lev  02, T lev  03, T lev  04, T lev  05, T lev  06, T lev  07, T lev  08, T lev  09, T lev  10, T lev  11, T lev  12, T lev  13, T lev  14, T lev  15, T lev  16, T lev  17, T lev  18, T lev  19, T lev  20, T lev  21, T lev  22, T lev  23, T lev  24, T lev  25,  OLR IR01,  OLR IR02,  OLR IR03,  OLR IR04,  OLR IR05,  OLR IR06,  OLR IR07,  OLR IR08,  OLR IR09,  OLR IR10,  OLR IR11,  OLR IR12,  OLR IR13,  OLR IR14,  OLR IR15,  OLR IR16,  OLR IR17,  OLR IR18,  OLR IR19,  OLR IR20,  OLR IR21,  OLR IR22,  OLR IR23,  OLR IR24,  OLR IR25,  OLR IR26,  OLR IR27,  OLR IR28,  OLR IR29,  OLR IR30,  OLR IR31,  OLR IR32,  OLR IR33,  OLR IR34,  OLR IR35,  OLR IR36,  OLR IR37,  OLR IR38,  OLR IR39,  OLR IR40,  OLR IR41,  OLR IR42,  OLR IR43,  OLR IR44,  OLR IR45,  OLR IR46,  OLR IR47,  OLR IR48,  OLR IR49,  OLR IR50,  OLR IR51,  OLR IR52,  OLR IR53,  OLR IR54,  OLR IR55,  OLR IR56,  OLR IR57,  OLR IR58,  OLR IR59,  OLR IR60,  OLR IR61,  OLR IR62,  OLR IR63,  OLR IR64,  OLR IR65,  OLR IR66,  OLR IR67,  OLR IR68,  OLR IR69,  OLR IR70,  OLR IR71,  OLR IR72,  OLR IR73,  OLR IR74,  OLR IR75,  OLR IR76,  OLR IR77,  OLR IR78,  OLR IR79,  OLR IR80,  OLR IR81,  OLR IR82,  OLR IR83,  OLR IR84,  OLR IR85,  OLR IR86,  OLR IR87,  OLR IR88,  OLR IR89,  OLR IR90,  OLR IR91,  OLR IR92,  OLR IR93,  OLR IR94,  OLR IR95,  OLR IR96, ASR VIS01, ASR VIS02, ASR VIS03, ASR VIS04, ASR VIS05, ASR VIS06, ASR VIS07, ASR VIS08, ASR VIS09, ASR VIS10, ASR VIS11, ASR VIS12, ASR VIS13, ASR VIS14, ASR VIS15, ASR VIS16, ASR VIS17, ASR VIS18, ASR VIS19, ASR VIS20, ASR VIS21, ASR VIS22, ASR VIS23, ASR VIS24, ASR VIS25, ASR VIS26, ASR VIS27, ASR VIS28, ASR VIS29, ASR VIS30, ASR VIS31, ASR VIS32, ASR VIS33, ASR VIS34, ASR VIS35, ASR VIS36, ASR VIS37, ASR VIS38, ASR VIS39, ASR VIS40, ASR VIS41, ASR VIS42, ASR VIS43, ASR VIS44, ASR VIS45, ASR VIS46, ASR VIS47, ASR VIS48, ASR VIS49, ASR VIS50, ASR VIS51, ASR VIS52, ASR VIS53, ASR VIS54, ASR VIS55, ASR VIS56, ASR VIS57, ASR VIS58, ASR VIS59, ASR VIS60, ASR VIS61, ASR VIS62, ASR VIS63, ASR VIS64, ASR VIS65, ASR VIS66, ASR VIS67, ASR VIS68, ASR VIS69, ASR VIS70, ASR VIS71, ASR VIS72, ASR VIS73, ASR VIS74, ASR VIS75, ASR VIS76, ASR VIS77, ASR VIS78, ASR VIS79, ASR VIS80, ASR VIS81, ASR VIS82, ASR VIS83, ASR VIS84, SFC DIR01, SFC DIR02, SFC DIR03, SFC DIR04, SFC DIR05, SFC DIR06, SFC DIR07, SFC DIR08, SFC DIR09, SFC DIR10, SFC DIR11, SFC DIR12, SFC DIR13, SFC DIR14, SFC DIR15, SFC DIR16, SFC DIR17, SFC DIR18, SFC DIR19, SFC DIR20, SFC DIR21, SFC DIR22, SFC DIR23, SFC DIR24, SFC DIR25, SFC DIR26, SFC DIR27, SFC DIR28, SFC DIR29, SFC DIR30, SFC DIR31, SFC DIR32, SFC DIR33, SFC DIR34, SFC DIR35, SFC DIR36, SFC DIR37, SFC DIR38, SFC DIR39, SFC DIR40, SFC DIR41, SFC DIR42, SFC DIR43, SFC DIR44, SFC DIR45, SFC DIR46, SFC DIR47, SFC DIR48, SFC DIR49, SFC DIR50, SFC DIR51, SFC DIR52, SFC DIR53, SFC DIR54, SFC DIR55, SFC DIR56, SFC DIR57, SFC DIR58, SFC DIR59, SFC DIR60, SFC DIR61, SFC DIR62, SFC DIR63, SFC DIR64, SFC DIR65, SFC DIR66, SFC DIR67, SFC DIR68, SFC DIR69, SFC DIR70, SFC DIR71, SFC DIR72, SFC DIR73, SFC DIR74, SFC DIR75, SFC DIR76, SFC DIR77, SFC DIR78, SFC DIR79, SFC DIR80, SFC DIR81, SFC DIR82, SFC DIR83, SFC DIR84, SFC DIR85, SFC DIR86, SFC DIR87, SFC DIR88, SFC DIR89, SFC DIR90, SFC DIR91, SFC DIR92, SFC DIR93, SFC DIR94, SFC DIR95, SFC DIR96,SFC DVIS01,SFC DVIS02,SFC DVIS03,SFC DVIS04,SFC DVIS05,SFC DVIS06,SFC DVIS07,SFC DVIS08,SFC DVIS09,SFC DVIS10,SFC DVIS11,SFC DVIS12,SFC DVIS13,SFC DVIS14,SFC DVIS15,SFC DVIS16,SFC DVIS17,SFC DVIS18,SFC DVIS19,SFC DVIS20,SFC DVIS21,SFC DVIS22,SFC DVIS23,SFC DVIS24,SFC DVIS25,SFC DVIS26,SFC DVIS27,SFC DVIS28,SFC DVIS29,SFC DVIS30,SFC DVIS31,SFC DVIS32,SFC DVIS33,SFC DVIS34,SFC DVIS35,SFC DVIS36,SFC DVIS37,SFC DVIS38,SFC DVIS39,SFC DVIS40,SFC DVIS41,SFC DVIS42,SFC DVIS43,SFC DVIS44,SFC DVIS45,SFC DVIS46,SFC DVIS47,SFC DVIS48,SFC DVIS49,SFC DVIS50,SFC DVIS51,SFC DVIS52,SFC DVIS53,SFC DVIS54,SFC DVIS55,SFC DVIS56,SFC DVIS57,SFC DVIS58,SFC DVIS59,SFC DVIS60,SFC DVIS61,SFC DVIS62,SFC DVIS63,SFC DVIS64,SFC DVIS65,SFC DVIS66,SFC DVIS67,SFC DVIS68,SFC DVIS69,SFC DVIS70,SFC DVIS71,SFC DVIS72,SFC DVIS73,SFC DVIS74,SFC DVIS75,SFC DVIS76,SFC DVIS77,SFC DVIS78,SFC DVIS79,SFC DVIS80,SFC DVIS81,SFC DVIS82,SFC DVIS83,SFC DVIS84
    2,    0.0000,  227.5722,    0.2192,  139.8688,  115.8602,  -23.5218,  -14.0680,  158.4330,  163.5827,  163.6723,  163.8293,  164.1029,  164.5732,  165.3648,  166.6602,  168.4872,  170.9519,  174.2721,  178.5564,  183.8814,  190.3071,  197.9049,  205.8548,  212.8059,  218.1105,  222.1140,  224.8330,  226.3589,  227.0949,  227.3721,  227.5098,  227.5598,    0.0705,    0.2675,    0.5658,    0.9364,    1.3541,    1.7971,    2.2470,    2.6886,    3.1100,    3.5012,    3.8550,    4.1668,    3.7991,    3.9662,    4.1036,    4.2111,    4.2902,    4.3412,    4.3666,    4.3674,    4.3455,    4.3031,    4.2365,    4.1377,    1.4329,    1.4160,    1.3937,    1.3544,    1.3064,    1.2531,    1.1042,    1.0903,    1.0331,    0.8812,    0.8657,    0.6804,    0.4286,    0.3613,    0.2973,    0.2859,    0.2660,    0.2237,    0.2586,    0.2615,    0.2793,    0.3166,    0.3804,    0.4522,    0.5746,    0.6344,    0.5305,    0.6851,    0.6744,    0.6698,    0.6769,    0.7426,    0.7550,    0.7683,    0.7700,    0.7628,    2.0538,    1.9716,    1.9052,    1.8274,    1.7484,    1.6691,    1.5919,    1.5151,    1.4407,    1.3665,    1.2937,    1.2291,    1.8278,    1.6842,    1.5339,    1.3924,    1.2741,    1.1725,    1.0662,    0.9681,    0.8777,    0.7928,    0.7079,    0.6374,    1.5840,    1.1437,    0.8293,    0.5901,    0.4167,    0.2922,    0.2036,    0.1383,    0.0940,    0.0622,    0.0416,    0.0303,    0.0906,    0.0482,    0.0759,    0.0854,    0.0957,    0.0892,    0.0975,    0.1096,    0.0962,    0.1325,    0.1172,    0.1283,    0.1417,    0.1155,    0.1680,    0.1868,    0.1536,    0.1833,    0.2065,    0.2237,    0.2252,    0.1502,    0.2398,    0.2533,    0.3110,    0.3324,    0.3440,    0.3658,    0.3756,    0.3940,    0.4010,    0.4565,    0.4953,    0.4717,    0.4852,    0.4943,    0.8433,    0.9209,    0.9663,    0.9993,    1.0234,    1.1077,    1.0381,    1.1064,    1.0804,    1.1314,    1.0733,    1.1507,    2.4780,    2.4450,    2.4989,    2.5384,    2.5644,    2.4626,    2.5489,    2.6139,    2.6670,    2.4800,    2.4441,    2.5380,    6.4157,    6.1123,    6.0433,    5.8603,    5.4132,    5.0767,    4.4565,    4.0997,    3.9404,    3.4535,    2.6528,    2.4637,    1.8993,    1.7458,    1.3311,    1.2705,    0.8565,    0.6215,    0.5021,    0.2015,    0.1776,    0.1261,    0.0437,    0.0355,    0.0000,    0.0000,    0.0000,    0.0000,    0.0000,    0.0000,    0.0000,    0.0000,    0.0000,    0.0000,    0.0000,    0.0000,    0.0000,    0.0000,    0.0000,    0.0000,    0.0000,    0.0000,    0.0000,    0.0004,    0.0013,    0.0042,    0.0316,    0.1224,    0.0337,    0.0553,    0.0951,    0.1939,    0.3170,    0.4390,    0.7874,    0.8078,    0.8986,    1.0611,    1.1127,    1.2540,    0.9696,    0.9641,    0.9572,    0.9473,    0.9378,    0.9287,    0.9178,    0.9074,    0.8966,    0.8844,    0.8683,    0.8421,    0.8025,    0.6764,    0.7395,    0.4977,    0.5022,    0.4908,    0.4247,    0.2470,    0.1814,    0.1031,    0.0612,    0.0469,    0.0933,    0.0788,    0.0260,    0.0119,    0.0030,    0.0028,    0.0017,    0.0056,    0.0100,    0.0182,    0.0292,    0.0235,    0.0278,    0.0056,    0.0259,    0.0458,    0.0328,    0.0004,    0.0000,    0.0000,    0.0000,    0.0031,    0.0165,    0.0171,    0.0171,    0.0171,    0.0000,    0.0000,    0.0000,    0.0000,    0.0000,    0.0035,    0.0040,    0.0054,    0.0048,    0.0010,    0.0230,    0.0000,    0.0598,    0.1073,    0.1213,    0.1109,    0.1245,    0.1385,    0.1233,    0.1698,    0.1501,    0.1645,    0.1806,    0.1466,    0.2118,    0.2312,    0.1878,    0.1215,    0.0145,    0.0325,    0.1583,    0.1897,    0.3065,    0.3218,    0.3984,    0.4260,    0.4410,    0.4686,    0.4796,    0.4909,    0.4572,    0.4157,    0.3661,    0.4375,    0.6076,    0.6165,    1.0804,    1.1803,    1.2358,    1.2540,    1.2316,    1.3659,    1.3119,    1.3949,    1.2823,    1.4502,    1.3714,    1.4595,    3.1611,    3.0848,    3.2030,    3.2531,    3.2743,    3.1567,    3.2678,    3.3511,    3.4192,    3.1776,    3.1334,    3.2539,    8.2247,    7.8363,    7.7478,    7.5132,    6.9399,    6.5086,    5.7135,    5.2561,    5.0518,    4.4276,    3.4010,    3.1586,    2.4350,    2.2382,    1.7066,    1.6288,    1.0981,    0.7968,    0.6438,    0.2584,    0.2277,    0.1616,    0.0560,    0.0455
    2,    0.0500,  227.5722,    0.1970,  134.4100,  119.1545,  -14.7685,  -15.7764,  158.4330,  163.5827,  163.6723,  163.8293,  164.1029,  164.5732,  165.3648,  166.6602,  168.4872,  170.9519,  174.2721,  178.5564,  183.8814,  190.3071,  197.9049,  205.8548,  212.8059,  218.1105,  222.1140,  224.8330,  226.3589,  227.0949,  227.3721,  227.5098,  227.5598,    0.0689,    0.2613,    0.5527,    0.9148,    1.3228,    1.7556,    2.1952,    2.6358,    3.0266,    3.4100,    3.8108,    4.0538,    3.5804,    3.7124,    3.8849,    4.0183,    4.0991,    4.1628,    4.2084,    4.2205,    4.1811,    4.1285,    4.0625,    3.9694,    1.3739,    1.3577,    1.3373,    1.3011,    1.2592,    1.2099,    1.0751,    1.0649,    1.0107,    0.8669,    0.8529,    0.6749,    0.4266,    0.3602,    0.2968,    0.2855,    0.2657,    0.2236,    0.2582,    0.2610,    0.2786,    0.3153,    0.3774,    0.4461,    0.5626,    0.6177,    0.5187,    0.6631,    0.6530,    0.6485,    0.6541,    0.7141,    0.7242,    0.7355,    0.7365,    0.7293,    1.9604,    1.8823,    1.8175,    1.7492,    1.6729,    1.6077,    1.5364,    1.4620,    1.3756,    1.3046,    1.2332,    1.1712,    1.7504,    1.6034,    1.4599,    1.3311,    1.2137,    1.1160,    1.0079,    0.9146,    0.8246,    0.7445,    0.6621,    0.5958,    1.4829,    1.0688,    0.7702,    0.5471,    0.3806,    0.2675,    0.1861,    0.1263,    0.0863,    0.0571,    0.0384,    0.0279,    0.0912,    0.0481,    0.0782,    0.0897,    0.1006,    0.0936,    0.1025,    0.1144,    0.1006,    0.1384,    0.1224,    0.1339,    0.1478,    0.1205,    0.1752,    0.1945,    0.1597,    0.1864,    0.2065,    0.2240,    0.2300,    0.1564,    0.2509,    0.2649,    0.3254,    0.3478,    0.3600,    0.3828,    0.3904,    0.4090,    0.4145,    0.4677,    0.5046,    0.4837,    0.5037,    0.5131,    0.8748,    0.9553,    1.0023,    1.0356,    1.0585,    1.1470,    1.0762,    1.1410,    1.1116,    1.1676,    1.1075,    1.1870,    2.5568,    2.5216,    2.5788,    2.6145,    2.6409,    2.5365,    2.6254,    2.6923,    2.7470,    2.5543,    2.5175,    2.6142,    6.6084,    6.2755,    6.2047,    6.0169,    5.5579,    5.2126,    4.5760,    4.2098,    4.0464,    3.5466,    2.7244,    2.5304,    1.9510,    1.7666,    1.3471,    1.2859,    0.8671,    0.6293,    0.5085,    0.2041,    0.1799,    0.1278,    0.0443,    0.0360,    0.0016,    0.0062,    0.0131,    0.0216,    0.0312,    0.0415,    0.0519,    0.0528,    0.0834,    0.0911,    0.0441,    0.1131,    0.2511,    0.3073,    0.2720,    0.2931,    0.3353,    0.2651,    0.1583,    0.1473,    0.1760,    0.1954,    0.2557,    0.3995,    0.1348,    0.1585,    0.1920,    0.2819,    0.3882,    0.5003,    0.8190,    0.8329,    0.9182,    1.0709,    1.1193,    1.2544,    0.9696,    0.9641,    0.9572,    0.9473,    0.9378,    0.9287,    0.9178,    0.9074,    0.8966,    0.8844,    0.8683,    0.8427,    0.8075,    0.6894,    0.7479,    0.5220,    0.5252,    0.5132,    0.4513,    0.2857,    0.2242,    0.1509,    0.1113,    0.0972,    0.2309,    0.2097,    0.1544,    0.1272,    0.1133,    0.0890,    0.0771,    0.0769,    0.0991,    0.1020,    0.1089,    0.0992,    0.1280,    0.1116,    0.1209,    0.1227,    0.1090,    0.0713,    0.0734,    0.0661,    0.0647,    0.0609,    0.0703,    0.0650,    0.1306,    0.0975,    0.0609,    0.0423,    0.0341,    0.0224,    0.0153,    0.0134,    0.0102,    0.0093,    0.0071,    0.0027,    0.0203,    0.0000,    0.0526,    0.0947,    0.1071,    0.0979,    0.1099,    0.1243,    0.1106,    0.1524,    0.1347,    0.1484,    0.1629,    0.1322,    0.1910,    0.2085,    0.1692,    0.1094,    0.0131,    0.0293,    0.1425,    0.1708,    0.2748,    0.2885,    0.3571,    0.3819,    0.3953,    0.4200,    0.4371,    0.4474,    0.4167,    0.3788,    0.3337,    0.3988,    0.5537,    0.5618,    0.9894,    1.0809,    1.1317,    1.1484,    1.1279,    1.2508,    1.2014,    1.2904,    1.1862,    1.3416,    1.2686,    1.3501,    2.9242,    2.8536,    2.9629,    3.0134,    3.0331,    2.9242,    3.0271,    3.1043,    3.1673,    2.9436,    2.9026,    3.0142,    7.6189,    7.2459,    7.1640,    6.9471,    6.4170,    6.0181,    5.2828,    4.8598,    4.6709,    4.0937,    3.1445,    2.9204,    2.2513,    2.1264,    1.6213,    1.5474,    1.0432,    0.7570,    0.6116,    0.2454,    0.2163,    0.1536,    0.0532,    0.0433
    2,    0.1000,  227.5722,    0.1779,  129.4565,  121.9960,   -6.9734,  -17.4150,  158.4330,  163.5827,  163.6723,  163.8293,  164.1029,  164.5732,  165.3648,  166.6602,  168.4872,  170.9519,  174.2721,  178.5564,  183.8814,  190.3071,  197.9049,  205.8548,  212.8059,  218.1105,  222.1140,  224.8330,  226.3589,  227.0949,  227.3721,  227.5098,  227.5598,    0.0674,    0.2554,    0.5403,    0.8942,    1.2930,    1.7160,    2.1457,    2.5850,    2.9475,    3.3236,    3.7677,    3.9467,    3.3884,    3.4944,    3.6926,    3.8487,    3.9322,    4.0033,    4.0612,    4.0832,    4.0293,    3.9684,    3.9050,    3.8188,    1.3212,    1.3056,    1.2869,    1.2533,    1.2166,    1.1707,    1.0483,    1.0412,    0.9898,    0.8533,    0.8407,    0.6695,    0.4245,    0.3591,    0.2963,    0.2851,    0.2654,    0.2234,    0.2579,    0.2606,    0.2779,    0.3139,    0.3745,    0.4403,    0.5513,    0.6022,    0.5076,    0.6429,    0.6332,    0.6289,    0.6332,    0.6881,    0.6963,    0.7059,    0.7062,    0.6990,    1.8762,    1.8017,    1.7383,    1.6780,    1.6042,    1.5510,    1.4849,    1.4128,    1.3164,    1.2481,    1.1783,    1.1187,    1.6794,    1.5299,    1.3925,    1.2748,    1.1584,    1.0642,    0.9550,    0.8661,    0.7768,    0.7009,    0.6209,    0.5584,    1.3917,    1.0012,    0.7170,    0.5085,    0.3487,    0.2456,    0.1705,    0.1157,    0.0795,    0.0525,    0.0355,    0.0257,    0.0917,    0.0481,    0.0800,    0.0931,    0.1045,    0.0971,    0.1064,    0.1184,    0.1041,    0.1433,    0.1267,    0.1385,    0.1529,    0.1246,    0.1811,    0.2009,    0.1647,    0.1889,    0.2064,    0.2242,    0.2339,    0.1615,    0.2600,    0.2744,    0.3372,    0.3604,    0.3730,    0.3966,    0.4028,    0.4215,    0.4258,    0.4771,    0.5123,    0.4937,    0.5193,    0.5289,    0.9015,    0.9845,    1.0328,    1.0664,    1.0883,    1.1804,    1.1085,    1.1710,    1.1384,    1.1989,    1.1370,    1.2184,    2.6249,    2.5878,    2.6480,    2.6805,    2.7073,    2.6005,    2.6917,    2.7604,    2.8164,    2.6188,    2.5811,    2.6803,    6.7754,    6.4166,    6.3443,    6.1524,    5.6833,    5.3303,    4.6795,    4.3052,    4.1382,    3.6273,    2.7866,    2.5884,    1.9958,    1.7858,    1.3619,    1.3001,    0.8768,    0.6365,    0.5144,    0.2065,    0.1821,    0.1294,    0.0449,    0.0365,    0.0032,    0.0121,    0.0255,    0.0422,    0.0611,    0.0811,    0.1014,    0.1036,    0.1625,    0.1776,    0.0873,    0.2202,    0.4749,    0.5775,    0.5163,    0.5587,    0.6376,    0.5081,    0.3055,    0.2847,    0.3382,    0.3718,    0.4621,    0.6525,    0.2268,    0.2520,    0.2801,    0.3619,    0.4533,    0.5565,    0.8483,    0.8565,    0.9365,    1.0801,    1.1255,    1.2548,    0.9696,    0.9641,    0.9572,    0.9473,    0.9378,    0.9287,    0.9178,    0.9074,    0.8966,    0.8844,    0.8684,    0.8433,    0.8120,    0.7013,    0.7556,    0.5442,    0.5463,    0.5337,    0.4757,    0.3211,    0.2632,    0.1945,    0.1569,    0.1429,    0.3561,    0.3288,    0.2714,    0.2330,    0.2145,    0.1691,    0.1476,    0.1436,    0.1808,    0.1788,    0.1819,    0.1684,    0.2206,    0.2085,    0.2076,    0.1936,    0.1788,    0.1363,    0.1399,    0.1261,    0.1229,    0.1130,    0.1184,    0.1080,    0.2329,    0.1700,    0.1156,    0.0804,    0.0642,    0.0423,    0.0289,    0.0223,    0.0157,    0.0129,    0.0093,    0.0043,    0.0178,    0.0000,    0.0463,    0.0835,    0.0945,    0.0864,    0.0970,    0.1116,    0.0993,    0.1368,    0.1209,    0.1338,    0.1469,    0.1192,    0.1722,    0.1880,    0.1524,    0.0986,    0.0118,    0.0264,    0.1284,    0.1539,    0.2463,    0.2586,    0.3201,    0.3423,    0.3543,    0.3765,    0.3984,    0.4077,    0.3797,    0.3452,    0.3041,    0.3634,    0.5046,    0.5120,    0.9061,    0.9898,    1.0364,    1.0516,    1.0329,    1.1455,    1.1002,    1.1937,    1.0973,    1.2410,    1.1735,    1.2489,    2.7050,    2.6397,    2.7408,    2.7915,    2.8097,    2.7088,    2.8041,    2.8756,    2.9340,    2.7267,    2.6888,    2.7922,    7.0577,    6.7003,    6.6247,    6.4241,    5.9338,    5.5650,    4.8851,    4.4940,    4.3193,    3.7855,    2.9078,    2.7005,    2.0818,    2.0206,    1.5406,    1.4704,    0.9913,    0.7194,    0.5812,    0.2332,    0.2056,    0.1459,    0.0506,    0.0411
    2,    0.1500,  227.5722,    0.1614,  124.9423,  124.4451,   -0.0098,  -18.9674,  158.4330,  163.5827,  163.6723,  163.8293,  164.1029,  164.5732,  165.3648,  166.6602,  168.4872,  170.9519,  174.2721,  178.5564,  183.8814,  190.3071,  197.9049,  205.8548,  212.8059,  218.1105,  222.1140,  224.8330,  226.3589,  227.0949,  227.3721,  227.5098,  227.5598,    0.0659,    0.2498,    0.5284,    0.8745,    1.2645,    1.6782,    2.0984,    2.5362,    2.8725,    3.2413,    3.7255,    3.8451,    3.2190,    3.3058,    3.5227,    3.6989,    3.7856,    3.8601,    3.9240,    3.9545,    3.8887,    3.8213,    3.7619,    3.6835,    1.2740,    1.2588,    1.2416,    1.2102,    1.1778,    1.1349,    1.0233,    1.0190,    0.9700,    0.8404,    0.8290,    0.6643,    0.4225,    0.3580,    0.2958,    0.2846,    0.2651,    0.2233,    0.2575,    0.2602,    0.2772,    0.3126,    0.3717,    0.4347,    0.5406,    0.5876,    0.4973,    0.6242,    0.6149,    0.6107,    0.6139,    0.6643,    0.6708,    0.6790,    0.6786,    0.6715,    1.7999,    1.7286,    1.6665,    1.6129,    1.5413,    1.4984,    1.4369,    1.3669,    1.2623,    1.1966,    1.1283,    1.0708,    1.6139,    1.4627,    1.3309,    1.2228,    1.1076,    1.0167,    0.9067,    0.8218,    0.7335,    0.6615,    0.5838,    0.5247,    1.3092,    0.9399,    0.6692,    0.4737,    0.3204,    0.2260,    0.1567,    0.1063,    0.0733,    0.0484,    0.0329,    0.0238,    0.0921,    0.0481,    0.0814,    0.0957,    0.1075,    0.0999,    0.1096,    0.1216,    0.1070,    0.1473,    0.1303,    0.1423,    0.1571,    0.1279,    0.1859,    0.2062,    0.1688,    0.1909,    0.2063,    0.2243,    0.2370,    0.1657,    0.2674,    0.2821,    0.3468,    0.3707,    0.3837,    0.4079,    0.4132,    0.4321,    0.4354,    0.4850,    0.5188,    0.5020,    0.5324,    0.5422,    0.9242,    1.0093,    1.0587,    1.0925,    1.1136,    1.2087,    1.1359,    1.1969,    1.1617,    1.2260,    1.1626,    1.2455,    2.6838,    2.6450,    2.7077,    2.7377,    2.7647,    2.6560,    2.7492,    2.8193,    2.8766,    2.6747,    2.6362,    2.7376,    6.9202,    6.5385,    6.4650,    6.2696,    5.7916,    5.4320,    4.7689,    4.3876,    4.2177,    3.6971,    2.8404,    2.6385,    2.0347,    1.8033,    1.3754,    1.3132,    0.8857,    0.6431,    0.5198,    0.2088,    0.1841,    0.1308,    0.0454,    0.0369,    0.0047,    0.0177,    0.0374,    0.0620,    0.0896,    0.1189,    0.1487,    0.1525,    0.2375,    0.2599,    0.1294,    0.3218,    0.6757,    0.8170,    0.7370,    0.8005,    0.9113,    0.7316,    0.4428,    0.4134,    0.4890,    0.5352,    0.6527,    0.8839,    0.3106,    0.3371,    0.3603,    0.4347,    0.5131,    0.6080,    0.8755,    0.8785,    0.9538,    1.0888,    1.1314,    1.2552,    0.9697,    0.9641,    0.9572,    0.9473,    0.9378,    0.9287,    0.9178,    0.9074,    0.8966,    0.8844,    0.8684,    0.8438,    0.8162,    0.7122,    0.7626,    0.5646,    0.5656,    0.5524,    0.4981,    0.3534,    0.2989,    0.2342,    0.1985,    0.1847,    0.4702,    0.4376,    0.3781,    0.3302,    0.3074,    0.2438,    0.2136,    0.2060,    0.2558,    0.2493,    0.2487,    0.2318,    0.3063,    0.2973,    0.2872,    0.2590,    0.2430,    0.1960,    0.2005,    0.1807,    0.1754,    0.1600,    0.1616,    0.1466,    0.3252,    0.2356,    0.1648,    0.1147,    0.0910,    0.0601,    0.0411,    0.0303,    0.0207,    0.0161,    0.0112,    0.0057,    0.0157,    0.0000,    0.0407,    0.0737,    0.0834,    0.0763,    0.0856,    0.1002,    0.0891,    0.1228,    0.1085,    0.1206,    0.1324,    0.1075,    0.1553,    0.1695,    0.1372,    0.0888,    0.0106,    0.0237,    0.1156,    0.1386,    0.2208,    0.2318,    0.2869,    0.3068,    0.3176,    0.3375,    0.3630,    0.3716,    0.3461,    0.3146,    0.2772,    0.3312,    0.4599,    0.4666,    0.8298,    0.9065,    0.9491,    0.9631,    0.9459,    1.0490,    1.0075,    1.1042,    1.0150,    1.1480,    1.0856,    1.1553,    2.5022,    2.4419,    2.5354,    2.5859,    2.6028,    2.5092,    2.5976,    2.6638,    2.7179,    2.5259,    2.4908,    2.5865,    6.5378,    6.1963,    6.1263,    5.9408,    5.4874,    5.1463,    4.5176,    4.1559,    3.9944,    3.5008,    2.6891,    2.4974,    1.9252,    1.9203,    1.4641,    1.3974,    0.9422,    0.6837,    0.5524,    0.2217,    0.1954,    0.1387,    0.0481,    0.0391
    2,    0.2000,  227.5722,    0.1471,  120.8119,  126.5563,    6.2320,  -20.4215,  158.4330,  163.5827,  163.6723,  163.8293,  164.1029,  164.5732,  165.3648,  166.6602,  168.4872,  170.9519,  174.2721,  178.5564,  183.8814,  190.3071,  197.9049,  205.8548,  212.8059,  218.1105,  222.1140,  224.8330,  226.3589,  227.0949,  227.3721,  227.5098,  227.5598,    0.0645,    0.2444,    0.5170,    0.8556,    1.2372,    1.6420,    2.0531,    2.4891,    2.8012,    3.1631,    3.6843,    3.7486,    3.0686,    3.1414,    3.3719,    3.5658,    3.6561,    3.7311,    3.7957,    3.8337,    3.7582,    3.6857,    3.6316,    3.5615,    1.2314,    1.2167,    1.2006,    1.1712,    1.1424,    1.1022,    1.0001,    0.9982,    0.9515,    0.8281,    0.8178,    0.6592,    0.4205,    0.3569,    0.2953,    0.2842,    0.2648,    0.2231,    0.2572,    0.2598,    0.2766,    0.3113,    0.3689,    0.4294,    0.5305,    0.5741,    0.4876,    0.6069,    0.5980,    0.5938,    0.5961,    0.6425,    0.6475,    0.6545,    0.6535,    0.6464,    1.7306,    1.6620,    1.6012,    1.5532,    1.4836,    1.4496,    1.3923,    1.3241,    1.2128,    1.1493,    1.0825,    1.0270,    1.5535,    1.4011,    1.2744,    1.1748,    1.0608,    0.9729,    0.8626,    0.7813,    0.6942,    0.6257,    0.5503,    0.4943,    1.2343,    0.8842,    0.6259,    0.4422,    0.2953,    0.2086,    0.1443,    0.0979,    0.0678,    0.0447,    0.0306,    0.0220,    0.0924,    0.0481,    0.0825,    0.0979,    0.1099,    0.1020,    0.1120,    0.1243,    0.1094,    0.1506,    0.1331,    0.1455,    0.1605,    0.1307,    0.1899,    0.2105,    0.1722,    0.1926,    0.2063,    0.2244,    0.2397,    0.1692,    0.2734,    0.2884,    0.3546,    0.3790,    0.3923,    0.4171,    0.4219,    0.4410,    0.4434,    0.4916,    0.5242,    0.5091,    0.5434,    0.5534,    0.9434,    1.0303,    1.0807,    1.1146,    1.1350,    1.2326,    1.1591,    1.2192,    1.1818,    1.2494,    1.1846,    1.2690,    2.7347,    2.6945,    2.7594,    2.7872,    2.8145,    2.7041,    2.7990,    2.8704,    2.9287,    2.7231,    2.6840,    2.7872,    7.0457,    6.6439,    6.5692,    6.3708,    5.8852,    5.5199,    4.8462,    4.4589,    4.2864,    3.7575,    2.8870,    2.6819,    2.0683,    1.8193,    1.3877,    1.3251,    0.8939,    0.6491,    0.5248,    0.2108,    0.1860,    0.1322,    0.0459,    0.0373,    0.0061,    0.0231,    0.0488,    0.0808,    0.1169,    0.1551,    0.1940,    0.1996,    0.3088,    0.3381,    0.1707,    0.4183,    0.8570,    1.0310,    0.9374,    1.0213,    1.1596,    0.9377,    0.5711,    0.5342,    0.6298,    0.6869,    0.8294,    1.0960,    0.3873,    0.4145,    0.4335,    0.5012,    0.5680,    0.6554,    0.9007,    0.8993,    0.9699,    1.0971,    1.1370,    1.2556,    0.9697,    0.9641,    0.9572,    0.9473,    0.9378,    0.9287,    0.9178,    0.9074,    0.8966,    0.8844,    0.8685,    0.8443,    0.8201,    0.7222,    0.7691,    0.5832,    0.5832,    0.5697,    0.5185,    0.3830,    0.3315,    0.2706,    0.2366,    0.2229,    0.5745,    0.5371,    0.4757,    0.4196,    0.3929,    0.3135,    0.2754,    0.2645,    0.3247,    0.3141,    0.3101,    0.2901,    0.3856,    0.3788,    0.3602,    0.3196,    0.3021,    0.2510,    0.2556,    0.2304,    0.2230,    0.2026,    0.2006,    0.1814,    0.4088,    0.2951,    0.2092,    0.1457,    0.1148,    0.0761,    0.0520,    0.0375,    0.0252,    0.0190,    0.0130,    0.0070,    0.0138,    0.0000,    0.0358,    0.0651,    0.0736,    0.0673,    0.0755,    0.0899,    0.0800,    0.1102,    0.0974,    0.1088,    0.1194,    0.0970,    0.1400,    0.1529,    0.1236,    0.0800,    0.0096,    0.0214,    0.1041,    0.1248,    0.1979,    0.2078,    0.2572,    0.2750,    0.2847,    0.3025,    0.3309,    0.3386,    0.3154,    0.2868,    0.2526,    0.3018,    0.4191,    0.4252,    0.7599,    0.8301,    0.8692,    0.8820,    0.8662,    0.9606,    0.9227,    1.0214,    0.9390,    1.0619,    1.0042,    1.0687,    2.3147,    2.2588,    2.3453,    2.3955,    2.4111,    2.3245,    2.4063,    2.4677,    2.5178,    2.3399,    2.3074,    2.3961,    6.0564,    5.7305,    5.6658,    5.4942,    5.0750,    4.7595,    4.1781,    3.8436,    3.6942,    3.2377,    2.4870,    2.3097,    1.7806,    1.8252,    1.3916,    1.3283,    0.8955,    0.6499,    0.5250,    0.2107,    0.1857,    0.1319,    0.0457,    0.0372
    2,    0.3000,  227.5722,    0.1243,  113.5241,  129.9470,   16.9109,  -23.0105,  158.4330,  163.5827,  163.6723,  163.8293,  164.1029,  164.5732,  165.3648,  166.6602,  168.4872,  170.9519,  174.2721,  178.5564,  183.8814,  190.3071,  197.9049,  205.8548,  212.8059,  218.1105,  222.1140,  224.8330,  226.3589,  227.0949,  227.3721,  227.5098,  227.5598,    0.0618,    0.2343,    0.4956,    0.8202,    1.1860,    1.5740,    1.9682,    2.4000,    2.6687,    3.0174,    3.6045,    3.5695,    2.8140,    2.8703,    3.1167,    3.3409,    3.4385,    3.5088,    3.5628,    3.6129,    3.5236,    3.4443,    3.4034,    3.3503,    1.1577,    1.1438,    1.1295,    1.1033,    1.0803,    1.0445,    0.9583,    0.9601,    0.9173,    0.8052,    0.7968,    0.6493,    0.4166,    0.3548,    0.2944,    0.2835,    0.2642,    0.2229,    0.2565,    0.2590,    0.2752,    0.3088,    0.3637,    0.4193,    0.5119,    0.5495,    0.4698,    0.5759,    0.5675,    0.5636,    0.5643,    0.6038,    0.6065,    0.6113,    0.6095,    0.6024,    1.6094,    1.5454,    1.4867,    1.4476,    1.3816,    1.3619,    1.3115,    1.2467,    1.1252,    1.0657,    1.0017,    0.9496,    1.4456,    1.2922,    1.1744,    1.0889,    0.9775,    0.8950,    0.7850,    0.7101,    0.6257,    0.5632,    0.4923,    0.4416,    1.1039,    0.7873,    0.5512,    0.3880,    0.2530,    0.1791,    0.1234,    0.0836,    0.0583,    0.0384,    0.0265,    0.0190,    0.0928,    0.0481,    0.0841,    0.1009,    0.1133,    0.1051,    0.1156,    0.1282,    0.1129,    0.1554,    0.1374,    0.1502,    0.1656,    0.1349,    0.1959,    0.2171,    0.1773,    0.1951,    0.2061,    0.2245,    0.2435,    0.1744,    0.2823,    0.2977,    0.3662,    0.3914,    0.4052,    0.4307,    0.4355,    0.4547,    0.4558,    0.5017,    0.5325,    0.5199,    0.5605,    0.5706,    0.9736,    1.0633,    1.1152,    1.1493,    1.1685,    1.2702,    1.1955,    1.2553,    1.2141,    1.2871,    1.2202,    1.3068,    2.8167,    2.7742,    2.8426,    2.8674,    2.8951,    2.7819,    2.8795,    2.9530,    3.0130,    2.8015,    2.7613,    2.8675,    7.2487,    6.8135,    6.7372,    6.5338,    6.0360,    5.6616,    4.9709,    4.5739,    4.3972,    3.8549,    2.9621,    2.7520,    2.1227,    1.8473,    1.4093,    1.3460,    0.9082,    0.6597,    0.5335,    0.2144,    0.1892,    0.1345,    0.0467,    0.0381,    0.0088,    0.0332,    0.0702,    0.1163,    0.1681,    0.2231,    0.2790,    0.2887,    0.4414,    0.4838,    0.2505,    0.5974,    1.1718,    1.3973,    1.2878,    1.4094,    1.5916,    1.3049,    0.8040,    0.7550,    0.8847,    0.9601,    1.1463,    1.4701,    0.5218,    0.5497,    0.5615,    0.6176,    0.6651,    0.7393,    0.9461,    0.9370,    0.9995,    1.1123,    1.1473,    1.2562,    0.9697,    0.9641,    0.9572,    0.9473,    0.9378,    0.9287,    0.9178,    0.9074,    0.8966,    0.8844,    0.8686,    0.8452,    0.8269,    0.7399,    0.7805,    0.6159,    0.6143,    0.6001,    0.5546,    0.4351,    0.3888,    0.3346,    0.3035,    0.2900,    0.7574,    0.7119,    0.6472,    0.5781,    0.5445,    0.4395,    0.3880,    0.3710,    0.4470,    0.4291,    0.4187,    0.3931,    0.5278,    0.5228,    0.4892,    0.4279,    0.4068,    0.3485,    0.3520,    0.3174,    0.3052,    0.2762,    0.2675,    0.2412,    0.5537,    0.3983,    0.2859,    0.1993,    0.1552,    0.1033,    0.0707,    0.0498,    0.0331,    0.0241,    0.0162,    0.0093,    0.0107,    0.0000,    0.0277,    0.0507,    0.0574,    0.0524,    0.0589,    0.0724,    0.0645,    0.0888,    0.0785,    0.0885,    0.0971,    0.0789,    0.1139,    0.1243,    0.1003,    0.0649,    0.0078,    0.0174,    0.0845,    0.1013,    0.1590,    0.1670,    0.2067,    0.2210,    0.2288,    0.2431,    0.2748,    0.2813,    0.2620,    0.2382,    0.2099,    0.2507,    0.3481,    0.3532,    0.6373,    0.6962,    0.7290,    0.7397,    0.7265,    0.8057,    0.7738,    0.8741,    0.8036,    0.9088,    0.8594,    0.9146,    1.9809,    1.9331,    2.0071,    2.0559,    2.0693,    1.9949,    2.0652,    2.1178,    2.1608,    2.0082,    1.9803,    2.0564,    5.1978,    4.9027,    4.8474,    4.7006,    4.3420,    4.0721,    3.5746,    3.2885,    3.1607,    2.7701,    2.1279,    1.9762,    1.5235,    1.6493,    1.2576,    1.2003,    0.8093,    0.5873,    0.4746,    0.1905,    0.1679,    0.1192,    0.0413,    0.0336
    2,    0.4000,  227.5722,    0.1073,  107.2993,  132.4711,   25.6601,  -25.1672,  158.4330,  163.5827,  163.6723,  163.8293,  164.1029,  164.5732,  165.3648,  166.6602,  168.4872,  170.9519,  174.2721,  178.5564,  183.8814,  190.3071,  197.9049,  205.8548,  212.8059,  218.1105,  222.1140,  224.8330,  226.3589,  227.0949,  227.3721,  227.5098,  227.5598,    0.0593,    0.2250,    0.4759,    0.7876,    1.1389,    1.5115,    1.8900,    2.3171,    2.5482,    2.8846,    3.5281,    3.4067,    2.6080,    2.6577,    2.9105,    3.1594,    3.2636,    3.3249,    3.3568,    3.4162,    3.3187,    3.2362,    3.2109,    3.1744,    1.0963,    1.0830,    1.0701,    1.0462,    1.0275,    0.9952,    0.9217,    0.9261,    0.8868,    0.7843,    0.7775,    0.6400,    0.4129,    0.3527,    0.2935,    0.2827,    0.2636,    0.2226,    0.2558,    0.2582,    0.2739,    0.3063,    0.3587,    0.4100,    0.4952,    0.5277,    0.4541,    0.5489,    0.5410,    0.5372,    0.5367,    0.5705,    0.5714,    0.5747,    0.5721,    0.5651,    1.5071,    1.4467,    1.3899,    1.3571,    1.2942,    1.2852,    1.2404,    1.1787,    1.0503,    0.9942,    0.9328,    0.8837,    1.3521,    1.1992,    1.0890,    1.0145,    0.9058,    0.8280,    0.7191,    0.6497,    0.5682,    0.5108,    0.4441,    0.3979,    0.9948,    0.7062,    0.4894,    0.3432,    0.2191,    0.1553,    0.1066,    0.0721,    0.0506,    0.0332,    0.0231,    0.0165,    0.0930,    0.0480,    0.0850,    0.1028,    0.1155,    0.1071,    0.1178,    0.1308,    0.1152,    0.1586,    0.1403,    0.1534,    0.1691,    0.1377,    0.2000,    0.2215,    0.1807,    0.1967,    0.2059,    0.2244,    0.2461,    0.1779,    0.2882,    0.3039,    0.3739,    0.3996,    0.4137,    0.4398,    0.4451,    0.4644,    0.4645,    0.5089,    0.5383,    0.5275,    0.5725,    0.5828,    0.9953,    1.0870,    1.1399,    1.1743,    1.1927,    1.2972,    1.2217,    1.2822,    1.2382,    1.3152,    1.2468,    1.3350,    2.8779,    2.8337,    2.9048,    2.9276,    2.9556,    2.8403,    2.9400,    3.0151,    3.0763,    2.8603,    2.8193,    2.9278,    7.4011,    6.9402,    6.8626,    6.6556,    6.1487,    5.7675,    5.0640,    4.6598,    4.4800,    3.9278,    3.0184,    2.8045,    2.1635,    1.8705,    1.4273,    1.3635,    0.9202,    0.6685,    0.5408,    0.2174,    0.1919,    0.1365,    0.0474,    0.0387,    0.0112,    0.0425,    0.0899,    0.1488,    0.2152,    0.2856,    0.3572,    0.3716,    0.5619,    0.6167,    0.3269,    0.7603,    1.4359,    1.6994,    1.5839,    1.7384,    1.9520,    1.6216,    1.0100,    0.9518,    1.1096,    1.1994,    1.4224,    1.7879,    0.6352,    0.6628,    0.6691,    0.7154,    0.7479,    0.8109,    0.9856,    0.9705,    1.0257,    1.1260,    1.1566,    1.2569,    0.9698,    0.9642,    0.9572,    0.9473,    0.9378,    0.9287,    0.9178,    0.9074,    0.8966,    0.8845,    0.8687,    0.8460,    0.8329,    0.7549,    0.7901,    0.6436,    0.6406,    0.6260,    0.5852,    0.4791,    0.4373,    0.3885,    0.3599,    0.3467,    0.9117,    0.8595,    0.7921,    0.7134,    0.6740,    0.5500,    0.4876,    0.4653,    0.5514,    0.5274,    0.5113,    0.4810,    0.6511,    0.6454,    0.5992,    0.5214,    0.4965,    0.4319,    0.4329,    0.3904,    0.3734,    0.3373,    0.3224,    0.2904,    0.6739,    0.4842,    0.3492,    0.2437,    0.1879,    0.1256,    0.0861,    0.0600,    0.0397,    0.0283,    0.0189,    0.0113,    0.0083,    0.0000,    0.0215,    0.0395,    0.0447,    0.0409,    0.0459,    0.0584,    0.0520,    0.0716,    0.0633,    0.0720,    0.0790,    0.0641,    0.0926,    0.1011,    0.0814,    0.0527,    0.0063,    0.0141,    0.0686,    0.0822,    0.1278,    0.1342,    0.1661,    0.1777,    0.1839,    0.1954,    0.2283,    0.2337,    0.2177,    0.1979,    0.1744,    0.2083,    0.2892,    0.2934,    0.5346,    0.5840,    0.6115,    0.6205,    0.6094,    0.6759,    0.6491,    0.7481,    0.6878,    0.7778,    0.7355,    0.7828,    1.6954,    1.6545,    1.7178,    1.7647,    1.7763,    1.7124,    1.7727,    1.8179,    1.8549,    1.7238,    1.6998,    1.7652,    4.4618,    4.1963,    4.1489,    4.0233,    3.7164,    3.4854,    3.0596,    2.8147,    2.7054,    2.3711,    1.8214,    1.6916,    1.3041,    1.4910,    1.1369,    1.0852,    0.7317,    0.5311,    0.4291,    0.1722,    0.1518,    0.1078,    0.0374,    0.0304
    2,    0.5000,  227.5722,    0.0946,  101.9217,  134.3528,   32.9197,  -26.9107,  158.4330,  163.5827,  163.6723,  163.8293,  164.1029,  164.5732,  165.3648,  166.6602,  168.4872,  170.9519,  174.2721,  178.5564,  183.8814,  190.3071,  197.9049,  205.8548,  212.8059,  218.1105,  222.1140,  224.8330,  226.3589,  227.0949,  227.3721,  227.5098,  227.5598,    0.0571,    0.2164,    0.4577,    0.7575,    1.0954,    1.4538,    1.8178,    2.2398,    2.4381,    2.7629,    3.4549,    3.2582,    2.4389,    2.4880,    2.7416,    3.0106,    3.1205,    3.1710,    3.1734,    3.2398,    3.1386,    3.0553,    3.0468,    3.0258,    1.0444,    1.0315,    1.0196,    0.9977,    0.9822,    0.9526,    0.8892,    0.8957,    0.8592,    0.7652,    0.7597,    0.6311,    0.4093,    0.3507,    0.2925,    0.2819,    0.2630,    0.2223,    0.2552,    0.2575,    0.2726,    0.3040,    0.3539,    0.4013,    0.4801,    0.5083,    0.4399,    0.5252,    0.5177,    0.5140,    0.5125,    0.5417,    0.5412,    0.5431,    0.5401,    0.5332,    1.4196,    1.3622,    1.3070,    1.2789,    1.2186,    1.2177,    1.1775,    1.1184,    0.9856,    0.9324,    0.8735,    0.8269,    1.2705,    1.1189,    1.0152,    0.9495,    0.8435,    0.7699,    0.6627,    0.5980,    0.5196,    0.4665,    0.4037,    0.3612,    0.9028,    0.6379,    0.4379,    0.3059,    0.1917,    0.1359,    0.0929,    0.0627,    0.0442,    0.0290,    0.0202,    0.0144,    0.0931,    0.0480,    0.0856,    0.1039,    0.1168,    0.1083,    0.1191,    0.1325,    0.1168,    0.1608,    0.1422,    0.1555,    0.1715,    0.1396,    0.2028,    0.2245,    0.1830,    0.1978,    0.2056,    0.2243,    0.2478,    0.1803,    0.2921,    0.3080,    0.3790,    0.4051,    0.4193,    0.4458,    0.4518,    0.4713,    0.4707,    0.5139,    0.5424,    0.5329,    0.5810,    0.5914,    1.0109,    1.1040,    1.1577,    1.1922,    1.2100,    1.3167,    1.2406,    1.3022,    1.2562,    1.3362,    1.2666,    1.3560,    2.9236,    2.8782,    2.9512,    2.9727,    3.0010,    2.8842,    2.9855,    3.0616,    3.1239,    2.9045,    2.8629,    2.9730,    7.5156,    7.0349,    6.9562,    6.7466,    6.2328,    5.8467,    5.1337,    4.7241,    4.5421,    3.9825,    3.0605,    2.8439,    2.1941,    1.8899,    1.4423,    1.3780,    0.9302,    0.6760,    0.5470,    0.2199,    0.1942,    0.1382,    0.0480,    0.0392,    0.0135,    0.0511,    0.1081,    0.1789,    0.2588,    0.3434,    0.4294,    0.4490,    0.6720,    0.7384,    0.4001,    0.9089,    1.6608,    1.9529,    1.8374,    2.0196,    2.2548,    1.8966,    1.1935,    1.1282,    1.3095,    1.4109,    1.6648,    2.0592,    0.7313,    0.7580,    0.7599,    0.7981,    0.8187,    0.8722,    1.0201,    1.0002,    1.0490,    1.1383,    1.1651,    1.2575,    0.9698,    0.9642,    0.9572,    0.9473,    0.9378,    0.9287,    0.9178,    0.9074,    0.8966,    0.8845,    0.8688,    0.8467,    0.8380,    0.7677,    0.7984,    0.6671,    0.6629,    0.6481,    0.6113,    0.5166,    0.4785,    0.4344,    0.4079,    0.3948,    1.0426,    0.9850,    0.9153,    0.8296,    0.7852,    0.6473,    0.5761,    0.5490,    0.6412,    0.6119,    0.5907,    0.5565,    0.7585,    0.7504,    0.6934,    0.6027,    0.5735,    0.5037,    0.5012,    0.4521,    0.4303,    0.3884,    0.3680,    0.3312,    0.7745,    0.5562,    0.4020,    0.2808,    0.2146,    0.1440,    0.0988,    0.0684,    0.0453,    0.0319,    0.0212,    0.0130,    0.0064,    0.0000,    0.0166,    0.0308,    0.0349,    0.0319,    0.0358,    0.0471,    0.0419,    0.0577,    0.0510,    0.0586,    0.0643,    0.0522,    0.0754,    0.0823,    0.0661,    0.0428,    0.0051,    0.0115,    0.0557,    0.0667,    0.1028,    0.1079,    0.1336,    0.1429,    0.1479,    0.1571,    0.1897,    0.1942,    0.1809,    0.1645,    0.1449,    0.1731,    0.2403,    0.2438,    0.4485,    0.4900,    0.5130,    0.5206,    0.5113,    0.5671,    0.5446,    0.6405,    0.5888,    0.6658,    0.6297,    0.6701,    1.4513,    1.4163,    1.4706,    1.5152,    1.5251,    1.4703,    1.5221,    1.5609,    1.5926,    1.4801,    1.4595,    1.5156,    3.8309,    3.5934,    3.5529,    3.4453,    3.1825,    2.9847,    2.6201,    2.4104,    2.3168,    2.0305,    1.5598,    1.4487,    1.1169,    1.3484,    1.0282,    0.9815,    0.6618,    0.4803,    0.3881,    0.1558,    0.1373,    0.0975,    0.0338,    0.0275
    2,    0.7500,  227.5722,    0.0752,   91.2138,  137.2302,   46.5059,  -29.7127,  158.4330,  163.5827,  163.6723,  163.8293,  164.1029,  164.5732,  165.3648,  166.6602,  168.4872,  170.9519,  174.2721,  178.5564,  183.8814,  190.3071,  197.9049,  205.8548,  212.8059,  218.1105,  222.1140,  224.8330,  226.3589,  227.0949,  227.3721,  227.5098,  227.5598,    0.0521,    0.1975,    0.4178,    0.6915,    0.9999,    1.3270,    1.6593,    2.0672,    2.2004,    2.4995,    3.2845,    2.9379,    2.1284,    2.1889,    2.4328,    2.7372,    2.8557,    2.8797,    2.7919,    2.8694,    2.7718,    2.6935,    2.7284,    2.7386,    0.9439,    0.9317,    0.9213,    0.9027,    0.8924,    0.8678,    0.8224,    0.8319,    0.8010,    0.7236,    0.7205,    0.6107,    0.4007,    0.3459,    0.2903,    0.2800,    0.2615,    0.2217,    0.2536,    0.2556,    0.2696,    0.2984,    0.3430,    0.3821,    0.4478,    0.4679,    0.4102,    0.4769,    0.4701,    0.4665,    0.4634,    0.4840,    0.4812,    0.4808,    0.4768,    0.4701,    1.2481,    1.1959,    1.1442,    1.1232,    1.0681,    1.0800,    1.0481,    0.9943,    0.8571,    0.8096,    0.7561,    0.7144,    1.1061,    0.9599,    0.8689,    0.8186,    0.7194,    0.6540,    0.5529,    0.4972,    0.4265,    0.3817,    0.3272,    0.2918,    0.7277,    0.5084,    0.3419,    0.2365,    0.1428,    0.1010,    0.0683,    0.0459,    0.0325,    0.0212,    0.0150,    0.0105,    0.0931,    0.0480,    0.0862,    0.1053,    0.1183,    0.1097,    0.1207,    0.1348,    0.1188,    0.1635,    0.1446,    0.1584,    0.1746,    0.1422,    0.2064,    0.2284,    0.1860,    0.1991,    0.2051,    0.2240,    0.2500,    0.1834,    0.2971,    0.3132,    0.3854,    0.4120,    0.4265,    0.4534,    0.4613,    0.4809,    0.4793,    0.5208,    0.5478,    0.5402,    0.5928,    0.6034,    1.0333,    1.1285,    1.1834,    1.2180,    1.2349,    1.3446,    1.2677,    1.3329,    1.2836,    1.3683,    1.2970,    1.3882,    2.9935,    2.9461,    3.0221,    3.0424,    3.0710,    2.9519,    3.0555,    3.1335,    3.1972,    2.9726,    2.9302,    3.0429,    7.6922,    7.1796,    7.0996,    6.8858,    6.3618,    5.9679,    5.2405,    4.8228,    4.6374,    4.0665,    3.1255,    2.9047,    2.2414,    1.9255,    1.4699,    1.4048,    0.9487,    0.6897,    0.5584,    0.2246,    0.1985,    0.1414,    0.0492,    0.0401,    0.0185,    0.0700,    0.1480,    0.2450,    0.3543,    0.4702,    0.5879,    0.6216,    0.9098,    1.0020,    0.5706,    1.2293,    2.1006,    2.4365,    2.3345,    2.5648,    2.8230,    2.4434,    1.5751,    1.4987,    1.7247,    1.8463,    2.1570,    2.5820,    0.9141,    0.9368,    0.9314,    0.9544,    0.9556,    0.9908,    1.0891,    1.0614,    1.0971,    1.1644,    1.1829,    1.2588,    0.9699,    0.9642,    0.9572,    0.9473,    0.9378,    0.9287,    0.9178,    0.9074,    0.8966,    0.8845,    0.8690,    0.8482,    0.8481,    0.7924,    0.8144,    0.7121,    0.7057,    0.6907,    0.6614,    0.5883,    0.5572,    0.5219,    0.4994,    0.4867,    1.2923,    1.2253,    1.1513,    1.0555,    1.0015,    0.8443,    0.7581,    0.7213,    0.8164,    0.7768,    0.7455,    0.7035,    0.9727,    0.9542,    0.8766,    0.7640,    0.7241,    0.6440,    0.6307,    0.5693,    0.5364,    0.4838,    0.4521,    0.4067,    0.9629,    0.6914,    0.5001,    0.3502,    0.2630,    0.1780,    0.1223,    0.0842,    0.0559,    0.0388,    0.0257,    0.0163,    0.0034,    0.0000,    0.0088,    0.0166,    0.0188,    0.0172,    0.0193,    0.0275,    0.0245,    0.0338,    0.0298,    0.0350,    0.0385,    0.0312,    0.0451,    0.0492,    0.0393,    0.0255,    0.0031,    0.0069,    0.0332,    0.0397,    0.0597,    0.0627,    0.0776,    0.0830,    0.0859,    0.0913,    0.1196,    0.1224,    0.1140,    0.1037,    0.0914,    0.1092,    0.1515,    0.1537,    0.2895,    0.3163,    0.3312,    0.3360,    0.3301,    0.3660,    0.3516,    0.4347,    0.3997,    0.4519,    0.4274,    0.4548,    0.9851,    0.9613,    0.9981,    1.0363,    1.0431,    1.0056,    1.0410,    1.0676,    1.0892,    1.0123,    0.9982,    1.0366,    2.6202,    2.4441,    2.4166,    2.3435,    2.1647,    2.0302,    1.7823,    1.6396,    1.5760,    1.3813,    1.0611,    0.9856,    0.7599,    1.0507,    0.8013,    0.7649,    0.5159,    0.3744,    0.3026,    0.1215,    0.1071,    0.0761,    0.0264,    0.0215
    2,    1.0000,  227.5722,    0.0658,   83.2162,  138.6306,   55.9049,  -30.8220,  158.4330,  163.5827,  163.6723,  163.8293,  164.1029,  164.5732,  165.3648,  166.6602,  168.4872,  170.9519,  174.2721,  178.5564,  183.8814,  190.3071,  197.9049,  205.8548,  212.8059,  218.1105,  222.1140,  224.8330,  226.3589,  227.0949,  227.3721,  227.5098,  227.5598,    0.0479,    0.1817,    0.3843,    0.6360,    0.9197,    1.2206,    1.5262,    1.9193,    2.0050,    2.2819,    3.1301,    2.6749,    1.9217,    1.9990,    2.2278,    2.5521,    2.6727,    2.6761,    2.4924,    2.5750,    2.4924,    2.4243,    2.5000,    2.5309,    0.8710,    0.8591,    0.8496,    0.8329,    0.8256,    0.8043,    0.7704,    0.7812,    0.7541,    0.6892,    0.6874,    0.5924,    0.3928,    0.3413,    0.2881,    0.2782,    0.2601,    0.2211,    0.2520,    0.2538,    0.2667,    0.2932,    0.3333,    0.3658,    0.4217,    0.4362,    0.3865,    0.4399,    0.4336,    0.4301,    0.4260,    0.4407,    0.4366,    0.4348,    0.4302,    0.4237,    1.1224,    1.0739,    1.0248,    1.0073,    0.9561,    0.9744,    0.9479,    0.8981,    0.7618,    0.7186,    0.6694,    0.6314,    0.9820,    0.8427,    0.7611,    0.7201,    0.6274,    0.5684,    0.4740,    0.4251,    0.3612,    0.3223,    0.2745,    0.2440,    0.6062,    0.4191,    0.2774,    0.1900,    0.1119,    0.0787,    0.0527,    0.0351,    0.0250,    0.0162,    0.0115,    0.0079,    0.0930,    0.0479,    0.0864,    0.1057,    0.1188,    0.1101,    0.1212,    0.1356,    0.1195,    0.1645,    0.1455,    0.1595,    0.1758,    0.1431,    0.2078,    0.2299,    0.1871,    0.1994,    0.2047,    0.2236,    0.2507,    0.1845,    0.2988,    0.3151,    0.3878,    0.4145,    0.4290,    0.4561,    0.4652,    0.4849,    0.4828,    0.5235,    0.5499,    0.5432,    0.5978,    0.6085,    1.0432,    1.1393,    1.1947,    1.2293,    1.2458,    1.3568,    1.2796,    1.3477,    1.2967,    1.3838,    1.3116,    1.4038,    3.0272,    2.9788,    3.0564,    3.0765,    3.1052,    2.9850,    3.0898,    3.1687,    3.2331,    3.0060,    2.9631,    3.0771,    7.7787,    7.2497,    7.1690,    6.9533,    6.4244,    6.0269,    5.2926,    4.8709,    4.6840,    4.1076,    3.1574,    2.9346,    2.2648,    1.9482,    1.4875,    1.4221,    0.9606,    0.6986,    0.5658,    0.2277,    0.2014,    0.1435,    0.0499,    0.0408,    0.0226,    0.0858,    0.1816,    0.3005,    0.4345,    0.5767,    0.7210,    0.7695,    1.1053,    1.2196,    0.7250,    1.4923,    2.4215,    2.7768,    2.6961,    2.9496,    3.2041,    2.8433,    1.8748,    1.7931,    2.0508,    2.1846,    2.5295,    2.9462,    1.0390,    1.0567,    1.0474,    1.0603,    1.0513,    1.0740,    1.1396,    1.1080,    1.1340,    1.1849,    1.1971,    1.2600,    0.9700,    0.9642,    0.9572,    0.9473,    0.9378,    0.9287,    0.9178,    0.9074,    0.8966,    0.8845,    0.8693,    0.8494,    0.8554,    0.8097,    0.8256,    0.7431,    0.7353,    0.7204,    0.6961,    0.6378,    0.6115,    0.5822,    0.5624,    0.5500,    1.4645,    1.3915,    1.3147,    1.2151,    1.1545,    0.9917,    0.8972,    0.8531,    0.9410,    0.8943,    0.8555,    0.8081,    1.1299,    1.0983,    1.0064,    0.8815,    0.8313,    0.7442,    0.7195,    0.6498,    0.6076,    0.5480,    0.5079,    0.4570,    1.0905,    0.7834,    0.5660,    0.3972,    0.2946,    0.2005,    0.1381,    0.0950,    0.0633,    0.0437,    0.0289,    0.0187,    0.0018,    0.0000,    0.0047,    0.0090,    0.0102,    0.0093,    0.0104,    0.0162,    0.0144,    0.0198,    0.0175,    0.0210,    0.0231,    0.0187,    0.0271,    0.0295,    0.0235,    0.0153,    0.0018,    0.0041,    0.0198,    0.0237,    0.0348,    0.0365,    0.0452,    0.0483,    0.0501,    0.0532,    0.0755,    0.0773,    0.0720,    0.0655,    0.0578,    0.0690,    0.0957,    0.0971,    0.1872,    0.2045,    0.2142,    0.2173,    0.2135,    0.2367,    0.2273,    0.2956,    0.2718,    0.3073,    0.2906,    0.3092,    0.6698,    0.6536,    0.6786,    0.7103,    0.7149,    0.6892,    0.7135,    0.7317,    0.7466,    0.6938,    0.6842,    0.7105,    1.7959,    1.6684,    1.6496,    1.5997,    1.4777,    1.3859,    1.2167,    1.1194,    1.0759,    0.9431,    0.7245,    0.6729,    0.5188,    0.8208,    0.6260,    0.5977,    0.4031,    0.2926,    0.2365,    0.0950,    0.0837,    0.0595,    0.0206,    0.0168
    2,    1.2500,  227.5722,    0.0611,   77.0038,  139.3210,   62.8085,  -30.8186,  158.4330,  163.5827,  163.6723,  163.8293,  164.1029,  164.5732,  165.3648,  166.6602,  168.4872,  170.9519,  174.2721,  178.5564,  183.8814,  190.3071,  197.9049,  205.8548,  212.8059,  218.1105,  222.1140,  224.8330,  226.3589,  227.0949,  227.3721,  227.5098,  227.5598,    0.0444,    0.1682,    0.3558,    0.5888,    0.8514,    1.1300,    1.4129,    1.7912,    1.8415,    2.0992,    2.9896,    2.4552,    1.7775,    1.8703,    2.0844,    2.4181,    2.5370,    2.5259,    2.2509,    2.3355,    2.2739,    2.2182,    2.3292,    2.3726,    0.8153,    0.8036,    0.7946,    0.7794,    0.7738,    0.7547,    0.7285,    0.7398,    0.7156,    0.6601,    0.6591,    0.5760,    0.3855,    0.3370,    0.2860,    0.2765,    0.2587,    0.2205,    0.2505,    0.2520,    0.2639,    0.2884,    0.3246,    0.3518,    0.4002,    0.4106,    0.3671,    0.4107,    0.4047,    0.4012,    0.3965,    0.4071,    0.4021,    0.3994,    0.3945,    0.3882,    1.0265,    0.9807,    0.9337,    0.9180,    0.8698,    0.8910,    0.8681,    0.8215,    0.6886,    0.6486,    0.6031,    0.5679,    0.8855,    0.7535,    0.6790,    0.6439,    0.5572,    0.5031,    0.4156,    0.3716,    0.3137,    0.2792,    0.2367,    0.2098,    0.5189,    0.3555,    0.2322,    0.1578,    0.0913,    0.0638,    0.0423,    0.0280,    0.0199,    0.0128,    0.0091,    0.0062,    0.0929,    0.0479,    0.0864,    0.1059,    0.1190,    0.1103,    0.1214,    0.1359,    0.1198,    0.1649,    0.1458,    0.1599,    0.1763,    0.1435,    0.2083,    0.2305,    0.1876,    0.1995,    0.2044,    0.2233,    0.2508,    0.1849,    0.2995,    0.3158,    0.3886,    0.4154,    0.4300,    0.4571,    0.4669,    0.4866,    0.4843,    0.5246,    0.5507,    0.5444,    0.5999,    0.6106,    1.0475,    1.1441,    1.1996,    1.2343,    1.2505,    1.3622,    1.2848,    1.3549,    1.3030,    1.3913,    1.3187,    1.4113,    3.0435,    2.9946,    3.0730,    3.0932,    3.1220,    3.0012,    3.1066,    3.1859,    3.2507,    3.0223,    2.9792,    3.0939,    7.8212,    7.2837,    7.2028,    6.9863,    6.4550,    6.0557,    5.3181,    4.8946,    4.7069,    4.1280,    3.1732,    2.9496,    2.2765,    1.9627,    1.4989,    1.4332,    0.9683,    0.7044,    0.5707,    0.2298,    0.2032,    0.1449,    0.0505,    0.0412,    0.0262,    0.0993,    0.2101,    0.3477,    0.5028,    0.6673,    0.8344,    0.8976,    1.2689,    1.4024,    0.8656,    1.7122,    2.6650,    3.0251,    2.9671,    3.2265,    3.4645,    3.1411,    2.1164,    2.0328,    2.3142,    2.4553,    2.8177,    3.2046,    1.1261,    1.1390,    1.1276,    1.1337,    1.1195,    1.1334,    1.1773,    1.1442,    1.1626,    1.2013,    1.2086,    1.2610,    0.9701,    0.9643,    0.9572,    0.9473,    0.9378,    0.9287,    0.9178,    0.9075,    0.8966,    0.8846,    0.8695,    0.8504,    0.8609,    0.8221,    0.8336,    0.7650,    0.7562,    0.7418,    0.7208,    0.6728,    0.6499,    0.6248,    0.6069,    0.5946,    1.5860,    1.5093,    1.4307,    1.3303,    1.2651,    1.1037,    1.0051,    0.9553,    1.0316,    0.9799,    0.9355,    0.8843,    1.2476,    1.2027,    1.1006,    0.9690,    0.9097,    0.8174,    0.7822,    0.7069,    0.6572,    0.5929,    0.5465,    0.4918,    1.1800,    0.8482,    0.6121,    0.4303,    0.3162,    0.2163,    0.1492,    0.1026,    0.0686,    0.0472,    0.0314,    0.0205,    0.0010,    0.0000,    0.0025,    0.0049,    0.0055,    0.0050,    0.0057,    0.0095,    0.0085,    0.0117,    0.0103,    0.0126,    0.0139,    0.0113,    0.0163,    0.0178,    0.0141,    0.0092,    0.0011,    0.0025,    0.0119,    0.0142,    0.0203,    0.0213,    0.0264,    0.0283,    0.0292,    0.0311,    0.0478,    0.0489,    0.0456,    0.0415,    0.0366,    0.0437,    0.0606,    0.0615,    0.1213,    0.1325,    0.1388,    0.1408,    0.1383,    0.1534,    0.1473,    0.2014,    0.1852,    0.2093,    0.1979,    0.2107,    0.4563,    0.4453,    0.4623,    0.4879,    0.4911,    0.4735,    0.4902,    0.5027,    0.5129,    0.4766,    0.4700,    0.4881,    1.2337,    1.1430,    1.1302,    1.0960,    1.0124,    0.9495,    0.8336,    0.7669,    0.7372,    0.6462,    0.4964,    0.4611,    0.3556,    0.6428,    0.4903,    0.4682,    0.3158,    0.2293,    0.1853,    0.0744,    0.0656,    0.0466,    0.0162,    0.0132
    2,    1.5000,  227.5722,    0.0588,   72.0282,  139.6666,   68.1307,  -30.1316,  158.4330,  163.5827,  163.6723,  163.8293,  164.1029,  164.5732,  165.3648,  166.6602,  168.4872,  170.9519,  174.2721,  178.5564,  183.8814,  190.3071,  197.9049,  205.8548,  212.8059,  218.1105,  222.1140,  224.8330,  226.3589,  227.0949,  227.3721,  227.5098,  227.5598,    0.0413,    0.1566,    0.3312,    0.5481,    0.7926,    1.0519,    1.3153,    1.6792,    1.7026,    1.9436,    2.8611,    2.2689,    1.6731,    1.7782,    1.9792,    2.3156,    2.4310,    2.4099,    2.0521,    2.1367,    2.0993,    2.0565,    2.1969,    2.2471,    0.7712,    0.7597,    0.7510,    0.7368,    0.7322,    0.7147,    0.6941,    0.7053,    0.6834,    0.6351,    0.6346,    0.5612,    0.3787,    0.3329,    0.2840,    0.2748,    0.2573,    0.2199,    0.2491,    0.2504,    0.2613,    0.2840,    0.3167,    0.3396,    0.3821,    0.3895,    0.3509,    0.3870,    0.3812,    0.3777,    0.3727,    0.3802,    0.3747,    0.3713,    0.3663,    0.3601,    0.9510,    0.9073,    0.8621,    0.8472,    0.8015,    0.8236,    0.8031,    0.7592,    0.6309,    0.5935,    0.5509,    0.5180,    0.8086,    0.6836,    0.6148,    0.5836,    0.5023,    0.4523,    0.3711,    0.3310,    0.2782,    0.2470,    0.2087,    0.1846,    0.4543,    0.3087,    0.1996,    0.1345,    0.0770,    0.0534,    0.0351,    0.0231,    0.0163,    0.0105,    0.0074,    0.0050,    0.0928,    0.0478,    0.0864,    0.1059,    0.1190,    0.1103,    0.1214,    0.1360,    0.1199,    0.1650,    0.1459,    0.1600,    0.1764,    0.1436,    0.2085,    0.2307,    0.1877,    0.1995,    0.2041,    0.2230,    0.2508,    0.1851,    0.2997,    0.3160,    0.3889,    0.4157,    0.4303,    0.4575,    0.4676,    0.4873,    0.4849,    0.5250,    0.5509,    0.5448,    0.6008,    0.6115,    1.0494,    1.1462,    1.2018,    1.2365,    1.2526,    1.3645,    1.2871,    1.3583,    1.3060,    1.3950,    1.3221,    1.4149,    3.0514,    3.0022,    3.0810,    3.1014,    3.1302,    3.0092,    3.1149,    3.1944,    3.2594,    3.0304,    2.9872,    3.1021,    7.8422,    7.3004,    7.2194,    7.0024,    6.4700,    6.0700,    5.3307,    4.9064,    4.7184,    4.1382,    3.1813,    2.9572,    2.2826,    1.9721,    1.5062,    1.4405,    0.9734,    0.7083,    0.5740,    0.2312,    0.2045,    0.1458,    0.0508,    0.0415,    0.0293,    0.1110,    0.2347,    0.3884,    0.5617,    0.7454,    0.9320,    1.0098,    1.4078,    1.5581,    0.9941,    1.8986,    2.8547,    3.2105,    3.1744,    3.4288,    3.6456,    3.3660,    2.3153,    2.2316,    2.5316,    2.6768,    3.0443,    3.3910,    1.1880,    1.1966,    1.1842,    1.1856,    1.1689,    1.1766,    1.2058,    1.1725,    1.1852,    1.2146,    1.2179,    1.2619,    0.9702,    0.9643,    0.9572,    0.9473,    0.9379,    0.9287,    0.9178,    0.9075,    0.8966,    0.8846,    0.8696,    0.8512,    0.8651,    0.8313,    0.8396,    0.7810,    0.7715,    0.7574,    0.7389,    0.6982,    0.6777,    0.6555,    0.6390,    0.6268,    1.6738,    1.5947,    1.5148,    1.4150,    1.3466,    1.1901,    1.0898,    1.0358,    1.0989,    1.0435,    0.9949,    0.9410,    1.3373,    1.2801,    1.1707,    1.0355,    0.9681,    0.8721,    0.8279,    0.7485,    0.6929,    0.6252,    0.5741,    0.5168,    1.2449,    0.8954,    0.6455,    0.4544,    0.3317,    0.2277,    0.1572,    0.1081,    0.0726,    0.0499,    0.0332,    0.0219,    0.0005,    0.0000,    0.0014,    0.0027,    0.0030,    0.0028,    0.0031,    0.0056,    0.0050,    0.0069,    0.0061,    0.0076,    0.0084,    0.0068,    0.0098,    0.0107,    0.0085,    0.0055,    0.0007,    0.0015,    0.0071,    0.0085,    0.0119,    0.0125,    0.0155,    0.0166,    0.0171,    0.0182,    0.0303,    0.0311,    0.0289,    0.0264,    0.0233,    0.0277,    0.0384,    0.0390,    0.0788,    0.0861,    0.0901,    0.0915,    0.0898,    0.0996,    0.0957,    0.1374,    0.1264,    0.1429,    0.1351,    0.1438,    0.3115,    0.3040,    0.3156,    0.3360,    0.3382,    0.3260,    0.3375,    0.3461,    0.3532,    0.3282,    0.3236,    0.3361,    0.8495,    0.7858,    0.7770,    0.7535,    0.6961,    0.6529,    0.5731,    0.5273,    0.5069,    0.4443,    0.3414,    0.3171,    0.2445,    0.5046,    0.3849,    0.3676,    0.2479,    0.1800,    0.1455,    0.0585,    0.0516,    0.0366,    0.0127,    0.0103
    2,    1.7500,  227.5722,    0.0576,   67.9445,  139.8430,   72.3917,  -29.0551,  158.4330,  163.5827,  163.6723,  163.8293,  164.1029,  164.5732,  165.3648,  166.6602,  168.4872,  170.9519,  174.2721,  178.5564,  183.8814,  190.3071,  197.9049,  205.8548,  212.8059,  218.1105,  222.1140,  224.8330,  226.3589,  227.0949,  227.3721,  227.5098,  227.5598,    0.0386,    0.1465,    0.3098,    0.5127,    0.7414,    0.9839,    1.2303,    1.5803,    1.5833,    1.8094,    2.7433,    2.1089,    1.5949,    1.7088,    1.8988,    2.2337,    2.3451,    2.3169,    1.8856,    1.9691,    1.9574,    1.9272,    2.0910,    2.1448,    0.7353,    0.7240,    0.7155,    0.7020,    0.6981,    0.6818,    0.6652,    0.6761,    0.6559,    0.6134,    0.6132,    0.5477,    0.3723,    0.3290,    0.2821,    0.2731,    0.2560,    0.2193,    0.2477,    0.2487,    0.2588,    0.2798,    0.3095,    0.3288,    0.3666,    0.3718,    0.3372,    0.3674,    0.3618,    0.3583,    0.3530,    0.3583,    0.3524,    0.3486,    0.3435,    0.3374,    0.8900,    0.8480,    0.8044,    0.7898,    0.7462,    0.7681,    0.7493,    0.7075,    0.5843,    0.5490,    0.5089,    0.4778,    0.7461,    0.6277,    0.5635,    0.5349,    0.4585,    0.4118,    0.3364,    0.2994,    0.2508,    0.2222,    0.1874,    0.1653,    0.4050,    0.2733,    0.1753,    0.1173,    0.0666,    0.0458,    0.0300,    0.0196,    0.0137,    0.0088,    0.0062,    0.0041,    0.0928,    0.0478,    0.0864,    0.1059,    0.1190,    0.1103,    0.1214,    0.1360,    0.1199,    0.1651,    0.1460,    0.1601,    0.1765,    0.1437,    0.2086,    0.2308,    0.1878,    0.1994,    0.2038,    0.2228,    0.2507,    0.1852,    0.2998,    0.3161,    0.3890,    0.4158,    0.4304,    0.4576,    0.4679,    0.4875,    0.4851,    0.5251,    0.5509,    0.5449,    0.6011,    0.6118,    1.0503,    1.1471,    1.2028,    1.2375,    1.2535,    1.3655,    1.2881,    1.3600,    1.3074,    1.3967,    1.3238,    1.4166,    3.0552,    3.0059,    3.0849,    3.1055,    3.1343,    3.0131,    3.1190,    3.1986,    3.2637,    3.0344,    2.9911,    3.1062,    7.8525,    7.3086,    7.2276,    7.0104,    6.4775,    6.0771,    5.3371,    4.9123,    4.7243,    4.1435,    3.1854,    2.9612,    2.2858,    1.9783,    1.5111,    1.4453,    0.9768,    0.7109,    0.5762,    0.2321,    0.2054,    0.1465,    0.0511,    0.0418,    0.0319,    0.1211,    0.2561,    0.4239,    0.6129,    0.8134,    1.0171,    1.1087,    1.5273,    1.6923,    1.1120,    2.0587,    3.0052,    3.3511,    3.3352,    3.5784,    3.7738,    3.5376,    2.4819,    2.3993,    2.7143,    2.8613,    3.2246,    3.5277,    1.2328,    1.2378,    1.2249,    1.2230,    1.2054,    1.2086,    1.2277,    1.1949,    1.2031,    1.2255,    1.2256,    1.2627,    0.9703,    0.9643,    0.9572,    0.9473,    0.9379,    0.9287,    0.9178,    0.9075,    0.8967,    0.8846,    0.8698,    0.8520,    0.8684,    0.8383,    0.8441,    0.7928,    0.7829,    0.7691,    0.7523,    0.7169,    0.6982,    0.6782,    0.6626,    0.6506,    1.7385,    1.6579,    1.5771,    1.4786,    1.4079,    1.2576,    1.1572,    1.0998,    1.1498,    1.0918,    1.0400,    0.9840,    1.4068,    1.3387,    1.2239,    1.0868,    1.0127,    0.9139,    0.8619,    0.7797,    0.7193,    0.6492,    0.5945,    0.5353,    1.2934,    0.9309,    0.6705,    0.4725,    0.3432,    0.2362,    0.1633,    0.1123,    0.0757,    0.0519,    0.0346,    0.0229,    0.0003,    0.0000,    0.0007,    0.0015,    0.0017,    0.0015,    0.0017,    0.0033,    0.0030,    0.0041,    0.0036,    0.0046,    0.0051,    0.0041,    0.0059,    0.0065,    0.0051,    0.0033,    0.0004,    0.0009,    0.0043,    0.0052,    0.0070,    0.0074,    0.0091,    0.0097,    0.0101,    0.0107,    0.0193,    0.0198,    0.0184,    0.0168,    0.0148,    0.0177,    0.0244,    0.0248,    0.0513,    0.0560,    0.0586,    0.0595,    0.0585,    0.0648,    0.0623,    0.0940,    0.0865,    0.0977,    0.0924,    0.0984,    0.2130,    0.2079,    0.2159,    0.2319,    0.2334,    0.2250,    0.2330,    0.2389,    0.2437,    0.2265,    0.2234,    0.2320,    0.5863,    0.5421,    0.5360,    0.5198,    0.4802,    0.4503,    0.3954,    0.3638,    0.3497,    0.3065,    0.2355,    0.2188,    0.1687,    0.3970,    0.3028,    0.2892,    0.1951,    0.1417,    0.1145,    0.0460,    0.0406,    0.0288,    0.0100,    0.0081
    2,    2.0000,  227.5722,    0.0570,   64.5256,  139.9352,   75.9037,  -27.7818,  158.4330,  163.5827,  163.6723,  163.8293,  164.1029,  164.5732,  165.3648,  166.6602,  168.4872,  170.9519,  174.2721,  178.5564,  183.8814,  190.3071,  197.9049,  205.8548,  212.8059,  218.1105,  222.1140,  224.8330,  226.3589,  227.0949,  227.3721,  227.5098,  227.5598,    0.0363,    0.1376,    0.2910,    0.4816,    0.6964,    0.9242,    1.1556,    1.4924,    1.4796,    1.6927,    2.6347,    1.9699,    1.5344,    1.6543,    1.8350,    2.1662,    2.2736,    2.2401,    1.7442,    1.8260,    1.8404,    1.8220,    2.0042,    2.0595,    0.7054,    0.6943,    0.6860,    0.6731,    0.6695,    0.6542,    0.6405,    0.6509,    0.6321,    0.5944,    0.5942,    0.5353,    0.3664,    0.3253,    0.2803,    0.2715,    0.2548,    0.2187,    0.2464,    0.2472,    0.2564,    0.2759,    0.3030,    0.3193,    0.3533,    0.3567,    0.3254,    0.3510,    0.3456,    0.3419,    0.3365,    0.3401,    0.3340,    0.3299,    0.3247,    0.3188,    0.8399,    0.7993,    0.7570,    0.7425,    0.7006,    0.7216,    0.7039,    0.6640,    0.5460,    0.5124,    0.4744,    0.4449,    0.6944,    0.5822,    0.5217,    0.4950,    0.4230,    0.3789,    0.3087,    0.2742,    0.2292,    0.2026,    0.1707,    0.1503,    0.3665,    0.2458,    0.1566,    0.1041,    0.0588,    0.0402,    0.0261,    0.0170,    0.0118,    0.0075,    0.0053,    0.0035,    0.0927,    0.0477,    0.0864,    0.1059,    0.1190,    0.1103,    0.1215,    0.1360,    0.1199,    0.1651,    0.1460,    0.1601,    0.1765,    0.1437,    0.2086,    0.2308,    0.1878,    0.1994,    0.2036,    0.2226,    0.2506,    0.1852,    0.2998,    0.3161,    0.3891,    0.4159,    0.4305,    0.4576,    0.4680,    0.4877,    0.4852,    0.5251,    0.5508,    0.5450,    0.6013,    0.6120,    1.0507,    1.1475,    1.2032,    1.2379,    1.2539,    1.3659,    1.2885,    1.3608,    1.3081,    1.3976,    1.3246,    1.4175,    3.0571,    3.0077,    3.0868,    3.1075,    3.1363,    3.0151,    3.1210,    3.2007,    3.2658,    3.0363,    2.9931,    3.1083,    7.8577,    7.3127,    7.2316,    7.0145,    6.4813,    6.0807,    5.3403,    4.9154,    4.7274,    4.1463,    3.1877,    2.9634,    2.2876,    1.9823,    1.5143,    1.4485,    0.9791,    0.7126,    0.5777,    0.2328,    0.2060,    0.1470,    0.0512,    0.0419,    0.0343,    0.1300,    0.2749,    0.4550,    0.6579,    0.8732,    1.0918,    1.1966,    1.6311,    1.8092,    1.2205,    2.1978,    3.1261,    3.4590,    3.4613,    3.6903,    3.8661,    3.6698,    2.6235,    2.5425,    2.8699,    3.0170,    3.3694,    3.6297,    1.2658,    1.2680,    1.2548,    1.2506,    1.2328,    1.2327,    1.2448,    1.2129,    1.2175,    1.2344,    1.2320,    1.2635,    0.9704,    0.9643,    0.9572,    0.9473,    0.9379,    0.9287,    0.9178,    0.9075,    0.8967,    0.8847,    0.8700,    0.8526,    0.8711,    0.8437,    0.8477,    0.8019,    0.7917,    0.7781,    0.7625,    0.7311,    0.7137,    0.6952,    0.6804,    0.6685,    1.7874,    1.7056,    1.6243,    1.5273,    1.4548,    1.3110,    1.2114,    1.1513,    1.1891,    1.1290,    1.0748,    1.0173,    1.4615,    1.3839,    1.2650,    1.1271,    1.0473,    0.9464,    0.8880,    0.8036,    0.7394,    0.6675,    0.6100,    0.5494,    1.3307,    0.9582,    0.6897,    0.4866,    0.3520,    0.2428,    0.1680,    0.1156,    0.0781,    0.0535,    0.0358,    0.0238,    0.0002,    0.0000,    0.0004,    0.0008,    0.0009,    0.0008,    0.0009,    0.0020,    0.0018,    0.0024,    0.0021,    0.0028,    0.0031,    0.0025,    0.0036,    0.0039,    0.0031,    0.0020,    0.0002,    0.0006,    0.0026,    0.0031,    0.0041,    0.0043,    0.0054,    0.0057,    0.0059,    0.0063,    0.0123,    0.0126,    0.0117,    0.0107,    0.0094,    0.0113,    0.0156,    0.0158,    0.0334,    0.0365,    0.0382,    0.0388,    0.0381,    0.0423,    0.0406,    0.0644,    0.0593,    0.0670,    0.0633,    0.0674,    0.1460,    0.1425,    0.1479,    0.1604,    0.1615,    0.1557,    0.1612,    0.1653,    0.1686,    0.1567,    0.1545,    0.1605,    0.4056,    0.3751,    0.3709,    0.3596,    0.3322,    0.3116,    0.2736,    0.2517,    0.2420,    0.2121,    0.1630,    0.1514,    0.1167,    0.3130,    0.2387,    0.2280,    0.1538,    0.1117,    0.0903,    0.0363,    0.0320,    0.0227,    0.0079,    0.0064
