Particle       ,data/QEXT_96IR_84_VIS_NC10_4umrod
Ncase          ,  14
dt (sols)      ,  0.020833
Qext 0.67um    ,  1.691141
Alb sfc        ,  0.220000
Conrath nu     ,  0.002000
Sun Flux (W/m2),148.389262
BWN IR (cm-1)  ,     10.0000,     34.1670,     58.3330,     82.5000,    106.6670,    130.8330,    155.0000,    179.1670,    203.3330,    227.5000,    251.6670,    275.8330,    300.0000,    320.7880,    341.5750,    362.3630,    383.1500,    403.9380,    424.7250,    445.5130,    466.3010,    487.0880,    507.8760,    528.6630,    549.4510,    556.7420,    564.0330,    571.3240,    578.6150,    585.9060,    593.1970,    600.4880,    607.7790,    615.0700,    622.3610,    629.6520,    636.9430,    642.5500,    648.1570,    653.7640,    659.3700,    664.9770,    670.5840,    676.1910,    681.7980,    687.4050,    693.0110,    698.6180,    704.2250,    710.1390,    716.0530,    721.9670,    727.8810,    733.7950,    739.7090,    745.6240,    751.5380,    757.4520,    763.3660,    769.2800,    775.1940,    791.5010,    807.8070,    824.1140,    840.4210,    856.7270,    873.0340,    889.3410,    905.6470,    921.9540,    938.2610,    954.5670,    970.8740,    996.8050,   1022.7370,   1048.6680,   1074.6000,   1100.5310,   1126.4630,   1152.3940,   1178.3250,   1204.2570,   1230.1880,   1256.1200,   1282.0510,   1360.3990,   1438.7460,   1517.0940,   1595.4410,   1673.7890,   1752.1370,   1830.4840,   1908.8320,   1987.1790,   2065.5270,   2143.8740,   2222.2220
BWN VIS (cm-1) ,   2222.2200,   2294.3160,   2366.4120,   2438.5080,   2510.6030,   2582.6990,   2654.7950,   2726.8910,   2798.9870,   2871.0820,   2943.1780,   3015.2740,   3087.3700,   3165.9750,   3244.5800,   3323.1850,   3401.7900,   3480.3950,   3559.0000,   3637.6050,   3716.2100,   3794.8150,   3873.4200,   3952.0250,   4030.6300,   4142.2920,   4253.9530,   4365.6150,   4477.2770,   4588.9380,   4700.6000,   4812.2620,   4923.9230,   5035.5850,   5147.2470,   5258.9080,   5370.5700,   5560.6150,   5750.6600,   5940.7050,   6130.7500,   6320.7950,   6510.8400,   6700.8850,   6890.9300,   7080.9750,   7271.0200,   7461.0650,   7651.1100,   8055.1840,   8459.2580,   8863.3330,   9267.4070,   9671.4810,  10075.5550,  10479.6290,  10883.7030,  11287.7780,  11691.8520,  12095.9260,  12500.0000,  13541.6670,  14583.3330,  15625.0000,  16666.6670,  17708.3330,  18750.0000,  19791.6670,  20833.3330,  21875.0000,  22916.6670,  23958.3330,  25000.0000,  26388.8890,  27777.7780,  29166.6670,  30555.5570,  31944.4460,  33333.3350,  34722.2240,  36111.1130,  37500.0030,  38888.8920,  40277.7810,  41666.6700
SUN VIS (W/m2) ,      0.1008,      0.0862,      0.0968,      0.1089,      0.1224,      0.1136,      0.1248,      0.1400,      0.1233,      0.1698,      0.1502,      0.1645,      0.1814,      0.1477,      0.2144,      0.2377,      0.1946,      0.2106,      0.2276,      0.2472,      0.2683,      0.1918,      0.3072,      0.3239,      0.3986,      0.4261,      0.4410,      0.4688,      0.4810,      0.5017,      0.5013,      0.5485,      0.5772,      0.5665,      0.6183,      0.6303,      1.0809,      1.1806,      1.2379,      1.2751,      1.2949,      1.4092,      1.3262,      1.4132,      1.3634,      1.4505,      1.3747,      1.4716,      3.1730,      3.1258,      3.2038,      3.2543,      3.2846,      3.1576,      3.2685,      3.3520,      3.4202,      3.1800,      3.1347,      3.2554,      8.2299,      7.8425,      7.7561,      7.5237,      6.9524,      6.5235,      5.7299,      5.2748,      5.0739,      4.4511,      3.4228,      3.1828,      2.4579,      2.2644,      1.7312,      1.6575,      1.1215,      0.8173,      0.6634,      0.2677,      0.2374,      0.1697,      0.0593,      0.0486
================
wavelenght [um],    0.244068,    0.252632,    0.261818,    0.271698,    0.282353,    0.293878,    0.306383,    0.320000,    0.334884,    0.351220,    0.369231,    0.389189,    0.408511,    0.426667,    0.446512,    0.468293,    0.492308,    0.518919,    0.548571,    0.581818,    0.619355,    0.662069,    0.711111,    0.768000,    0.813143,    0.840768,    0.870336,    0.902060,    0.936184,    0.972991,    1.012810,    1.056028,    1.103099,    1.154562,    1.211061,    1.273375,    1.323436,    1.357581,    1.393534,    1.431444,    1.471474,    1.513807,    1.558648,    1.606226,    1.656801,    1.710664,    1.768147,    1.829628,    1.881560,    1.921939,    1.964090,    2.008131,    2.054193,    2.102417,    2.152960,    2.205992,    2.261704,    2.320302,    2.382017,    2.447105,    2.505432,    2.555765,    2.608162,    2.662752,    2.719677,    2.779088,    2.841153,    2.906054,    2.973989,    3.045176,    3.119855,    3.198288,    3.277268,    3.356577,    3.439819,    3.527294,    3.619334,    3.716307,    3.818620,    3.926726,    4.041130,    4.162400,    4.291175,    4.428172,    4.580751,    4.751270,    4.934974,    5.133456,    5.348572,    5.582505,    5.837838,    6.117648,    6.425631,    6.766266,    7.145039,    7.568734,    7.879690,    8.044056,    8.215425,    8.394255,    8.581043,    8.776330,    8.980716,    9.194848,    9.419442,    9.655282,    9.903235,   10.164260,   10.387231,   10.566200,   10.751445,   10.943308,   11.142136,   11.348323,   11.562291,   11.784476,   12.015368,   12.255495,   12.505409,   12.765727,   12.949392,   13.049328,   13.150818,   13.253898,   13.358608,   13.464994,   13.573088,   13.682923,   13.794549,   13.908012,   14.023357,   14.140631,   14.256763,   14.371646,   14.488386,   14.607038,   14.727660,   14.850291,   14.974981,   15.101782,   15.230738,   15.361915,   15.495384,   15.631191,   15.790367,   15.974275,   16.162517,   16.355249,   16.552633,   16.754839,   16.962047,   17.174443,   17.392227,   17.615605,   17.844795,   18.080028,   18.550914,   19.294981,   20.101230,   20.977796,   21.934298,   22.982219,   24.135264,   25.410119,   26.827165,   28.411593,   30.194923,   32.217118,   34.732292,   37.914692,   41.739101,   46.421699,   52.287582,   59.850314,   69.970927,   84.210526,  105.726686,  142.012170,  216.216216,  452.826771
Qext           ,      1.2857,      1.2857,      1.2857,      1.2857,      1.2857,      1.2857,      1.2857,      1.2857,      1.2857,      1.2857,      1.2857,      1.6911,      1.6911,      1.6911,      1.6911,      1.6911,      1.6911,      1.6911,      1.6911,      1.6911,      1.6911,      1.6911,      1.6911,      1.5753,      1.5753,      1.5753,      1.5753,      1.5753,      1.5753,      1.5753,      1.5753,      1.5753,      1.5753,      1.4992,      1.4992,      1.4992,      1.4992,      1.4992,      1.4992,      1.4992,      1.4992,      1.5285,      1.5285,      1.5285,      1.5285,      1.5285,      1.5285,      1.5285,      1.6462,      1.6462,      1.6462,      1.6462,      1.6462,      1.6462,      1.6462,      1.6462,      2.1385,      2.1385,      2.1385,      2.1385,      2.1385,      2.1385,      2.0832,      2.0832,      2.0832,      2.0832,      2.0832,      2.0832,      2.2863,      2.2863,      2.2863,      2.2863,      2.2863,      2.9788,      2.9788,      2.9788,      2.9788,      3.5007,      3.5007,      3.5007,      3.5007,      4.3537,      4.3537,      4.3537,      3.7504,      3.7504,      2.7042,      2.7042,      3.2165,      2.7109,      2.7109,      2.9206,      3.5950,      3.1613,      3.0422,      2.3905,      2.5000,      2.5000,      3.0637,      3.0637,      3.7863,      3.7863,      4.3909,      4.3909,      5.5669,      5.9019,      5.9019,      5.0885,      4.6686,      4.6686,      5.0784,      5.0784,      5.7498,      5.7498,      6.1863,      5.7145,      5.7145,      4.7442,      4.7442,      4.1937,      4.0772,      4.0772,      4.0772,      4.0772,      4.4577,      4.4577,      4.4577,      5.3525,      5.3525,      5.3525,      6.4575,      6.4575,      6.4575,      7.5887,      7.5887,      7.5887,      8.6439,      8.6439,      8.6439,      9.3387,      9.3387,      9.3387,      9.3858,      9.3858,      9.3858,      8.7774,      8.7774,      7.7609,      7.7609,      6.6405,      5.6412,      5.6412,      4.8706,      4.8706,      4.3243,      3.9208,      3.7417,      3.0186,      2.3837,      2.2151,      1.9833,      1.5972,      1.6249,      1.7419,      2.1355,      4.8666,      9.1644,     10.3856,      6.5737,      2.0903,      0.6256,      0.4005,      0.1390,      0.0732,      0.0732,      0.0732,      0.0732,      0.0732,      0.0732,      0.0732
Qscat          ,      0.5457,      0.5457,      0.5457,      0.5457,      0.5457,      0.5457,      0.5457,      0.5457,      0.5457,      0.5457,      0.5457,      0.4385,      0.4385,      0.4385,      0.4385,      0.4385,      0.4385,      0.4385,      0.4385,      0.4385,      0.4385,      0.4385,      0.4385,      0.2024,      0.2024,      0.2024,      0.2024,      0.2024,      0.2024,      0.2024,      0.2024,      0.2024,      0.2024,      0.1226,      0.1226,      0.1226,      0.1226,      0.1226,      0.1226,      0.1226,      0.1226,      0.0995,      0.0995,      0.0995,      0.0995,      0.0995,      0.0995,      0.0995,      0.1078,      0.1078,      0.1078,      0.1078,      0.1078,      0.1078,      0.1078,      0.1078,      0.1404,      0.1404,      0.1404,      0.1404,      0.1404,      0.1404,      0.2019,      0.2019,      0.2019,      0.2019,      0.2019,      0.2019,      0.1517,      0.1517,      0.1517,      0.1517,      0.1517,      0.2022,      0.2022,      0.2022,      0.2022,      0.2585,      0.2585,      0.2585,      0.2585,      0.3460,      0.3460,      0.3460,      0.4009,      0.4009,      0.3589,      0.3589,      0.5789,      0.5105,      0.5105,      0.3347,      0.7343,      0.4601,      0.3469,      0.3121,      0.2997,      0.2997,      0.3683,      0.3683,      0.5354,      0.5354,      0.6391,      0.6391,      0.6938,      0.6999,      0.6999,      0.5647,      0.4462,      0.4462,      0.5603,      0.5603,      0.6219,      0.6219,      0.8051,      0.7787,      0.7787,      0.6325,      0.6325,      0.7656,      0.6301,      0.6301,      0.6301,      0.6301,      0.6574,      0.6574,      0.6574,      0.9668,      0.9668,      0.9668,      1.0166,      1.0166,      1.0166,      1.0592,      1.0592,      1.0592,      1.4380,      1.4380,      1.4380,      1.7084,      1.7084,      1.7084,      1.5327,      1.5327,      1.5327,      1.3154,      1.3154,      1.4747,      1.4747,      1.7778,      1.7250,      1.7250,      1.2782,      1.2782,      0.9602,      1.3106,      1.8336,      3.0183,      2.3834,      0.8580,      0.9660,      1.5151,      0.8205,      0.8108,      1.0054,      0.9630,      3.4194,      5.5377,      2.8065,      0.1380,      0.6255,      0.1858,     -0.1230,      0.0731,      0.0731,      0.0731,      0.0731,      0.0731,      0.0731,      0.0731
G factor       ,      0.5830,      0.5830,      0.5830,      0.5830,      0.5830,      0.5830,      0.5830,      0.5830,      0.5830,      0.5830,      0.5830,      0.4640,      0.4640,      0.4640,      0.4640,      0.4640,      0.4640,      0.4640,      0.4640,      0.4640,      0.4640,      0.4640,      0.4640,      0.3320,      0.3320,      0.3320,      0.3320,      0.3320,      0.3320,      0.3320,      0.3320,      0.3320,      0.3320,      0.2730,      0.2730,      0.2730,      0.2730,      0.2730,      0.2730,      0.2730,      0.2730,      0.2980,      0.2980,      0.2980,      0.2980,      0.2980,      0.2980,      0.2980,      0.2940,      0.2940,      0.2940,      0.2940,      0.2940,      0.2940,      0.2940,      0.2940,      0.2900,      0.2900,      0.2900,      0.2900,      0.2900,      0.2900,      0.3560,      0.3560,      0.3560,      0.3560,      0.3560,      0.3560,      0.3090,      0.3090,      0.3090,      0.3090,      0.3090,      0.2310,      0.2310,      0.2310,      0.2310,      0.2130,      0.2130,      0.2130,      0.2130,      0.1570,      0.1570,      0.1570,      0.0150,      0.0150,     -0.0400,     -0.0400,      0.0760,     -0.0420,     -0.0420,      0.1230,      0.1890,      0.0070,     -0.1040,     -0.0830,      0.0990,      0.0990,      0.2060,      0.2060,      0.2400,      0.2400,      0.2320,      0.2320,      0.1850,      0.0900,      0.0900,      0.0140,     -0.0240,     -0.0240,     -0.0100,     -0.0100,     -0.0090,     -0.0090,     -0.0110,     -0.0370,     -0.0370,     -0.0580,     -0.0580,     -0.0610,     -0.0720,     -0.0720,     -0.0720,     -0.0720,     -0.0550,     -0.0550,     -0.0550,     -0.0330,     -0.0330,     -0.0330,     -0.0370,     -0.0370,     -0.0370,     -0.0350,     -0.0350,     -0.0350,     -0.0220,     -0.0220,     -0.0220,     -0.0210,     -0.0210,     -0.0210,     -0.0370,     -0.0370,     -0.0370,     -0.0540,     -0.0540,     -0.0600,     -0.0600,     -0.0560,     -0.0630,     -0.0630,     -0.0960,     -0.0960,     -0.1390,     -0.1580,     -0.1420,      0.0020,      0.1830,      0.1500,      0.0800,      0.0390,     -0.0020,     -0.0070,      0.0010,     -0.0050,     -0.0010,      0.0040,      0.0040,     -0.0000,      0.0070,      0.0030,     -0.0040,      0.0030,      0.0030,      0.0030,      0.0030,      0.0030,      0.0030,      0.0030
================
P [mbar]       ,    0.1004,    0.1015,    0.1034,    0.1069,    0.1130,    0.1239,    0.1432,    0.1740,    0.2226,    0.3028,    0.4349,    0.6529,    1.0121,    1.6044,    2.4646,    3.4606,    4.3994,    5.2226,    5.8426,    6.2132,    6.3980,    6.4686,    6.5039,    6.5168
Temp initial[K],  163.5827,  163.6723,  163.8293,  164.1029,  164.5732,  165.3648,  166.6602,  168.4872,  170.9519,  174.2721,  178.5564,  183.8814,  190.3071,  197.9049,  205.8548,  212.8059,  218.1105,  222.1140,  224.8330,  226.3589,  227.0949,  227.3721,  227.5098,  227.5598
================
it   ,   tau    ,  Tsfc    ,   alb    ,   OLR    ,    ASR   ,  NET top ,  NET bot , T lev  01, T lev  02, T lev  03, T lev  04, T lev  05, T lev  06, T lev  07, T lev  08, T lev  09, T lev  10, T lev  11, T lev  12, T lev  13, T lev  14, T lev  15, T lev  16, T lev  17, T lev  18, T lev  19, T lev  20, T lev  21, T lev  22, T lev  23, T lev  24, T lev  25,  OLR IR01,  OLR IR02,  OLR IR03,  OLR IR04,  OLR IR05,  OLR IR06,  OLR IR07,  OLR IR08,  OLR IR09,  OLR IR10,  OLR IR11,  OLR IR12,  OLR IR13,  OLR IR14,  OLR IR15,  OLR IR16,  OLR IR17,  OLR IR18,  OLR IR19,  OLR IR20,  OLR IR21,  OLR IR22,  OLR IR23,  OLR IR24,  OLR IR25,  OLR IR26,  OLR IR27,  OLR IR28,  OLR IR29,  OLR IR30,  OLR IR31,  OLR IR32,  OLR IR33,  OLR IR34,  OLR IR35,  OLR IR36,  OLR IR37,  OLR IR38,  OLR IR39,  OLR IR40,  OLR IR41,  OLR IR42,  OLR IR43,  OLR IR44,  OLR IR45,  OLR IR46,  OLR IR47,  OLR IR48,  OLR IR49,  OLR IR50,  OLR IR51,  OLR IR52,  OLR IR53,  OLR IR54,  OLR IR55,  OLR IR56,  OLR IR57,  OLR IR58,  OLR IR59,  OLR IR60,  OLR IR61,  OLR IR62,  OLR IR63,  OLR IR64,  OLR IR65,  OLR IR66,  OLR IR67,  OLR IR68,  OLR IR69,  OLR IR70,  OLR IR71,  OLR IR72,  OLR IR73,  OLR IR74,  OLR IR75,  OLR IR76,  OLR IR77,  OLR IR78,  OLR IR79,  OLR IR80,  OLR IR81,  OLR IR82,  OLR IR83,  OLR IR84,  OLR IR85,  OLR IR86,  OLR IR87,  OLR IR88,  OLR IR89,  OLR IR90,  OLR IR91,  OLR IR92,  OLR IR93,  OLR IR94,  OLR IR95,  OLR IR96, ASR VIS01, ASR VIS02, ASR VIS03, ASR VIS04, ASR VIS05, ASR VIS06, ASR VIS07, ASR VIS08, ASR VIS09, ASR VIS10, ASR VIS11, ASR VIS12, ASR VIS13, ASR VIS14, ASR VIS15, ASR VIS16, ASR VIS17, ASR VIS18, ASR VIS19, ASR VIS20, ASR VIS21, ASR VIS22, ASR VIS23, ASR VIS24, ASR VIS25, ASR VIS26, ASR VIS27, ASR VIS28, ASR VIS29, ASR VIS30, ASR VIS31, ASR VIS32, ASR VIS33, ASR VIS34, ASR VIS35, ASR VIS36, ASR VIS37, ASR VIS38, ASR VIS39, ASR VIS40, ASR VIS41, ASR VIS42, ASR VIS43, ASR VIS44, ASR VIS45, ASR VIS46, ASR VIS47, ASR VIS48, ASR VIS49, ASR VIS50, ASR VIS51, ASR VIS52, ASR VIS53, ASR VIS54, ASR VIS55, ASR VIS56, ASR VIS57, ASR VIS58, ASR VIS59, ASR VIS60, ASR VIS61, ASR VIS62, ASR VIS63, ASR VIS64, ASR VIS65, ASR VIS66, ASR VIS67, ASR VIS68, ASR VIS69, ASR VIS70, ASR VIS71, ASR VIS72, ASR VIS73, ASR VIS74, ASR VIS75, ASR VIS76, ASR VIS77, ASR VIS78, ASR VIS79, ASR VIS80, ASR VIS81, ASR VIS82, ASR VIS83, ASR VIS84, SFC DIR01, SFC DIR02, SFC DIR03, SFC DIR04, SFC DIR05, SFC DIR06, SFC DIR07, SFC DIR08, SFC DIR09, SFC DIR10, SFC DIR11, SFC DIR12, SFC DIR13, SFC DIR14, SFC DIR15, SFC DIR16, SFC DIR17, SFC DIR18, SFC DIR19, SFC DIR20, SFC DIR21, SFC DIR22, SFC DIR23, SFC DIR24, SFC DIR25, SFC DIR26, SFC DIR27, SFC DIR28, SFC DIR29, SFC DIR30, SFC DIR31, SFC DIR32, SFC DIR33, SFC DIR34, SFC DIR35, SFC DIR36, SFC DIR37, SFC DIR38, SFC DIR39, SFC DIR40, SFC DIR41, SFC DIR42, SFC DIR43, SFC DIR44, SFC DIR45, SFC DIR46, SFC DIR47, SFC DIR48, SFC DIR49, SFC DIR50, SFC DIR51, SFC DIR52, SFC DIR53, SFC DIR54, SFC DIR55, SFC DIR56, SFC DIR57, SFC DIR58, SFC DIR59, SFC DIR60, SFC DIR61, SFC DIR62, SFC DIR63, SFC DIR64, SFC DIR65, SFC DIR66, SFC DIR67, SFC DIR68, SFC DIR69, SFC DIR70, SFC DIR71, SFC DIR72, SFC DIR73, SFC DIR74, SFC DIR75, SFC DIR76, SFC DIR77, SFC DIR78, SFC DIR79, SFC DIR80, SFC DIR81, SFC DIR82, SFC DIR83, SFC DIR84, SFC DIR85, SFC DIR86, SFC DIR87, SFC DIR88, SFC DIR89, SFC DIR90, SFC DIR91, SFC DIR92, SFC DIR93, SFC DIR94, SFC DIR95, SFC DIR96,SFC DVIS01,SFC DVIS02,SFC DVIS03,SFC DVIS04,SFC DVIS05,SFC DVIS06,SFC DVIS07,SFC DVIS08,SFC DVIS09,SFC DVIS10,SFC DVIS11,SFC DVIS12,SFC DVIS13,SFC DVIS14,SFC DVIS15,SFC DVIS16,SFC DVIS17,SFC DVIS18,SFC DVIS19,SFC DVIS20,SFC DVIS21,SFC DVIS22,SFC DVIS23,SFC DVIS24,SFC DVIS25,SFC DVIS26,SFC DVIS27,SFC DVIS28,SFC DVIS29,SFC DVIS30,SFC DVIS31,SFC DVIS32,SFC DVIS33,SFC DVIS34,SFC DVIS35,SFC DVIS36,SFC DVIS37,SFC DVIS38,SFC DVIS39,SFC DVIS40,SFC DVIS41,SFC DVIS42,SFC DVIS43,SFC DVIS44,SFC DVIS45,SFC DVIS46,SFC DVIS47,SFC DVIS48,SFC DVIS49,SFC DVIS50,SFC DVIS51,SFC DVIS52,SFC DVIS53,SFC DVIS54,SFC DVIS55,SFC DVIS56,SFC DVIS57,SFC DVIS58,SFC DVIS59,SFC DVIS60,SFC DVIS61,SFC DVIS62,SFC DVIS63,SFC DVIS64,SFC DVIS65,SFC DVIS66,SFC DVIS67,SFC DVIS68,SFC DVIS69,SFC DVIS70,SFC DVIS71,SFC DVIS72,SFC DVIS73,SFC DVIS74,SFC DVIS75,SFC DVIS76,SFC DVIS77,SFC DVIS78,SFC DVIS79,SFC DVIS80,SFC DVIS81,SFC DVIS82,SFC DVIS83,SFC DVIS84
    2,    0.0000,  227.5722,    0.2192,  139.8688,  115.8602,  -23.5218,  -14.0680,  158.4330,  163.5827,  163.6723,  163.8293,  164.1029,  164.5732,  165.3648,  166.6602,  168.4872,  170.9519,  174.2721,  178.5564,  183.8814,  190.3071,  197.9049,  205.8548,  212.8059,  218.1105,  222.1140,  224.8330,  226.3589,  227.0949,  227.3721,  227.5098,  227.5598,    0.0705,    0.2675,    0.5658,    0.9364,    1.3541,    1.7971,    2.2470,    2.6886,    3.1100,    3.5012,    3.8550,    4.1668,    3.7991,    3.9662,    4.1036,    4.2111,    4.2902,    4.3412,    4.3666,    4.3674,    4.3455,    4.3031,    4.2365,    4.1377,    1.4329,    1.4160,    1.3937,    1.3544,    1.3064,    1.2531,    1.1042,    1.0903,    1.0331,    0.8812,    0.8657,    0.6804,    0.4286,    0.3613,    0.2973,    0.2859,    0.2660,    0.2237,    0.2586,    0.2615,    0.2793,    0.3166,    0.3804,    0.4522,    0.5746,    0.6344,    0.5305,    0.6851,    0.6744,    0.6698,    0.6769,    0.7426,    0.7550,    0.7683,    0.7700,    0.7628,    2.0538,    1.9716,    1.9052,    1.8274,    1.7484,    1.6691,    1.5919,    1.5151,    1.4407,    1.3665,    1.2937,    1.2291,    1.8278,    1.6842,    1.5339,    1.3924,    1.2741,    1.1725,    1.0662,    0.9681,    0.8777,    0.7928,    0.7079,    0.6374,    1.5840,    1.1437,    0.8293,    0.5901,    0.4167,    0.2922,    0.2036,    0.1383,    0.0940,    0.0622,    0.0416,    0.0303,    0.0906,    0.0482,    0.0759,    0.0854,    0.0957,    0.0892,    0.0975,    0.1096,    0.0962,    0.1325,    0.1172,    0.1283,    0.1417,    0.1155,    0.1680,    0.1868,    0.1536,    0.1833,    0.2065,    0.2237,    0.2252,    0.1502,    0.2398,    0.2533,    0.3110,    0.3324,    0.3440,    0.3658,    0.3756,    0.3940,    0.4010,    0.4565,    0.4953,    0.4717,    0.4852,    0.4943,    0.8433,    0.9209,    0.9663,    0.9993,    1.0234,    1.1077,    1.0381,    1.1064,    1.0804,    1.1314,    1.0733,    1.1507,    2.4780,    2.4450,    2.4989,    2.5384,    2.5644,    2.4626,    2.5489,    2.6139,    2.6670,    2.4800,    2.4441,    2.5380,    6.4157,    6.1123,    6.0433,    5.8603,    5.4132,    5.0767,    4.4565,    4.0997,    3.9404,    3.4535,    2.6528,    2.4637,    1.8993,    1.7458,    1.3311,    1.2705,    0.8565,    0.6215,    0.5021,    0.2015,    0.1776,    0.1261,    0.0437,    0.0355,    0.0000,    0.0000,    0.0000,    0.0000,    0.0000,    0.0000,    0.0000,    0.0000,    0.0000,    0.0000,    0.0000,    0.0000,    0.0000,    0.0000,    0.0000,    0.0000,    0.0000,    0.0000,    0.0000,    0.0004,    0.0013,    0.0042,    0.0316,    0.1224,    0.0337,    0.0553,    0.0951,    0.1939,    0.3170,    0.4390,    0.7874,    0.8078,    0.8986,    1.0611,    1.1127,    1.2540,    0.9696,    0.9641,    0.9572,    0.9473,    0.9378,    0.9287,    0.9178,    0.9074,    0.8966,    0.8844,    0.8683,    0.8421,    0.8025,    0.6764,    0.7395,    0.4977,    0.5022,    0.4908,    0.4247,    0.2470,    0.1814,    0.1031,    0.0612,    0.0469,    0.0933,    0.0788,    0.0260,    0.0119,    0.0030,    0.0028,    0.0017,    0.0056,    0.0100,    0.0182,    0.0292,    0.0235,    0.0278,    0.0056,    0.0259,    0.0458,    0.0328,    0.0004,    0.0000,    0.0000,    0.0000,    0.0031,    0.0165,    0.0171,    0.0171,    0.0171,    0.0000,    0.0000,    0.0000,    0.0000,    0.0000,    0.0035,    0.0040,    0.0054,    0.0048,    0.0010,    0.0230,    0.0000,    0.0598,    0.1073,    0.1213,    0.1109,    0.1245,    0.1385,    0.1233,    0.1698,    0.1501,    0.1645,    0.1806,    0.1466,    0.2118,    0.2312,    0.1878,    0.1215,    0.0145,    0.0325,    0.1583,    0.1897,    0.3065,    0.3218,    0.3984,    0.4260,    0.4410,    0.4686,    0.4796,    0.4909,    0.4572,    0.4157,    0.3661,    0.4375,    0.6076,    0.6165,    1.0804,    1.1803,    1.2358,    1.2540,    1.2316,    1.3659,    1.3119,    1.3949,    1.2823,    1.4502,    1.3714,    1.4595,    3.1611,    3.0848,    3.2030,    3.2531,    3.2743,    3.1567,    3.2678,    3.3511,    3.4192,    3.1776,    3.1334,    3.2539,    8.2247,    7.8363,    7.7478,    7.5132,    6.9399,    6.5086,    5.7135,    5.2561,    5.0518,    4.4276,    3.4010,    3.1586,    2.4350,    2.2382,    1.7066,    1.6288,    1.0981,    0.7968,    0.6438,    0.2584,    0.2277,    0.1616,    0.0560,    0.0455
    2,    0.0500,  227.5722,    0.1928,  130.2138,  119.7743,   -9.9523,   -7.4324,  158.4330,  163.5827,  163.6723,  163.8293,  164.1029,  164.5732,  165.3648,  166.6602,  168.4872,  170.9519,  174.2721,  178.5564,  183.8814,  190.3071,  197.9049,  205.8548,  212.8059,  218.1105,  222.1140,  224.8330,  226.3589,  227.0949,  227.3721,  227.5098,  227.5598,    0.0704,    0.2669,    0.5646,    0.9344,    1.3511,    1.7932,    2.2421,    2.6925,    3.0870,    3.4371,    3.7676,    3.7467,    3.1894,    3.4534,    3.8314,    4.0376,    4.1424,    4.1957,    4.1797,    4.1987,    4.1756,    4.0655,    3.8863,    3.8000,    1.3221,    1.3073,    1.2733,    1.2401,    1.1832,    1.1396,    1.0086,    0.9871,    0.9409,    0.8095,    0.8002,    0.6479,    0.4162,    0.3547,    0.2945,    0.2836,    0.2643,    0.2231,    0.2569,    0.2595,    0.2768,    0.3116,    0.3695,    0.4344,    0.5398,    0.5867,    0.5018,    0.6325,    0.6229,    0.6263,    0.6306,    0.6852,    0.6987,    0.7087,    0.7089,    0.7017,    1.8813,    1.7879,    1.7243,    1.6203,    1.5480,    1.4629,    1.4068,    1.3373,    1.2878,    1.2204,    1.1648,    1.1054,    1.6265,    1.4707,    1.3374,    1.2237,    1.1487,    1.0549,    0.9719,    0.8815,    0.8120,    0.7329,    0.6630,    0.5966,    1.4820,    1.0488,    0.7568,    0.5328,    0.3817,    0.2686,    0.1869,    0.1250,    0.0860,    0.0569,    0.0367,    0.0266,    0.0918,    0.0481,    0.0802,    0.0921,    0.1034,    0.0962,    0.1054,    0.1173,    0.1031,    0.1420,    0.1256,    0.1357,    0.1498,    0.1220,    0.1775,    0.1970,    0.1609,    0.1871,    0.2066,    0.2242,    0.2310,    0.1576,    0.2528,    0.2668,    0.3278,    0.3504,    0.3626,    0.3856,    0.3916,    0.4102,    0.4157,    0.4688,    0.5056,    0.4849,    0.5053,    0.5147,    0.8770,    0.9578,    1.0048,    1.0382,    1.0611,    1.1499,    1.0789,    1.1477,    1.1177,    1.1746,    1.1140,    1.1940,    2.5719,    2.5363,    2.5942,    2.6320,    2.6585,    2.5534,    2.6429,    2.7103,    2.7654,    2.5714,    2.5343,    2.6317,    6.6526,    6.3021,    6.2311,    6.0425,    5.5815,    5.2347,    4.5954,    4.2276,    4.0635,    3.5616,    2.7360,    2.5412,    1.9592,    1.7751,    1.3536,    1.2920,    0.8712,    0.6323,    0.5109,    0.2051,    0.1808,    0.1284,    0.0445,    0.0362,    0.0002,    0.0006,    0.0012,    0.0020,    0.0030,    0.0039,    0.0049,    0.0262,    0.0509,    0.0641,    0.3713,    0.9662,    1.2132,    1.2253,    0.7902,    0.3365,    0.2820,    0.2604,    0.1988,    0.3070,    0.3474,    0.2418,    0.3807,    0.6637,    0.2382,    0.2777,    0.3281,    0.4054,    0.5246,    0.6179,    0.9094,    0.9386,    1.0007,    1.1252,    1.1561,    1.2571,    0.9698,    0.9642,    0.9572,    0.9473,    0.9378,    0.9287,    0.9178,    0.9074,    0.8966,    0.8844,    0.8685,    0.8440,    0.8177,    0.7159,    0.7611,    0.5601,    0.5613,    0.5416,    0.4851,    0.3345,    0.2705,    0.2025,    0.1652,    0.1513,    0.3823,    0.3916,    0.3325,    0.3572,    0.3328,    0.3379,    0.3014,    0.2886,    0.2491,    0.2427,    0.2246,    0.2087,    0.3221,    0.3122,    0.3000,    0.2752,    0.1998,    0.1556,    0.1223,    0.1101,    0.0822,    0.0765,    0.0702,    0.0650,    0.1325,    0.1192,    0.0746,    0.0565,    0.0329,    0.0216,    0.0148,    0.0147,    0.0104,    0.0095,    0.0084,    0.0036,    0.0180,    0.0000,    0.0467,    0.0878,    0.0993,    0.0908,    0.1019,    0.1168,    0.1039,    0.1432,    0.1265,    0.1443,    0.1584,    0.1287,    0.1858,    0.2029,    0.1672,    0.1082,    0.0129,    0.0289,    0.1409,    0.1689,    0.2712,    0.2847,    0.3524,    0.3769,    0.3901,    0.4145,    0.4365,    0.4467,    0.4161,    0.3783,    0.3332,    0.3982,    0.5529,    0.5610,    0.9898,    1.0813,    1.1321,    1.1488,    1.1283,    1.2513,    1.2018,    1.2813,    1.1779,    1.3321,    1.2597,    1.3406,    2.9037,    2.8336,    2.9421,    2.9852,    3.0047,    2.8967,    2.9987,    3.0752,    3.1376,    2.9159,    2.8754,    2.9859,    7.5474,    7.2236,    7.1421,    6.9257,    6.3972,    5.9995,    5.2665,    4.8448,    4.6565,    4.0810,    3.1348,    2.9113,    2.2443,    2.1274,    1.6220,    1.5480,    1.0437,    0.7573,    0.6118,    0.2455,    0.2164,    0.1536,    0.0532,    0.0433
    2,    0.1000,  227.5722,    0.1704,  122.5211,  123.1105,    1.0770,   -3.3578,  158.4330,  163.5827,  163.6723,  163.8293,  164.1029,  164.5732,  165.3648,  166.6602,  168.4872,  170.9519,  174.2721,  178.5564,  183.8814,  190.3071,  197.9049,  205.8548,  212.8059,  218.1105,  222.1140,  224.8330,  226.3589,  227.0949,  227.3721,  227.5098,  227.5598,    0.0702,    0.2663,    0.5633,    0.9323,    1.3481,    1.7893,    2.2372,    2.6961,    3.0646,    3.3752,    3.6879,    3.4615,    2.8483,    3.1387,    3.6178,    3.8858,    4.0099,    4.0642,    4.0088,    4.0482,    4.0246,    3.8528,    3.5896,    3.5304,    1.2330,    1.2193,    1.1786,    1.1497,    1.0887,    1.0518,    0.9349,    0.9087,    0.8700,    0.7544,    0.7487,    0.6205,    0.4052,    0.3486,    0.2919,    0.2814,    0.2625,    0.2224,    0.2554,    0.2577,    0.2743,    0.3069,    0.3596,    0.4187,    0.5106,    0.5477,    0.4774,    0.5891,    0.5805,    0.5892,    0.5914,    0.6371,    0.6512,    0.6585,    0.6576,    0.6504,    1.7377,    1.6371,    1.5758,    1.4564,    1.3893,    1.3021,    1.2594,    1.1957,    1.1631,    1.1012,    1.0578,    1.0026,    1.4623,    1.3013,    1.1816,    1.0876,    1.0432,    0.9560,    0.8907,    0.8069,    0.7539,    0.6799,    0.6223,    0.5596,    1.3899,    0.9653,    0.6933,    0.4832,    0.3507,    0.2475,    0.1719,    0.1134,    0.0790,    0.0522,    0.0326,    0.0235,    0.0926,    0.0481,    0.0828,    0.0968,    0.1087,    0.1009,    0.1108,    0.1229,    0.1082,    0.1489,    0.1317,    0.1415,    0.1561,    0.1272,    0.1849,    0.2051,    0.1667,    0.1902,    0.2067,    0.2246,    0.2356,    0.1636,    0.2631,    0.2776,    0.3412,    0.3647,    0.3775,    0.4013,    0.4050,    0.4239,    0.4280,    0.4792,    0.5142,    0.4958,    0.5222,    0.5318,    0.9056,    0.9890,    1.0375,    1.0712,    1.0931,    1.1856,    1.1135,    1.1830,    1.1494,    1.2114,    1.1488,    1.2309,    2.6520,    2.6143,    2.6755,    2.7117,    2.7387,    2.6308,    2.7230,    2.7925,    2.8492,    2.6493,    2.6111,    2.7115,    6.8544,    6.4653,    6.3925,    6.1992,    5.7264,    5.3708,    4.7150,    4.3378,    4.1696,    3.6548,    2.8078,    2.6080,    2.0110,    1.8021,    1.3743,    1.3120,    0.8848,    0.6422,    0.5190,    0.2084,    0.1838,    0.1305,    0.0453,    0.0368,    0.0003,    0.0012,    0.0025,    0.0041,    0.0059,    0.0078,    0.0098,    0.0521,    0.1007,    0.1259,    0.7034,    1.6789,    1.9858,    2.0279,    1.4103,    0.6403,    0.5414,    0.5013,    0.3813,    0.5869,    0.6605,    0.4544,    0.6765,    1.1136,    0.4069,    0.4577,    0.5124,    0.5728,    0.6840,    0.7556,    0.9996,    1.0303,    1.0726,    1.1685,    1.1857,    1.2594,    0.9700,    0.9642,    0.9572,    0.9473,    0.9378,    0.9287,    0.9178,    0.9074,    0.8966,    0.8845,    0.8687,    0.8455,    0.8292,    0.7457,    0.7781,    0.6091,    0.6078,    0.5831,    0.5343,    0.4056,    0.3442,    0.2846,    0.2511,    0.2374,    0.6199,    0.6423,    0.5783,    0.6227,    0.5866,    0.5908,    0.5320,    0.5066,    0.4390,    0.4211,    0.3828,    0.3587,    0.5566,    0.5489,    0.5120,    0.4558,    0.3384,    0.2844,    0.2264,    0.2039,    0.1542,    0.1410,    0.1185,    0.1080,    0.2364,    0.2089,    0.1399,    0.1053,    0.0622,    0.0408,    0.0279,    0.0245,    0.0161,    0.0132,    0.0115,    0.0059,    0.0140,    0.0000,    0.0364,    0.0719,    0.0813,    0.0744,    0.0835,    0.0984,    0.0876,    0.1207,    0.1067,    0.1266,    0.1390,    0.1129,    0.1630,    0.1780,    0.1488,    0.0963,    0.0115,    0.0257,    0.1254,    0.1503,    0.2399,    0.2519,    0.3118,    0.3334,    0.3451,    0.3667,    0.3972,    0.4065,    0.3786,    0.3442,    0.3032,    0.3623,    0.5031,    0.5105,    0.9067,    0.9906,    1.0371,    1.0524,    1.0336,    1.1463,    1.1010,    1.1770,    1.0819,    1.2236,    1.1571,    1.2314,    2.6672,    2.6028,    2.7025,    2.7393,    2.7572,    2.6582,    2.7517,    2.8219,    2.8792,    2.6758,    2.6386,    2.7400,    6.9258,    6.6593,    6.5840,    6.3846,    5.8974,    5.5308,    4.8551,    4.4663,    4.2926,    3.7621,    2.8898,    2.6837,    2.0689,    2.0227,    1.5421,    1.4718,    0.9922,    0.7200,    0.5816,    0.2334,    0.2057,    0.1460,    0.0506,    0.0411
    2,    0.1500,  227.5722,    0.1512,  116.1840,  125.9536,   10.2577,   -1.0173,  158.4330,  163.5827,  163.6723,  163.8293,  164.1029,  164.5732,  165.3648,  166.6602,  168.4872,  170.9519,  174.2721,  178.5564,  183.8814,  190.3071,  197.9049,  205.8548,  212.8059,  218.1105,  222.1140,  224.8330,  226.3589,  227.0949,  227.3721,  227.5098,  227.5598,    0.0701,    0.2657,    0.5621,    0.9303,    1.3452,    1.7854,    2.2324,    2.6996,    3.0428,    3.3156,    3.6148,    3.2578,    2.6354,    2.9267,    3.4457,    3.7521,    3.8905,    3.9449,    3.8522,    3.9134,    3.8896,    3.6612,    3.3352,    3.3111,    1.1599,    1.1467,    1.1022,    1.0765,    1.0140,    0.9819,    0.8762,    0.8471,    0.8138,    0.7106,    0.7071,    0.5971,    0.3953,    0.3429,    0.2894,    0.2793,    0.2609,    0.2218,    0.2539,    0.2559,    0.2719,    0.3025,    0.3507,    0.4047,    0.4857,    0.5153,    0.4564,    0.5529,    0.5449,    0.5573,    0.5579,    0.5964,    0.6106,    0.6158,    0.6140,    0.6068,    1.6166,    1.5114,    1.4522,    1.3242,    1.2613,    1.1742,    1.1403,    1.0812,    1.0601,    1.0026,    0.9680,    0.9165,    1.3266,    1.1649,    1.0560,    0.9765,    0.9535,    0.8721,    0.8203,    0.7422,    0.7023,    0.6328,    0.5856,    0.5262,    1.3065,    0.8916,    0.6375,    0.4402,    0.3231,    0.2288,    0.1586,    0.1032,    0.0726,    0.0480,    0.0290,    0.0209,    0.0931,    0.0481,    0.0845,    0.1000,    0.1123,    0.1042,    0.1145,    0.1270,    0.1118,    0.1539,    0.1361,    0.1460,    0.1611,    0.1312,    0.1906,    0.2113,    0.1714,    0.1927,    0.2068,    0.2250,    0.2393,    0.1684,    0.2712,    0.2862,    0.3518,    0.3761,    0.3893,    0.4138,    0.4163,    0.4353,    0.4384,    0.4878,    0.5215,    0.5051,    0.5363,    0.5462,    0.9300,    1.0156,    1.0653,    1.0992,    1.1202,    1.2160,    1.1429,    1.2130,    1.1765,    1.2428,    1.1784,    1.2624,    2.7204,    2.6808,    2.7448,    2.7796,    2.8069,    2.6967,    2.7913,    2.8625,    2.9206,    2.7156,    2.6766,    2.7795,    7.0262,    6.6055,    6.5312,    6.3338,    5.8509,    5.4877,    4.8178,    4.4326,    4.2609,    3.7350,    2.8695,    2.6656,    2.0555,    1.8269,    1.3933,    1.3303,    0.8972,    0.6514,    0.5265,    0.2114,    0.1865,    0.1325,    0.0460,    0.0374,    0.0005,    0.0017,    0.0037,    0.0061,    0.0088,    0.0117,    0.0147,    0.0777,    0.1497,    0.1856,    1.0006,    2.2120,    2.4960,    2.5646,    1.8992,    0.9154,    0.7803,    0.7245,    0.5496,    0.8430,    0.9443,    0.6460,    0.9302,    1.4912,    0.5470,    0.6041,    0.6593,    0.7064,    0.8077,    0.8625,    1.0670,    1.0956,    1.1240,    1.1984,    1.2063,    1.2612,    0.9701,    0.9643,    0.9572,    0.9473,    0.9378,    0.9287,    0.9178,    0.9074,    0.8966,    0.8845,    0.8689,    0.8467,    0.8383,    0.7684,    0.7917,    0.6479,    0.6447,    0.6171,    0.5746,    0.4637,    0.4053,    0.3527,    0.3224,    0.3089,    0.8163,    0.8445,    0.7766,    0.8287,    0.7837,    0.7837,    0.7111,    0.6760,    0.5908,    0.5639,    0.5117,    0.4809,    0.7449,    0.7334,    0.6775,    0.5993,    0.4539,    0.3919,    0.3155,    0.2842,    0.2177,    0.1977,    0.1619,    0.1468,    0.3302,    0.2878,    0.1973,    0.1478,    0.0883,    0.0580,    0.0397,    0.0331,    0.0213,    0.0165,    0.0142,    0.0079,    0.0109,    0.0000,    0.0284,    0.0589,    0.0666,    0.0609,    0.0683,    0.0830,    0.0739,    0.1017,    0.0899,    0.1111,    0.1219,    0.0990,    0.1430,    0.1561,    0.1325,    0.0857,    0.0103,    0.0229,    0.1116,    0.1338,    0.2122,    0.2228,    0.2758,    0.2949,    0.3053,    0.3244,    0.3614,    0.3699,    0.3445,    0.3132,    0.2759,    0.3297,    0.4578,    0.4645,    0.8307,    0.9075,    0.9501,    0.9641,    0.9469,    1.0501,    1.0086,    1.0811,    0.9938,    1.1240,    1.0629,    1.1311,    2.4499,    2.3908,    2.4823,    2.5138,    2.5302,    2.4393,    2.5251,    2.5895,    2.6421,    2.4555,    2.4213,    2.5144,    6.3555,    6.1392,    6.0699,    5.8860,    5.4369,    5.0989,    4.4759,    4.1175,    3.9574,    3.4683,    2.6641,    2.4742,    1.9073,    1.9233,    1.4663,    1.3994,    0.9434,    0.6846,    0.5530,    0.2219,    0.1956,    0.1388,    0.0481,    0.0391
    2,    0.2000,  227.5722,    0.1348,  110.8418,  128.3781,   18.0248,    0.1320,  158.4330,  163.5827,  163.6723,  163.8293,  164.1029,  164.5732,  165.3648,  166.6602,  168.4872,  170.9519,  174.2721,  178.5564,  183.8814,  190.3071,  197.9049,  205.8548,  212.8059,  218.1105,  222.1140,  224.8330,  226.3589,  227.0949,  227.3721,  227.5098,  227.5598,    0.0699,    0.2652,    0.5609,    0.9283,    1.3423,    1.7815,    2.2275,    2.7030,    3.0216,    3.2581,    3.5476,    3.1054,    2.4896,    2.7727,    3.3038,    3.6337,    3.7827,    3.8364,    3.7081,    3.7921,    3.7684,    3.4878,    3.1144,    3.1299,    1.0988,    1.0859,    1.0393,    1.0160,    0.9535,    0.9249,    0.8283,    0.7976,    0.7682,    0.6751,    0.6728,    0.5769,    0.3863,    0.3377,    0.2870,    0.2773,    0.2593,    0.2213,    0.2524,    0.2542,    0.2697,    0.2984,    0.3426,    0.3923,    0.4642,    0.4880,    0.4382,    0.5222,    0.5147,    0.5295,    0.5289,    0.5614,    0.5755,    0.5791,    0.5766,    0.5694,    1.5133,    1.4055,    1.3481,    1.2160,    1.1566,    1.0707,    1.0426,    0.9874,    0.9741,    0.9203,    0.8921,    0.8437,    1.2133,    1.0536,    0.9536,    0.8847,    0.8768,    0.8003,    0.7590,    0.6860,    0.6562,    0.5909,    0.5522,    0.4958,    1.2307,    0.8261,    0.5881,    0.4026,    0.2985,    0.2119,    0.1467,    0.0942,    0.0670,    0.0442,    0.0260,    0.0186,    0.0934,    0.0481,    0.0855,    0.1022,    0.1148,    0.1065,    0.1171,    0.1299,    0.1144,    0.1575,    0.1393,    0.1496,    0.1650,    0.1343,    0.1952,    0.2163,    0.1752,    0.1947,    0.2068,    0.2252,    0.2423,    0.1722,    0.2777,    0.2930,    0.3603,    0.3851,    0.3986,    0.4238,    0.4257,    0.4449,    0.4471,    0.4951,    0.5275,    0.5128,    0.5482,    0.5582,    0.9506,    1.0381,    1.0889,    1.1230,    1.1433,    1.2418,    1.1678,    1.2387,    1.1997,    1.2696,    1.2038,    1.2893,    2.7787,    2.7375,    2.8040,    2.8374,    2.8650,    2.7528,    2.8494,    2.9221,    2.9814,    2.7721,    2.7323,    2.8374,    7.1726,    6.7260,    6.6504,    6.4495,    5.9579,    5.5881,    4.9061,    4.5140,    4.3393,    3.8039,    2.9226,    2.7151,    2.0939,    1.8495,    1.4107,    1.3470,    0.9086,    0.6597,    0.5334,    0.2142,    0.1890,    0.1343,    0.0466,    0.0379,    0.0006,    0.0023,    0.0049,    0.0081,    0.0118,    0.0156,    0.0195,    0.1030,    0.1976,    0.2431,    1.2667,    2.6147,    2.8404,    2.9291,    2.2863,    1.1651,    1.0007,    0.9316,    0.7052,    1.0778,    1.2019,    0.8193,    1.1503,    1.8106,    0.6640,    0.7239,    0.7772,    0.8137,    0.9045,    0.9464,    1.1180,    1.1429,    1.1613,    1.2194,    1.2211,    1.2626,    0.9703,    0.9643,    0.9572,    0.9473,    0.9379,    0.9287,    0.9178,    0.9074,    0.8966,    0.8845,    0.8691,    0.8478,    0.8454,    0.7859,    0.8026,    0.6789,    0.6741,    0.6452,    0.6078,    0.5114,    0.4562,    0.4094,    0.3817,    0.3685,    0.9793,    1.0085,    0.9376,    0.9898,    0.9380,    0.9322,    0.8513,    0.8088,    0.7131,    0.6790,    0.6172,    0.5811,    0.8970,    0.8786,    0.8079,    0.7142,    0.5508,    0.4821,    0.3920,    0.3532,    0.2737,    0.2479,    0.2011,    0.1818,    0.4151,    0.3577,    0.2480,    0.1849,    0.1117,    0.0734,    0.0502,    0.0408,    0.0260,    0.0195,    0.0166,    0.0096,    0.0085,    0.0000,    0.0222,    0.0482,    0.0545,    0.0499,    0.0560,    0.0700,    0.0623,    0.0858,    0.0758,    0.0975,    0.1070,    0.0869,    0.1255,    0.1370,    0.1179,    0.0763,    0.0091,    0.0204,    0.0994,    0.1191,    0.1878,    0.1971,    0.2440,    0.2609,    0.2701,    0.2870,    0.3289,    0.3366,    0.3135,    0.2850,    0.2511,    0.3000,    0.4166,    0.4227,    0.7610,    0.8313,    0.8704,    0.8832,    0.8675,    0.9620,    0.9240,    0.9930,    0.9129,    1.0324,    0.9763,    1.0390,    2.2503,    2.1960,    2.2801,    2.3068,    2.3218,    2.2384,    2.3172,    2.3763,    2.4246,    2.2533,    2.2219,    2.3073,    5.8322,    5.6601,    5.5962,    5.4267,    5.0126,    4.7010,    4.1267,    3.7962,    3.6486,    3.1977,    2.4562,    2.2811,    1.7585,    1.8289,    1.3944,    1.3307,    0.8971,    0.6510,    0.5259,    0.2110,    0.1860,    0.1320,    0.0458,    0.0372
    2,    0.3000,  227.5722,    0.1090,  102.2842,  132.2142,   30.4193,    0.2301,  158.4330,  163.5827,  163.6723,  163.8293,  164.1029,  164.5732,  165.3648,  166.6602,  168.4872,  170.9519,  174.2721,  178.5564,  183.8814,  190.3071,  197.9049,  205.8548,  212.8059,  218.1105,  222.1140,  224.8330,  226.3589,  227.0949,  227.3721,  227.5098,  227.5598,    0.0696,    0.2640,    0.5585,    0.9243,    1.3365,    1.7738,    2.2179,    2.7092,    2.9810,    3.1488,    3.4281,    2.8906,    2.2982,    2.5601,    3.0829,    3.4342,    3.5957,    3.6469,    3.4523,    3.5833,    3.5597,    3.1860,    2.7505,    2.8486,    1.0027,    0.9895,    0.9417,    0.9217,    0.8611,    0.8374,    0.7547,    0.7227,    0.6988,    0.6207,    0.6196,    0.5435,    0.3709,    0.3284,    0.2825,    0.2735,    0.2564,    0.2201,    0.2496,    0.2509,    0.2655,    0.2908,    0.3284,    0.3709,    0.4290,    0.4446,    0.4081,    0.4731,    0.4663,    0.4838,    0.4813,    0.5050,    0.5183,    0.5193,    0.5158,    0.5088,    1.3471,    1.2378,    1.1836,    1.0507,    0.9968,    0.9152,    0.8937,    0.8444,    0.8397,    0.7919,    0.7716,    0.7282,    1.0367,    0.8853,    0.7987,    0.7440,    0.7535,    0.6852,    0.6581,    0.5934,    0.5781,    0.5196,    0.4941,    0.4430,    1.0987,    0.7159,    0.5055,    0.3407,    0.2568,    0.1833,    0.1264,    0.0793,    0.0573,    0.0377,    0.0210,    0.0149,    0.0936,    0.0480,    0.0866,    0.1047,    0.1177,    0.1091,    0.1201,    0.1337,    0.1178,    0.1621,    0.1434,    0.1545,    0.1704,    0.1387,    0.2015,    0.2231,    0.1807,    0.1975,    0.2068,    0.2255,    0.2466,    0.1779,    0.2870,    0.3027,    0.3724,    0.3981,    0.4120,    0.4380,    0.4402,    0.4596,    0.4604,    0.5062,    0.5368,    0.5246,    0.5665,    0.5767,    0.9830,    1.0735,    1.1259,    1.1603,    1.1794,    1.2822,    1.2070,    1.2792,    1.2362,    1.3120,    1.2438,    1.3318,    2.8710,    2.8272,    2.8976,    2.9285,    2.9566,    2.8413,    2.9410,    3.0160,    3.0773,    2.8612,    2.8202,    2.9287,    7.4033,    6.9183,    6.8407,    6.6342,    6.1287,    5.7486,    5.0473,    4.6441,    4.4647,    3.9142,    3.0076,    2.7943,    2.1553,    1.8889,    1.4410,    1.3762,    0.9285,    0.6744,    0.5454,    0.2191,    0.1934,    0.1375,    0.0477,    0.0389,    0.0009,    0.0035,    0.0073,    0.0121,    0.0176,    0.0233,    0.0292,    0.1527,    0.2908,    0.3525,    1.7187,    3.1562,    3.2413,    3.3551,    2.8395,    1.5990,    1.3930,    1.3034,    0.9839,    1.4918,    1.6493,    1.1211,    1.5131,    2.3150,    0.8449,    0.9035,    0.9496,    0.9708,    1.0417,    1.0655,    1.1871,    1.2034,    1.2096,    1.2457,    1.2400,    1.2648,    0.9706,    0.9644,    0.9572,    0.9473,    0.9379,    0.9287,    0.9178,    0.9075,    0.8966,    0.8846,    0.8695,    0.8494,    0.8557,    0.8104,    0.8187,    0.7240,    0.7171,    0.6879,    0.6580,    0.5835,    0.5347,    0.4968,    0.4730,    0.4601,    1.2294,    1.2520,    1.1769,    1.2180,    1.1569,    1.1385,    1.0501,    0.9974,    0.8930,    0.8486,    0.7760,    0.7320,    1.1222,    1.0862,    0.9949,    0.8824,    0.7016,    0.6227,    0.5150,    0.4643,    0.3673,    0.3317,    0.2685,    0.2421,    0.5621,    0.4746,    0.3327,    0.2462,    0.1515,    0.0999,    0.0684,    0.0538,    0.0340,    0.0246,    0.0205,    0.0125,    0.0052,    0.0000,    0.0135,    0.0324,    0.0366,    0.0335,    0.0376,    0.0498,    0.0443,    0.0610,    0.0539,    0.0750,    0.0824,    0.0669,    0.0966,    0.1054,    0.0935,    0.0605,    0.0072,    0.0162,    0.0788,    0.0944,    0.1470,    0.1543,    0.1910,    0.2042,    0.2114,    0.2246,    0.2723,    0.2787,    0.2596,    0.2360,    0.2079,    0.2484,    0.3450,    0.3500,    0.6387,    0.6977,    0.7305,    0.7413,    0.7281,    0.8074,    0.7755,    0.8379,    0.7702,    0.8711,    0.8237,    0.8766,    1.8987,    1.8529,    1.9239,    1.9427,    1.9554,    1.8851,    1.9515,    2.0013,    2.0419,    1.8977,    1.8713,    1.9432,    4.9117,    4.8122,    4.7579,    4.6138,    4.2617,    3.9968,    3.5085,    3.2276,    3.1021,    2.7188,    2.0884,    1.9395,    1.4952,    1.6541,    1.2611,    1.2036,    0.8114,    0.5888,    0.4757,    0.1909,    0.1682,    0.1194,    0.0414,    0.0336
    2,    0.4000,  227.5722,    0.0901,   95.7036,  135.0153,   39.8018,   -1.2284,  158.4330,  163.5827,  163.6723,  163.8293,  164.1029,  164.5732,  165.3648,  166.6602,  168.4872,  170.9519,  174.2721,  178.5564,  183.8814,  190.3071,  197.9049,  205.8548,  212.8059,  218.1105,  222.1140,  224.8330,  226.3589,  227.0949,  227.3721,  227.5098,  227.5598,    0.0693,    0.2629,    0.5561,    0.9203,    1.3307,    1.7661,    2.2084,    2.7149,    2.9424,    3.0466,    3.3252,    2.7436,    2.1735,    2.4171,    2.9180,    3.2730,    3.4397,    3.4872,    3.2323,    3.4101,    3.3866,    2.9323,    2.4629,    2.6403,    0.9303,    0.9166,    0.8693,    0.8516,    0.7937,    0.7732,    0.7006,    0.6689,    0.6484,    0.5810,    0.5800,    0.5171,    0.3579,    0.3202,    0.2785,    0.2700,    0.2536,    0.2191,    0.2471,    0.2479,    0.2616,    0.2841,    0.3163,    0.3532,    0.4016,    0.4117,    0.3842,    0.4357,    0.4294,    0.4479,    0.4442,    0.4615,    0.4739,    0.4731,    0.4689,    0.4620,    1.2200,    1.1123,    1.0607,    0.9320,    0.8821,    0.8056,    0.7871,    0.7422,    0.7410,    0.6976,    0.6816,    0.6420,    0.9075,    0.7661,    0.6892,    0.6429,    0.6600,    0.5980,    0.5794,    0.5212,    0.5149,    0.4620,    0.4455,    0.3990,    0.9884,    0.6276,    0.4398,    0.2924,    0.2231,    0.1599,    0.1099,    0.0675,    0.0495,    0.0325,    0.0173,    0.0122,    0.0936,    0.0480,    0.0870,    0.1059,    0.1191,    0.1104,    0.1215,    0.1356,    0.1195,    0.1645,    0.1455,    0.1575,    0.1737,    0.1414,    0.2054,    0.2273,    0.1843,    0.1993,    0.2067,    0.2256,    0.2494,    0.1815,    0.2929,    0.3089,    0.3800,    0.4062,    0.4205,    0.4470,    0.4504,    0.4700,    0.4698,    0.5140,    0.5432,    0.5329,    0.5793,    0.5897,    1.0063,    1.0990,    1.1526,    1.1872,    1.2055,    1.3114,    1.2352,    1.3087,    1.2628,    1.3428,    1.2729,    1.3628,    2.9381,    2.8925,    2.9657,    2.9946,    3.0230,    2.9054,    3.0074,    3.0841,    3.1468,    2.9258,    2.8839,    2.9948,    7.5707,    7.0602,    6.9812,    6.7706,    6.2549,    5.8672,    5.1515,    4.7403,    4.5574,    3.9957,    3.0705,    2.8530,    2.2008,    1.9217,    1.4662,    1.4005,    0.9451,    0.6866,    0.5554,    0.2232,    0.1971,    0.1402,    0.0487,    0.0397,    0.0012,    0.0046,    0.0097,    0.0161,    0.0233,    0.0310,    0.0387,    0.2013,    0.3805,    0.4547,    2.0822,    3.4781,    3.4410,    3.5684,    3.1948,    1.9600,    1.7296,    1.6261,    1.2265,    1.8431,    2.0210,    1.3748,    1.7998,    2.6872,    0.9743,    1.0268,    1.0642,    1.0755,    1.1296,    1.1420,    1.2293,    1.2382,    1.2377,    1.2607,    1.2511,    1.2665,    0.9709,    0.9645,    0.9572,    0.9473,    0.9379,    0.9287,    0.9178,    0.9075,    0.8967,    0.8846,    0.8698,    0.8507,    0.8626,    0.8261,    0.8296,    0.7541,    0.7458,    0.7179,    0.6931,    0.6336,    0.5906,    0.5590,    0.5380,    0.5254,    1.4066,    1.4178,    1.3400,    1.3647,    1.2979,    1.2681,    1.1781,    1.1192,    1.0142,    0.9631,    0.8861,    0.8369,    1.2753,    1.2217,    1.1173,    0.9954,    0.8108,    0.7246,    0.6077,    0.5483,    0.4412,    0.3981,    0.3240,    0.2917,    0.6837,    0.5677,    0.4000,    0.2942,    0.1839,    0.1217,    0.0834,    0.0643,    0.0407,    0.0290,    0.0237,    0.0148,    0.0032,    0.0000,    0.0083,    0.0217,    0.0246,    0.0225,    0.0252,    0.0354,    0.0315,    0.0434,    0.0384,    0.0578,    0.0634,    0.0515,    0.0744,    0.0812,    0.0741,    0.0480,    0.0058,    0.0128,    0.0625,    0.0748,    0.1150,    0.1208,    0.1495,    0.1599,    0.1655,    0.1759,    0.2255,    0.2308,    0.2150,    0.1955,    0.1722,    0.2058,    0.2857,    0.2899,    0.5361,    0.5856,    0.6132,    0.6222,    0.6111,    0.6777,    0.6509,    0.7070,    0.6500,    0.7351,    0.6951,    0.7397,    1.6022,    1.5635,    1.6234,    1.6364,    1.6471,    1.5879,    1.6438,    1.6857,    1.7199,    1.5984,    1.5762,    1.6368,    4.1372,    4.0928,    4.0466,    3.9240,    3.6246,    3.3993,    2.9841,    2.7451,    2.6384,    2.3124,    1.7763,    1.6496,    1.2717,    1.4964,    1.1409,    1.0889,    0.7341,    0.5327,    0.4304,    0.1727,    0.1522,    0.1080,    0.0375,    0.0304
    2,    0.5000,  227.5722,    0.0763,   90.4741,  137.0658,   47.0826,   -3.3138,  158.4330,  163.5827,  163.6723,  163.8293,  164.1029,  164.5732,  165.3648,  166.6602,  168.4872,  170.9519,  174.2721,  178.5564,  183.8814,  190.3071,  197.9049,  205.8548,  212.8059,  218.1105,  222.1140,  224.8330,  226.3589,  227.0949,  227.3721,  227.5098,  227.5598,    0.0690,    0.2618,    0.5537,    0.9164,    1.3250,    1.7586,    2.1989,    2.7201,    2.9058,    2.9508,    3.2356,    2.6345,    2.0835,    2.3129,    2.7896,    3.1403,    3.3078,    3.3512,    3.0415,    3.2645,    3.2405,    2.7160,    2.2298,    2.4793,    0.8735,    0.8594,    0.8134,    0.7972,    0.7423,    0.7240,    0.6592,    0.6284,    0.6101,    0.5507,    0.5494,    0.4956,    0.3468,    0.3131,    0.2748,    0.2668,    0.2510,    0.2181,    0.2447,    0.2451,    0.2580,    0.2781,    0.3059,    0.3383,    0.3795,    0.3860,    0.3647,    0.4064,    0.4004,    0.4189,    0.4145,    0.4272,    0.4385,    0.4365,    0.4318,    0.4251,    1.1201,    1.0157,    0.9662,    0.8436,    0.7968,    0.7253,    0.7082,    0.6665,    0.6665,    0.6264,    0.6127,    0.5761,    0.8101,    0.6788,    0.6091,    0.5680,    0.5875,    0.5307,    0.5170,    0.4641,    0.4632,    0.4149,    0.4047,    0.3619,    0.8955,    0.5561,    0.3869,    0.2542,    0.1958,    0.1408,    0.0964,    0.0581,    0.0431,    0.0282,    0.0144,    0.0101,    0.0936,    0.0480,    0.0871,    0.1065,    0.1197,    0.1110,    0.1221,    0.1367,    0.1205,    0.1658,    0.1466,    0.1594,    0.1757,    0.1431,    0.2077,    0.2299,    0.1866,    0.2005,    0.2066,    0.2257,    0.2511,    0.1838,    0.2966,    0.3128,    0.3849,    0.4114,    0.4258,    0.4527,    0.4576,    0.4772,    0.4764,    0.5195,    0.5477,    0.5388,    0.5883,    0.5989,    1.0231,    1.1174,    1.1718,    1.2065,    1.2243,    1.3324,    1.2555,    1.3302,    1.2821,    1.3652,    1.2941,    1.3853,    2.9869,    2.9400,    3.0153,    3.0425,    3.0712,    2.9519,    3.0555,    3.1335,    3.1972,    2.9726,    2.9301,    3.0428,    7.6920,    7.1649,    7.0848,    6.8713,    6.3481,    5.9547,    5.2286,    4.8114,    4.6260,    4.0561,    3.1171,    2.8965,    2.2346,    1.9489,    1.4872,    1.4208,    0.9590,    0.6968,    0.5638,    0.2267,    0.2002,    0.1424,    0.0495,    0.0403,    0.0015,    0.0057,    0.0121,    0.0201,    0.0290,    0.0385,    0.0482,    0.2488,    0.4668,    0.5505,    2.3753,    3.6745,    3.5469,    3.6826,    3.4272,    2.2622,    2.0197,    1.9074,    1.4397,    2.1425,    2.3311,    1.5910,    2.0320,    2.9659,    1.0682,    1.1129,    1.1422,    1.1469,    1.1875,    1.1927,    1.2562,    1.2597,    1.2553,    1.2701,    1.2584,    1.2678,    0.9711,    0.9646,    0.9572,    0.9473,    0.9379,    0.9287,    0.9178,    0.9075,    0.8967,    0.8847,    0.8701,    0.8518,    0.8675,    0.8366,    0.8372,    0.7748,    0.7656,    0.7394,    0.7182,    0.6691,    0.6311,    0.6040,    0.5851,    0.5727,    1.5344,    1.5332,    1.4538,    1.4623,    1.3919,    1.3529,    1.2636,    1.2007,    1.0983,    1.0427,    0.9643,    0.9115,    1.3822,    1.3133,    1.2005,    1.0737,    0.8913,    0.7999,    0.6787,    0.6126,    0.5003,    0.4512,    0.3700,    0.3329,    0.7853,    0.6425,    0.4541,    0.3324,    0.2106,    0.1398,    0.0959,    0.0729,    0.0463,    0.0326,    0.0262,    0.0167,    0.0020,    0.0000,    0.0051,    0.0146,    0.0165,    0.0151,    0.0170,    0.0252,    0.0224,    0.0309,    0.0273,    0.0445,    0.0488,    0.0397,    0.0573,    0.0625,    0.0588,    0.0381,    0.0046,    0.0102,    0.0495,    0.0594,    0.0901,    0.0946,    0.1171,    0.1252,    0.1296,    0.1377,    0.1868,    0.1912,    0.1781,    0.1619,    0.1427,    0.1704,    0.2366,    0.2401,    0.4500,    0.4916,    0.5147,    0.5223,    0.5130,    0.5689,    0.5464,    0.5967,    0.5485,    0.6203,    0.5866,    0.6243,    1.3521,    1.3195,    1.3700,    1.3786,    1.3876,    1.3377,    1.3848,    1.4202,    1.4490,    1.3466,    1.3279,    1.3789,    3.4855,    3.4823,    3.4430,    3.3388,    3.0840,    2.8923,    2.5390,    2.3358,    2.2450,    1.9676,    1.5114,    1.4037,    1.0822,    1.3541,    1.0324,    0.9854,    0.6644,    0.4821,    0.3895,    0.1563,    0.1378,    0.0978,    0.0339,    0.0276
    2,    0.7500,  227.5722,    0.0557,   81.1100,  140.1162,   59.4991,   -8.7027,  158.4330,  163.5827,  163.6723,  163.8293,  164.1029,  164.5732,  165.3648,  166.6602,  168.4872,  170.9519,  174.2721,  178.5564,  183.8814,  190.3071,  197.9049,  205.8548,  212.8059,  218.1105,  222.1140,  224.8330,  226.3589,  227.0949,  227.3721,  227.5098,  227.5598,    0.0683,    0.2590,    0.5478,    0.9066,    1.3110,    1.7399,    2.1756,    2.7308,    2.8223,    2.7358,    3.0556,    2.4502,    1.9364,    2.1423,    2.5653,    2.8924,    3.0533,    3.0864,    2.6607,    2.9849,    2.9583,    2.2933,    1.8036,    2.1984,    0.7733,    0.7593,    0.7171,    0.7032,    0.6547,    0.6396,    0.5881,    0.5601,    0.5450,    0.4985,    0.4961,    0.4561,    0.3252,    0.2984,    0.2668,    0.2598,    0.2454,    0.2157,    0.2393,    0.2390,    0.2500,    0.2654,    0.2852,    0.3098,    0.3395,    0.3409,    0.3289,    0.3551,    0.3495,    0.3667,    0.3613,    0.3670,    0.3757,    0.3721,    0.3668,    0.3604,    0.9463,    0.8519,    0.8066,    0.6996,    0.6583,    0.5969,    0.5807,    0.5445,    0.5434,    0.5091,    0.4974,    0.4659,    0.6505,    0.5402,    0.4822,    0.4478,    0.4650,    0.4171,    0.4084,    0.3648,    0.3691,    0.3293,    0.3274,    0.2918,    0.7192,    0.4281,    0.2931,    0.1882,    0.1466,    0.1058,    0.0718,    0.0417,    0.0315,    0.0205,    0.0097,    0.0067,    0.0935,    0.0479,    0.0872,    0.1070,    0.1202,    0.1114,    0.1226,    0.1376,    0.1213,    0.1670,    0.1476,    0.1615,    0.1780,    0.1449,    0.2104,    0.2328,    0.1894,    0.2018,    0.2064,    0.2256,    0.2532,    0.1867,    0.3010,    0.3173,    0.3905,    0.4175,    0.4321,    0.4594,    0.4675,    0.4873,    0.4855,    0.5270,    0.5539,    0.5468,    0.6009,    0.6115,    1.0474,    1.1439,    1.1995,    1.2345,    1.2513,    1.3626,    1.2848,    1.3617,    1.3104,    1.3981,    1.3251,    1.4183,    3.0585,    3.0096,    3.0879,    3.1123,    3.1413,    3.0197,    3.1257,    3.2055,    3.2706,    3.0409,    2.9975,    3.1128,    7.8690,    7.3221,    7.2405,    7.0225,    6.4880,    6.0864,    5.3445,    4.9185,    4.7294,    4.1471,    3.1875,    2.9623,    2.2858,    1.9988,    1.5257,    1.4581,    0.9845,    0.7157,    0.5794,    0.2331,    0.2059,    0.1466,    0.0510,    0.0416,    0.0022,    0.0085,    0.0180,    0.0298,    0.0431,    0.0572,    0.0715,    0.3629,    0.6690,    0.7656,    2.8864,    3.9070,    3.6581,    3.8045,    3.7283,    2.8246,    2.5860,    2.4676,    1.8749,    2.7172,    2.9051,    2.0137,    2.4568,    3.4059,    1.2097,    1.2361,    1.2502,    1.2463,    1.2653,    1.2614,    1.2919,    1.2878,    1.2788,    1.2830,    1.2688,    1.2703,    0.9717,    0.9648,    0.9573,    0.9474,    0.9379,    0.9287,    0.9179,    0.9075,    0.8967,    0.8848,    0.8707,    0.8537,    0.8753,    0.8518,    0.8487,    0.8046,    0.7942,    0.7721,    0.7557,    0.7217,    0.6927,    0.6721,    0.6562,    0.6442,    1.7272,    1.7000,    1.6186,    1.5966,    1.5216,    1.4679,    1.3819,    1.3138,    1.2194,    1.1577,    1.0804,    1.0225,    1.5385,    1.4428,    1.3186,    1.1876,    1.0174,    0.9182,    0.7952,    0.7186,    0.6034,    0.5441,    0.4546,    0.4089,    0.9745,    0.7749,    0.5499,    0.3991,    0.2592,    0.1735,    0.1193,    0.0885,    0.0570,    0.0395,    0.0307,    0.0200,    0.0006,    0.0000,    0.0015,    0.0054,    0.0062,    0.0056,    0.0063,    0.0108,    0.0096,    0.0132,    0.0117,    0.0232,    0.0255,    0.0207,    0.0299,    0.0326,    0.0330,    0.0214,    0.0026,    0.0057,    0.0278,    0.0333,    0.0490,    0.0514,    0.0636,    0.0680,    0.0704,    0.0748,    0.1167,    0.1194,    0.1113,    0.1012,    0.0892,    0.1065,    0.1478,    0.1500,    0.2907,    0.3175,    0.3325,    0.3374,    0.3314,    0.3675,    0.3529,    0.3906,    0.3591,    0.4061,    0.3840,    0.4087,    0.8852,    0.8639,    0.8969,    0.8991,    0.9050,    0.8724,    0.9032,    0.9262,    0.9450,    0.8782,    0.8660,    0.8993,    2.2732,    2.3301,    2.3038,    2.2341,    2.0636,    1.9354,    1.6990,    1.5630,    1.5023,    1.3168,    1.0115,    0.9395,    0.7243,    1.0561,    0.8053,    0.7686,    0.5183,    0.3761,    0.3039,    0.1220,    0.1075,    0.0763,    0.0265,    0.0215
    2,    1.0000,  227.5722,    0.0461,   74.8618,  141.5441,   67.1772,  -12.8144,  158.4330,  163.5827,  163.6723,  163.8293,  164.1029,  164.5732,  165.3648,  166.6602,  168.4872,  170.9519,  174.2721,  178.5564,  183.8814,  190.3071,  197.9049,  205.8548,  212.8059,  218.1105,  222.1140,  224.8330,  226.3589,  227.0949,  227.3721,  227.5098,  227.5598,    0.0676,    0.2563,    0.5421,    0.8971,    1.2972,    1.7217,    2.1528,    2.7388,    2.7486,    2.5500,    2.9201,    2.3326,    1.8452,    2.0367,    2.4195,    2.7187,    2.8693,    2.8937,    2.3777,    2.7837,    2.7534,    1.9845,    1.5145,    2.0140,    0.7075,    0.6945,    0.6557,    0.6430,    0.5993,    0.5859,    0.5425,    0.5171,    0.5037,    0.4649,    0.4614,    0.4287,    0.3093,    0.2871,    0.2602,    0.2538,    0.2406,    0.2136,    0.2346,    0.2337,    0.2434,    0.2552,    0.2699,    0.2893,    0.3126,    0.3115,    0.3043,    0.3218,    0.3165,    0.3319,    0.3262,    0.3283,    0.3350,    0.3306,    0.3252,    0.3191,    0.8358,    0.7507,    0.7084,    0.6140,    0.5761,    0.5217,    0.5056,    0.4729,    0.4698,    0.4390,    0.4276,    0.3994,    0.5560,    0.4604,    0.4093,    0.3782,    0.3905,    0.3484,    0.3405,    0.3029,    0.3075,    0.2734,    0.2742,    0.2436,    0.5976,    0.3460,    0.2339,    0.1477,    0.1151,    0.0831,    0.0558,    0.0316,    0.0240,    0.0156,    0.0070,    0.0047,    0.0934,    0.0479,    0.0872,    0.1070,    0.1203,    0.1115,    0.1227,    0.1378,    0.1215,    0.1672,    0.1478,    0.1621,    0.1787,    0.1455,    0.2112,    0.2336,    0.1903,    0.2022,    0.2062,    0.2254,    0.2538,    0.1877,    0.3024,    0.3188,    0.3923,    0.4194,    0.4341,    0.4615,    0.4716,    0.4915,    0.4892,    0.5301,    0.5564,    0.5500,    0.6060,    0.6168,    1.0581,    1.1556,    1.2117,    1.2468,    1.2632,    1.3760,    1.2978,    1.3759,    1.3231,    1.4130,    1.3392,    1.4332,    3.0908,    3.0411,    3.1208,    3.1436,    3.1728,    3.0500,    3.1571,    3.2377,    3.3036,    3.0715,    3.0277,    3.1442,    7.9484,    7.3959,    7.3136,    7.0936,    6.5540,    6.1485,    5.3993,    4.9692,    4.7785,    4.1905,    3.2211,    2.9938,    2.3105,    2.0305,    1.5502,    1.4819,    1.0009,    0.7278,    0.5894,    0.2372,    0.2097,    0.1494,    0.0520,    0.0425,    0.0030,    0.0112,    0.0237,    0.0393,    0.0568,    0.0754,    0.0943,    0.4707,    0.8533,    0.9514,    3.1923,    3.9956,    3.6999,    3.8517,    3.8549,    3.1965,    2.9863,    2.8753,    2.2101,    3.1144,    3.2815,    2.3226,    2.7449,    3.6410,    1.2812,    1.2950,    1.3004,    1.2928,    1.3009,    1.2932,    1.3088,    1.3015,    1.2906,    1.2898,    1.2748,    1.2721,    0.9721,    0.9649,    0.9573,    0.9474,    0.9379,    0.9287,    0.9179,    0.9075,    0.8968,    0.8850,    0.8712,    0.8551,    0.8799,    0.8599,    0.8549,    0.8198,    0.8090,    0.7894,    0.7752,    0.7485,    0.7248,    0.7074,    0.6931,    0.6812,    1.8267,    1.7828,    1.7006,    1.6609,    1.5840,    1.5228,    1.4391,    1.3688,    1.2801,    1.2156,    1.1402,    1.0799,    1.6181,    1.5072,    1.3777,    1.2457,    1.0863,    0.9831,    0.8623,    0.7799,    0.6671,    0.6018,    0.5106,    0.4593,    1.1016,    0.8584,    0.6105,    0.4407,    0.2912,    0.1963,    0.1352,    0.0988,    0.0643,    0.0443,    0.0336,    0.0222,    0.0002,    0.0000,    0.0004,    0.0020,    0.0023,    0.0021,    0.0024,    0.0047,    0.0041,    0.0057,    0.0050,    0.0121,    0.0133,    0.0108,    0.0156,    0.0171,    0.0186,    0.0120,    0.0015,    0.0032,    0.0156,    0.0187,    0.0267,    0.0280,    0.0346,    0.0370,    0.0383,    0.0407,    0.0730,    0.0747,    0.0696,    0.0633,    0.0558,    0.0666,    0.0925,    0.0938,    0.1879,    0.2053,    0.2150,    0.2181,    0.2142,    0.2376,    0.2282,    0.2560,    0.2354,    0.2662,    0.2517,    0.2679,    0.5802,    0.5662,    0.5879,    0.5874,    0.5913,    0.5700,    0.5901,    0.6051,    0.6174,    0.5738,    0.5658,    0.5876,    1.4852,    1.5640,    1.5464,    1.4996,    1.3852,    1.2992,    1.1405,    1.0493,    1.0085,    0.8840,    0.6791,    0.6307,    0.4863,    0.8252,    0.6292,    0.6007,    0.4050,    0.2940,    0.2376,    0.0954,    0.0841,    0.0597,    0.0207,    0.0168
    2,    1.2500,  227.5722,    0.0415,   70.3555,  142.2243,   72.3658,  -15.4651,  158.4330,  163.5827,  163.6723,  163.8293,  164.1029,  164.5732,  165.3648,  166.6602,  168.4872,  170.9519,  174.2721,  178.5564,  183.8814,  190.3071,  197.9049,  205.8548,  212.8059,  218.1105,  222.1140,  224.8330,  226.3589,  227.0949,  227.3721,  227.5098,  227.5598,    0.0669,    0.2536,    0.5364,    0.8878,    1.2838,    1.7038,    2.1304,    2.7443,    2.6834,    2.3878,    2.8148,    2.2498,    1.7818,    1.9635,    2.3163,    2.5884,    2.7289,    2.7464,    2.1609,    2.6306,    2.5968,    1.7491,    1.3055,    1.8820,    0.6607,    0.6490,    0.6130,    0.6010,    0.5608,    0.5484,    0.5104,    0.4871,    0.4747,    0.4411,    0.4367,    0.4086,    0.2971,    0.2780,    0.2547,    0.2487,    0.2364,    0.2118,    0.2306,    0.2292,    0.2376,    0.2469,    0.2579,    0.2738,    0.2930,    0.2907,    0.2861,    0.2984,    0.2932,    0.3071,    0.3013,    0.3013,    0.3066,    0.3019,    0.2964,    0.2905,    0.7599,    0.6823,    0.6423,    0.5572,    0.5217,    0.4723,    0.4562,    0.4257,    0.4211,    0.3927,    0.3813,    0.3554,    0.4939,    0.4088,    0.3622,    0.3331,    0.3413,    0.3033,    0.2950,    0.2615,    0.2650,    0.2349,    0.2363,    0.2093,    0.5108,    0.2907,    0.1943,    0.1212,    0.0941,    0.0676,    0.0450,    0.0250,    0.0191,    0.0123,    0.0054,    0.0036,    0.0934,    0.0479,    0.0871,    0.1070,    0.1203,    0.1115,    0.1227,    0.1378,    0.1215,    0.1672,    0.1479,    0.1623,    0.1789,    0.1456,    0.2114,    0.2339,    0.1906,    0.2023,    0.2060,    0.2253,    0.2540,    0.1880,    0.3028,    0.3193,    0.3929,    0.4200,    0.4348,    0.4622,    0.4734,    0.4932,    0.4908,    0.5313,    0.5573,    0.5513,    0.6082,    0.6190,    1.0628,    1.1608,    1.2171,    1.2522,    1.2685,    1.3818,    1.3035,    1.3823,    1.3289,    1.4197,    1.3455,    1.4399,    3.1055,    3.0553,    3.1357,    3.1576,    3.1869,    3.0637,    3.1713,    3.2523,    3.3184,    3.0852,    3.0413,    3.1583,    7.9841,    7.4308,    7.3482,    7.1273,    6.5853,    6.1780,    5.4254,    4.9934,    4.8020,    4.2113,    3.2373,    3.0091,    2.3225,    2.0507,    1.5659,    1.4972,    1.0115,    0.7357,    0.5960,    0.2399,    0.2122,    0.1512,    0.0527,    0.0430,    0.0037,    0.0139,    0.0294,    0.0486,    0.0703,    0.0933,    0.1167,    0.5728,    1.0216,    1.1136,    3.3795,    4.0382,    3.7219,    3.8769,    3.9180,    3.4468,    3.2731,    3.1759,    2.4768,    3.3937,    3.5336,    2.5580,    2.9531,    3.7755,    1.3208,    1.3271,    1.3275,    1.3182,    1.3204,    1.3108,    1.3187,    1.3098,    1.2979,    1.2942,    1.2787,    1.2734,    0.9725,    0.9651,    0.9573,    0.9474,    0.9379,    0.9287,    0.9179,    0.9076,    0.8968,    0.8851,    0.8716,    0.8562,    0.8830,    0.8651,    0.8588,    0.8289,    0.8178,    0.7998,    0.7867,    0.7640,    0.7434,    0.7278,    0.7143,    0.7026,    1.8841,    1.8300,    1.7474,    1.6975,    1.6196,    1.5541,    1.4718,    1.4003,    1.3152,    1.2492,    1.1752,    1.1136,    1.6646,    1.5447,    1.4123,    1.2800,    1.1281,    1.0224,    0.9041,    0.8183,    0.7087,    0.6395,    0.5490,    0.4940,    1.1901,    0.9140,    0.6510,    0.4683,    0.3132,    0.2124,    0.1464,    0.1060,    0.0695,    0.0478,    0.0356,    0.0237,    0.0001,    0.0000,    0.0001,    0.0008,    0.0009,    0.0008,    0.0009,    0.0020,    0.0018,    0.0025,    0.0022,    0.0064,    0.0070,    0.0057,    0.0082,    0.0089,    0.0105,    0.0068,    0.0008,    0.0018,    0.0088,    0.0106,    0.0145,    0.0153,    0.0189,    0.0202,    0.0209,    0.0222,    0.0457,    0.0468,    0.0436,    0.0397,    0.0350,    0.0417,    0.0579,    0.0587,    0.1216,    0.1329,    0.1391,    0.1412,    0.1387,    0.1538,    0.1477,    0.1680,    0.1545,    0.1747,    0.1652,    0.1758,    0.3807,    0.3716,    0.3858,    0.3845,    0.3871,    0.3731,    0.3863,    0.3961,    0.4042,    0.3756,    0.3704,    0.3846,    0.9723,    1.0532,    1.0414,    1.0099,    0.9328,    0.8749,    0.7681,    0.7067,    0.6792,    0.5954,    0.4574,    0.4249,    0.3276,    0.6460,    0.4926,    0.4703,    0.3172,    0.2302,    0.1861,    0.0747,    0.0659,    0.0468,    0.0162,    0.0132
    2,    1.5000,  227.5722,    0.0393,   66.9223,  142.5555,   76.1323,  -16.9822,  158.4330,  163.5827,  163.6723,  163.8293,  164.1029,  164.5732,  165.3648,  166.6602,  168.4872,  170.9519,  174.2721,  178.5564,  183.8814,  190.3071,  197.9049,  205.8548,  212.8059,  218.1105,  222.1140,  224.8330,  226.3589,  227.0949,  227.3721,  227.5098,  227.5598,    0.0662,    0.2510,    0.5309,    0.8787,    1.2706,    1.6863,    2.1085,    2.7476,    2.6252,    2.2451,    2.7306,    2.1875,    1.7345,    1.9089,    2.2387,    2.4859,    2.6173,    2.6292,    1.9908,    2.5093,    2.4728,    1.5637,    1.1474,    1.7822,    0.6257,    0.6152,    0.5812,    0.5698,    0.5322,    0.5205,    0.4864,    0.4648,    0.4531,    0.4231,    0.4181,    0.3930,    0.2874,    0.2706,    0.2499,    0.2443,    0.2328,    0.2101,    0.2270,    0.2252,    0.2327,    0.2399,    0.2483,    0.2616,    0.2781,    0.2750,    0.2721,    0.2809,    0.2759,    0.2883,    0.2826,    0.2814,    0.2856,    0.2807,    0.2753,    0.2696,    0.7044,    0.6328,    0.5945,    0.5165,    0.4828,    0.4370,    0.4209,    0.3922,    0.3864,    0.3597,    0.3482,    0.3240,    0.4499,    0.3724,    0.3292,    0.3015,    0.3065,    0.2715,    0.2628,    0.2323,    0.2344,    0.2072,    0.2083,    0.1840,    0.4469,    0.2515,    0.1666,    0.1031,    0.0793,    0.0566,    0.0374,    0.0206,    0.0156,    0.0100,    0.0043,    0.0029,    0.0933,    0.0478,    0.0871,    0.1070,    0.1203,    0.1115,    0.1227,    0.1378,    0.1215,    0.1673,    0.1479,    0.1623,    0.1789,    0.1457,    0.2115,    0.2340,    0.1907,    0.2023,    0.2058,    0.2251,    0.2540,    0.1881,    0.3030,    0.3194,    0.3931,    0.4202,    0.4350,    0.4624,    0.4741,    0.4940,    0.4914,    0.5318,    0.5577,    0.5519,    0.6091,    0.6199,    1.0649,    1.1631,    1.2195,    1.2546,    1.2708,    1.3844,    1.3060,    1.3852,    1.3314,    1.4228,    1.3484,    1.4430,    3.1121,    3.0617,    3.1424,    3.1640,    3.1932,    3.0698,    3.1777,    3.2588,    3.3251,    3.0915,    3.0474,    3.1647,    8.0003,    7.4473,    7.3646,    7.1433,    6.6002,    6.1921,    5.4380,    5.0051,    4.8134,    4.2215,    3.2453,    3.0167,    2.3285,    2.0637,    1.5761,    1.5071,    1.0184,    0.7409,    0.6003,    0.2418,    0.2139,    0.1525,    0.0531,    0.0434,    0.0044,    0.0165,    0.0349,    0.0577,    0.0835,    0.1108,    0.1386,    0.6694,    1.1754,    1.2565,    3.4973,    4.0630,    3.7357,    3.8928,    3.9548,    3.6185,    3.4812,    3.4001,    2.6942,    3.5930,    3.7061,    2.7436,    3.1107,    3.8579,    1.3449,    1.3466,    1.3441,    1.3338,    1.3326,    1.3220,    1.3253,    1.3154,    1.3029,    1.2973,    1.2815,    1.2745,    0.9728,    0.9652,    0.9574,    0.9474,    0.9380,    0.9287,    0.9179,    0.9076,    0.8968,    0.8852,    0.8720,    0.8571,    0.8854,    0.8687,    0.8616,    0.8350,    0.8238,    0.8068,    0.7943,    0.7741,    0.7554,    0.7408,    0.7279,    0.7162,    1.9206,    1.8601,    1.7773,    1.7210,    1.6424,    1.5744,    1.4930,    1.4208,    1.3379,    1.2709,    1.1979,    1.1354,    1.6949,    1.5692,    1.4350,    1.3025,    1.1556,    1.0484,    0.9321,    0.8440,    0.7372,    0.6655,    0.5763,    0.5188,    1.2540,    0.9530,    0.6795,    0.4877,    0.3291,    0.2242,    0.1548,    0.1112,    0.0734,    0.0504,    0.0371,    0.0247,    0.0000,    0.0000,    0.0000,    0.0003,    0.0003,    0.0003,    0.0003,    0.0009,    0.0008,    0.0011,    0.0010,    0.0033,    0.0037,    0.0030,    0.0043,    0.0047,    0.0059,    0.0039,    0.0005,    0.0010,    0.0050,    0.0060,    0.0080,    0.0084,    0.0103,    0.0111,    0.0114,    0.0122,    0.0287,    0.0293,    0.0273,    0.0249,    0.0219,    0.0262,    0.0363,    0.0368,    0.0788,    0.0861,    0.0902,    0.0915,    0.0899,    0.0997,    0.0957,    0.1104,    0.1015,    0.1148,    0.1085,    0.1155,    0.2502,    0.2442,    0.2535,    0.2523,    0.2539,    0.2448,    0.2534,    0.2599,    0.2651,    0.2464,    0.2430,    0.2523,    0.6378,    0.7115,    0.7035,    0.6823,    0.6302,    0.5911,    0.5189,    0.4774,    0.4589,    0.4023,    0.3091,    0.2871,    0.2214,    0.5066,    0.3864,    0.3689,    0.2488,    0.1806,    0.1460,    0.0586,    0.0517,    0.0367,    0.0127,    0.0104
    2,    1.7500,  227.5722,    0.0382,   64.1995,  142.7212,   79.0228,  -17.7132,  158.4330,  163.5827,  163.6723,  163.8293,  164.1029,  164.5732,  165.3648,  166.6602,  168.4872,  170.9519,  174.2721,  178.5564,  183.8814,  190.3071,  197.9049,  205.8548,  212.8059,  218.1105,  222.1140,  224.8330,  226.3589,  227.0949,  227.3721,  227.5098,  227.5598,    0.0655,    0.2485,    0.5255,    0.8698,    1.2576,    1.6691,    2.0871,    2.7492,    2.5733,    2.1184,    2.6617,    2.1384,    1.6974,    1.8662,    2.1777,    2.4026,    2.5258,    2.5331,    1.8548,    2.4102,    2.3718,    1.4139,    1.0236,    1.7037,    0.5983,    0.5888,    0.5566,    0.5455,    0.5101,    0.4988,    0.4676,    0.4475,    0.4362,    0.4090,    0.4035,    0.3806,    0.2794,    0.2644,    0.2458,    0.2405,    0.2296,    0.2085,    0.2238,    0.2217,    0.2284,    0.2341,    0.2405,    0.2517,    0.2663,    0.2628,    0.2609,    0.2673,    0.2623,    0.2737,    0.2680,    0.2660,    0.2694,    0.2645,    0.2591,    0.2536,    0.6620,    0.5951,    0.5583,    0.4857,    0.4534,    0.4104,    0.3943,    0.3670,    0.3602,    0.3350,    0.3234,    0.3005,    0.4171,    0.3453,    0.3046,    0.2781,    0.2806,    0.2479,    0.2388,    0.2106,    0.2115,    0.1865,    0.1870,    0.1649,    0.3983,    0.2227,    0.1463,    0.0899,    0.0687,    0.0487,    0.0319,    0.0175,    0.0132,    0.0084,    0.0036,    0.0023,    0.0933,    0.0478,    0.0871,    0.1070,    0.1203,    0.1115,    0.1227,    0.1378,    0.1215,    0.1673,    0.1479,    0.1623,    0.1790,    0.1457,    0.2115,    0.2340,    0.1908,    0.2023,    0.2057,    0.2250,    0.2540,    0.1881,    0.3030,    0.3194,    0.3932,    0.4203,    0.4350,    0.4625,    0.4744,    0.4942,    0.4917,    0.5319,    0.5578,    0.5520,    0.6094,    0.6202,    1.0658,    1.1641,    1.2206,    1.2557,    1.2718,    1.3856,    1.3071,    1.3865,    1.3326,    1.4242,    1.3497,    1.4444,    3.1151,    3.0647,    3.1455,    3.1668,    3.1961,    3.0726,    3.1805,    3.2618,    3.3281,    3.0943,    3.0502,    3.1676,    8.0077,    7.4552,    7.3725,    7.1510,    6.6074,    6.1990,    5.4441,    5.0109,    4.8191,    4.2266,    3.2493,    3.0206,    2.3317,    2.0721,    1.5826,    1.5136,    1.0229,    0.7443,    0.6033,    0.2430,    0.2150,    0.1533,    0.0534,    0.0437,    0.0050,    0.0190,    0.0403,    0.0667,    0.0964,    0.1280,    0.1600,    0.7609,    1.3163,    1.3832,    3.5738,    4.0795,    3.7453,    3.9039,    3.9789,    3.7383,    3.6340,    3.5689,    2.8751,    3.7375,    3.8268,    2.8935,    3.2340,    3.9119,    1.3608,    1.3597,    1.3553,    1.3445,    1.3411,    1.3298,    1.3301,    1.3195,    1.3066,    1.2996,    1.2837,    1.2754,    0.9731,    0.9654,    0.9574,    0.9475,    0.9380,    0.9287,    0.9179,    0.9076,    0.8969,    0.8853,    0.8723,    0.8578,    0.8872,    0.8714,    0.8637,    0.8394,    0.8281,    0.8118,    0.7997,    0.7811,    0.7637,    0.7498,    0.7372,    0.7256,    1.9456,    1.8809,    1.7980,    1.7374,    1.6584,    1.5886,    1.5078,    1.4350,    1.3537,    1.2861,    1.2137,    1.1507,    1.7161,    1.5865,    1.4509,    1.3184,    1.1750,    1.0668,    0.9519,    0.8622,    0.7578,    0.6843,    0.5965,    0.5371,    1.3015,    0.9815,    0.7003,    0.5018,    0.3409,    0.2331,    0.1611,    0.1151,    0.0764,    0.0524,    0.0381,    0.0255,    0.0000,    0.0000,    0.0000,    0.0001,    0.0001,    0.0001,    0.0001,    0.0004,    0.0003,    0.0005,    0.0004,    0.0018,    0.0019,    0.0016,    0.0023,    0.0025,    0.0034,    0.0022,    0.0003,    0.0006,    0.0028,    0.0034,    0.0044,    0.0046,    0.0057,    0.0061,    0.0063,    0.0067,    0.0180,    0.0184,    0.0172,    0.0156,    0.0138,    0.0164,    0.0228,    0.0231,    0.0511,    0.0559,    0.0585,    0.0594,    0.0583,    0.0647,    0.0621,    0.0726,    0.0668,    0.0755,    0.0714,    0.0760,    0.1646,    0.1607,    0.1668,    0.1658,    0.1669,    0.1609,    0.1666,    0.1708,    0.1743,    0.1620,    0.1597,    0.1659,    0.4193,    0.4822,    0.4768,    0.4624,    0.4271,    0.4006,    0.3517,    0.3236,    0.3111,    0.2727,    0.2095,    0.1946,    0.1501,    0.3981,    0.3036,    0.2899,    0.1955,    0.1420,    0.1148,    0.0461,    0.0406,    0.0289,    0.0100,    0.0082
    2,    2.0000,  227.5722,    0.0376,   61.9738,  142.8071,   81.3364,  -17.9278,  158.4330,  163.5827,  163.6723,  163.8293,  164.1029,  164.5732,  165.3648,  166.6602,  168.4872,  170.9519,  174.2721,  178.5564,  183.8814,  190.3071,  197.9049,  205.8548,  212.8059,  218.1105,  222.1140,  224.8330,  226.3589,  227.0949,  227.3721,  227.5098,  227.5598,    0.0649,    0.2459,    0.5202,    0.8610,    1.2450,    1.6523,    2.0661,    2.7491,    2.5266,    2.0053,    2.6043,    2.0985,    1.6674,    1.8317,    2.1281,    2.3330,    2.4489,    2.4524,    1.7441,    2.3273,    2.2879,    1.2903,    0.9241,    1.6402,    0.5762,    0.5677,    0.5368,    0.5260,    0.4922,    0.4813,    0.4524,    0.4335,    0.4225,    0.3975,    0.3916,    0.3704,    0.2728,    0.2592,    0.2422,    0.2371,    0.2267,    0.2071,    0.2210,    0.2186,    0.2246,    0.2290,    0.2339,    0.2436,    0.2568,    0.2529,    0.2517,    0.2564,    0.2514,    0.2618,    0.2563,    0.2537,    0.2564,    0.2515,    0.2463,    0.2409,    0.6284,    0.5653,    0.5296,    0.4614,    0.4302,    0.3895,    0.3735,    0.3472,    0.3398,    0.3156,    0.3040,    0.2821,    0.3915,    0.3243,    0.2855,    0.2599,    0.2606,    0.2297,    0.2203,    0.1939,    0.1937,    0.1705,    0.1704,    0.1499,    0.3605,    0.2007,    0.1310,    0.0801,    0.0606,    0.0427,    0.0278,    0.0151,    0.0113,    0.0072,    0.0031,    0.0020,    0.0933,    0.0478,    0.0871,    0.1070,    0.1203,    0.1115,    0.1227,    0.1378,    0.1215,    0.1673,    0.1479,    0.1623,    0.1790,    0.1457,    0.2115,    0.2340,    0.1908,    0.2022,    0.2056,    0.2249,    0.2539,    0.1882,    0.3030,    0.3195,    0.3932,    0.4203,    0.4351,    0.4625,    0.4745,    0.4944,    0.4918,    0.5320,    0.5578,    0.5521,    0.6096,    0.6204,    1.0663,    1.1645,    1.2210,    1.2562,    1.2722,    1.3861,    1.3076,    1.3871,    1.3331,    1.4248,    1.3503,    1.4450,    3.1165,    3.0660,    3.1469,    3.1681,    3.1974,    3.0739,    3.1818,    3.2631,    3.3295,    3.0956,    3.0515,    3.1689,    8.0110,    7.4590,    7.3763,    7.1548,    6.6110,    6.2024,    5.4472,    5.0138,    4.8220,    4.2293,    3.2515,    3.0227,    2.3334,    2.0776,    1.5870,    1.5180,    1.0260,    0.7467,    0.6052,    0.2438,    0.2158,    0.1539,    0.0537,    0.0439,    0.0057,    0.0216,    0.0456,    0.0754,    0.1091,    0.1448,    0.1810,    0.8476,    1.4455,    1.4963,    3.6253,    4.0913,    3.7524,    3.9121,    3.9961,    3.8236,    3.7477,    3.6975,    3.0279,    3.8439,    3.9134,    3.0172,    3.3332,    3.9495,    1.3720,    1.3690,    1.3634,    1.3522,    1.3473,    1.3356,    1.3337,    1.3227,    1.3094,    1.3014,    1.2854,    1.2762,    0.9733,    0.9655,    0.9574,    0.9475,    0.9380,    0.9287,    0.9180,    0.9076,    0.8969,    0.8854,    0.8726,    0.8584,    0.8887,    0.8736,    0.8653,    0.8428,    0.8314,    0.8157,    0.8038,    0.7863,    0.7698,    0.7563,    0.7439,    0.7324,    1.9639,    1.8962,    1.8131,    1.7494,    1.6702,    1.5990,    1.5187,    1.4456,    1.3654,    1.2974,    1.2255,    1.1620,    1.7318,    1.5993,    1.4628,    1.3302,    1.1894,    1.0804,    0.9666,    0.8758,    0.7732,    0.6984,    0.6118,    0.5510,    1.3379,    1.0030,    0.7162,    0.5126,    0.3500,    0.2400,    0.1660,    0.1181,    0.0787,    0.0539,    0.0390,    0.0262,    0.0000,    0.0000,    0.0000,    0.0000,    0.0000,    0.0000,    0.0001,    0.0002,    0.0002,    0.0002,    0.0002,    0.0009,    0.0010,    0.0008,    0.0012,    0.0013,    0.0019,    0.0012,    0.0002,    0.0003,    0.0016,    0.0019,    0.0024,    0.0025,    0.0031,    0.0033,    0.0035,    0.0037,    0.0113,    0.0116,    0.0108,    0.0098,    0.0087,    0.0103,    0.0143,    0.0146,    0.0332,    0.0363,    0.0380,    0.0386,    0.0379,    0.0420,    0.0403,    0.0479,    0.0440,    0.0498,    0.0471,    0.0501,    0.1085,    0.1059,    0.1099,    0.1092,    0.1099,    0.1060,    0.1097,    0.1125,    0.1148,    0.1067,    0.1052,    0.1093,    0.2762,    0.3277,    0.3241,    0.3143,    0.2903,    0.2723,    0.2391,    0.2200,    0.2114,    0.1854,    0.1424,    0.1323,    0.1020,    0.3133,    0.2390,    0.2282,    0.1539,    0.1118,    0.0904,    0.0363,    0.0320,    0.0227,    0.0079,    0.0064
