Particle       ,data/QEXT_96IR_84_VIS_NC5v2_2umrod
Ncase          ,  14
dt (sols)      ,  0.020833
Qext 0.67um    ,  1.509038
Alb sfc        ,  0.220000
Conrath nu     ,  0.002000
Sun Flux (W/m2),148.389262
BWN IR (cm-1)  ,     10.0000,     34.1670,     58.3330,     82.5000,    106.6670,    130.8330,    155.0000,    179.1670,    203.3330,    227.5000,    251.6670,    275.8330,    300.0000,    320.7880,    341.5750,    362.3630,    383.1500,    403.9380,    424.7250,    445.5130,    466.3010,    487.0880,    507.8760,    528.6630,    549.4510,    556.7420,    564.0330,    571.3240,    578.6150,    585.9060,    593.1970,    600.4880,    607.7790,    615.0700,    622.3610,    629.6520,    636.9430,    642.5500,    648.1570,    653.7640,    659.3700,    664.9770,    670.5840,    676.1910,    681.7980,    687.4050,    693.0110,    698.6180,    704.2250,    710.1390,    716.0530,    721.9670,    727.8810,    733.7950,    739.7090,    745.6240,    751.5380,    757.4520,    763.3660,    769.2800,    775.1940,    791.5010,    807.8070,    824.1140,    840.4210,    856.7270,    873.0340,    889.3410,    905.6470,    921.9540,    938.2610,    954.5670,    970.8740,    996.8050,   1022.7370,   1048.6680,   1074.6000,   1100.5310,   1126.4630,   1152.3940,   1178.3250,   1204.2570,   1230.1880,   1256.1200,   1282.0510,   1360.3990,   1438.7460,   1517.0940,   1595.4410,   1673.7890,   1752.1370,   1830.4840,   1908.8320,   1987.1790,   2065.5270,   2143.8740,   2222.2220
BWN VIS (cm-1) ,   2222.2200,   2294.3160,   2366.4120,   2438.5080,   2510.6030,   2582.6990,   2654.7950,   2726.8910,   2798.9870,   2871.0820,   2943.1780,   3015.2740,   3087.3700,   3165.9750,   3244.5800,   3323.1850,   3401.7900,   3480.3950,   3559.0000,   3637.6050,   3716.2100,   3794.8150,   3873.4200,   3952.0250,   4030.6300,   4142.2920,   4253.9530,   4365.6150,   4477.2770,   4588.9380,   4700.6000,   4812.2620,   4923.9230,   5035.5850,   5147.2470,   5258.9080,   5370.5700,   5560.6150,   5750.6600,   5940.7050,   6130.7500,   6320.7950,   6510.8400,   6700.8850,   6890.9300,   7080.9750,   7271.0200,   7461.0650,   7651.1100,   8055.1840,   8459.2580,   8863.3330,   9267.4070,   9671.4810,  10075.5550,  10479.6290,  10883.7030,  11287.7780,  11691.8520,  12095.9260,  12500.0000,  13541.6670,  14583.3330,  15625.0000,  16666.6670,  17708.3330,  18750.0000,  19791.6670,  20833.3330,  21875.0000,  22916.6670,  23958.3330,  25000.0000,  26388.8890,  27777.7780,  29166.6670,  30555.5570,  31944.4460,  33333.3350,  34722.2240,  36111.1130,  37500.0030,  38888.8920,  40277.7810,  41666.6700
SUN VIS (W/m2) ,      0.1008,      0.0862,      0.0968,      0.1089,      0.1224,      0.1136,      0.1248,      0.1400,      0.1233,      0.1698,      0.1502,      0.1645,      0.1814,      0.1477,      0.2144,      0.2377,      0.1946,      0.2106,      0.2276,      0.2472,      0.2683,      0.1918,      0.3072,      0.3239,      0.3986,      0.4261,      0.4410,      0.4688,      0.4810,      0.5017,      0.5013,      0.5485,      0.5772,      0.5665,      0.6183,      0.6303,      1.0809,      1.1806,      1.2379,      1.2751,      1.2949,      1.4092,      1.3262,      1.4132,      1.3634,      1.4505,      1.3747,      1.4716,      3.1730,      3.1258,      3.2038,      3.2543,      3.2846,      3.1576,      3.2685,      3.3520,      3.4202,      3.1800,      3.1347,      3.2554,      8.2299,      7.8425,      7.7561,      7.5237,      6.9524,      6.5235,      5.7299,      5.2748,      5.0739,      4.4511,      3.4228,      3.1828,      2.4579,      2.2644,      1.7312,      1.6575,      1.1215,      0.8173,      0.6634,      0.2677,      0.2374,      0.1697,      0.0593,      0.0486
================
wavelenght [um],    0.244068,    0.252632,    0.261818,    0.271698,    0.282353,    0.293878,    0.306383,    0.320000,    0.334884,    0.351220,    0.369231,    0.389189,    0.408511,    0.426667,    0.446512,    0.468293,    0.492308,    0.518919,    0.548571,    0.581818,    0.619355,    0.662069,    0.711111,    0.768000,    0.813143,    0.840768,    0.870336,    0.902060,    0.936184,    0.972991,    1.012810,    1.056028,    1.103099,    1.154562,    1.211061,    1.273375,    1.323436,    1.357581,    1.393534,    1.431444,    1.471474,    1.513807,    1.558648,    1.606226,    1.656801,    1.710664,    1.768147,    1.829628,    1.881560,    1.921939,    1.964090,    2.008131,    2.054193,    2.102417,    2.152960,    2.205992,    2.261704,    2.320302,    2.382017,    2.447105,    2.505432,    2.555765,    2.608162,    2.662752,    2.719677,    2.779088,    2.841153,    2.906054,    2.973989,    3.045176,    3.119855,    3.198288,    3.277268,    3.356577,    3.439819,    3.527294,    3.619334,    3.716307,    3.818620,    3.926726,    4.041130,    4.162400,    4.291175,    4.428172,    4.580751,    4.751270,    4.934974,    5.133456,    5.348572,    5.582505,    5.837838,    6.117648,    6.425631,    6.766266,    7.145039,    7.568734,    7.879690,    8.044056,    8.215425,    8.394255,    8.581043,    8.776330,    8.980716,    9.194848,    9.419442,    9.655282,    9.903235,   10.164260,   10.387231,   10.566200,   10.751445,   10.943308,   11.142136,   11.348323,   11.562291,   11.784476,   12.015368,   12.255495,   12.505409,   12.765727,   12.949392,   13.049328,   13.150818,   13.253898,   13.358608,   13.464994,   13.573088,   13.682923,   13.794549,   13.908012,   14.023357,   14.140631,   14.256763,   14.371646,   14.488386,   14.607038,   14.727660,   14.850291,   14.974981,   15.101782,   15.230738,   15.361915,   15.495384,   15.631191,   15.790367,   15.974275,   16.162517,   16.355249,   16.552633,   16.754839,   16.962047,   17.174443,   17.392227,   17.615605,   17.844795,   18.080028,   18.550914,   19.294981,   20.101230,   20.977796,   21.934298,   22.982219,   24.135264,   25.410119,   26.827165,   28.411593,   30.194923,   32.217118,   34.732292,   37.914692,   41.739101,   46.421699,   52.287582,   59.850314,   69.970927,   84.210526,  105.726686,  142.012170,  216.216216,  452.826771
Qext           ,      1.1807,      1.1807,      1.1807,      1.1807,      1.1807,      1.1807,      1.1807,      1.1807,      1.1807,      1.1807,      1.1807,      1.5090,      1.5090,      1.5090,      1.5090,      1.5090,      1.5090,      1.5090,      1.5090,      1.5090,      1.5090,      1.5090,      1.5090,      1.2139,      1.2139,      1.2139,      1.2139,      1.2139,      1.2139,      1.2139,      1.2139,      1.2139,      1.2139,      1.0066,      1.0066,      1.0066,      1.0066,      1.0066,      1.0066,      1.0066,      1.0066,      1.2524,      1.2524,      1.2524,      1.2524,      1.2524,      1.2524,      1.2524,      1.5638,      1.5638,      1.5638,      1.5638,      1.5638,      1.5638,      1.5638,      1.5638,      2.2045,      2.2045,      2.2045,      2.2045,      2.2045,      2.2045,      1.4666,      1.4666,      1.4666,      1.4666,      1.4666,      1.4666,      1.6873,      1.6873,      1.6873,      1.6873,      1.6873,      2.3392,      2.3392,      2.3392,      2.3392,      1.7707,      1.7707,      1.7707,      1.7707,      2.3233,      2.3233,      2.3233,      3.9703,      3.9703,      6.3713,      6.3713,      6.8303,      5.0297,      5.0297,      2.9020,      1.5400,      0.8825,      0.6014,      0.5137,      0.5549,      0.5549,      0.6836,      0.6836,      0.8493,      0.8493,      1.0015,      1.0015,      1.1043,      1.1426,      1.1426,      1.1183,      1.0441,      1.0441,      0.9365,      0.9365,      0.8118,      0.8118,      0.6832,      0.5603,      0.5603,      0.4489,      0.4489,      0.3523,      0.2712,      0.2712,      0.2712,      0.2712,      0.2052,      0.2052,      0.2052,      0.1529,      0.1529,      0.1529,      0.1125,      0.1125,      0.1125,      0.0821,      0.0821,      0.0821,      0.0598,      0.0598,      0.0598,      0.0440,      0.0440,      0.0440,      0.0331,      0.0331,      0.0331,      0.0261,      0.0261,      0.0218,      0.0218,      0.0195,      0.0186,      0.0186,      0.0186,      0.0186,      0.0191,      0.0199,      0.0204,      0.0221,      0.0234,      0.0236,      0.0228,      0.0209,      0.0185,      0.0155,      0.0123,      0.0093,      0.0067,      0.0047,      0.0032,      0.0023,      0.0021,      0.0023,      0.0026,      0.0028,      0.0028,      0.0028,      0.0028,      0.0028,      0.0028,      0.0028
Qscat          ,      0.6066,      0.6066,      0.6066,      0.6066,      0.6066,      0.6066,      0.6066,      0.6066,      0.6066,      0.6066,      0.6066,      0.4177,      0.4177,      0.4177,      0.4177,      0.4177,      0.4177,      0.4177,      0.4177,      0.4177,      0.4177,      0.4177,      0.4177,      0.1798,      0.1798,      0.1798,      0.1798,      0.1798,      0.1798,      0.1798,      0.1798,      0.1798,      0.1798,      0.1060,      0.1060,      0.1060,      0.1060,      0.1060,      0.1060,      0.1060,      0.1060,      0.1105,      0.1105,      0.1105,      0.1105,      0.1105,      0.1105,      0.1105,      0.1013,      0.1013,      0.1013,      0.1013,      0.1013,      0.1013,      0.1013,      0.1013,      0.1602,      0.1602,      0.1602,      0.1602,      0.1602,      0.1602,      0.0724,      0.0724,      0.0724,      0.0724,      0.0724,      0.0724,      0.0696,      0.0696,      0.0696,      0.0696,      0.0696,      0.1763,      0.1763,      0.1763,      0.1763,      0.1796,      0.1796,      0.1796,      0.1796,      0.1498,      0.1498,      0.1498,      0.3860,      0.3860,      0.3341,      0.3341,      0.6828,      0.7032,      0.7032,      0.4460,      0.2902,      0.2163,      0.1544,      0.1051,      0.1115,      0.1115,      0.1926,      0.1926,      0.3208,      0.3208,      0.4546,      0.4546,      0.5664,      0.6423,      0.6423,      0.6730,      0.6507,      0.6507,      0.5729,      0.5729,      0.4458,      0.4458,      0.2851,      0.1116,      0.1116,     -0.0531,     -0.0531,     -0.1911,     -0.2904,     -0.2904,     -0.2904,     -0.2904,     -0.3460,     -0.3460,     -0.3460,     -0.3586,     -0.3586,     -0.3586,     -0.3333,     -0.3333,     -0.3333,     -0.2782,     -0.2782,     -0.2782,     -0.2021,     -0.2021,     -0.2021,     -0.1139,     -0.1139,     -0.1139,     -0.0218,     -0.0218,     -0.0218,      0.0261,      0.0261,      0.0218,      0.0218,      0.0195,      0.0186,      0.0186,      0.0186,      0.0186,      0.0191,      0.0199,      0.0204,      0.0220,      0.0234,      0.0236,      0.0228,     -0.0766,     -0.1840,     -0.2724,     -0.3267,     -0.3351,     -0.2987,     -0.2239,     -0.1078,      0.0023,      0.0021,      0.0023,      0.0026,      0.0028,      0.0028,      0.0028,      0.0028,      0.0028,      0.0028,      0.0028
G factor       ,      0.5150,      0.5150,      0.5150,      0.5150,      0.5150,      0.5150,      0.5150,      0.5150,      0.5150,      0.5150,      0.5150,      0.3320,      0.3320,      0.3320,      0.3320,      0.3320,      0.3320,      0.3320,      0.3320,      0.3320,      0.3320,      0.3320,      0.3320,      0.1970,      0.1970,      0.1970,      0.1970,      0.1970,      0.1970,      0.1970,      0.1970,      0.1970,      0.1970,      0.1700,      0.1700,      0.1700,      0.1700,      0.1700,      0.1700,      0.1700,      0.1700,      0.2520,      0.2520,      0.2520,      0.2520,      0.2520,      0.2520,      0.2520,      0.1550,      0.1550,      0.1550,      0.1550,      0.1550,      0.1550,      0.1550,      0.1550,      0.0930,      0.0930,      0.0930,      0.0930,      0.0930,      0.0930,      0.0250,      0.0250,      0.0250,      0.0250,      0.0250,      0.0250,      0.0990,      0.0990,      0.0990,      0.0990,      0.0990,      0.0960,      0.0960,      0.0960,      0.0960,      0.0080,      0.0080,      0.0080,      0.0080,      0.0780,      0.0780,      0.0780,      0.1390,      0.1390,      0.0940,      0.0940,      0.0590,      0.0560,      0.0560,      0.0770,      0.0980,      0.0870,      0.0570,      0.0500,      0.0610,      0.0610,      0.0640,      0.0640,      0.0560,      0.0560,      0.0450,      0.0450,      0.0370,      0.0300,      0.0300,      0.0250,      0.0220,      0.0220,      0.0200,      0.0200,      0.0190,      0.0190,      0.0190,      0.0200,      0.0200,      0.0200,      0.0200,      0.0210,      0.0210,      0.0210,      0.0210,      0.0210,      0.0210,      0.0210,      0.0210,      0.0200,      0.0200,      0.0200,      0.0170,      0.0170,      0.0170,      0.0120,      0.0120,      0.0120,      0.0040,      0.0040,      0.0040,     -0.0070,     -0.0070,     -0.0070,     -0.0220,     -0.0220,     -0.0220,     -0.0390,     -0.0390,     -0.0540,     -0.0540,     -0.0640,     -0.0670,     -0.0670,     -0.0640,     -0.0640,     -0.0580,     -0.0490,     -0.0450,     -0.0300,     -0.0160,     -0.0060,     -0.0000,      0.0050,      0.0080,      0.0120,      0.0150,      0.0180,      0.0220,      0.0280,      0.0370,      0.0430,      0.0200,     -0.0080,     -0.0150,     -0.0150,     -0.0150,     -0.0150,     -0.0150,     -0.0150,     -0.0150,     -0.0150
================
P [mbar]       ,    0.1004,    0.1015,    0.1034,    0.1069,    0.1130,    0.1239,    0.1432,    0.1740,    0.2226,    0.3028,    0.4349,    0.6529,    1.0121,    1.6044,    2.4646,    3.4606,    4.3994,    5.2226,    5.8426,    6.2132,    6.3980,    6.4686,    6.5039,    6.5168
Temp initial[K],  163.5827,  163.6723,  163.8293,  164.1029,  164.5732,  165.3648,  166.6602,  168.4872,  170.9519,  174.2721,  178.5564,  183.8814,  190.3071,  197.9049,  205.8548,  212.8059,  218.1105,  222.1140,  224.8330,  226.3589,  227.0949,  227.3721,  227.5098,  227.5598
================
it   ,   tau    ,  Tsfc    ,   alb    ,   OLR    ,    ASR   ,  NET top ,  NET bot , T lev  01, T lev  02, T lev  03, T lev  04, T lev  05, T lev  06, T lev  07, T lev  08, T lev  09, T lev  10, T lev  11, T lev  12, T lev  13, T lev  14, T lev  15, T lev  16, T lev  17, T lev  18, T lev  19, T lev  20, T lev  21, T lev  22, T lev  23, T lev  24, T lev  25,  OLR IR01,  OLR IR02,  OLR IR03,  OLR IR04,  OLR IR05,  OLR IR06,  OLR IR07,  OLR IR08,  OLR IR09,  OLR IR10,  OLR IR11,  OLR IR12,  OLR IR13,  OLR IR14,  OLR IR15,  OLR IR16,  OLR IR17,  OLR IR18,  OLR IR19,  OLR IR20,  OLR IR21,  OLR IR22,  OLR IR23,  OLR IR24,  OLR IR25,  OLR IR26,  OLR IR27,  OLR IR28,  OLR IR29,  OLR IR30,  OLR IR31,  OLR IR32,  OLR IR33,  OLR IR34,  OLR IR35,  OLR IR36,  OLR IR37,  OLR IR38,  OLR IR39,  OLR IR40,  OLR IR41,  OLR IR42,  OLR IR43,  OLR IR44,  OLR IR45,  OLR IR46,  OLR IR47,  OLR IR48,  OLR IR49,  OLR IR50,  OLR IR51,  OLR IR52,  OLR IR53,  OLR IR54,  OLR IR55,  OLR IR56,  OLR IR57,  OLR IR58,  OLR IR59,  OLR IR60,  OLR IR61,  OLR IR62,  OLR IR63,  OLR IR64,  OLR IR65,  OLR IR66,  OLR IR67,  OLR IR68,  OLR IR69,  OLR IR70,  OLR IR71,  OLR IR72,  OLR IR73,  OLR IR74,  OLR IR75,  OLR IR76,  OLR IR77,  OLR IR78,  OLR IR79,  OLR IR80,  OLR IR81,  OLR IR82,  OLR IR83,  OLR IR84,  OLR IR85,  OLR IR86,  OLR IR87,  OLR IR88,  OLR IR89,  OLR IR90,  OLR IR91,  OLR IR92,  OLR IR93,  OLR IR94,  OLR IR95,  OLR IR96, ASR VIS01, ASR VIS02, ASR VIS03, ASR VIS04, ASR VIS05, ASR VIS06, ASR VIS07, ASR VIS08, ASR VIS09, ASR VIS10, ASR VIS11, ASR VIS12, ASR VIS13, ASR VIS14, ASR VIS15, ASR VIS16, ASR VIS17, ASR VIS18, ASR VIS19, ASR VIS20, ASR VIS21, ASR VIS22, ASR VIS23, ASR VIS24, ASR VIS25, ASR VIS26, ASR VIS27, ASR VIS28, ASR VIS29, ASR VIS30, ASR VIS31, ASR VIS32, ASR VIS33, ASR VIS34, ASR VIS35, ASR VIS36, ASR VIS37, ASR VIS38, ASR VIS39, ASR VIS40, ASR VIS41, ASR VIS42, ASR VIS43, ASR VIS44, ASR VIS45, ASR VIS46, ASR VIS47, ASR VIS48, ASR VIS49, ASR VIS50, ASR VIS51, ASR VIS52, ASR VIS53, ASR VIS54, ASR VIS55, ASR VIS56, ASR VIS57, ASR VIS58, ASR VIS59, ASR VIS60, ASR VIS61, ASR VIS62, ASR VIS63, ASR VIS64, ASR VIS65, ASR VIS66, ASR VIS67, ASR VIS68, ASR VIS69, ASR VIS70, ASR VIS71, ASR VIS72, ASR VIS73, ASR VIS74, ASR VIS75, ASR VIS76, ASR VIS77, ASR VIS78, ASR VIS79, ASR VIS80, ASR VIS81, ASR VIS82, ASR VIS83, ASR VIS84, SFC DIR01, SFC DIR02, SFC DIR03, SFC DIR04, SFC DIR05, SFC DIR06, SFC DIR07, SFC DIR08, SFC DIR09, SFC DIR10, SFC DIR11, SFC DIR12, SFC DIR13, SFC DIR14, SFC DIR15, SFC DIR16, SFC DIR17, SFC DIR18, SFC DIR19, SFC DIR20, SFC DIR21, SFC DIR22, SFC DIR23, SFC DIR24, SFC DIR25, SFC DIR26, SFC DIR27, SFC DIR28, SFC DIR29, SFC DIR30, SFC DIR31, SFC DIR32, SFC DIR33, SFC DIR34, SFC DIR35, SFC DIR36, SFC DIR37, SFC DIR38, SFC DIR39, SFC DIR40, SFC DIR41, SFC DIR42, SFC DIR43, SFC DIR44, SFC DIR45, SFC DIR46, SFC DIR47, SFC DIR48, SFC DIR49, SFC DIR50, SFC DIR51, SFC DIR52, SFC DIR53, SFC DIR54, SFC DIR55, SFC DIR56, SFC DIR57, SFC DIR58, SFC DIR59, SFC DIR60, SFC DIR61, SFC DIR62, SFC DIR63, SFC DIR64, SFC DIR65, SFC DIR66, SFC DIR67, SFC DIR68, SFC DIR69, SFC DIR70, SFC DIR71, SFC DIR72, SFC DIR73, SFC DIR74, SFC DIR75, SFC DIR76, SFC DIR77, SFC DIR78, SFC DIR79, SFC DIR80, SFC DIR81, SFC DIR82, SFC DIR83, SFC DIR84, SFC DIR85, SFC DIR86, SFC DIR87, SFC DIR88, SFC DIR89, SFC DIR90, SFC DIR91, SFC DIR92, SFC DIR93, SFC DIR94, SFC DIR95, SFC DIR96,SFC DVIS01,SFC DVIS02,SFC DVIS03,SFC DVIS04,SFC DVIS05,SFC DVIS06,SFC DVIS07,SFC DVIS08,SFC DVIS09,SFC DVIS10,SFC DVIS11,SFC DVIS12,SFC DVIS13,SFC DVIS14,SFC DVIS15,SFC DVIS16,SFC DVIS17,SFC DVIS18,SFC DVIS19,SFC DVIS20,SFC DVIS21,SFC DVIS22,SFC DVIS23,SFC DVIS24,SFC DVIS25,SFC DVIS26,SFC DVIS27,SFC DVIS28,SFC DVIS29,SFC DVIS30,SFC DVIS31,SFC DVIS32,SFC DVIS33,SFC DVIS34,SFC DVIS35,SFC DVIS36,SFC DVIS37,SFC DVIS38,SFC DVIS39,SFC DVIS40,SFC DVIS41,SFC DVIS42,SFC DVIS43,SFC DVIS44,SFC DVIS45,SFC DVIS46,SFC DVIS47,SFC DVIS48,SFC DVIS49,SFC DVIS50,SFC DVIS51,SFC DVIS52,SFC DVIS53,SFC DVIS54,SFC DVIS55,SFC DVIS56,SFC DVIS57,SFC DVIS58,SFC DVIS59,SFC DVIS60,SFC DVIS61,SFC DVIS62,SFC DVIS63,SFC DVIS64,SFC DVIS65,SFC DVIS66,SFC DVIS67,SFC DVIS68,SFC DVIS69,SFC DVIS70,SFC DVIS71,SFC DVIS72,SFC DVIS73,SFC DVIS74,SFC DVIS75,SFC DVIS76,SFC DVIS77,SFC DVIS78,SFC DVIS79,SFC DVIS80,SFC DVIS81,SFC DVIS82,SFC DVIS83,SFC DVIS84
    2,    0.0000,  227.5722,    0.2192,  139.8688,  115.8602,  -23.5218,  -14.0680,  158.4330,  163.5827,  163.6723,  163.8293,  164.1029,  164.5732,  165.3648,  166.6602,  168.4872,  170.9519,  174.2721,  178.5564,  183.8814,  190.3071,  197.9049,  205.8548,  212.8059,  218.1105,  222.1140,  224.8330,  226.3589,  227.0949,  227.3721,  227.5098,  227.5598,    0.0705,    0.2675,    0.5658,    0.9364,    1.3541,    1.7971,    2.2470,    2.6886,    3.1100,    3.5012,    3.8550,    4.1668,    3.7991,    3.9662,    4.1036,    4.2111,    4.2902,    4.3412,    4.3666,    4.3674,    4.3455,    4.3031,    4.2365,    4.1377,    1.4329,    1.4160,    1.3937,    1.3544,    1.3064,    1.2531,    1.1042,    1.0903,    1.0331,    0.8812,    0.8657,    0.6804,    0.4286,    0.3613,    0.2973,    0.2859,    0.2660,    0.2237,    0.2586,    0.2615,    0.2793,    0.3166,    0.3804,    0.4522,    0.5746,    0.6344,    0.5305,    0.6851,    0.6744,    0.6698,    0.6769,    0.7426,    0.7550,    0.7683,    0.7700,    0.7628,    2.0538,    1.9716,    1.9052,    1.8274,    1.7484,    1.6691,    1.5919,    1.5151,    1.4407,    1.3665,    1.2937,    1.2291,    1.8278,    1.6842,    1.5339,    1.3924,    1.2741,    1.1725,    1.0662,    0.9681,    0.8777,    0.7928,    0.7079,    0.6374,    1.5840,    1.1437,    0.8293,    0.5901,    0.4167,    0.2922,    0.2036,    0.1383,    0.0940,    0.0622,    0.0416,    0.0303,    0.0906,    0.0482,    0.0759,    0.0854,    0.0957,    0.0892,    0.0975,    0.1096,    0.0962,    0.1325,    0.1172,    0.1283,    0.1417,    0.1155,    0.1680,    0.1868,    0.1536,    0.1833,    0.2065,    0.2237,    0.2252,    0.1502,    0.2398,    0.2533,    0.3110,    0.3324,    0.3440,    0.3658,    0.3756,    0.3940,    0.4010,    0.4565,    0.4953,    0.4717,    0.4852,    0.4943,    0.8433,    0.9209,    0.9663,    0.9993,    1.0234,    1.1077,    1.0381,    1.1064,    1.0804,    1.1314,    1.0733,    1.1507,    2.4780,    2.4450,    2.4989,    2.5384,    2.5644,    2.4626,    2.5489,    2.6139,    2.6670,    2.4800,    2.4441,    2.5380,    6.4157,    6.1123,    6.0433,    5.8603,    5.4132,    5.0767,    4.4565,    4.0997,    3.9404,    3.4535,    2.6528,    2.4637,    1.8993,    1.7458,    1.3311,    1.2705,    0.8565,    0.6215,    0.5021,    0.2015,    0.1776,    0.1261,    0.0437,    0.0355,    0.0000,    0.0000,    0.0000,    0.0000,    0.0000,    0.0000,    0.0000,    0.0000,    0.0000,    0.0000,    0.0000,    0.0000,    0.0000,    0.0000,    0.0000,    0.0000,    0.0000,    0.0000,    0.0000,    0.0004,    0.0013,    0.0042,    0.0316,    0.1224,    0.0337,    0.0553,    0.0951,    0.1939,    0.3170,    0.4390,    0.7874,    0.8078,    0.8986,    1.0611,    1.1127,    1.2540,    0.9696,    0.9641,    0.9572,    0.9473,    0.9378,    0.9287,    0.9178,    0.9074,    0.8966,    0.8844,    0.8683,    0.8421,    0.8025,    0.6764,    0.7395,    0.4977,    0.5022,    0.4908,    0.4247,    0.2470,    0.1814,    0.1031,    0.0612,    0.0469,    0.0933,    0.0788,    0.0260,    0.0119,    0.0030,    0.0028,    0.0017,    0.0056,    0.0100,    0.0182,    0.0292,    0.0235,    0.0278,    0.0056,    0.0259,    0.0458,    0.0328,    0.0004,    0.0000,    0.0000,    0.0000,    0.0031,    0.0165,    0.0171,    0.0171,    0.0171,    0.0000,    0.0000,    0.0000,    0.0000,    0.0000,    0.0035,    0.0040,    0.0054,    0.0048,    0.0010,    0.0230,    0.0000,    0.0598,    0.1073,    0.1213,    0.1109,    0.1245,    0.1385,    0.1233,    0.1698,    0.1501,    0.1645,    0.1806,    0.1466,    0.2118,    0.2312,    0.1878,    0.1215,    0.0145,    0.0325,    0.1583,    0.1897,    0.3065,    0.3218,    0.3984,    0.4260,    0.4410,    0.4686,    0.4796,    0.4909,    0.4572,    0.4157,    0.3661,    0.4375,    0.6076,    0.6165,    1.0804,    1.1803,    1.2358,    1.2540,    1.2316,    1.3659,    1.3119,    1.3949,    1.2823,    1.4502,    1.3714,    1.4595,    3.1611,    3.0848,    3.2030,    3.2531,    3.2743,    3.1567,    3.2678,    3.3511,    3.4192,    3.1776,    3.1334,    3.2539,    8.2247,    7.8363,    7.7478,    7.5132,    6.9399,    6.5086,    5.7135,    5.2561,    5.0518,    4.4276,    3.4010,    3.1586,    2.4350,    2.2382,    1.7066,    1.6288,    1.0981,    0.7968,    0.6438,    0.2584,    0.2277,    0.1616,    0.0560,    0.0455
    2,    0.0500,  227.5722,    0.1964,  138.9457,  119.2430,  -19.2159,  -21.0542,  158.4330,  163.5827,  163.6723,  163.8293,  164.1029,  164.5732,  165.3648,  166.6602,  168.4872,  170.9519,  174.2721,  178.5564,  183.8814,  190.3071,  197.9049,  205.8548,  212.8059,  218.1105,  222.1140,  224.8330,  226.3589,  227.0949,  227.3721,  227.5098,  227.5598,    0.0705,    0.2675,    0.5657,    0.9363,    1.3539,    1.7969,    2.2468,    2.6884,    3.1097,    3.5009,    3.8547,    4.1765,    3.8169,    3.9903,    4.1308,    4.2374,    4.3116,    4.3550,    4.3714,    4.3641,    4.3420,    4.2997,    4.2332,    4.1348,    1.4319,    1.4151,    1.3928,    1.3535,    1.3056,    1.2524,    1.1037,    1.0897,    1.0326,    0.8808,    0.8654,    0.6803,    0.4286,    0.3613,    0.2973,    0.2859,    0.2661,    0.2237,    0.2586,    0.2615,    0.2794,    0.3167,    0.3804,    0.4522,    0.5746,    0.6345,    0.5304,    0.6850,    0.6743,    0.6690,    0.6762,    0.7419,    0.7529,    0.7661,    0.7678,    0.7605,    2.0417,    1.9527,    1.8865,    1.8017,    1.7236,    1.6380,    1.5552,    1.4800,    1.4016,    1.3294,    1.2545,    1.1917,    1.7684,    1.6285,    1.4830,    1.3482,    1.2374,    1.1382,    1.0398,    0.9439,    0.8600,    0.7767,    0.6962,    0.6268,    1.5589,    1.1221,    0.8060,    0.5609,    0.3780,    0.2463,    0.1711,    0.1089,    0.0748,    0.0494,    0.0360,    0.0260,    0.0914,    0.0481,    0.0788,    0.0892,    0.1001,    0.0932,    0.1020,    0.1163,    0.1023,    0.1408,    0.1245,    0.1348,    0.1488,    0.1212,    0.1763,    0.1957,    0.1599,    0.1866,    0.2067,    0.2242,    0.2302,    0.1566,    0.2542,    0.2683,    0.3296,    0.3523,    0.3647,    0.3877,    0.3925,    0.4111,    0.4164,    0.4695,    0.5061,    0.4855,    0.5063,    0.5158,    0.8731,    0.9535,    1.0004,    1.0337,    1.0567,    1.1450,    1.0742,    1.1365,    1.1075,    1.1629,    1.1029,    1.1822,    2.5464,    2.5115,    2.5682,    2.6156,    2.6420,    2.5375,    2.6265,    2.6935,    2.7482,    2.5554,    2.5185,    2.6153,    6.6111,    6.2863,    6.2154,    6.0273,    5.5676,    5.2217,    4.5840,    4.2171,    4.0534,    3.5528,    2.7292,    2.5349,    1.9544,    1.7657,    1.3464,    1.2852,    0.8666,    0.6289,    0.5082,    0.2040,    0.1798,    0.1277,    0.0443,    0.0360,    0.0000,    0.0000,    0.0001,    0.0001,    0.0001,    0.0002,    0.0002,    0.0002,    0.0002,    0.0002,    0.0003,    0.0105,    0.0190,    0.0259,    0.0297,    0.0298,    0.0259,    0.0192,    0.0109,    0.0037,    0.0047,    0.0076,    0.0348,    0.1253,    0.0346,    0.0562,    0.0960,    0.1947,    0.3177,    0.4396,    0.7877,    0.8081,    0.8989,    1.0613,    1.1128,    1.2541,    0.9696,    0.9641,    0.9572,    0.9473,    0.9378,    0.9287,    0.9178,    0.9074,    0.8966,    0.8844,    0.8683,    0.8422,    0.8032,    0.6782,    0.7409,    0.5016,    0.5059,    0.4953,    0.4299,    0.2544,    0.1910,    0.1137,    0.0723,    0.0580,    0.1282,    0.1174,    0.0638,    0.0536,    0.0428,    0.0463,    0.0490,    0.0503,    0.0578,    0.0632,    0.0759,    0.0679,    0.0985,    0.0729,    0.0863,    0.0983,    0.0768,    0.0415,    0.0319,    0.0288,    0.0213,    0.0222,    0.0303,    0.0294,    0.0453,    0.0401,    0.0239,    0.0287,    0.0365,    0.0416,    0.0284,    0.0280,    0.0193,    0.0152,    0.0089,    0.0040,    0.0198,    0.0000,    0.0515,    0.0959,    0.1085,    0.0992,    0.1113,    0.1192,    0.1061,    0.1462,    0.1292,    0.1473,    0.1617,    0.1313,    0.1896,    0.2070,    0.1707,    0.1104,    0.0132,    0.0295,    0.1438,    0.1724,    0.2661,    0.2793,    0.3457,    0.3697,    0.3828,    0.4067,    0.4336,    0.4438,    0.4134,    0.3758,    0.3310,    0.3956,    0.5493,    0.5573,    0.9981,    1.0904,    1.1417,    1.1585,    1.1378,    1.2618,    1.2120,    1.3096,    1.2039,    1.3616,    1.2876,    1.3703,    2.9678,    2.8962,    3.0071,    3.0220,    3.0417,    2.9324,    3.0357,    3.1131,    3.1763,    2.9519,    2.9109,    3.0227,    7.6405,    7.2231,    7.1415,    6.9253,    6.3968,    5.9992,    5.2663,    4.8446,    4.6563,    4.0809,    3.1347,    2.9112,    2.2443,    2.1344,    1.6274,    1.5532,    1.0471,    0.7598,    0.6139,    0.2464,    0.2171,    0.1541,    0.0534,    0.0434
    2,    0.1000,  227.5722,    0.1768,  138.0986,  122.1591,  -15.4528,  -27.4690,  158.4330,  163.5827,  163.6723,  163.8293,  164.1029,  164.5732,  165.3648,  166.6602,  168.4872,  170.9519,  174.2721,  178.5564,  183.8814,  190.3071,  197.9049,  205.8548,  212.8059,  218.1105,  222.1140,  224.8330,  226.3589,  227.0949,  227.3721,  227.5098,  227.5598,    0.0705,    0.2674,    0.5657,    0.9363,    1.3538,    1.7968,    2.2466,    2.6882,    3.1095,    3.5007,    3.8544,    4.1860,    3.8344,    4.0138,    4.1573,    4.2630,    4.3326,    4.3686,    4.3761,    4.3608,    4.3385,    4.2963,    4.2300,    4.1319,    1.4309,    1.4142,    1.3919,    1.3527,    1.3048,    1.2517,    1.1031,    1.0892,    1.0321,    0.8804,    0.8650,    0.6803,    0.4286,    0.3613,    0.2973,    0.2859,    0.2661,    0.2237,    0.2586,    0.2615,    0.2794,    0.3167,    0.3805,    0.4523,    0.5746,    0.6346,    0.5303,    0.6848,    0.6741,    0.6682,    0.6754,    0.7411,    0.7507,    0.7638,    0.7655,    0.7582,    2.0296,    1.9341,    1.8681,    1.7768,    1.6995,    1.6081,    1.5202,    1.4466,    1.3647,    1.2943,    1.2178,    1.1566,    1.7129,    1.5763,    1.4354,    1.3067,    1.2027,    1.1057,    1.0146,    0.9208,    0.8429,    0.7612,    0.6848,    0.6164,    1.5344,    1.1011,    0.7837,    0.5338,    0.3442,    0.2099,    0.1452,    0.0873,    0.0604,    0.0398,    0.0313,    0.0226,    0.0921,    0.0481,    0.0809,    0.0924,    0.1037,    0.0964,    0.1056,    0.1214,    0.1069,    0.1471,    0.1301,    0.1400,    0.1545,    0.1259,    0.1830,    0.2030,    0.1651,    0.1894,    0.2068,    0.2246,    0.2344,    0.1619,    0.2652,    0.2798,    0.3440,    0.3676,    0.3805,    0.4046,    0.4064,    0.4252,    0.4293,    0.4802,    0.5150,    0.4969,    0.5239,    0.5336,    0.8989,    0.9816,    1.0298,    1.0633,    1.0854,    1.1771,    1.1053,    1.1632,    1.1316,    1.1908,    1.1293,    1.2102,    2.6071,    2.5706,    2.6299,    2.6828,    2.7097,    2.6028,    2.6941,    2.7628,    2.8189,    2.6211,    2.5834,    2.6827,    6.7814,    6.4358,    6.3634,    6.1709,    5.7004,    5.3464,    4.6936,    4.3182,    4.1508,    3.6383,    2.7951,    2.5963,    2.0020,    1.7843,    1.3607,    1.2990,    0.8760,    0.6359,    0.5139,    0.2063,    0.1819,    0.1292,    0.0448,    0.0365,    0.0000,    0.0001,    0.0001,    0.0002,    0.0003,    0.0003,    0.0004,    0.0005,    0.0005,    0.0005,    0.0006,    0.0210,    0.0377,    0.0512,    0.0588,    0.0589,    0.0514,    0.0382,    0.0217,    0.0071,    0.0082,    0.0111,    0.0380,    0.1281,    0.0356,    0.0571,    0.0969,    0.1955,    0.3184,    0.4402,    0.7881,    0.8085,    0.8992,    1.0615,    1.1130,    1.2541,    0.9696,    0.9641,    0.9572,    0.9473,    0.9378,    0.9287,    0.9178,    0.9074,    0.8966,    0.8844,    0.8683,    0.8423,    0.8039,    0.6799,    0.7423,    0.5055,    0.5096,    0.4996,    0.4350,    0.2617,    0.2004,    0.1241,    0.0832,    0.0689,    0.1625,    0.1552,    0.1007,    0.0941,    0.0815,    0.0882,    0.0942,    0.0931,    0.1032,    0.1059,    0.1200,    0.1098,    0.1650,    0.1361,    0.1430,    0.1478,    0.1186,    0.0804,    0.0625,    0.0564,    0.0419,    0.0406,    0.0437,    0.0413,    0.0728,    0.0625,    0.0468,    0.0554,    0.0685,    0.0749,    0.0512,    0.0465,    0.0311,    0.0228,    0.0124,    0.0066,    0.0171,    0.0000,    0.0443,    0.0857,    0.0970,    0.0887,    0.0995,    0.1026,    0.0913,    0.1258,    0.1112,    0.1319,    0.1447,    0.1175,    0.1697,    0.1853,    0.1551,    0.1003,    0.0120,    0.0268,    0.1307,    0.1566,    0.2309,    0.2424,    0.3001,    0.3209,    0.3322,    0.3530,    0.3920,    0.4012,    0.3737,    0.3397,    0.2993,    0.3576,    0.4966,    0.5039,    0.9221,    1.0073,    1.0547,    1.0702,    1.0511,    1.1657,    1.1196,    1.2296,    1.1303,    1.2783,    1.2088,    1.2865,    2.7863,    2.7191,    2.8232,    2.8073,    2.8256,    2.7241,    2.8200,    2.8919,    2.9506,    2.7422,    2.7040,    2.8080,    7.0976,    6.6581,    6.5830,    6.3836,    5.8965,    5.5300,    4.8544,    4.4657,    4.2921,    3.7617,    2.8895,    2.6835,    2.0688,    2.0360,    1.5523,    1.4815,    0.9988,    0.7248,    0.5855,    0.2350,    0.2071,    0.1470,    0.0510,    0.0414
    2,    0.1500,  227.5722,    0.1598,  137.3152,  124.6728,  -12.1555,  -33.3551,  158.4330,  163.5827,  163.6723,  163.8293,  164.1029,  164.5732,  165.3648,  166.6602,  168.4872,  170.9519,  174.2721,  178.5564,  183.8814,  190.3071,  197.9049,  205.8548,  212.8059,  218.1105,  222.1140,  224.8330,  226.3589,  227.0949,  227.3721,  227.5098,  227.5598,    0.0705,    0.2674,    0.5656,    0.9362,    1.3537,    1.7966,    2.2464,    2.6879,    3.1093,    3.5004,    3.8541,    4.1955,    3.8516,    4.0369,    4.1832,    4.2881,    4.3532,    4.3819,    4.3807,    4.3574,    4.3351,    4.2928,    4.2268,    4.1290,    1.4299,    1.4132,    1.3910,    1.3518,    1.3040,    1.2510,    1.1026,    1.0886,    1.0316,    0.8800,    0.8647,    0.6802,    0.4286,    0.3613,    0.2973,    0.2859,    0.2661,    0.2237,    0.2586,    0.2615,    0.2794,    0.3167,    0.3805,    0.4523,    0.5746,    0.6346,    0.5301,    0.6846,    0.6739,    0.6673,    0.6746,    0.7402,    0.7484,    0.7614,    0.7631,    0.7557,    2.0174,    1.9158,    1.8500,    1.7526,    1.6761,    1.5793,    1.4869,    1.4148,    1.3298,    1.2612,    1.1832,    1.1236,    1.6609,    1.5274,    1.3907,    1.2676,    1.1698,    1.0750,    0.9904,    0.8987,    0.8264,    0.7461,    0.6737,    0.6064,    1.5105,    1.0807,    0.7624,    0.5086,    0.3146,    0.1807,    0.1245,    0.0712,    0.0495,    0.0325,    0.0273,    0.0196,    0.0926,    0.0481,    0.0825,    0.0949,    0.1066,    0.0990,    0.1086,    0.1253,    0.1103,    0.1519,    0.1343,    0.1443,    0.1592,    0.1297,    0.1884,    0.2089,    0.1695,    0.1918,    0.2069,    0.2250,    0.2378,    0.1664,    0.2736,    0.2887,    0.3549,    0.3794,    0.3927,    0.4175,    0.4179,    0.4370,    0.4399,    0.4890,    0.5224,    0.5063,    0.5384,    0.5483,    0.9211,    1.0059,    1.0551,    1.0889,    1.1102,    1.2048,    1.1321,    1.1869,    1.1529,    1.2156,    1.1527,    1.2351,    2.6611,    2.6231,    2.6847,    2.7415,    2.7686,    2.6597,    2.7530,    2.8232,    2.8806,    2.6784,    2.6399,    2.7414,    6.9298,    6.5642,    6.4905,    6.2943,    5.8144,    5.4535,    4.7878,    4.4050,    4.2344,    3.7118,    2.8518,    2.6491,    2.0429,    1.8015,    1.3739,    1.3118,    0.8847,    0.6423,    0.5192,    0.2085,    0.1839,    0.1306,    0.0453,    0.0369,    0.0000,    0.0001,    0.0002,    0.0003,    0.0004,    0.0005,    0.0006,    0.0007,    0.0007,    0.0007,    0.0009,    0.0313,    0.0561,    0.0761,    0.0872,    0.0875,    0.0765,    0.0570,    0.0325,    0.0104,    0.0117,    0.0145,    0.0412,    0.1310,    0.0366,    0.0581,    0.0977,    0.1963,    0.3191,    0.4408,    0.7885,    0.8089,    0.8994,    1.0617,    1.1131,    1.2541,    0.9696,    0.9641,    0.9572,    0.9473,    0.9378,    0.9287,    0.9178,    0.9074,    0.8966,    0.8844,    0.8683,    0.8424,    0.8046,    0.6816,    0.7436,    0.5093,    0.5132,    0.5039,    0.4400,    0.2689,    0.2096,    0.1343,    0.0938,    0.0796,    0.1960,    0.1920,    0.1367,    0.1334,    0.1190,    0.1287,    0.1375,    0.1341,    0.1464,    0.1466,    0.1617,    0.1494,    0.2278,    0.1956,    0.1964,    0.1945,    0.1583,    0.1174,    0.0918,    0.0828,    0.0617,    0.0583,    0.0568,    0.0530,    0.0996,    0.0842,    0.0687,    0.0803,    0.0966,    0.1019,    0.0698,    0.0606,    0.0404,    0.0287,    0.0154,    0.0088,    0.0147,    0.0000,    0.0381,    0.0766,    0.0867,    0.0793,    0.0889,    0.0883,    0.0786,    0.1083,    0.0957,    0.1180,    0.1296,    0.1052,    0.1520,    0.1659,    0.1409,    0.0912,    0.0109,    0.0244,    0.1187,    0.1423,    0.2004,    0.2104,    0.2604,    0.2785,    0.2883,    0.3063,    0.3544,    0.3627,    0.3378,    0.3072,    0.2706,    0.3233,    0.4489,    0.4555,    0.8519,    0.9306,    0.9744,    0.9887,    0.9711,    1.0769,    1.0344,    1.1543,    1.0611,    1.2001,    1.1349,    1.2078,    2.6159,    2.5528,    2.6505,    2.6078,    2.6248,    2.5305,    2.6196,    2.6864,    2.7410,    2.5473,    2.5119,    2.6085,    6.5933,    6.1376,    6.0684,    5.8846,    5.4356,    5.0977,    4.4749,    4.1166,    3.9566,    3.4677,    2.6637,    2.4738,    1.9071,    1.9424,    1.4809,    1.4134,    0.9529,    0.6915,    0.5586,    0.2242,    0.1976,    0.1403,    0.0486,    0.0395
    2,    0.2000,  227.5722,    0.1452,  136.5859,  126.8412,   -9.2578,  -38.7513,  158.4330,  163.5827,  163.6723,  163.8293,  164.1029,  164.5732,  165.3648,  166.6602,  168.4872,  170.9519,  174.2721,  178.5564,  183.8814,  190.3071,  197.9049,  205.8548,  212.8059,  218.1105,  222.1140,  224.8330,  226.3589,  227.0949,  227.3721,  227.5098,  227.5598,    0.0705,    0.2674,    0.5656,    0.9361,    1.3535,    1.7964,    2.2462,    2.6877,    3.1090,    3.5002,    3.8538,    4.2049,    3.8685,    4.0595,    4.2084,    4.3125,    4.3733,    4.3950,    4.3853,    4.3541,    4.3316,    4.2894,    4.2236,    4.1261,    1.4289,    1.4123,    1.3901,    1.3510,    1.3033,    1.2503,    1.1021,    1.0881,    1.0311,    0.8796,    0.8643,    0.6801,    0.4285,    0.3613,    0.2973,    0.2859,    0.2661,    0.2237,    0.2586,    0.2615,    0.2794,    0.3168,    0.3806,    0.4523,    0.5745,    0.6346,    0.5299,    0.6844,    0.6736,    0.6664,    0.6736,    0.7392,    0.7460,    0.7590,    0.7605,    0.7532,    2.0052,    1.8977,    1.8322,    1.7291,    1.6533,    1.5516,    1.4551,    1.3844,    1.2967,    1.2298,    1.1507,    1.0926,    1.6120,    1.4816,    1.3488,    1.2308,    1.1386,    1.0459,    0.9673,    0.8775,    0.8104,    0.7316,    0.6629,    0.5965,    1.4873,    1.0610,    0.7419,    0.4851,    0.2885,    0.1570,    0.1078,    0.0590,    0.0411,    0.0269,    0.0240,    0.0172,    0.0929,    0.0481,    0.0837,    0.0970,    0.1089,    0.1011,    0.1110,    0.1282,    0.1129,    0.1554,    0.1375,    0.1478,    0.1630,    0.1327,    0.1929,    0.2138,    0.1732,    0.1937,    0.2069,    0.2253,    0.2407,    0.1701,    0.2801,    0.2955,    0.3634,    0.3884,    0.4020,    0.4274,    0.4275,    0.4467,    0.4487,    0.4963,    0.5285,    0.5141,    0.5505,    0.5605,    0.9402,    1.0268,    1.0770,    1.1110,    1.1316,    1.2287,    1.1552,    1.2080,    1.1719,    1.2376,    1.1736,    1.2572,    2.7091,    2.6698,    2.7334,    2.7925,    2.8199,    2.7093,    2.8043,    2.8758,    2.9343,    2.7283,    2.6891,    2.7925,    7.0591,    6.6746,    6.5996,    6.4002,    5.9124,    5.5455,    4.8687,    4.4796,    4.3063,    3.7750,    2.9005,    2.6945,    2.0781,    1.8173,    1.3861,    1.3235,    0.8928,    0.6482,    0.5241,    0.2105,    0.1857,    0.1319,    0.0458,    0.0373,    0.0000,    0.0001,    0.0002,    0.0004,    0.0005,    0.0007,    0.0009,    0.0010,    0.0010,    0.0010,    0.0012,    0.0416,    0.0743,    0.1005,    0.1151,    0.1155,    0.1012,    0.0755,    0.0433,    0.0138,    0.0151,    0.0179,    0.0444,    0.1339,    0.0376,    0.0590,    0.0986,    0.1971,    0.3198,    0.4414,    0.7888,    0.8092,    0.8997,    1.0619,    1.1132,    1.2541,    0.9696,    0.9641,    0.9572,    0.9473,    0.9378,    0.9287,    0.9178,    0.9074,    0.8966,    0.8844,    0.8683,    0.8425,    0.8052,    0.6833,    0.7449,    0.5130,    0.5167,    0.5080,    0.4449,    0.2759,    0.2186,    0.1443,    0.1042,    0.0900,    0.2287,    0.2279,    0.1719,    0.1716,    0.1555,    0.1678,    0.1790,    0.1734,    0.1875,    0.1853,    0.2012,    0.1869,    0.2869,    0.2518,    0.2468,    0.2387,    0.1960,    0.1525,    0.1198,    0.1081,    0.0809,    0.0755,    0.0695,    0.0643,    0.1257,    0.1053,    0.0898,    0.1035,    0.1214,    0.1241,    0.0850,    0.0717,    0.0477,    0.0335,    0.0180,    0.0107,    0.0126,    0.0000,    0.0328,    0.0685,    0.0775,    0.0709,    0.0795,    0.0760,    0.0676,    0.0932,    0.0823,    0.1057,    0.1160,    0.0942,    0.1360,    0.1485,    0.1280,    0.0828,    0.0099,    0.0221,    0.1079,    0.1293,    0.1739,    0.1826,    0.2260,    0.2417,    0.2502,    0.2658,    0.3204,    0.3279,    0.3054,    0.2777,    0.2446,    0.2923,    0.4059,    0.4118,    0.7870,    0.8597,    0.9001,    0.9134,    0.8971,    0.9949,    0.9556,    1.0837,    0.9962,    1.1267,    1.0655,    1.1339,    2.4559,    2.3966,    2.4884,    2.4225,    2.4383,    2.3507,    2.4335,    2.4955,    2.5462,    2.3663,    2.3334,    2.4231,    6.1248,    5.6582,    5.5943,    5.4249,    5.0110,    4.6995,    4.1254,    3.7951,    3.6476,    3.1969,    2.4556,    2.2806,    1.7581,    1.8532,    1.4130,    1.3486,    0.9092,    0.6598,    0.5330,    0.2139,    0.1885,    0.1338,    0.0464,    0.0377
    2,    0.3000,  227.5722,    0.1217,  135.2622,  130.3304,   -4.4449,  -48.2192,  158.4330,  163.5827,  163.6723,  163.8293,  164.1029,  164.5732,  165.3648,  166.6602,  168.4872,  170.9519,  174.2721,  178.5564,  183.8814,  190.3071,  197.9049,  205.8548,  212.8059,  218.1105,  222.1140,  224.8330,  226.3589,  227.0949,  227.3721,  227.5098,  227.5598,    0.0705,    0.2673,    0.5655,    0.9359,    1.3533,    1.7961,    2.2458,    2.6872,    3.1085,    3.4997,    3.8532,    4.2235,    3.9017,    4.1034,    4.2572,    4.3598,    4.4123,    4.4207,    4.3943,    4.3474,    4.3247,    4.2826,    4.2172,    4.1203,    1.4269,    1.4104,    1.3883,    1.3493,    1.3017,    1.2489,    1.1010,    1.0870,    1.0302,    0.8788,    0.8636,    0.6799,    0.4285,    0.3612,    0.2974,    0.2859,    0.2661,    0.2237,    0.2587,    0.2616,    0.2795,    0.3169,    0.3807,    0.4523,    0.5744,    0.6346,    0.5295,    0.6837,    0.6728,    0.6643,    0.6716,    0.7369,    0.7411,    0.7538,    0.7553,    0.7479,    1.9806,    1.8624,    1.7973,    1.6839,    1.6097,    1.4994,    1.3958,    1.3278,    1.2357,    1.1717,    1.0911,    1.0356,    1.5229,    1.3979,    1.2723,    1.1632,    1.0808,    0.9919,    0.9240,    0.8378,    0.7801,    0.7040,    0.6421,    0.5777,    1.4424,    1.0231,    0.7033,    0.4426,    0.2450,    0.1217,    0.0829,    0.0425,    0.0296,    0.0193,    0.0189,    0.0134,    0.0934,    0.0481,    0.0853,    0.1000,    0.1123,    0.1042,    0.1145,    0.1321,    0.1164,    0.1602,    0.1417,    0.1529,    0.1686,    0.1373,    0.1994,    0.2209,    0.1788,    0.1967,    0.2070,    0.2257,    0.2452,    0.1759,    0.2889,    0.3047,    0.3748,    0.4006,    0.4147,    0.4409,    0.4420,    0.4614,    0.4620,    0.5074,    0.5377,    0.5259,    0.5687,    0.5789,    0.9709,    1.0604,    1.1121,    1.1464,    1.1658,    1.2671,    1.1924,    1.2435,    1.2038,    1.2746,    1.2085,    1.2944,    2.7897,    2.7481,    2.8152,    2.8758,    2.9036,    2.7901,    2.8880,    2.9616,    3.0218,    2.8097,    2.7694,    2.8759,    7.2698,    6.8506,    6.7739,    6.5694,    6.0689,    5.6926,    4.9981,    4.5989,    4.4213,    3.8761,    2.9784,    2.7672,    2.1345,    1.8451,    1.4076,    1.3443,    0.9070,    0.6587,    0.5327,    0.2140,    0.1889,    0.1343,    0.0466,    0.0380,    0.0000,    0.0002,    0.0003,    0.0005,    0.0008,    0.0010,    0.0013,    0.0014,    0.0014,    0.0015,    0.0017,    0.0620,    0.1098,    0.1480,    0.1691,    0.1698,    0.1492,    0.1120,    0.0646,    0.0204,    0.0220,    0.0247,    0.0508,    0.1396,    0.0396,    0.0609,    0.1003,    0.1987,    0.3212,    0.4426,    0.7896,    0.8100,    0.9003,    1.0623,    1.1135,    1.2541,    0.9696,    0.9641,    0.9572,    0.9473,    0.9378,    0.9287,    0.9178,    0.9074,    0.8966,    0.8844,    0.8683,    0.8426,    0.8065,    0.6866,    0.7475,    0.5203,    0.5236,    0.5162,    0.4545,    0.2896,    0.2361,    0.1638,    0.1245,    0.1103,    0.2922,    0.2972,    0.2397,    0.2447,    0.2254,    0.2419,    0.2570,    0.2473,    0.2640,    0.2573,    0.2742,    0.2563,    0.3958,    0.3550,    0.3394,    0.3202,    0.2661,    0.2178,    0.1725,    0.1556,    0.1174,    0.1082,    0.0939,    0.0861,    0.1761,    0.1457,    0.1293,    0.1454,    0.1630,    0.1577,    0.1083,    0.0875,    0.0585,    0.0405,    0.0222,    0.0138,    0.0094,    0.0000,    0.0243,    0.0548,    0.0619,    0.0566,    0.0635,    0.0563,    0.0501,    0.0690,    0.0610,    0.0847,    0.0930,    0.0755,    0.1090,    0.1190,    0.1057,    0.0684,    0.0082,    0.0183,    0.0891,    0.1067,    0.1310,    0.1375,    0.1703,    0.1821,    0.1885,    0.2003,    0.2619,    0.2680,    0.2496,    0.2270,    0.1999,    0.2389,    0.3317,    0.3366,    0.6717,    0.7338,    0.7683,    0.7796,    0.7657,    0.8491,    0.8156,    0.9552,    0.8781,    0.9931,    0.9391,    0.9994,    2.1646,    2.1124,    2.1933,    2.0906,    2.1042,    2.0286,    2.1000,    2.1536,    2.1973,    2.0421,    2.0137,    2.0911,    5.2856,    4.8098,    4.7555,    4.6116,    4.2597,    3.9949,    3.5069,    3.2262,    3.1008,    2.7176,    2.0875,    1.9388,    1.4946,    1.6874,    1.2866,    1.2280,    0.8280,    0.6009,    0.4854,    0.1948,    0.1717,    0.1219,    0.0423,    0.0344
    2,    0.4000,  227.5722,    0.1041,  134.0845,  132.9382,   -0.6594,  -56.1404,  158.4330,  163.5827,  163.6723,  163.8293,  164.1029,  164.5732,  165.3648,  166.6602,  168.4872,  170.9519,  174.2721,  178.5564,  183.8814,  190.3071,  197.9049,  205.8548,  212.8059,  218.1105,  222.1140,  224.8330,  226.3589,  227.0949,  227.3721,  227.5098,  227.5598,    0.0705,    0.2673,    0.5654,    0.9357,    1.3530,    1.7957,    2.2453,    2.6867,    3.1081,    3.4992,    3.8526,    4.2417,    3.9338,    4.1455,    4.3038,    4.4048,    4.4497,    4.4455,    4.4032,    4.3408,    4.3179,    4.2758,    4.2108,    4.1145,    1.4249,    1.4085,    1.3865,    1.3477,    1.3002,    1.2475,    1.1000,    1.0859,    1.0292,    0.8780,    0.8629,    0.6797,    0.4284,    0.3612,    0.2974,    0.2859,    0.2661,    0.2238,    0.2587,    0.2616,    0.2796,    0.3169,    0.3808,    0.4523,    0.5742,    0.6344,    0.5289,    0.6828,    0.6718,    0.6621,    0.6694,    0.7343,    0.7359,    0.7484,    0.7497,    0.7423,    1.9559,    1.8282,    1.7634,    1.6412,    1.5683,    1.4508,    1.3417,    1.2759,    1.1807,    1.1193,    1.0377,    0.9847,    1.4436,    1.3235,    1.2042,    1.1027,    1.0285,    0.9431,    0.8841,    0.8013,    0.7516,    0.6781,    0.6224,    0.5597,    1.3996,    0.9873,    0.6678,    0.4054,    0.2107,    0.0974,    0.0658,    0.0322,    0.0224,    0.0145,    0.0151,    0.0106,    0.0936,    0.0481,    0.0863,    0.1020,    0.1146,    0.1063,    0.1168,    0.1343,    0.1184,    0.1629,    0.1441,    0.1562,    0.1723,    0.1403,    0.2037,    0.2256,    0.1827,    0.1988,    0.2070,    0.2259,    0.2483,    0.1799,    0.2941,    0.3101,    0.3815,    0.4078,    0.4222,    0.4488,    0.4519,    0.4714,    0.4711,    0.5150,    0.5439,    0.5340,    0.5812,    0.5916,    0.9938,    1.0853,    1.1382,    1.1727,    1.1913,    1.2956,    1.2200,    1.2714,    1.2289,    1.3039,    1.2361,    1.3237,    2.8533,    2.8100,    2.8797,    2.9389,    2.9670,    2.8514,    2.9514,    3.0267,    3.0883,    2.8714,    2.8303,    2.9391,    7.4298,    6.9805,    6.9024,    6.6942,    6.1844,    5.8011,    5.0936,    4.6870,    4.5062,    3.9509,    3.0361,    2.8211,    2.1762,    1.8687,    1.4258,    1.3619,    0.9191,    0.6677,    0.5401,    0.2171,    0.1916,    0.1363,    0.0473,    0.0386,    0.0001,    0.0002,    0.0004,    0.0007,    0.0010,    0.0014,    0.0017,    0.0019,    0.0019,    0.0019,    0.0023,    0.0821,    0.1444,    0.1937,    0.2209,    0.2220,    0.1958,    0.1478,    0.0857,    0.0270,    0.0289,    0.0315,    0.0571,    0.1454,    0.0415,    0.0627,    0.1021,    0.2003,    0.3226,    0.4438,    0.7903,    0.8107,    0.9009,    1.0626,    1.1137,    1.2542,    0.9696,    0.9641,    0.9572,    0.9473,    0.9378,    0.9287,    0.9178,    0.9074,    0.8966,    0.8844,    0.8683,    0.8428,    0.8078,    0.6898,    0.7500,    0.5274,    0.5303,    0.5241,    0.4637,    0.3028,    0.2529,    0.1825,    0.1440,    0.1298,    0.3531,    0.3631,    0.3042,    0.3137,    0.2914,    0.3111,    0.3290,    0.3153,    0.3338,    0.3230,    0.3401,    0.3189,    0.4935,    0.4475,    0.4224,    0.3936,    0.3298,    0.2772,    0.2211,    0.1994,    0.1516,    0.1388,    0.1170,    0.1067,    0.2240,    0.1838,    0.1658,    0.1821,    0.1962,    0.1816,    0.1249,    0.0980,    0.0658,    0.0453,    0.0255,    0.0162,    0.0069,    0.0000,    0.0180,    0.0438,    0.0495,    0.0453,    0.0508,    0.0417,    0.0371,    0.0511,    0.0452,    0.0679,    0.0745,    0.0605,    0.0874,    0.0954,    0.0873,    0.0565,    0.0068,    0.0151,    0.0735,    0.0881,    0.0987,    0.1036,    0.1283,    0.1372,    0.1420,    0.1509,    0.2141,    0.2191,    0.2041,    0.1855,    0.1634,    0.1953,    0.2712,    0.2751,    0.5733,    0.6263,    0.6557,    0.6654,    0.6535,    0.7248,    0.6961,    0.8419,    0.7740,    0.8753,    0.8278,    0.8809,    1.9080,    1.8619,    1.9332,    1.8043,    1.8161,    1.7508,    1.8124,    1.8587,    1.8964,    1.7624,    1.7379,    1.8047,    4.5617,    4.0903,    4.0441,    3.9217,    3.6225,    3.3973,    2.9823,    2.7436,    2.6370,    2.3112,    1.7753,    1.6488,    1.2711,    1.5371,    1.1720,    1.1187,    0.7543,    0.5474,    0.4423,    0.1775,    0.1565,    0.1111,    0.0385,    0.0313
    2,    0.5000,  227.5722,    0.0909,  133.0240,  134.8927,    2.3557,  -62.7480,  158.4330,  163.5827,  163.6723,  163.8293,  164.1029,  164.5732,  165.3648,  166.6602,  168.4872,  170.9519,  174.2721,  178.5564,  183.8814,  190.3071,  197.9049,  205.8548,  212.8059,  218.1105,  222.1140,  224.8330,  226.3589,  227.0949,  227.3721,  227.5098,  227.5598,    0.0705,    0.2672,    0.5653,    0.9355,    1.3528,    1.7954,    2.2449,    2.6862,    3.1076,    3.4987,    3.8520,    4.2598,    3.9650,    4.1860,    4.3483,    4.4479,    4.4856,    4.4695,    4.4118,    4.3342,    4.3110,    4.2690,    4.2044,    4.1087,    1.4230,    1.4066,    1.3847,    1.3460,    1.2986,    1.2461,    1.0990,    1.0847,    1.0282,    0.8772,    0.8622,    0.6795,    0.4283,    0.3612,    0.2974,    0.2859,    0.2661,    0.2238,    0.2587,    0.2616,    0.2796,    0.3170,    0.3808,    0.4523,    0.5740,    0.6341,    0.5283,    0.6817,    0.6707,    0.6597,    0.6670,    0.7314,    0.7305,    0.7428,    0.7439,    0.7364,    1.9313,    1.7950,    1.7306,    1.6007,    1.5291,    1.4056,    1.2920,    1.2284,    1.1308,    1.0718,    0.9898,    0.9388,    1.3727,    1.2570,    1.1433,    1.0482,    0.9809,    0.8986,    0.8473,    0.7676,    0.7250,    0.6538,    0.6036,    0.5427,    1.3588,    0.9535,    0.6349,    0.3728,    0.1832,    0.0801,    0.0537,    0.0256,    0.0177,    0.0114,    0.0124,    0.0086,    0.0937,    0.0481,    0.0868,    0.1033,    0.1160,    0.1076,    0.1184,    0.1356,    0.1195,    0.1645,    0.1454,    0.1585,    0.1747,    0.1423,    0.2066,    0.2287,    0.1855,    0.2002,    0.2070,    0.2261,    0.2505,    0.1827,    0.2971,    0.3133,    0.3855,    0.4121,    0.4265,    0.4534,    0.4587,    0.4783,    0.4773,    0.5201,    0.5481,    0.5395,    0.5897,    0.6003,    1.0108,    1.1039,    1.1576,    1.1922,    1.2102,    1.3168,    1.2405,    1.2935,    1.2487,    1.3269,    1.2579,    1.3468,    2.9035,    2.8588,    2.9307,    2.9868,    3.0152,    2.8979,    2.9996,    3.0762,    3.1387,    2.9182,    2.8765,    2.9871,    7.5512,    7.0763,    6.9973,    6.7864,    6.2697,    5.8812,    5.1641,    4.7521,    4.5690,    4.0061,    3.0788,    2.8609,    2.2072,    1.8885,    1.4411,    1.3768,    0.9293,    0.6752,    0.5463,    0.2196,    0.1939,    0.1380,    0.0479,    0.0391,    0.0001,    0.0003,    0.0005,    0.0009,    0.0013,    0.0017,    0.0021,    0.0024,    0.0024,    0.0024,    0.0029,    0.1019,    0.1780,    0.2378,    0.2707,    0.2722,    0.2408,    0.1827,    0.1067,    0.0337,    0.0357,    0.0383,    0.0635,    0.1511,    0.0435,    0.0645,    0.1038,    0.2018,    0.3240,    0.4450,    0.7910,    0.8115,    0.9014,    1.0630,    1.1140,    1.2542,    0.9696,    0.9641,    0.9572,    0.9473,    0.9378,    0.9287,    0.9178,    0.9074,    0.8966,    0.8844,    0.8683,    0.8429,    0.8090,    0.6929,    0.7524,    0.5342,    0.5368,    0.5316,    0.4726,    0.3156,    0.2692,    0.2005,    0.1628,    0.1486,    0.4114,    0.4259,    0.3658,    0.3789,    0.3537,    0.3757,    0.3955,    0.3783,    0.3976,    0.3831,    0.3999,    0.3757,    0.5816,    0.5307,    0.4971,    0.4598,    0.3879,    0.3312,    0.2659,    0.2399,    0.1837,    0.1674,    0.1389,    0.1263,    0.2697,    0.2198,    0.1995,    0.2144,    0.2230,    0.1991,    0.1371,    0.1053,    0.0709,    0.0487,    0.0280,    0.0181,    0.0051,    0.0000,    0.0133,    0.0350,    0.0396,    0.0362,    0.0406,    0.0309,    0.0275,    0.0379,    0.0335,    0.0544,    0.0597,    0.0485,    0.0700,    0.0765,    0.0721,    0.0466,    0.0056,    0.0125,    0.0607,    0.0728,    0.0744,    0.0781,    0.0967,    0.1034,    0.1071,    0.1138,    0.1750,    0.1791,    0.1668,    0.1517,    0.1336,    0.1597,    0.2217,    0.2249,    0.4894,    0.5346,    0.5597,    0.5680,    0.5579,    0.6187,    0.5942,    0.7422,    0.6822,    0.7716,    0.7296,    0.7765,    1.6818,    1.6412,    1.7041,    1.5574,    1.5676,    1.5113,    1.5645,    1.6044,    1.6369,    1.5213,    1.5001,    1.5578,    3.9376,    3.4799,    3.4407,    3.3365,    3.0820,    2.8904,    2.5374,    2.3343,    2.2436,    1.9664,    1.5105,    1.4029,    1.0816,    1.4006,    1.0680,    1.0194,    0.6874,    0.4989,    0.4031,    0.1618,    0.1426,    0.1013,    0.0351,    0.0286
    2,    0.7500,  227.5722,    0.0706,  130.7629,  137.9160,    7.6401,  -74.7636,  158.4330,  163.5827,  163.6723,  163.8293,  164.1029,  164.5732,  165.3648,  166.6602,  168.4872,  170.9519,  174.2721,  178.5564,  183.8814,  190.3071,  197.9049,  205.8548,  212.8059,  218.1105,  222.1140,  224.8330,  226.3589,  227.0949,  227.3721,  227.5098,  227.5598,    0.0704,    0.2671,    0.5650,    0.9351,    1.3521,    1.7945,    2.2438,    2.6850,    3.1064,    3.4975,    3.8506,    4.3036,    4.0390,    4.2805,    4.4514,    4.5474,    4.5692,    4.5262,    4.4326,    4.3177,    4.2940,    4.2522,    4.1886,    4.0944,    1.4181,    1.4020,    1.3803,    1.3419,    1.2948,    1.2426,    1.0964,    1.0820,    1.0258,    0.8753,    0.8605,    0.6791,    0.4282,    0.3611,    0.2974,    0.2860,    0.2661,    0.2238,    0.2588,    0.2617,    0.2797,    0.3172,    0.3810,    0.4521,    0.5733,    0.6331,    0.5266,    0.6784,    0.6673,    0.6531,    0.6602,    0.7232,    0.7164,    0.7279,    0.7286,    0.7211,    1.8704,    1.7163,    1.6530,    1.5081,    1.4395,    1.3052,    1.1842,    1.1252,    1.0245,    0.9705,    0.8889,    0.8424,    1.2245,    1.1181,    1.0159,    0.9335,    0.8791,    0.8036,    0.7667,    0.6938,    0.6651,    0.5992,    0.5607,    0.5037,    1.2649,    0.8765,    0.5630,    0.3068,    0.1352,    0.0544,    0.0359,    0.0166,    0.0113,    0.0071,    0.0081,    0.0055,    0.0938,    0.0480,    0.0873,    0.1049,    0.1179,    0.1093,    0.1203,    0.1368,    0.1206,    0.1660,    0.1468,    0.1613,    0.1778,    0.1448,    0.2102,    0.2326,    0.1892,    0.2021,    0.2070,    0.2262,    0.2534,    0.1865,    0.3003,    0.3166,    0.3896,    0.4165,    0.4311,    0.4583,    0.4678,    0.4875,    0.4856,    0.5269,    0.5537,    0.5467,    0.6011,    0.6118,    1.0365,    1.1321,    1.1871,    1.2219,    1.2389,    1.3489,    1.2717,    1.3304,    1.2819,    1.3656,    1.2944,    1.3855,    2.9875,    2.9405,    3.0160,    3.0620,    3.0907,    2.9708,    3.0751,    3.1536,    3.2177,    2.9917,    2.9490,    3.0624,    7.7416,    7.2200,    7.1396,    6.9246,    6.3977,    6.0016,    5.2702,    4.8501,    4.6637,    4.0896,    3.1433,    2.9213,    2.2542,    1.9258,    1.4700,    1.4048,    0.9486,    0.6895,    0.5582,    0.2245,    0.1984,    0.1412,    0.0491,    0.0401,    0.0001,    0.0004,    0.0008,    0.0013,    0.0019,    0.0026,    0.0032,    0.0036,    0.0036,    0.0036,    0.0044,    0.1503,    0.2582,    0.3415,    0.3870,    0.3898,    0.3475,    0.2669,    0.1582,    0.0501,    0.0528,    0.0551,    0.0793,    0.1652,    0.0483,    0.0691,    0.1081,    0.2057,    0.3274,    0.4479,    0.7928,    0.8133,    0.9029,    1.0639,    1.1146,    1.2543,    0.9696,    0.9641,    0.9572,    0.9473,    0.9378,    0.9287,    0.9178,    0.9074,    0.8966,    0.8844,    0.8684,    0.8433,    0.8120,    0.7004,    0.7581,    0.5504,    0.5522,    0.5495,    0.4936,    0.3456,    0.3071,    0.2426,    0.2068,    0.1927,    0.5470,    0.5703,    0.5072,    0.5267,    0.4950,    0.5200,    0.5412,    0.5162,    0.5352,    0.5126,    0.5271,    0.4965,    0.7675,    0.7058,    0.6542,    0.5998,    0.5121,    0.4469,    0.3639,    0.3283,    0.2554,    0.2317,    0.1890,    0.1711,    0.3747,    0.3017,    0.2733,    0.2799,    0.2708,    0.2265,    0.1564,    0.1161,    0.0788,    0.0540,    0.0324,    0.0213,    0.0024,    0.0000,    0.0063,    0.0200,    0.0227,    0.0207,    0.0232,    0.0147,    0.0131,    0.0180,    0.0159,    0.0313,    0.0344,    0.0279,    0.0403,    0.0440,    0.0447,    0.0289,    0.0035,    0.0077,    0.0376,    0.0451,    0.0368,    0.0386,    0.0478,    0.0511,    0.0529,    0.0562,    0.1058,    0.1083,    0.1009,    0.0918,    0.0808,    0.0966,    0.1340,    0.1360,    0.3297,    0.3601,    0.3771,    0.3826,    0.3758,    0.4168,    0.4003,    0.5416,    0.4979,    0.5630,    0.5324,    0.5666,    1.2273,    1.1977,    1.2435,    1.0789,    1.0860,    1.0470,    1.0838,    1.1115,    1.1340,    1.0539,    1.0393,    1.0792,    2.7279,    2.3286,    2.3024,    2.2327,    2.0624,    1.9343,    1.6980,    1.5622,    1.5015,    1.3160,    1.0110,    0.9390,    0.7239,    1.1119,    0.8479,    0.8095,    0.5459,    0.3962,    0.3202,    0.1285,    0.1133,    0.0805,    0.0279,    0.0227
    2,    1.0000,  227.5722,    0.0604,  128.9119,  139.4200,   10.9950,  -82.1463,  158.4330,  163.5827,  163.6723,  163.8293,  164.1029,  164.5732,  165.3648,  166.6602,  168.4872,  170.9519,  174.2721,  178.5564,  183.8814,  190.3071,  197.9049,  205.8548,  212.8059,  218.1105,  222.1140,  224.8330,  226.3589,  227.0949,  227.3721,  227.5098,  227.5598,    0.0704,    0.2670,    0.5647,    0.9346,    1.3515,    1.7937,    2.2428,    2.6838,    3.1052,    3.4963,    3.8491,    4.3459,    4.1078,    4.3664,    4.5440,    4.6366,    4.6450,    4.5786,    4.4523,    4.3014,    4.2771,    4.2355,    4.1729,    4.0801,    1.4132,    1.3974,    1.3759,    1.3377,    1.2910,    1.2392,    1.0938,    1.0793,    1.0235,    0.8733,    0.8588,    0.6786,    0.4280,    0.3610,    0.2975,    0.2860,    0.2662,    0.2238,    0.2589,    0.2618,    0.2799,    0.3173,    0.3812,    0.4519,    0.5723,    0.6317,    0.5244,    0.6742,    0.6631,    0.6460,    0.6526,    0.7139,    0.7017,    0.7123,    0.7126,    0.7050,    1.8108,    1.6437,    1.5814,    1.4264,    1.3605,    1.2197,    1.0952,    1.0400,    0.9387,    0.8887,    0.8088,    0.7658,    1.1077,    1.0087,    0.9154,    0.8421,    0.7965,    0.7266,    0.6995,    0.6321,    0.6134,    0.5522,    0.5226,    0.4691,    1.1810,    0.8091,    0.5031,    0.2576,    0.1054,    0.0410,    0.0266,    0.0122,    0.0082,    0.0051,    0.0058,    0.0039,    0.0937,    0.0480,    0.0874,    0.1055,    0.1185,    0.1099,    0.1209,    0.1371,    0.1209,    0.1664,    0.1472,    0.1623,    0.1789,    0.1457,    0.2114,    0.2339,    0.1908,    0.2029,    0.2068,    0.2262,    0.2545,    0.1881,    0.3012,    0.3175,    0.3908,    0.4177,    0.4324,    0.4596,    0.4713,    0.4911,    0.4888,    0.5295,    0.5557,    0.5495,    0.6056,    0.6163,    1.0488,    1.1455,    1.2011,    1.2360,    1.2526,    1.3642,    1.2865,    1.3509,    1.3002,    1.3869,    1.3146,    1.4070,    3.0341,    2.9857,    3.0632,    3.0997,    3.1286,    3.0074,    3.1131,    3.1925,    3.2574,    3.0286,    2.9854,    3.1002,    7.8373,    7.2875,    7.2064,    6.9897,    6.4580,    6.0584,    5.3203,    4.8965,    4.7086,    4.1292,    3.1740,    2.9502,    2.2768,    1.9504,    1.4890,    1.4234,    0.9614,    0.6991,    0.5662,    0.2278,    0.2014,    0.1435,    0.0499,    0.0408,    0.0001,    0.0005,    0.0011,    0.0018,    0.0026,    0.0034,    0.0043,    0.0048,    0.0048,    0.0048,    0.0058,    0.1971,    0.3332,    0.4368,    0.4931,    0.4974,    0.4466,    0.3469,    0.2086,    0.0664,    0.0697,    0.0718,    0.0949,    0.1793,    0.0531,    0.0737,    0.1124,    0.2096,    0.3308,    0.4509,    0.7946,    0.8151,    0.9043,    1.0649,    1.1152,    1.2544,    0.9696,    0.9641,    0.9572,    0.9473,    0.9378,    0.9287,    0.9178,    0.9074,    0.8966,    0.8844,    0.8684,    0.8436,    0.8148,    0.7074,    0.7634,    0.5654,    0.5664,    0.5660,    0.5129,    0.3732,    0.3417,    0.2810,    0.2469,    0.2329,    0.6691,    0.6983,    0.6327,    0.6554,    0.6180,    0.6430,    0.6629,    0.6314,    0.6478,    0.6186,    0.6294,    0.5937,    0.9151,    0.8442,    0.7785,    0.7112,    0.6126,    0.5405,    0.4452,    0.4018,    0.3169,    0.2868,    0.2332,    0.2106,    0.4681,    0.3733,    0.3347,    0.3290,    0.3014,    0.2419,    0.1673,    0.1220,    0.0831,    0.0569,    0.0351,    0.0233,    0.0012,    0.0000,    0.0030,    0.0115,    0.0130,    0.0119,    0.0133,    0.0070,    0.0062,    0.0086,    0.0076,    0.0181,    0.0198,    0.0161,    0.0232,    0.0254,    0.0277,    0.0179,    0.0022,    0.0048,    0.0233,    0.0280,    0.0182,    0.0192,    0.0237,    0.0254,    0.0262,    0.0279,    0.0641,    0.0656,    0.0611,    0.0556,    0.0490,    0.0585,    0.0812,    0.0824,    0.2223,    0.2428,    0.2542,    0.2580,    0.2534,    0.2810,    0.2699,    0.3955,    0.3636,    0.4111,    0.3888,    0.4138,    0.8962,    0.8745,    0.9080,    0.7485,    0.7534,    0.7263,    0.7519,    0.7711,    0.7867,    0.7312,    0.7210,    0.7487,    1.8925,    1.5637,    1.5461,    1.4993,    1.3850,    1.2989,    1.1403,    1.0491,    1.0084,    0.8839,    0.6790,    0.6307,    0.4863,    0.8848,    0.6748,    0.6442,    0.4345,    0.3154,    0.2549,    0.1023,    0.0902,    0.0641,    0.0222,    0.0181
    2,    1.2500,  227.5722,    0.0553,  127.3553,  140.1809,   13.3126,  -86.4936,  158.4330,  163.5827,  163.6723,  163.8293,  164.1029,  164.5732,  165.3648,  166.6602,  168.4872,  170.9519,  174.2721,  178.5564,  183.8814,  190.3071,  197.9049,  205.8548,  212.8059,  218.1105,  222.1140,  224.8330,  226.3589,  227.0949,  227.3721,  227.5098,  227.5598,    0.0704,    0.2669,    0.5645,    0.9342,    1.3508,    1.7928,    2.2417,    2.6826,    3.1040,    3.4951,    3.8477,    4.3866,    4.1720,    4.4449,    4.6275,    4.7169,    4.7137,    4.6270,    4.4710,    4.2852,    4.2603,    4.2189,    4.1573,    4.0660,    1.4084,    1.3928,    1.3715,    1.3336,    1.2872,    1.2357,    1.0912,    1.0765,    1.0211,    0.8714,    0.8571,    0.6782,    0.4279,    0.3609,    0.2975,    0.2861,    0.2662,    0.2239,    0.2589,    0.2618,    0.2800,    0.3175,    0.3813,    0.4515,    0.5711,    0.6298,    0.5220,    0.6694,    0.6584,    0.6384,    0.6446,    0.7039,    0.6867,    0.6963,    0.6962,    0.6885,    1.7532,    1.5765,    1.5152,    1.3538,    1.2902,    1.1462,    1.0206,    0.9685,    0.8680,    0.8213,    0.7436,    0.7034,    1.0135,    0.9205,    0.8343,    0.7677,    0.7283,    0.6630,    0.6428,    0.5801,    0.5685,    0.5113,    0.4887,    0.4383,    1.1059,    0.7496,    0.4527,    0.2202,    0.0858,    0.0330,    0.0212,    0.0098,    0.0065,    0.0040,    0.0044,    0.0029,    0.0937,    0.0480,    0.0874,    0.1057,    0.1188,    0.1101,    0.1212,    0.1372,    0.1209,    0.1665,    0.1472,    0.1626,    0.1793,    0.1460,    0.2119,    0.2344,    0.1914,    0.2032,    0.2067,    0.2261,    0.2550,    0.1888,    0.3014,    0.3177,    0.3911,    0.4180,    0.4327,    0.4600,    0.4727,    0.4925,    0.4901,    0.5305,    0.5564,    0.5505,    0.6073,    0.6181,    1.0547,    1.1519,    1.2078,    1.2428,    1.2591,    1.3715,    1.2936,    1.3622,    1.3103,    1.3988,    1.3258,    1.4189,    3.0599,    3.0108,    3.0894,    3.1186,    3.1476,    3.0258,    3.1321,    3.2121,    3.2774,    3.0471,    3.0037,    3.1193,    7.8854,    7.3193,    7.2380,    7.0204,    6.4865,    6.0854,    5.3441,    4.9186,    4.7301,    4.1483,    3.1889,    2.9642,    2.2878,    1.9666,    1.5017,    1.4358,    0.9700,    0.7056,    0.5716,    0.2301,    0.2035,    0.1450,    0.0505,    0.0413,    0.0002,    0.0006,    0.0013,    0.0022,    0.0032,    0.0043,    0.0054,    0.0060,    0.0060,    0.0060,    0.0073,    0.2424,    0.4036,    0.5247,    0.5903,    0.5963,    0.5388,    0.4231,    0.2578,    0.0826,    0.0864,    0.0884,    0.1105,    0.1933,    0.0579,    0.0782,    0.1166,    0.2135,    0.3342,    0.4538,    0.7964,    0.8169,    0.9057,    1.0658,    1.1158,    1.2545,    0.9696,    0.9641,    0.9572,    0.9473,    0.9378,    0.9287,    0.9178,    0.9074,    0.8966,    0.8844,    0.8684,    0.8440,    0.8174,    0.7139,    0.7684,    0.5794,    0.5797,    0.5811,    0.5307,    0.3987,    0.3732,    0.3161,    0.2836,    0.2697,    0.7793,    0.8120,    0.7441,    0.7677,    0.7255,    0.7485,    0.7653,    0.7284,    0.7411,    0.7065,    0.7129,    0.6731,    1.0343,    0.9553,    0.8784,    0.8010,    0.6948,    0.6171,    0.5134,    0.4634,    0.3699,    0.3343,    0.2722,    0.2455,    0.5514,    0.4363,    0.3862,    0.3666,    0.3221,    0.2516,    0.1742,    0.1257,    0.0857,    0.0587,    0.0369,    0.0246,    0.0006,    0.0000,    0.0014,    0.0066,    0.0075,    0.0068,    0.0077,    0.0033,    0.0030,    0.0041,    0.0036,    0.0104,    0.0114,    0.0093,    0.0134,    0.0146,    0.0172,    0.0111,    0.0013,    0.0030,    0.0145,    0.0174,    0.0091,    0.0095,    0.0118,    0.0126,    0.0131,    0.0139,    0.0389,    0.0398,    0.0370,    0.0337,    0.0297,    0.0355,    0.0492,    0.0499,    0.1501,    0.1639,    0.1716,    0.1742,    0.1711,    0.1897,    0.1822,    0.2890,    0.2657,    0.3004,    0.2841,    0.3024,    0.6549,    0.6391,    0.6635,    0.5201,    0.5235,    0.5047,    0.5225,    0.5358,    0.5467,    0.5080,    0.5010,    0.5202,    1.3150,    1.0538,    1.0419,    1.0104,    0.9334,    0.8754,    0.7685,    0.7071,    0.6796,    0.5957,    0.4577,    0.4251,    0.3278,    0.7056,    0.5381,    0.5138,    0.3466,    0.2516,    0.2034,    0.0817,    0.0720,    0.0512,    0.0177,    0.0144
    2,    1.5000,  227.5722,    0.0527,  126.0200,  140.5729,   15.0399,  -88.8593,  158.4330,  163.5827,  163.6723,  163.8293,  164.1029,  164.5732,  165.3648,  166.6602,  168.4872,  170.9519,  174.2721,  178.5564,  183.8814,  190.3071,  197.9049,  205.8548,  212.8059,  218.1105,  222.1140,  224.8330,  226.3589,  227.0949,  227.3721,  227.5098,  227.5598,    0.0703,    0.2667,    0.5642,    0.9338,    1.3502,    1.7920,    2.2406,    2.6814,    3.1028,    3.4939,    3.8462,    4.4258,    4.2318,    4.5167,    4.7031,    4.7894,    4.7762,    4.6718,    4.4886,    4.2691,    4.2437,    4.2024,    4.1418,    4.0519,    1.4036,    1.3882,    1.3672,    1.3296,    1.2835,    1.2323,    1.0887,    1.0738,    1.0187,    0.8695,    0.8553,    0.6777,    0.4277,    0.3608,    0.2976,    0.2861,    0.2662,    0.2239,    0.2590,    0.2619,    0.2801,    0.3176,    0.3814,    0.4511,    0.5697,    0.6276,    0.5194,    0.6642,    0.6531,    0.6305,    0.6361,    0.6933,    0.6716,    0.6804,    0.6798,    0.6721,    1.6980,    1.5146,    1.4542,    1.2890,    1.2275,    1.0823,    0.9572,    0.9077,    0.8090,    0.7649,    0.6896,    0.6518,    0.9359,    0.8479,    0.7676,    0.7062,    0.6712,    0.6098,    0.5943,    0.5357,    0.5293,    0.4755,    0.4584,    0.4108,    1.0384,    0.6971,    0.4101,    0.1912,    0.0723,    0.0279,    0.0178,    0.0082,    0.0054,    0.0033,    0.0036,    0.0023,    0.0936,    0.0479,    0.0874,    0.1057,    0.1188,    0.1101,    0.1212,    0.1372,    0.1210,    0.1665,    0.1473,    0.1628,    0.1794,    0.1461,    0.2121,    0.2346,    0.1917,    0.2033,    0.2066,    0.2260,    0.2551,    0.1890,    0.3014,    0.3178,    0.3911,    0.4181,    0.4328,    0.4601,    0.4732,    0.4931,    0.4905,    0.5308,    0.5567,    0.5508,    0.6080,    0.6187,    1.0575,    1.1550,    1.2110,    1.2460,    1.2621,    1.3749,    1.2969,    1.3685,    1.3159,    1.4054,    1.3320,    1.4255,    3.0742,    3.0247,    3.1040,    3.1282,    3.1572,    3.0351,    3.1417,    3.2219,    3.2875,    3.0565,    3.0129,    3.1289,    7.9097,    7.3344,    7.2530,    7.0351,    6.5002,    6.0983,    5.3556,    4.9293,    4.7406,    4.1577,    3.1962,    2.9712,    2.2934,    1.9775,    1.5102,    1.4442,    0.9758,    0.7099,    0.5752,    0.2316,    0.2049,    0.1461,    0.0509,    0.0416,    0.0002,    0.0008,    0.0016,    0.0027,    0.0039,    0.0051,    0.0064,    0.0072,    0.0072,    0.0073,    0.0087,    0.2862,    0.4698,    0.6061,    0.6798,    0.6877,    0.6251,    0.4958,    0.3060,    0.0987,    0.1031,    0.1049,    0.1259,    0.2072,    0.0627,    0.0827,    0.1208,    0.2173,    0.3376,    0.4567,    0.7982,    0.8187,    0.9071,    1.0667,    1.1165,    1.2546,    0.9696,    0.9641,    0.9572,    0.9473,    0.9378,    0.9287,    0.9178,    0.9074,    0.8966,    0.8844,    0.8685,    0.8443,    0.8199,    0.7201,    0.7730,    0.5925,    0.5921,    0.5951,    0.5472,    0.4223,    0.4021,    0.3483,    0.3171,    0.3033,    0.8787,    0.9130,    0.8432,    0.8660,    0.8196,    0.8394,    0.8523,    0.8108,    0.8191,    0.7800,    0.7819,    0.7386,    1.1317,    1.0456,    0.9597,    0.8744,    0.7627,    0.6805,    0.5709,    0.5154,    0.4159,    0.3756,    0.3068,    0.2764,    0.6260,    0.4919,    0.4298,    0.3960,    0.3368,    0.2581,    0.1790,    0.1282,    0.0876,    0.0600,    0.0382,    0.0256,    0.0003,    0.0000,    0.0007,    0.0038,    0.0043,    0.0039,    0.0044,    0.0016,    0.0014,    0.0020,    0.0017,    0.0060,    0.0066,    0.0054,    0.0077,    0.0085,    0.0107,    0.0069,    0.0008,    0.0019,    0.0090,    0.0108,    0.0045,    0.0048,    0.0059,    0.0063,    0.0065,    0.0069,    0.0236,    0.0242,    0.0225,    0.0205,    0.0181,    0.0216,    0.0299,    0.0303,    0.1014,    0.1108,    0.1160,    0.1177,    0.1156,    0.1282,    0.1231,    0.2114,    0.1943,    0.2197,    0.2078,    0.2211,    0.4790,    0.4674,    0.4853,    0.3620,    0.3644,    0.3513,    0.3636,    0.3729,    0.3805,    0.3536,    0.3487,    0.3621,    0.9153,    0.7127,    0.7047,    0.6833,    0.6312,    0.5921,    0.5198,    0.4782,    0.4597,    0.4029,    0.3096,    0.2876,    0.2217,    0.5639,    0.4301,    0.4107,    0.2770,    0.2011,    0.1626,    0.0653,    0.0576,    0.0409,    0.0142,    0.0116
    2,    1.7500,  227.5722,    0.0513,  124.8566,  140.7790,   16.4096,  -89.9386,  158.4330,  163.5827,  163.6723,  163.8293,  164.1029,  164.5732,  165.3648,  166.6602,  168.4872,  170.9519,  174.2721,  178.5564,  183.8814,  190.3071,  197.9049,  205.8548,  212.8059,  218.1105,  222.1140,  224.8330,  226.3589,  227.0949,  227.3721,  227.5098,  227.5598,    0.0703,    0.2666,    0.5639,    0.9333,    1.3495,    1.7911,    2.2396,    2.6802,    3.1016,    3.4927,    3.8448,    4.4637,    4.2879,    4.5826,    4.7717,    4.8551,    4.8331,    4.7132,    4.5053,    4.2532,    4.2272,    4.1861,    4.1265,    4.0380,    1.3988,    1.3837,    1.3629,    1.3255,    1.2797,    1.2290,    1.0861,    1.0712,    1.0164,    0.8676,    0.8536,    0.6773,    0.4275,    0.3608,    0.2976,    0.2861,    0.2663,    0.2239,    0.2591,    0.2620,    0.2802,    0.3178,    0.3815,    0.4506,    0.5681,    0.6251,    0.5167,    0.6585,    0.6476,    0.6224,    0.6275,    0.6824,    0.6567,    0.6645,    0.6635,    0.6558,    1.6453,    1.4574,    1.3979,    1.2308,    1.1712,    1.0263,    0.9026,    0.8553,    0.7589,    0.7171,    0.6443,    0.6084,    0.8710,    0.7872,    0.7117,    0.6545,    0.6228,    0.5648,    0.5526,    0.4975,    0.4948,    0.4441,    0.4313,    0.3861,    0.9775,    0.6503,    0.3738,    0.1685,    0.0626,    0.0242,    0.0153,    0.0071,    0.0046,    0.0028,    0.0030,    0.0019,    0.0936,    0.0479,    0.0873,    0.1058,    0.1189,    0.1102,    0.1213,    0.1372,    0.1210,    0.1665,    0.1473,    0.1628,    0.1795,    0.1461,    0.2121,    0.2347,    0.1918,    0.2033,    0.2065,    0.2259,    0.2551,    0.1891,    0.3015,    0.3178,    0.3912,    0.4181,    0.4328,    0.4601,    0.4734,    0.4933,    0.4907,    0.5309,    0.5567,    0.5510,    0.6082,    0.6190,    1.0588,    1.1564,    1.2126,    1.2475,    1.2636,    1.3766,    1.2986,    1.3719,    1.3190,    1.4090,    1.3354,    1.4291,    3.0821,    3.0324,    3.1121,    3.1330,    3.1620,    3.0398,    3.1466,    3.2269,    3.2925,    3.0612,    3.0176,    3.1337,    7.9220,    7.3416,    7.2602,    7.0422,    6.5068,    6.1046,    5.3613,    4.9346,    4.7458,    4.1624,    3.2000,    2.9747,    2.2963,    1.9847,    1.5159,    1.4498,    0.9798,    0.7130,    0.5778,    0.2327,    0.2059,    0.1469,    0.0512,    0.0418,    0.0002,    0.0009,    0.0019,    0.0031,    0.0045,    0.0060,    0.0075,    0.0084,    0.0084,    0.0085,    0.0102,    0.3287,    0.5322,    0.6817,    0.7625,    0.7724,    0.7060,    0.5652,    0.3532,    0.1147,    0.1196,    0.1212,    0.1412,    0.2210,    0.0674,    0.0871,    0.1250,    0.2211,    0.3410,    0.4596,    0.7999,    0.8205,    0.9085,    1.0676,    1.1171,    1.2546,    0.9696,    0.9641,    0.9572,    0.9473,    0.9378,    0.9287,    0.9178,    0.9074,    0.8966,    0.8844,    0.8685,    0.8446,    0.8222,    0.7259,    0.7773,    0.6047,    0.6037,    0.6081,    0.5624,    0.4442,    0.4286,    0.3777,    0.3479,    0.3342,    0.9686,    1.0029,    0.9315,    0.9523,    0.9022,    0.9182,    0.9267,    0.8813,    0.8849,    0.8420,    0.8394,    0.7933,    1.2121,    1.1199,    1.0265,    0.9349,    0.8193,    0.7333,    0.6198,    0.5597,    0.4559,    0.4115,    0.3376,    0.3040,    0.6929,    0.5411,    0.4669,    0.4192,    0.3477,    0.2629,    0.1824,    0.1300,    0.0889,    0.0609,    0.0392,    0.0263,    0.0001,    0.0000,    0.0003,    0.0022,    0.0025,    0.0023,    0.0026,    0.0008,    0.0007,    0.0009,    0.0008,    0.0035,    0.0038,    0.0031,    0.0045,    0.0049,    0.0066,    0.0043,    0.0005,    0.0012,    0.0056,    0.0067,    0.0023,    0.0024,    0.0030,    0.0032,    0.0033,    0.0035,    0.0144,    0.0147,    0.0137,    0.0125,    0.0110,    0.0131,    0.0182,    0.0184,    0.0686,    0.0750,    0.0785,    0.0797,    0.0783,    0.0868,    0.0833,    0.1547,    0.1423,    0.1608,    0.1521,    0.1619,    0.3506,    0.3422,    0.3552,    0.2524,    0.2540,    0.2449,    0.2535,    0.2600,    0.2653,    0.2465,    0.2431,    0.2525,    0.6381,    0.4836,    0.4781,    0.4637,    0.4283,    0.4017,    0.3527,    0.3245,    0.3119,    0.2734,    0.2101,    0.1952,    0.1505,    0.4515,    0.3444,    0.3289,    0.2218,    0.1611,    0.1302,    0.0523,    0.0461,    0.0328,    0.0114,    0.0093
    2,    2.0000,  227.5722,    0.0505,  123.8301,  140.8902,   17.5473,  -90.1900,  158.4330,  163.5827,  163.6723,  163.8293,  164.1029,  164.5732,  165.3648,  166.6602,  168.4872,  170.9519,  174.2721,  178.5564,  183.8814,  190.3071,  197.9049,  205.8548,  212.8059,  218.1105,  222.1140,  224.8330,  226.3589,  227.0949,  227.3721,  227.5098,  227.5598,    0.0703,    0.2665,    0.5636,    0.9329,    1.3489,    1.7903,    2.2385,    2.6790,    3.1004,    3.4915,    3.8433,    4.5003,    4.3403,    4.6433,    4.8341,    4.9146,    4.8849,    4.7516,    4.5210,    4.2373,    4.2108,    4.1699,    4.1112,    4.0241,    1.3941,    1.3792,    1.3586,    1.3215,    1.2760,    1.2256,    1.0836,    1.0685,    1.0140,    0.8657,    0.8520,    0.6768,    0.4274,    0.3607,    0.2977,    0.2862,    0.2663,    0.2240,    0.2591,    0.2621,    0.2804,    0.3179,    0.3815,    0.4501,    0.5664,    0.6225,    0.5138,    0.6526,    0.6417,    0.6142,    0.6187,    0.6714,    0.6421,    0.6490,    0.6476,    0.6398,    1.5953,    1.4045,    1.3460,    1.1784,    1.1205,    0.9769,    0.8552,    0.8098,    0.7158,    0.6759,    0.6056,    0.5713,    0.8159,    0.7358,    0.6644,    0.6105,    0.5813,    0.5262,    0.5164,    0.4643,    0.4643,    0.4163,    0.4068,    0.3640,    0.9224,    0.6086,    0.3426,    0.1503,    0.0553,    0.0216,    0.0136,    0.0063,    0.0041,    0.0025,    0.0026,    0.0016,    0.0936,    0.0479,    0.0873,    0.1058,    0.1189,    0.1102,    0.1213,    0.1372,    0.1210,    0.1665,    0.1473,    0.1628,    0.1795,    0.1461,    0.2121,    0.2347,    0.1918,    0.2033,    0.2064,    0.2259,    0.2551,    0.1892,    0.3015,    0.3178,    0.3912,    0.4181,    0.4328,    0.4601,    0.4735,    0.4933,    0.4908,    0.5309,    0.5567,    0.5510,    0.6083,    0.6191,    1.0595,    1.1571,    1.2133,    1.2482,    1.2643,    1.3774,    1.2993,    1.3739,    1.3207,    1.4111,    1.3373,    1.4311,    3.0865,    3.0366,    3.1165,    3.1354,    3.1645,    3.0422,    3.1490,    3.2294,    3.2951,    3.0636,    3.0200,    3.1362,    7.9283,    7.3451,    7.2637,    7.0456,    6.5101,    6.1078,    5.3641,    4.9373,    4.7484,    4.1648,    3.2019,    2.9767,    2.2978,    1.9896,    1.5198,    1.4537,    0.9825,    0.7151,    0.5796,    0.2335,    0.2067,    0.1474,    0.0514,    0.0420,    0.0003,    0.0010,    0.0022,    0.0036,    0.0052,    0.0068,    0.0085,    0.0096,    0.0095,    0.0097,    0.0116,    0.3699,    0.5911,    0.7522,    0.8392,    0.8512,    0.7821,    0.6317,    0.3995,    0.1305,    0.1360,    0.1374,    0.1564,    0.2347,    0.0721,    0.0916,    0.1292,    0.2249,    0.3443,    0.4625,    0.8017,    0.8222,    0.9098,    1.0685,    1.1177,    1.2547,    0.9696,    0.9641,    0.9572,    0.9473,    0.9378,    0.9287,    0.9178,    0.9074,    0.8966,    0.8844,    0.8685,    0.8449,    0.8244,    0.7314,    0.7813,    0.6161,    0.6145,    0.6201,    0.5766,    0.4645,    0.4528,    0.4047,    0.3761,    0.3625,    1.0498,    1.0830,    1.0102,    1.0283,    0.9750,    0.9867,    0.9906,    0.9419,    0.9409,    0.8948,    0.8878,    0.8393,    1.2792,    1.1815,    1.0821,    0.9853,    0.8669,    0.7777,    0.6616,    0.5976,    0.4909,    0.4429,    0.3651,    0.3286,    0.7531,    0.5849,    0.4988,    0.4380,    0.3560,    0.2665,    0.1850,    0.1313,    0.0899,    0.0616,    0.0399,    0.0268,    0.0001,    0.0000,    0.0002,    0.0013,    0.0014,    0.0013,    0.0015,    0.0004,    0.0003,    0.0005,    0.0004,    0.0020,    0.0022,    0.0018,    0.0026,    0.0028,    0.0041,    0.0027,    0.0003,    0.0007,    0.0035,    0.0042,    0.0011,    0.0012,    0.0015,    0.0016,    0.0016,    0.0017,    0.0087,    0.0090,    0.0083,    0.0076,    0.0067,    0.0080,    0.0111,    0.0112,    0.0465,    0.0508,    0.0532,    0.0540,    0.0530,    0.0588,    0.0565,    0.1134,    0.1042,    0.1179,    0.1114,    0.1186,    0.2569,    0.2507,    0.2603,    0.1763,    0.1774,    0.1710,    0.1771,    0.1816,    0.1853,    0.1722,    0.1698,    0.1763,    0.4457,    0.3292,    0.3255,    0.3156,    0.2916,    0.2735,    0.2401,    0.2209,    0.2123,    0.1861,    0.1430,    0.1329,    0.1025,    0.3622,    0.2763,    0.2638,    0.1780,    0.1293,    0.1045,    0.0420,    0.0370,    0.0263,    0.0091,    0.0074
