Particle       ,data/QEXT_96IR_84_VIS_RNC10_7_9umrod
Ncase          ,  14
dt (sols)      ,  0.020833
Qext 0.67um    ,  1.833768
Alb sfc        ,  0.220000
Conrath nu     ,  0.002000
Sun Flux (W/m2),148.389262
BWN IR (cm-1)  ,     10.0000,     34.1670,     58.3330,     82.5000,    106.6670,    130.8330,    155.0000,    179.1670,    203.3330,    227.5000,    251.6670,    275.8330,    300.0000,    320.7880,    341.5750,    362.3630,    383.1500,    403.9380,    424.7250,    445.5130,    466.3010,    487.0880,    507.8760,    528.6630,    549.4510,    556.7420,    564.0330,    571.3240,    578.6150,    585.9060,    593.1970,    600.4880,    607.7790,    615.0700,    622.3610,    629.6520,    636.9430,    642.5500,    648.1570,    653.7640,    659.3700,    664.9770,    670.5840,    676.1910,    681.7980,    687.4050,    693.0110,    698.6180,    704.2250,    710.1390,    716.0530,    721.9670,    727.8810,    733.7950,    739.7090,    745.6240,    751.5380,    757.4520,    763.3660,    769.2800,    775.1940,    791.5010,    807.8070,    824.1140,    840.4210,    856.7270,    873.0340,    889.3410,    905.6470,    921.9540,    938.2610,    954.5670,    970.8740,    996.8050,   1022.7370,   1048.6680,   1074.6000,   1100.5310,   1126.4630,   1152.3940,   1178.3250,   1204.2570,   1230.1880,   1256.1200,   1282.0510,   1360.3990,   1438.7460,   1517.0940,   1595.4410,   1673.7890,   1752.1370,   1830.4840,   1908.8320,   1987.1790,   2065.5270,   2143.8740,   2222.2220
BWN VIS (cm-1) ,   2222.2200,   2294.3160,   2366.4120,   2438.5080,   2510.6030,   2582.6990,   2654.7950,   2726.8910,   2798.9870,   2871.0820,   2943.1780,   3015.2740,   3087.3700,   3165.9750,   3244.5800,   3323.1850,   3401.7900,   3480.3950,   3559.0000,   3637.6050,   3716.2100,   3794.8150,   3873.4200,   3952.0250,   4030.6300,   4142.2920,   4253.9530,   4365.6150,   4477.2770,   4588.9380,   4700.6000,   4812.2620,   4923.9230,   5035.5850,   5147.2470,   5258.9080,   5370.5700,   5560.6150,   5750.6600,   5940.7050,   6130.7500,   6320.7950,   6510.8400,   6700.8850,   6890.9300,   7080.9750,   7271.0200,   7461.0650,   7651.1100,   8055.1840,   8459.2580,   8863.3330,   9267.4070,   9671.4810,  10075.5550,  10479.6290,  10883.7030,  11287.7780,  11691.8520,  12095.9260,  12500.0000,  13541.6670,  14583.3330,  15625.0000,  16666.6670,  17708.3330,  18750.0000,  19791.6670,  20833.3330,  21875.0000,  22916.6670,  23958.3330,  25000.0000,  26388.8890,  27777.7780,  29166.6670,  30555.5570,  31944.4460,  33333.3350,  34722.2240,  36111.1130,  37500.0030,  38888.8920,  40277.7810,  41666.6700
SUN VIS (W/m2) ,      0.1008,      0.0862,      0.0968,      0.1089,      0.1224,      0.1136,      0.1248,      0.1400,      0.1233,      0.1698,      0.1502,      0.1645,      0.1814,      0.1477,      0.2144,      0.2377,      0.1946,      0.2106,      0.2276,      0.2472,      0.2683,      0.1918,      0.3072,      0.3239,      0.3986,      0.4261,      0.4410,      0.4688,      0.4810,      0.5017,      0.5013,      0.5485,      0.5772,      0.5665,      0.6183,      0.6303,      1.0809,      1.1806,      1.2379,      1.2751,      1.2949,      1.4092,      1.3262,      1.4132,      1.3634,      1.4505,      1.3747,      1.4716,      3.1730,      3.1258,      3.2038,      3.2543,      3.2846,      3.1576,      3.2685,      3.3520,      3.4202,      3.1800,      3.1347,      3.2554,      8.2299,      7.8425,      7.7561,      7.5237,      6.9524,      6.5235,      5.7299,      5.2748,      5.0739,      4.4511,      3.4228,      3.1828,      2.4579,      2.2644,      1.7312,      1.6575,      1.1215,      0.8173,      0.6634,      0.2677,      0.2374,      0.1697,      0.0593,      0.0486
================
wavelenght [um],    0.244068,    0.252632,    0.261818,    0.271698,    0.282353,    0.293878,    0.306383,    0.320000,    0.334884,    0.351220,    0.369231,    0.389189,    0.408511,    0.426667,    0.446512,    0.468293,    0.492308,    0.518919,    0.548571,    0.581818,    0.619355,    0.662069,    0.711111,    0.768000,    0.813143,    0.840768,    0.870336,    0.902060,    0.936184,    0.972991,    1.012810,    1.056028,    1.103099,    1.154562,    1.211061,    1.273375,    1.323436,    1.357581,    1.393534,    1.431444,    1.471474,    1.513807,    1.558648,    1.606226,    1.656801,    1.710664,    1.768147,    1.829628,    1.881560,    1.921939,    1.964090,    2.008131,    2.054193,    2.102417,    2.152960,    2.205992,    2.261704,    2.320302,    2.382017,    2.447105,    2.505432,    2.555765,    2.608162,    2.662752,    2.719677,    2.779088,    2.841153,    2.906054,    2.973989,    3.045176,    3.119855,    3.198288,    3.277268,    3.356577,    3.439819,    3.527294,    3.619334,    3.716307,    3.818620,    3.926726,    4.041130,    4.162400,    4.291175,    4.428172,    4.580751,    4.751270,    4.934974,    5.133456,    5.348572,    5.582505,    5.837838,    6.117648,    6.425631,    6.766266,    7.145039,    7.568734,    7.879690,    8.044056,    8.215425,    8.394255,    8.581043,    8.776330,    8.980716,    9.194848,    9.419442,    9.655282,    9.903235,   10.164260,   10.387231,   10.566200,   10.751445,   10.943308,   11.142136,   11.348323,   11.562291,   11.784476,   12.015368,   12.255495,   12.505409,   12.765727,   12.949392,   13.049328,   13.150818,   13.253898,   13.358608,   13.464994,   13.573088,   13.682923,   13.794549,   13.908012,   14.023357,   14.140631,   14.256763,   14.371646,   14.488386,   14.607038,   14.727660,   14.850291,   14.974981,   15.101782,   15.230738,   15.361915,   15.495384,   15.631191,   15.790367,   15.974275,   16.162517,   16.355249,   16.552633,   16.754839,   16.962047,   17.174443,   17.392227,   17.615605,   17.844795,   18.080028,   18.550914,   19.294981,   20.101230,   20.977796,   21.934298,   22.982219,   24.135264,   25.410119,   26.827165,   28.411593,   30.194923,   32.217118,   34.732292,   37.914692,   41.739101,   46.421699,   52.287582,   59.850314,   69.970927,   84.210526,  105.726686,  142.012170,  216.216216,  452.826771
Qext           ,      1.9926,      1.9926,      1.9926,      1.9926,      1.9926,      1.9926,      1.9926,      1.9926,      1.9926,      1.9926,      1.9926,      1.9926,      1.9926,      1.9926,      1.9926,      1.9926,      1.8338,      1.8338,      1.8338,      1.8338,      1.8338,      1.8338,      1.8338,      1.8338,      1.8338,      1.8338,      1.8338,      1.8338,      1.8338,      1.8338,      1.8338,      1.2564,      1.2564,      1.2564,      1.2564,      1.2564,      1.2564,      1.2564,      1.2564,      1.2564,      1.2564,      1.2564,      1.2564,      1.2675,      1.2675,      1.2675,      1.2675,      1.2675,      1.2675,      1.2675,      1.2675,      1.2675,      1.2675,      1.2675,      1.4978,      1.4978,      1.4978,      1.4978,      1.4978,      1.4978,      1.4978,      1.4978,      1.4978,      1.4978,      1.6550,      1.6550,      1.6550,      1.6550,      1.6550,      1.6550,      1.6550,      1.6550,      1.5399,      1.5399,      1.5399,      1.5399,      1.5399,      1.5399,      1.6958,      1.6958,      1.6958,      1.6958,      1.6958,      1.9038,      1.9038,      1.9038,      2.1646,      2.1646,      2.1646,      2.3492,      2.3492,      2.3142,      2.3142,      2.7813,      3.0109,      3.0109,      2.9456,      2.9456,      3.0594,      3.0594,      3.0594,      3.7930,      3.7930,      3.7930,      4.7378,      4.7378,      3.3462,      3.3462,      2.8072,      2.8072,      2.8072,      2.7021,      2.7021,      2.7021,      3.1245,      3.1245,      3.8600,      3.8600,      3.8600,      5.0021,      5.0021,      5.0021,      5.6163,      5.6163,      5.6163,      5.6163,      5.6163,      4.9934,      4.9934,      4.9934,      4.9934,      4.9934,      3.8980,      3.8980,      3.8980,      3.8980,      3.8160,      3.8160,      3.8160,      3.8160,      3.8160,      4.2372,      4.2372,      4.2372,      4.2372,      4.9674,      4.9674,      4.9674,      5.7778,      5.7778,      6.1206,      6.1206,      6.1206,      6.3937,      6.3937,      6.7625,      7.1124,      8.4540,     10.5398,     11.9223,     10.7855,      9.8033,      9.7513,      6.8865,      8.6579,     14.2751,      8.4831,      3.7691,      1.9473,      1.5786,      2.4166,      5.7469,      6.1430,      6.1239,      6.1239,      6.1239,      6.1239,      6.1239,      6.1239,      6.1239
Qscat          ,      1.2936,      1.2936,      1.2936,      1.2936,      1.2936,      1.2936,      1.2936,      1.2936,      1.2936,      1.2936,      1.2936,      1.2936,      1.2936,      1.2936,      1.2936,      1.2936,      1.5834,      1.5834,      1.5834,      1.5834,      1.5834,      1.5834,      1.5834,      1.5834,      1.5834,      1.5834,      1.5834,      1.5834,      1.5834,      1.5834,      1.5834,      1.1488,      1.1488,      1.1488,      1.1488,      1.1488,      1.1488,      1.1488,      1.1488,      1.1488,      1.1488,      1.1488,      1.1488,      1.1597,      1.1597,      1.1597,      1.1597,      1.1597,      1.1597,      1.1597,      1.1597,      1.1597,      1.1597,      1.1597,      1.3882,      1.3882,      1.3882,      1.3882,      1.3882,      1.3882,      1.3882,      1.3882,      1.3882,      1.3882,      1.5162,      1.5162,      1.5162,      1.5162,      1.5162,      1.5162,      1.5162,      1.5162,      1.4400,      1.4400,      1.4400,      1.4400,      1.4400,      1.4400,      1.5739,      1.5739,      1.5739,      1.5739,      1.5739,      1.7430,      1.7430,      1.7430,      1.9714,      1.9714,      1.9714,      2.1011,      2.1011,      2.0879,      2.0879,      2.4627,      2.6494,      2.6494,      2.6006,      2.6006,      2.6819,      2.6819,      2.6819,      3.3198,      3.3198,      3.3198,      4.0607,      4.0607,      2.7782,      2.7782,      2.3970,      2.3970,      2.3970,      2.3306,      2.3306,      2.3306,      2.6520,      2.6520,      3.2319,      3.2319,      3.2319,      4.0130,      4.0130,      4.0130,      4.6257,      4.6257,      4.6257,      4.6257,      4.6257,      4.1268,      4.1268,      4.1268,      4.1268,      4.1268,      3.2540,      3.2540,      3.2540,      3.2540,      3.2341,      3.2341,      3.2341,      3.2341,      3.2341,      3.6162,      3.6162,      3.6162,      3.6162,      4.2313,      4.2313,      4.2313,      4.9144,      4.9144,      5.2635,      5.2635,      5.2635,      5.4970,      5.4970,      5.7912,      6.0356,      6.9994,      8.1753,      8.2348,      6.3584,      5.4833,      6.3059,      4.5064,      5.8322,      9.7333,      5.2828,      2.4737,      1.1533,      0.8303,      1.3302,      3.5604,      3.9383,      3.2290,      3.2290,      3.2290,      3.2290,      3.2290,      3.2290,      3.2290
G factor       ,      0.5830,      0.5830,      0.5830,      0.5830,      0.5830,      0.5830,      0.5830,      0.5830,      0.5830,      0.5830,      0.5830,      0.5830,      0.5830,      0.5830,      0.5830,      0.5830,      0.3630,      0.3630,      0.3630,      0.3630,      0.3630,      0.3630,      0.3630,      0.3630,      0.3630,      0.3630,      0.3630,      0.3630,      0.3630,      0.3630,      0.3630,      0.3200,      0.3200,      0.3200,      0.3200,      0.3200,      0.3200,      0.3200,      0.3200,      0.3200,      0.3200,      0.3200,      0.3200,      0.2900,      0.2900,      0.2900,      0.2900,      0.2900,      0.2900,      0.2900,      0.2900,      0.2900,      0.2900,      0.2900,      0.3020,      0.3020,      0.3020,      0.3020,      0.3020,      0.3020,      0.3020,      0.3020,      0.3020,      0.3020,      0.2480,      0.2480,      0.2480,      0.2480,      0.2480,      0.2480,      0.2480,      0.2480,      0.2840,      0.2840,      0.2840,      0.2840,      0.2840,      0.2840,      0.2580,      0.2580,      0.2580,      0.2580,      0.2580,      0.3050,      0.3050,      0.3050,      0.2940,      0.2940,      0.2940,      0.2620,      0.2620,      0.2470,      0.2470,      0.2130,      0.1820,      0.1820,      0.1950,      0.1950,      0.2170,      0.2170,      0.2170,      0.1800,      0.1800,      0.1800,      0.1760,      0.1760,      0.1740,      0.1740,      0.2210,      0.2210,      0.2210,      0.2920,      0.2920,      0.2920,      0.3530,      0.3530,      0.3120,      0.3120,      0.3120,      0.2910,      0.2910,      0.2910,      0.3050,      0.3050,      0.3050,      0.3050,      0.3050,      0.1510,      0.1510,      0.1510,      0.1510,      0.1510,      0.0330,      0.0330,      0.0330,      0.0330,      0.0270,      0.0270,      0.0270,      0.0270,      0.0270,      0.0440,      0.0440,      0.0440,      0.0440,      0.0560,      0.0560,      0.0560,      0.0760,      0.0760,      0.0890,      0.0890,      0.0890,      0.0980,      0.0980,      0.1030,      0.1080,      0.1000,      0.0490,     -0.0400,     -0.1770,     -0.1750,     -0.0490,     -0.0090,     -0.0010,      0.0500,      0.0410,     -0.0890,     -0.2040,     -0.2420,     -0.1580,     -0.0850,     -0.0240,     -0.0080,     -0.0080,     -0.0080,     -0.0080,     -0.0080,     -0.0080,     -0.0080
================
P [mbar]       ,    0.1004,    0.1015,    0.1034,    0.1069,    0.1130,    0.1239,    0.1432,    0.1740,    0.2226,    0.3028,    0.4349,    0.6529,    1.0121,    1.6044,    2.4646,    3.4606,    4.3994,    5.2226,    5.8426,    6.2132,    6.3980,    6.4686,    6.5039,    6.5168
Temp initial[K],  163.5827,  163.6723,  163.8293,  164.1029,  164.5732,  165.3648,  166.6602,  168.4872,  170.9519,  174.2721,  178.5564,  183.8814,  190.3071,  197.9049,  205.8548,  212.8059,  218.1105,  222.1140,  224.8330,  226.3589,  227.0949,  227.3721,  227.5098,  227.5598
================
it   ,   tau    ,  Tsfc    ,   alb    ,   OLR    ,    ASR   ,  NET top ,  NET bot , T lev  01, T lev  02, T lev  03, T lev  04, T lev  05, T lev  06, T lev  07, T lev  08, T lev  09, T lev  10, T lev  11, T lev  12, T lev  13, T lev  14, T lev  15, T lev  16, T lev  17, T lev  18, T lev  19, T lev  20, T lev  21, T lev  22, T lev  23, T lev  24, T lev  25,  OLR IR01,  OLR IR02,  OLR IR03,  OLR IR04,  OLR IR05,  OLR IR06,  OLR IR07,  OLR IR08,  OLR IR09,  OLR IR10,  OLR IR11,  OLR IR12,  OLR IR13,  OLR IR14,  OLR IR15,  OLR IR16,  OLR IR17,  OLR IR18,  OLR IR19,  OLR IR20,  OLR IR21,  OLR IR22,  OLR IR23,  OLR IR24,  OLR IR25,  OLR IR26,  OLR IR27,  OLR IR28,  OLR IR29,  OLR IR30,  OLR IR31,  OLR IR32,  OLR IR33,  OLR IR34,  OLR IR35,  OLR IR36,  OLR IR37,  OLR IR38,  OLR IR39,  OLR IR40,  OLR IR41,  OLR IR42,  OLR IR43,  OLR IR44,  OLR IR45,  OLR IR46,  OLR IR47,  OLR IR48,  OLR IR49,  OLR IR50,  OLR IR51,  OLR IR52,  OLR IR53,  OLR IR54,  OLR IR55,  OLR IR56,  OLR IR57,  OLR IR58,  OLR IR59,  OLR IR60,  OLR IR61,  OLR IR62,  OLR IR63,  OLR IR64,  OLR IR65,  OLR IR66,  OLR IR67,  OLR IR68,  OLR IR69,  OLR IR70,  OLR IR71,  OLR IR72,  OLR IR73,  OLR IR74,  OLR IR75,  OLR IR76,  OLR IR77,  OLR IR78,  OLR IR79,  OLR IR80,  OLR IR81,  OLR IR82,  OLR IR83,  OLR IR84,  OLR IR85,  OLR IR86,  OLR IR87,  OLR IR88,  OLR IR89,  OLR IR90,  OLR IR91,  OLR IR92,  OLR IR93,  OLR IR94,  OLR IR95,  OLR IR96, ASR VIS01, ASR VIS02, ASR VIS03, ASR VIS04, ASR VIS05, ASR VIS06, ASR VIS07, ASR VIS08, ASR VIS09, ASR VIS10, ASR VIS11, ASR VIS12, ASR VIS13, ASR VIS14, ASR VIS15, ASR VIS16, ASR VIS17, ASR VIS18, ASR VIS19, ASR VIS20, ASR VIS21, ASR VIS22, ASR VIS23, ASR VIS24, ASR VIS25, ASR VIS26, ASR VIS27, ASR VIS28, ASR VIS29, ASR VIS30, ASR VIS31, ASR VIS32, ASR VIS33, ASR VIS34, ASR VIS35, ASR VIS36, ASR VIS37, ASR VIS38, ASR VIS39, ASR VIS40, ASR VIS41, ASR VIS42, ASR VIS43, ASR VIS44, ASR VIS45, ASR VIS46, ASR VIS47, ASR VIS48, ASR VIS49, ASR VIS50, ASR VIS51, ASR VIS52, ASR VIS53, ASR VIS54, ASR VIS55, ASR VIS56, ASR VIS57, ASR VIS58, ASR VIS59, ASR VIS60, ASR VIS61, ASR VIS62, ASR VIS63, ASR VIS64, ASR VIS65, ASR VIS66, ASR VIS67, ASR VIS68, ASR VIS69, ASR VIS70, ASR VIS71, ASR VIS72, ASR VIS73, ASR VIS74, ASR VIS75, ASR VIS76, ASR VIS77, ASR VIS78, ASR VIS79, ASR VIS80, ASR VIS81, ASR VIS82, ASR VIS83, ASR VIS84, SFC DIR01, SFC DIR02, SFC DIR03, SFC DIR04, SFC DIR05, SFC DIR06, SFC DIR07, SFC DIR08, SFC DIR09, SFC DIR10, SFC DIR11, SFC DIR12, SFC DIR13, SFC DIR14, SFC DIR15, SFC DIR16, SFC DIR17, SFC DIR18, SFC DIR19, SFC DIR20, SFC DIR21, SFC DIR22, SFC DIR23, SFC DIR24, SFC DIR25, SFC DIR26, SFC DIR27, SFC DIR28, SFC DIR29, SFC DIR30, SFC DIR31, SFC DIR32, SFC DIR33, SFC DIR34, SFC DIR35, SFC DIR36, SFC DIR37, SFC DIR38, SFC DIR39, SFC DIR40, SFC DIR41, SFC DIR42, SFC DIR43, SFC DIR44, SFC DIR45, SFC DIR46, SFC DIR47, SFC DIR48, SFC DIR49, SFC DIR50, SFC DIR51, SFC DIR52, SFC DIR53, SFC DIR54, SFC DIR55, SFC DIR56, SFC DIR57, SFC DIR58, SFC DIR59, SFC DIR60, SFC DIR61, SFC DIR62, SFC DIR63, SFC DIR64, SFC DIR65, SFC DIR66, SFC DIR67, SFC DIR68, SFC DIR69, SFC DIR70, SFC DIR71, SFC DIR72, SFC DIR73, SFC DIR74, SFC DIR75, SFC DIR76, SFC DIR77, SFC DIR78, SFC DIR79, SFC DIR80, SFC DIR81, SFC DIR82, SFC DIR83, SFC DIR84, SFC DIR85, SFC DIR86, SFC DIR87, SFC DIR88, SFC DIR89, SFC DIR90, SFC DIR91, SFC DIR92, SFC DIR93, SFC DIR94, SFC DIR95, SFC DIR96,SFC DVIS01,SFC DVIS02,SFC DVIS03,SFC DVIS04,SFC DVIS05,SFC DVIS06,SFC DVIS07,SFC DVIS08,SFC DVIS09,SFC DVIS10,SFC DVIS11,SFC DVIS12,SFC DVIS13,SFC DVIS14,SFC DVIS15,SFC DVIS16,SFC DVIS17,SFC DVIS18,SFC DVIS19,SFC DVIS20,SFC DVIS21,SFC DVIS22,SFC DVIS23,SFC DVIS24,SFC DVIS25,SFC DVIS26,SFC DVIS27,SFC DVIS28,SFC DVIS29,SFC DVIS30,SFC DVIS31,SFC DVIS32,SFC DVIS33,SFC DVIS34,SFC DVIS35,SFC DVIS36,SFC DVIS37,SFC DVIS38,SFC DVIS39,SFC DVIS40,SFC DVIS41,SFC DVIS42,SFC DVIS43,SFC DVIS44,SFC DVIS45,SFC DVIS46,SFC DVIS47,SFC DVIS48,SFC DVIS49,SFC DVIS50,SFC DVIS51,SFC DVIS52,SFC DVIS53,SFC DVIS54,SFC DVIS55,SFC DVIS56,SFC DVIS57,SFC DVIS58,SFC DVIS59,SFC DVIS60,SFC DVIS61,SFC DVIS62,SFC DVIS63,SFC DVIS64,SFC DVIS65,SFC DVIS66,SFC DVIS67,SFC DVIS68,SFC DVIS69,SFC DVIS70,SFC DVIS71,SFC DVIS72,SFC DVIS73,SFC DVIS74,SFC DVIS75,SFC DVIS76,SFC DVIS77,SFC DVIS78,SFC DVIS79,SFC DVIS80,SFC DVIS81,SFC DVIS82,SFC DVIS83,SFC DVIS84
    2,    0.0000,  227.5722,    0.2192,  139.8688,  115.8602,  -23.5218,  -14.0680,  158.4330,  163.5827,  163.6723,  163.8293,  164.1029,  164.5732,  165.3648,  166.6602,  168.4872,  170.9519,  174.2721,  178.5564,  183.8814,  190.3071,  197.9049,  205.8548,  212.8059,  218.1105,  222.1140,  224.8330,  226.3589,  227.0949,  227.3721,  227.5098,  227.5598,    0.0705,    0.2675,    0.5658,    0.9364,    1.3541,    1.7971,    2.2470,    2.6886,    3.1100,    3.5012,    3.8550,    4.1668,    3.7991,    3.9662,    4.1036,    4.2111,    4.2902,    4.3412,    4.3666,    4.3674,    4.3455,    4.3031,    4.2365,    4.1377,    1.4329,    1.4160,    1.3937,    1.3544,    1.3064,    1.2531,    1.1042,    1.0903,    1.0331,    0.8812,    0.8657,    0.6804,    0.4286,    0.3613,    0.2973,    0.2859,    0.2660,    0.2237,    0.2586,    0.2615,    0.2793,    0.3166,    0.3804,    0.4522,    0.5746,    0.6344,    0.5305,    0.6851,    0.6744,    0.6698,    0.6769,    0.7426,    0.7550,    0.7683,    0.7700,    0.7628,    2.0538,    1.9716,    1.9052,    1.8274,    1.7484,    1.6691,    1.5919,    1.5151,    1.4407,    1.3665,    1.2937,    1.2291,    1.8278,    1.6842,    1.5339,    1.3924,    1.2741,    1.1725,    1.0662,    0.9681,    0.8777,    0.7928,    0.7079,    0.6374,    1.5840,    1.1437,    0.8293,    0.5901,    0.4167,    0.2922,    0.2036,    0.1383,    0.0940,    0.0622,    0.0416,    0.0303,    0.0906,    0.0482,    0.0759,    0.0854,    0.0957,    0.0892,    0.0975,    0.1096,    0.0962,    0.1325,    0.1172,    0.1283,    0.1417,    0.1155,    0.1680,    0.1868,    0.1536,    0.1833,    0.2065,    0.2237,    0.2252,    0.1502,    0.2398,    0.2533,    0.3110,    0.3324,    0.3440,    0.3658,    0.3756,    0.3940,    0.4010,    0.4565,    0.4953,    0.4717,    0.4852,    0.4943,    0.8433,    0.9209,    0.9663,    0.9993,    1.0234,    1.1077,    1.0381,    1.1064,    1.0804,    1.1314,    1.0733,    1.1507,    2.4780,    2.4450,    2.4989,    2.5384,    2.5644,    2.4626,    2.5489,    2.6139,    2.6670,    2.4800,    2.4441,    2.5380,    6.4157,    6.1123,    6.0433,    5.8603,    5.4132,    5.0767,    4.4565,    4.0997,    3.9404,    3.4535,    2.6528,    2.4637,    1.8993,    1.7458,    1.3311,    1.2705,    0.8565,    0.6215,    0.5021,    0.2015,    0.1776,    0.1261,    0.0437,    0.0355,    0.0000,    0.0000,    0.0000,    0.0000,    0.0000,    0.0000,    0.0000,    0.0000,    0.0000,    0.0000,    0.0000,    0.0000,    0.0000,    0.0000,    0.0000,    0.0000,    0.0000,    0.0000,    0.0000,    0.0004,    0.0013,    0.0042,    0.0316,    0.1224,    0.0337,    0.0553,    0.0951,    0.1939,    0.3170,    0.4390,    0.7874,    0.8078,    0.8986,    1.0611,    1.1127,    1.2540,    0.9696,    0.9641,    0.9572,    0.9473,    0.9378,    0.9287,    0.9178,    0.9074,    0.8966,    0.8844,    0.8683,    0.8421,    0.8025,    0.6764,    0.7395,    0.4977,    0.5022,    0.4908,    0.4247,    0.2470,    0.1814,    0.1031,    0.0612,    0.0469,    0.0933,    0.0788,    0.0260,    0.0119,    0.0030,    0.0028,    0.0017,    0.0056,    0.0100,    0.0182,    0.0292,    0.0235,    0.0278,    0.0056,    0.0259,    0.0458,    0.0328,    0.0004,    0.0000,    0.0000,    0.0000,    0.0031,    0.0165,    0.0171,    0.0171,    0.0171,    0.0000,    0.0000,    0.0000,    0.0000,    0.0000,    0.0035,    0.0040,    0.0054,    0.0048,    0.0010,    0.0230,    0.0000,    0.0598,    0.1073,    0.1213,    0.1109,    0.1245,    0.1385,    0.1233,    0.1698,    0.1501,    0.1645,    0.1806,    0.1466,    0.2118,    0.2312,    0.1878,    0.1215,    0.0145,    0.0325,    0.1583,    0.1897,    0.3065,    0.3218,    0.3984,    0.4260,    0.4410,    0.4686,    0.4796,    0.4909,    0.4572,    0.4157,    0.3661,    0.4375,    0.6076,    0.6165,    1.0804,    1.1803,    1.2358,    1.2540,    1.2316,    1.3659,    1.3119,    1.3949,    1.2823,    1.4502,    1.3714,    1.4595,    3.1611,    3.0848,    3.2030,    3.2531,    3.2743,    3.1567,    3.2678,    3.3511,    3.4192,    3.1776,    3.1334,    3.2539,    8.2247,    7.8363,    7.7478,    7.5132,    6.9399,    6.5086,    5.7135,    5.2561,    5.0518,    4.4276,    3.4010,    3.1586,    2.4350,    2.2382,    1.7066,    1.6288,    1.0981,    0.7968,    0.6438,    0.2584,    0.2277,    0.1616,    0.0560,    0.0455
    2,    0.0500,  227.5722,    0.2283,  125.3357,  114.5153,  -10.3329,    2.2170,  158.4330,  163.5827,  163.6723,  163.8293,  164.1029,  164.5732,  165.3648,  166.6602,  168.4872,  170.9519,  174.2721,  178.5564,  183.8814,  190.3071,  197.9049,  205.8548,  212.8059,  218.1105,  222.1140,  224.8330,  226.3589,  227.0949,  227.3721,  227.5098,  227.5598,    0.0645,    0.2444,    0.5163,    0.8534,    1.2324,    1.6335,    2.0397,    2.4011,    2.7852,    3.3327,    3.7255,    3.9868,    3.5027,    3.4196,    3.2325,    3.5688,    3.7462,    3.5960,    3.6032,    3.5207,    3.4387,    3.4848,    3.5655,    3.5709,    1.2424,    1.2365,    1.2189,    1.1947,    1.1588,    1.1185,    1.0102,    0.9995,    0.9622,    0.8316,    0.8213,    0.6629,    0.4219,    0.3577,    0.2957,    0.2847,    0.2651,    0.2233,    0.2576,    0.2604,    0.2777,    0.3135,    0.3739,    0.4401,    0.5478,    0.5971,    0.5041,    0.6359,    0.6266,    0.6239,    0.6276,    0.6806,    0.6892,    0.6982,    0.7045,    0.6974,    1.8763,    1.8394,    1.7759,    1.7027,    1.6548,    1.5795,    1.5118,    1.4388,    1.3680,    1.2894,    1.2207,    1.1596,    1.6998,    1.5656,    1.3857,    1.2584,    1.1739,    1.0792,    0.9813,    0.9071,    0.8223,    0.7428,    0.6641,    0.5979,    1.4815,    1.0695,    0.7805,    0.5620,    0.3968,    0.2782,    0.1938,    0.1324,    0.0900,    0.0596,    0.0401,    0.0291,    0.0896,    0.0481,    0.0747,    0.0835,    0.0936,    0.0872,    0.0955,    0.1073,    0.0943,    0.1297,    0.1147,    0.1257,    0.1386,    0.1130,    0.1644,    0.1828,    0.1503,    0.1801,    0.2050,    0.2216,    0.2223,    0.1473,    0.2353,    0.2485,    0.3051,    0.3260,    0.3375,    0.3588,    0.3685,    0.3866,    0.3949,    0.4501,    0.4889,    0.4651,    0.4776,    0.4866,    0.8300,    0.9064,    0.9511,    0.9837,    1.0077,    1.0915,    1.0227,    1.0900,    1.0648,    1.1146,    1.0573,    1.1336,    2.4412,    2.4088,    2.4616,    2.5005,    2.5263,    2.4232,    2.5081,    2.5721,    2.6243,    2.4403,    2.4050,    2.4974,    6.3131,    6.0146,    5.9467,    5.7667,    5.3267,    4.9957,    4.3855,    4.0344,    3.9673,    3.4771,    2.6710,    2.4807,    1.9124,    1.7580,    1.3405,    1.2795,    0.8628,    0.6262,    0.5059,    0.2031,    0.1790,    0.1271,    0.0441,    0.0358,    0.0146,    0.0550,    0.1157,    0.1906,    0.2742,    0.3620,    0.4502,    0.5081,    0.5721,    0.3080,    0.2336,    0.2964,    0.4629,    0.9439,    1.4175,    1.0009,    0.8482,    1.1662,    1.2682,    1.3488,    1.3208,    1.0871,    0.8598,    0.7934,    0.2565,    0.2624,    0.2938,    0.3689,    0.4709,    0.5717,    0.8624,    0.8767,    0.9462,    1.0878,    1.1307,    1.2550,    0.9697,    0.9641,    0.9572,    0.9473,    0.9378,    0.9287,    0.9178,    0.9074,    0.8966,    0.8844,    0.8684,    0.8429,    0.8103,    0.6970,    0.7529,    0.5367,    0.5392,    0.5271,    0.4681,    0.3103,    0.2514,    0.1815,    0.1373,    0.1234,    0.3018,    0.2296,    0.1744,    0.1547,    0.1096,    0.1044,    0.0906,    0.0899,    0.0898,    0.1024,    0.1082,    0.0987,    0.1672,    0.1349,    0.1839,    0.1873,    0.1375,    0.0985,    0.0890,    0.0637,    0.0577,    0.0550,    0.0615,    0.0574,    0.1216,    0.0920,    0.0490,    0.0280,    0.0197,    0.0138,    0.0096,    0.0092,    0.0078,    0.0079,    0.0062,    0.0020,    0.0222,    0.0000,    0.0579,    0.1037,    0.1173,    0.1073,    0.1209,    0.1345,    0.1197,    0.1649,    0.1457,    0.1598,    0.1746,    0.1418,    0.2047,    0.2235,    0.1816,    0.1174,    0.0141,    0.0314,    0.1538,    0.1844,    0.2979,    0.3128,    0.3871,    0.4140,    0.4286,    0.4554,    0.4661,    0.4771,    0.4459,    0.4054,    0.3571,    0.4267,    0.5925,    0.6012,    1.0536,    1.1510,    1.2051,    1.2229,    1.2010,    1.3332,    1.2805,    1.3616,    1.2516,    1.4156,    1.3386,    1.4246,    3.0855,    3.0111,    3.1264,    3.1753,    3.1960,    3.0405,    3.1475,    3.2278,    3.2933,    3.0607,    3.0181,    3.1341,    7.9220,    7.5478,    7.4627,    7.2367,    6.6845,    6.2691,    5.5033,    5.0627,    4.7957,    4.2030,    3.2284,    2.9982,    2.3113,    2.1245,    1.6198,    1.5459,    1.0422,    0.7563,    0.6110,    0.2452,    0.2161,    0.1534,    0.0532,    0.0432
    2,    0.1000,  227.5722,    0.2367,  115.1724,  113.2700,   -1.4142,   13.3527,  158.4330,  163.5827,  163.6723,  163.8293,  164.1029,  164.5732,  165.3648,  166.6602,  168.4872,  170.9519,  174.2721,  178.5564,  183.8814,  190.3071,  197.9049,  205.8548,  212.8059,  218.1105,  222.1140,  224.8330,  226.3589,  227.0949,  227.3721,  227.5098,  227.5598,    0.0605,    0.2288,    0.4828,    0.7970,    1.1494,    1.5212,    1.8967,    2.2018,    2.5572,    3.1892,    3.6095,    3.8290,    3.2673,    3.0696,    2.7909,    3.1613,    3.3708,    3.1484,    3.1554,    3.0451,    2.9345,    2.9855,    3.1093,    3.1608,    1.1026,    1.1026,    1.0882,    1.0736,    1.0460,    1.0148,    0.9349,    0.9263,    0.9030,    0.7894,    0.7828,    0.6466,    0.4155,    0.3541,    0.2942,    0.2835,    0.2642,    0.2230,    0.2567,    0.2593,    0.2761,    0.3106,    0.3677,    0.4289,    0.5242,    0.5651,    0.4812,    0.5948,    0.5865,    0.5852,    0.5864,    0.6296,    0.6354,    0.6413,    0.6504,    0.6435,    1.7300,    1.7253,    1.6642,    1.5951,    1.5713,    1.4996,    1.4397,    1.3701,    1.3026,    1.2208,    1.1559,    1.0978,    1.5892,    1.4629,    1.2642,    1.1483,    1.0884,    0.9998,    0.9089,    0.8533,    0.7734,    0.6986,    0.6253,    0.5630,    1.3913,    1.0041,    0.7369,    0.5364,    0.3786,    0.2654,    0.1849,    0.1270,    0.0863,    0.0572,    0.0387,    0.0281,    0.0887,    0.0480,    0.0735,    0.0816,    0.0915,    0.0853,    0.0936,    0.1052,    0.0924,    0.1272,    0.1125,    0.1232,    0.1358,    0.1107,    0.1610,    0.1790,    0.1473,    0.1772,    0.2035,    0.2197,    0.2195,    0.1447,    0.2310,    0.2440,    0.2995,    0.3201,    0.3313,    0.3523,    0.3618,    0.3797,    0.3892,    0.4441,    0.4828,    0.4588,    0.4704,    0.4793,    0.8174,    0.8926,    0.9366,    0.9689,    0.9928,    1.0761,    1.0082,    1.0745,    1.0500,    1.0986,    1.0421,    1.1175,    2.4062,    2.3745,    2.4263,    2.4647,    2.4901,    2.3869,    2.4705,    2.5336,    2.5850,    2.4038,    2.3690,    2.4601,    6.2187,    5.9247,    5.8579,    5.6806,    5.2473,    4.9213,    4.3202,    3.9745,    3.9927,    3.4995,    2.6883,    2.4969,    1.9251,    1.7698,    1.3496,    1.2884,    0.8688,    0.6307,    0.5097,    0.2046,    0.1804,    0.1282,    0.0445,    0.0362,    0.0258,    0.0972,    0.2048,    0.3373,    0.4853,    0.6408,    0.7971,    0.9000,    1.0166,    0.5824,    0.4495,    0.5654,    0.8525,    1.6187,    2.2594,    1.7075,    1.4858,    1.9500,    2.0975,    2.1985,    2.1462,    1.8121,    1.4593,    1.3016,    0.4270,    0.4227,    0.4477,    0.5057,    0.5915,    0.6761,    0.9226,    0.9323,    0.9857,    1.1101,    1.1459,    1.2560,    0.9697,    0.9641,    0.9572,    0.9473,    0.9378,    0.9287,    0.9178,    0.9074,    0.8966,    0.8844,    0.8685,    0.8437,    0.8170,    0.7145,    0.7642,    0.5694,    0.5702,    0.5578,    0.5046,    0.3631,    0.3098,    0.2466,    0.2016,    0.1879,    0.4777,    0.3618,    0.3045,    0.2798,    0.2057,    0.1960,    0.1713,    0.1665,    0.1623,    0.1779,    0.1791,    0.1662,    0.2891,    0.2479,    0.3150,    0.3046,    0.2274,    0.1826,    0.1654,    0.1202,    0.1088,    0.1009,    0.1014,    0.0933,    0.2139,    0.1582,    0.0929,    0.0536,    0.0377,    0.0264,    0.0183,    0.0144,    0.0114,    0.0102,    0.0075,    0.0030,    0.0214,    0.0000,    0.0560,    0.1004,    0.1135,    0.1038,    0.1175,    0.1307,    0.1163,    0.1602,    0.1416,    0.1552,    0.1689,    0.1371,    0.1980,    0.2162,    0.1757,    0.1136,    0.0136,    0.0304,    0.1495,    0.1793,    0.2897,    0.3041,    0.3765,    0.4026,    0.4168,    0.4428,    0.4533,    0.4639,    0.4350,    0.3954,    0.3483,    0.4162,    0.5781,    0.5865,    1.0279,    1.1230,    1.1758,    1.1931,    1.1717,    1.3018,    1.2504,    1.3295,    1.2222,    1.3823,    1.3071,    1.3911,    3.0129,    2.9402,    3.0528,    3.1006,    3.1208,    2.9304,    3.0336,    3.1110,    3.1741,    2.9499,    2.9089,    3.0207,    7.6353,    7.2748,    7.1927,    6.9750,    6.4429,    6.0425,    5.3044,    4.8799,    4.5545,    3.9916,    3.0661,    2.8475,    2.1951,    2.0177,    1.5384,    1.4682,    0.9899,    0.7183,    0.5803,    0.2329,    0.2052,    0.1457,    0.0505,    0.0411
    2,    0.1500,  227.5722,    0.2445,  107.5559,  112.1089,    5.0419,   21.2460,  158.4330,  163.5827,  163.6723,  163.8293,  164.1029,  164.5732,  165.3648,  166.6602,  168.4872,  170.9519,  174.2721,  178.5564,  183.8814,  190.3071,  197.9049,  205.8548,  212.8059,  218.1105,  222.1140,  224.8330,  226.3589,  227.0949,  227.3721,  227.5098,  227.5598,    0.0577,    0.2180,    0.4594,    0.7574,    1.0907,    1.4415,    1.7947,    2.0592,    2.3920,    3.0663,    3.5052,    3.6899,    3.0775,    2.8323,    2.5347,    2.8869,    3.1012,    2.8576,    2.8671,    2.7475,    2.6226,    2.6574,    2.7841,    2.8534,    0.9966,    0.9998,    0.9877,    0.9791,    0.9573,    0.9326,    0.8733,    0.8660,    0.8527,    0.7530,    0.7492,    0.6315,    0.4094,    0.3507,    0.2927,    0.2823,    0.2633,    0.2226,    0.2558,    0.2583,    0.2745,    0.3077,    0.3618,    0.4184,    0.5031,    0.5373,    0.4612,    0.5599,    0.5524,    0.5521,    0.5515,    0.5870,    0.5907,    0.5943,    0.6052,    0.5984,    1.6077,    1.6258,    1.5670,    1.5014,    1.4964,    1.4280,    1.3745,    1.3080,    1.2435,    1.1595,    1.0979,    1.0425,    1.4926,    1.3733,    1.1629,    1.0564,    1.0147,    0.9314,    0.8465,    0.8056,    0.7300,    0.6594,    0.5908,    0.5318,    1.3112,    0.9460,    0.6978,    0.5129,    0.3620,    0.2537,    0.1767,    0.1220,    0.0829,    0.0549,    0.0373,    0.0271,    0.0879,    0.0479,    0.0723,    0.0800,    0.0897,    0.0836,    0.0918,    0.1032,    0.0906,    0.1248,    0.1103,    0.1209,    0.1331,    0.1085,    0.1579,    0.1756,    0.1444,    0.1744,    0.2021,    0.2179,    0.2169,    0.1422,    0.2270,    0.2397,    0.2943,    0.3145,    0.3255,    0.3461,    0.3555,    0.3731,    0.3838,    0.4383,    0.4770,    0.4528,    0.4636,    0.4724,    0.8055,    0.8796,    0.9230,    0.9549,    0.9786,    1.0614,    0.9943,    1.0598,    1.0359,    1.0834,    1.0277,    1.1021,    2.3730,    2.3419,    2.3928,    2.4306,    2.4558,    2.3534,    2.4359,    2.4980,    2.5488,    2.3701,    2.3358,    2.4256,    6.1316,    5.8417,    5.7759,    5.6012,    5.1740,    4.8526,    4.2601,    3.9193,    4.0160,    3.5201,    2.7042,    2.5118,    1.9367,    1.7807,    1.3581,    1.2966,    0.8745,    0.6349,    0.5132,    0.2061,    0.1818,    0.1291,    0.0448,    0.0365,    0.0345,    0.1303,    0.2743,    0.4519,    0.6503,    0.8588,    1.0684,    1.2088,    1.3689,    0.8281,    0.6494,    0.8104,    1.1842,    2.1160,    2.7948,    2.2259,    1.9782,    2.5015,    2.6641,    2.7638,    2.6980,    2.3278,    1.9133,    1.7002,    0.5618,    0.5506,    0.5705,    0.6157,    0.6886,    0.7604,    0.9719,    0.9780,    1.0190,    1.1289,    1.1587,    1.2568,    0.9698,    0.9642,    0.9572,    0.9473,    0.9378,    0.9287,    0.9178,    0.9074,    0.8966,    0.8844,    0.8685,    0.8444,    0.8228,    0.7294,    0.7739,    0.5971,    0.5965,    0.5839,    0.5356,    0.4078,    0.3591,    0.3016,    0.2565,    0.2431,    0.6278,    0.4787,    0.4194,    0.3904,    0.2929,    0.2790,    0.2449,    0.2362,    0.2284,    0.2460,    0.2431,    0.2270,    0.3965,    0.3474,    0.4255,    0.4036,    0.3055,    0.2556,    0.2317,    0.1705,    0.1543,    0.1419,    0.1371,    0.1253,    0.2960,    0.2170,    0.1322,    0.0770,    0.0542,    0.0379,    0.0263,    0.0192,    0.0146,    0.0123,    0.0088,    0.0040,    0.0207,    0.0000,    0.0542,    0.0972,    0.1099,    0.1005,    0.1142,    0.1271,    0.1131,    0.1558,    0.1377,    0.1509,    0.1635,    0.1328,    0.1917,    0.2093,    0.1700,    0.1100,    0.0132,    0.0294,    0.1455,    0.1744,    0.2818,    0.2959,    0.3663,    0.3917,    0.4055,    0.4308,    0.4410,    0.4514,    0.4245,    0.3859,    0.3400,    0.4062,    0.5642,    0.5724,    1.0033,    1.0960,    1.1476,    1.1644,    1.1436,    1.2716,    1.2214,    1.2987,    1.1938,    1.3502,    1.2768,    1.3588,    2.9431,    2.8721,    2.9821,    3.0287,    3.0485,    2.8260,    2.9255,    3.0002,    3.0611,    2.8448,    2.8053,    2.9131,    7.3634,    7.0158,    6.9367,    6.7267,    6.2136,    5.8276,    5.1158,    4.7064,    4.3263,    3.7917,    2.9125,    2.7049,    2.0853,    1.9168,    1.4614,    1.3948,    0.9404,    0.6824,    0.5513,    0.2213,    0.1950,    0.1384,    0.0480,    0.0390
    2,    0.2000,  227.5722,    0.2518,  101.5635,  111.0244,    9.9505,   26.9398,  158.4330,  163.5827,  163.6723,  163.8293,  164.1029,  164.5732,  165.3648,  166.6602,  168.4872,  170.9519,  174.2721,  178.5564,  183.8814,  190.3071,  197.9049,  205.8548,  212.8059,  218.1105,  222.1140,  224.8330,  226.3589,  227.0949,  227.3721,  227.5098,  227.5598,    0.0557,    0.2103,    0.4426,    0.7287,    1.0479,    1.3830,    1.7194,    1.9542,    2.2691,    2.9603,    3.4111,    3.5668,    2.9225,    2.6630,    2.3684,    2.6926,    2.9005,    2.6557,    2.6666,    2.5443,    2.4126,    2.4290,    2.5435,    2.6167,    0.9141,    0.9189,    0.9084,    0.9037,    0.8862,    0.8662,    0.8220,    0.8156,    0.8096,    0.7213,    0.7195,    0.6175,    0.4035,    0.3474,    0.2912,    0.2812,    0.2624,    0.2222,    0.2550,    0.2572,    0.2730,    0.3049,    0.3562,    0.4087,    0.4843,    0.5129,    0.4435,    0.5299,    0.5230,    0.5236,    0.5215,    0.5510,    0.5530,    0.5548,    0.5669,    0.5602,    1.5042,    1.5386,    1.4818,    1.4193,    1.4290,    1.3634,    1.3153,    1.2516,    1.1899,    1.1044,    1.0457,    0.9928,    1.4076,    1.2944,    1.0773,    0.9786,    0.9506,    0.8718,    0.7922,    0.7629,    0.6912,    0.6243,    0.5598,    0.5039,    1.2396,    0.8941,    0.6624,    0.4913,    0.3466,    0.2428,    0.1691,    0.1173,    0.0797,    0.0528,    0.0361,    0.0262,    0.0871,    0.0479,    0.0713,    0.0784,    0.0879,    0.0819,    0.0902,    0.1014,    0.0890,    0.1225,    0.1083,    0.1187,    0.1306,    0.1065,    0.1549,    0.1723,    0.1417,    0.1717,    0.2008,    0.2161,    0.2144,    0.1398,    0.2232,    0.2357,    0.2893,    0.3092,    0.3201,    0.3403,    0.3496,    0.3670,    0.3786,    0.4328,    0.4714,    0.4471,    0.4571,    0.4659,    0.7941,    0.8672,    0.9100,    0.9416,    0.9652,    1.0475,    0.9812,    1.0458,    1.0225,    1.0690,    1.0141,    1.0875,    2.3415,    2.3110,    2.3609,    2.3982,    2.4231,    2.3225,    2.4039,    2.4652,    2.5153,    2.3390,    2.3051,    2.3937,    6.0511,    5.7651,    5.7002,    5.5278,    5.1063,    4.7892,    4.2045,    3.8682,    4.0374,    3.5390,    2.7189,    2.5255,    1.9474,    1.7907,    1.3658,    1.3042,    0.8798,    0.6388,    0.5165,    0.2074,    0.1830,    0.1300,    0.0451,    0.0367,    0.0414,    0.1562,    0.3291,    0.5422,    0.7805,    1.0309,    1.2826,    1.4556,    1.6520,    1.0488,    0.8349,    1.0344,    1.4693,    2.4897,    3.1480,    2.6157,    2.3655,    2.9007,    3.0617,    3.1520,    3.0814,    2.7089,    2.2679,    2.0210,    0.6710,    0.6551,    0.6708,    0.7061,    0.7684,    0.8297,    1.0129,    1.0161,    1.0473,    1.1450,    1.1698,    1.2576,    0.9698,    0.9642,    0.9572,    0.9473,    0.9378,    0.9287,    0.9178,    0.9074,    0.8966,    0.8844,    0.8686,    0.8450,    0.8280,    0.7424,    0.7822,    0.6209,    0.6192,    0.6065,    0.5622,    0.4461,    0.4012,    0.3485,    0.3039,    0.2906,    0.7575,    0.5827,    0.5217,    0.4887,    0.3723,    0.3547,    0.3123,    0.3001,    0.2888,    0.3078,    0.3010,    0.2821,    0.4919,    0.4359,    0.5200,    0.4882,    0.3738,    0.3195,    0.2897,    0.2158,    0.1953,    0.1787,    0.1691,    0.1541,    0.3695,    0.2697,    0.1678,    0.0986,    0.0694,    0.0485,    0.0337,    0.0237,    0.0176,    0.0142,    0.0099,    0.0048,    0.0200,    0.0000,    0.0525,    0.0942,    0.1066,    0.0974,    0.1111,    0.1236,    0.1100,    0.1515,    0.1339,    0.1468,    0.1584,    0.1286,    0.1857,    0.2028,    0.1647,    0.1065,    0.0128,    0.0285,    0.1416,    0.1698,    0.2744,    0.2880,    0.3565,    0.3813,    0.3947,    0.4194,    0.4293,    0.4394,    0.4145,    0.3768,    0.3319,    0.3966,    0.5509,    0.5589,    0.9796,    1.0701,    1.1204,    1.1369,    1.1166,    1.2426,    1.1935,    1.2691,    1.1665,    1.3194,    1.2477,    1.3278,    2.8759,    2.8065,    2.9140,    2.9596,    2.9789,    2.7269,    2.8229,    2.8949,    2.9537,    2.7451,    2.7069,    2.8110,    7.1052,    6.7698,    6.6935,    6.4910,    5.9959,    5.6234,    4.9367,    4.5417,    4.1104,    3.6025,    2.7673,    2.5700,    1.9813,    1.8212,    1.3887,    1.3254,    0.8936,    0.6485,    0.5239,    0.2103,    0.1853,    0.1316,    0.0456,    0.0371
    2,    0.3000,  227.5722,    0.2650,   92.5869,  109.0602,   16.9643,   34.0657,  158.4330,  163.5827,  163.6723,  163.8293,  164.1029,  164.5732,  165.3648,  166.6602,  168.4872,  170.9519,  174.2721,  178.5564,  183.8814,  190.3071,  197.9049,  205.8548,  212.8059,  218.1105,  222.1140,  224.8330,  226.3589,  227.0949,  227.3721,  227.5098,  227.5598,    0.0531,    0.2002,    0.4203,    0.6904,    0.9905,    1.3039,    1.6168,    1.8130,    2.1016,    2.7881,    3.2488,    3.3600,    2.6875,    2.4378,    2.1605,    2.4371,    2.6242,    2.3926,    2.4024,    2.2803,    2.1451,    2.1345,    2.2164,    2.2800,    0.7955,    0.8009,    0.7924,    0.7919,    0.7798,    0.7658,    0.7414,    0.7360,    0.7393,    0.6686,    0.6693,    0.5920,    0.3926,    0.3411,    0.2883,    0.2790,    0.2607,    0.2215,    0.2532,    0.2552,    0.2700,    0.2995,    0.3458,    0.3910,    0.4519,    0.4722,    0.4136,    0.4810,    0.4750,    0.4767,    0.4729,    0.4935,    0.4932,    0.4927,    0.5057,    0.4993,    1.3391,    1.3931,    1.3397,    1.2822,    1.3125,    1.2518,    1.2122,    1.1533,    1.0962,    1.0095,    0.9558,    0.9070,    1.2654,    1.1624,    0.9407,    0.8544,    0.8447,    0.7735,    0.7024,    0.6899,    0.6249,    0.5642,    0.5067,    0.4560,    1.1173,    0.8052,    0.6011,    0.4528,    0.3194,    0.2236,    0.1556,    0.1089,    0.0740,    0.0491,    0.0338,    0.0245,    0.0856,    0.0477,    0.0694,    0.0756,    0.0847,    0.0790,    0.0871,    0.0980,    0.0860,    0.1183,    0.1047,    0.1147,    0.1261,    0.1028,    0.1496,    0.1664,    0.1369,    0.1669,    0.1982,    0.2127,    0.2098,    0.1354,    0.2162,    0.2284,    0.2803,    0.2996,    0.3101,    0.3297,    0.3387,    0.3557,    0.3690,    0.4225,    0.4610,    0.4364,    0.4451,    0.4537,    0.7732,    0.8443,    0.8860,    0.9170,    0.9403,    1.0216,    0.9567,    1.0198,    0.9975,    1.0422,    0.9887,    1.0604,    2.2830,    2.2535,    2.3017,    2.3381,    2.3625,    2.2674,    2.3469,    2.4068,    2.4557,    2.2835,    2.2505,    2.3370,    5.9078,    5.6286,    5.5654,    5.3972,    4.9857,    4.6763,    4.1055,    3.7773,    4.0750,    3.5722,    2.7446,    2.5496,    1.9663,    1.8083,    1.3796,    1.3176,    0.8890,    0.6457,    0.5222,    0.2098,    0.1852,    0.1317,    0.0457,    0.0372,    0.0511,    0.1932,    0.4072,    0.6712,    0.9664,    1.2769,    1.5894,    1.8174,    2.0697,    1.4274,    1.1676,    1.4283,    1.9309,    2.9933,    3.5508,    3.1441,    2.9227,    3.4149,    3.5522,    3.6189,    3.5524,    3.2201,    2.7816,    2.5039,    0.8368,    0.8151,    0.8246,    0.8455,    0.8917,    0.9370,    1.0772,    1.0760,    1.0930,    1.1710,    1.1878,    1.2589,    0.9700,    0.9642,    0.9572,    0.9473,    0.9378,    0.9287,    0.9178,    0.9074,    0.8966,    0.8845,    0.8688,    0.8461,    0.8365,    0.7636,    0.7959,    0.6596,    0.6560,    0.6434,    0.6056,    0.5081,    0.4695,    0.4243,    0.3815,    0.3685,    0.9695,    0.7599,    0.6958,    0.6561,    0.5115,    0.4873,    0.4313,    0.4129,    0.3956,    0.4154,    0.4021,    0.3783,    0.6539,    0.5859,    0.6729,    0.6252,    0.4881,    0.4261,    0.3865,    0.2937,    0.2657,    0.2421,    0.2244,    0.2037,    0.4957,    0.3601,    0.2297,    0.1368,    0.0963,    0.0673,    0.0467,    0.0318,    0.0231,    0.0177,    0.0120,    0.0064,    0.0187,    0.0000,    0.0494,    0.0886,    0.1003,    0.0917,    0.1053,    0.1172,    0.1043,    0.1437,    0.1270,    0.1392,    0.1489,    0.1209,    0.1746,    0.1906,    0.1549,    0.1001,    0.0120,    0.0268,    0.1344,    0.1611,    0.2604,    0.2733,    0.3383,    0.3618,    0.3746,    0.3980,    0.4074,    0.4169,    0.3955,    0.3595,    0.3167,    0.3784,    0.5257,    0.5334,    0.9349,    1.0213,    1.0693,    1.0850,    1.0655,    1.1876,    1.1407,    1.2130,    1.1149,    1.2611,    1.1926,    1.2691,    2.7488,    2.6824,    2.7853,    2.8288,    2.8473,    2.5429,    2.6324,    2.6996,    2.7544,    2.5598,    2.5243,    2.6213,    6.6259,    6.3131,    6.2420,    6.0533,    5.5916,    5.2444,    4.6041,    4.2358,    3.7126,    3.2539,    2.4995,    2.3215,    1.7897,    1.6452,    1.2545,    1.1975,    0.8074,    0.5860,    0.4735,    0.1901,    0.1675,    0.1190,    0.0412,    0.0335
    2,    0.4000,  227.5722,    0.2767,   86.0532,  107.3335,   21.7726,   37.7080,  158.4330,  163.5827,  163.6723,  163.8293,  164.1029,  164.5732,  165.3648,  166.6602,  168.4872,  170.9519,  174.2721,  178.5564,  183.8814,  190.3071,  197.9049,  205.8548,  212.8059,  218.1105,  222.1140,  224.8330,  226.3589,  227.0949,  227.3721,  227.5098,  227.5598,    0.0516,    0.1939,    0.4064,    0.6662,    0.9537,    1.2528,    1.5499,    1.7236,    1.9938,    2.6555,    3.1145,    3.1941,    2.5199,    2.2924,    2.0299,    2.2748,    2.4427,    2.2249,    2.2314,    2.1112,    1.9769,    1.9515,    2.0068,    2.0552,    0.7154,    0.7202,    0.7127,    0.7138,    0.7046,    0.6941,    0.6812,    0.6760,    0.6845,    0.6266,    0.6285,    0.5695,    0.3827,    0.3352,    0.2855,    0.2768,    0.2590,    0.2208,    0.2516,    0.2533,    0.2672,    0.2945,    0.3362,    0.3754,    0.4250,    0.4394,    0.3892,    0.4430,    0.4375,    0.4399,    0.4352,    0.4497,    0.4481,    0.4461,    0.4593,    0.4530,    1.2139,    1.2769,    1.2264,    1.1729,    1.2157,    1.1591,    1.1254,    1.0705,    1.0173,    0.9308,    0.8812,    0.8359,    1.1513,    1.0565,    0.8371,    0.7599,    0.7609,    0.6958,    0.6315,    0.6298,    0.5702,    0.5148,    0.4628,    0.4163,    1.0166,    0.7319,    0.5497,    0.4198,    0.2959,    0.2070,    0.1440,    0.1016,    0.0690,    0.0458,    0.0318,    0.0230,    0.0842,    0.0476,    0.0676,    0.0731,    0.0819,    0.0764,    0.0844,    0.0949,    0.0833,    0.1146,    0.1014,    0.1111,    0.1222,    0.0996,    0.1450,    0.1613,    0.1327,    0.1626,    0.1958,    0.2096,    0.2057,    0.1316,    0.2100,    0.2219,    0.2722,    0.2910,    0.3012,    0.3202,    0.3289,    0.3456,    0.3603,    0.4132,    0.4515,    0.4267,    0.4343,    0.4427,    0.7542,    0.8236,    0.8643,    0.8947,    0.9178,    0.9981,    0.9346,    0.9962,    0.9749,    1.0179,    0.9657,    1.0358,    2.2300,    2.2014,    2.2481,    2.2837,    2.3076,    2.2201,    2.2980,    2.3566,    2.4045,    2.2359,    2.2036,    2.2883,    5.7847,    5.5114,    5.4496,    5.2850,    4.8822,    4.5793,    4.0205,    3.6992,    4.1065,    3.6000,    2.7662,    2.5699,    1.9821,    1.8231,    1.3911,    1.3289,    0.8969,    0.6516,    0.5271,    0.2119,    0.1871,    0.1331,    0.0462,    0.0377,    0.0574,    0.2169,    0.4571,    0.7538,    1.0857,    1.4352,    1.7872,    2.0597,    2.3519,    1.7379,    1.4567,    1.7622,    2.2840,    3.2959,    3.7478,    3.4658,    3.2889,    3.7083,    3.8172,    3.8642,    3.8073,    3.5314,    3.1287,    2.8467,    0.9559,    0.9313,    0.9362,    0.9475,    0.9820,    1.0156,    1.1248,    1.1205,    1.1279,    1.1910,    1.2018,    1.2601,    0.9701,    0.9642,    0.9572,    0.9473,    0.9378,    0.9287,    0.9178,    0.9074,    0.8966,    0.8845,    0.8689,    0.8470,    0.8434,    0.7801,    0.8066,    0.6895,    0.6845,    0.6720,    0.6391,    0.5559,    0.5219,    0.4826,    0.4420,    0.4292,    1.1349,    0.9049,    0.8383,    0.7931,    0.6295,    0.5997,    0.5330,    0.5094,    0.4869,    0.5061,    0.4872,    0.4592,    0.7862,    0.7084,    0.7912,    0.7311,    0.5797,    0.5116,    0.4640,    0.3584,    0.3242,    0.2946,    0.2704,    0.2450,    0.6000,    0.4348,    0.2815,    0.1698,    0.1194,    0.0835,    0.0579,    0.0388,    0.0278,    0.0208,    0.0139,    0.0078,    0.0175,    0.0000,    0.0466,    0.0836,    0.0946,    0.0865,    0.1000,    0.1113,    0.0990,    0.1364,    0.1206,    0.1322,    0.1403,    0.1139,    0.1645,    0.1796,    0.1459,    0.0943,    0.0113,    0.0252,    0.1277,    0.1532,    0.2475,    0.2598,    0.3217,    0.3440,    0.3561,    0.3783,    0.3873,    0.3964,    0.3780,    0.3434,    0.3026,    0.3615,    0.5024,    0.5097,    0.8934,    0.9759,    1.0218,    1.0368,    1.0182,    1.1365,    1.0917,    1.1608,    1.0669,    1.2069,    1.1413,    1.2145,    2.6306,    2.5671,    2.6655,    2.7072,    2.7248,    2.3757,    2.4594,    2.5221,    2.5733,    2.3915,    2.3583,    2.4490,    6.1903,    5.8982,    5.8318,    5.6555,    5.2243,    4.9000,    4.3018,    3.9578,    3.3558,    2.9413,    2.2594,    2.0985,    1.6179,    1.4874,    1.1342,    1.0827,    0.7301,    0.5299,    0.4282,    0.1719,    0.1515,    0.1076,    0.0373,    0.0303
    2,    0.5000,  227.5722,    0.2870,   81.0063,  105.8087,   25.2961,   39.3416,  158.4330,  163.5827,  163.6723,  163.8293,  164.1029,  164.5732,  165.3648,  166.6602,  168.4872,  170.9519,  174.2721,  178.5564,  183.8814,  190.3071,  197.9049,  205.8548,  212.8059,  218.1105,  222.1140,  224.8330,  226.3589,  227.0949,  227.3721,  227.5098,  227.5598,    0.0505,    0.1895,    0.3966,    0.6491,    0.9276,    1.2163,    1.5019,    1.6615,    1.9183,    2.5512,    3.0023,    3.0592,    2.3956,    2.1881,    1.9372,    2.1598,    2.3127,    2.1053,    2.1087,    1.9907,    1.8581,    1.8242,    1.8612,    1.8957,    0.6581,    0.6620,    0.6551,    0.6566,    0.6489,    0.6404,    0.6344,    0.6293,    0.6406,    0.5921,    0.5946,    0.5495,    0.3735,    0.3297,    0.2829,    0.2747,    0.2573,    0.2201,    0.2499,    0.2514,    0.2644,    0.2897,    0.3275,    0.3615,    0.4023,    0.4125,    0.3690,    0.4125,    0.4074,    0.4103,    0.4050,    0.4154,    0.4129,    0.4100,    0.4229,    0.4169,    1.1159,    1.1824,    1.1342,    1.0839,    1.1342,    1.0809,    1.0516,    1.0000,    0.9501,    0.8647,    0.8185,    0.7761,    1.0579,    0.9698,    0.7560,    0.6859,    0.6931,    0.6329,    0.5740,    0.5796,    0.5245,    0.4733,    0.4259,    0.3830,    0.9324,    0.6705,    0.5061,    0.3910,    0.2754,    0.1925,    0.1339,    0.0951,    0.0646,    0.0429,    0.0300,    0.0217,    0.0830,    0.0474,    0.0661,    0.0709,    0.0794,    0.0741,    0.0820,    0.0922,    0.0809,    0.1113,    0.0985,    0.1079,    0.1187,    0.0968,    0.1409,    0.1568,    0.1290,    0.1587,    0.1935,    0.2068,    0.2019,    0.1281,    0.2044,    0.2160,    0.2650,    0.2832,    0.2932,    0.3117,    0.3202,    0.3365,    0.3524,    0.4046,    0.4427,    0.4178,    0.4244,    0.4327,    0.7370,    0.8049,    0.8446,    0.8745,    0.8973,    0.9768,    0.9145,    0.9748,    0.9543,    0.9958,    0.9448,    1.0135,    2.1817,    2.1540,    2.1994,    2.2342,    2.2577,    2.1794,    2.2558,    2.3134,    2.3604,    2.1949,    2.1632,    2.2464,    5.6786,    5.4104,    5.3498,    5.1883,    4.7930,    4.4957,    3.9472,    3.6319,    4.1330,    3.6234,    2.7843,    2.5870,    1.9955,    1.8357,    1.4009,    1.3385,    0.9035,    0.6566,    0.5313,    0.2136,    0.1887,    0.1343,    0.0467,    0.0380,    0.0614,    0.2322,    0.4895,    0.8075,    1.1635,    1.5386,    1.9167,    2.2248,    2.5459,    1.9946,    1.7089,    2.0472,    2.5581,    3.4831,    3.8515,    3.6679,    3.5356,    3.8830,    3.9683,    4.0016,    3.9535,    3.7288,    3.3720,    3.0989,    1.0445,    1.0187,    1.0202,    1.0247,    1.0504,    1.0751,    1.1612,    1.1545,    1.1553,    1.2068,    1.2129,    1.2611,    0.9702,    0.9643,    0.9572,    0.9473,    0.9378,    0.9287,    0.9178,    0.9074,    0.8966,    0.8845,    0.8691,    0.8479,    0.8489,    0.7933,    0.8151,    0.7131,    0.7070,    0.6947,    0.6655,    0.5936,    0.5633,    0.5284,    0.4902,    0.4776,    1.2665,    1.0256,    0.9568,    0.9070,    0.7309,    0.6962,    0.6211,    0.5928,    0.5659,    0.5836,    0.5599,    0.5284,    0.8962,    0.8102,    0.8852,    0.8154,    0.6547,    0.5816,    0.5274,    0.4129,    0.3736,    0.3390,    0.3093,    0.2798,    0.6877,    0.4976,    0.3255,    0.1985,    0.1396,    0.0975,    0.0677,    0.0450,    0.0319,    0.0235,    0.0156,    0.0090,    0.0165,    0.0000,    0.0441,    0.0790,    0.0894,    0.0817,    0.0952,    0.1059,    0.0942,    0.1298,    0.1147,    0.1258,    0.1325,    0.1076,    0.1554,    0.1696,    0.1378,    0.0890,    0.0107,    0.0238,    0.1216,    0.1458,    0.2357,    0.2474,    0.3063,    0.3275,    0.3391,    0.3603,    0.3688,    0.3774,    0.3616,    0.3285,    0.2894,    0.3458,    0.4806,    0.4876,    0.8547,    0.9338,    0.9776,    0.9920,    0.9741,    1.0889,    1.0459,    1.1121,    1.0222,    1.1563,    1.0934,    1.1636,    2.5203,    2.4594,    2.5537,    2.5937,    2.6106,    2.2232,    2.3014,    2.3602,    2.4081,    2.2380,    2.2069,    2.2917,    5.7929,    5.5195,    5.4575,    5.2926,    4.8891,    4.5856,    4.0259,    3.7041,    3.0355,    2.6606,    2.0439,    1.8984,    1.4637,    1.3456,    1.0262,    0.9796,    0.6606,    0.4795,    0.3875,    0.1556,    0.1372,    0.0974,    0.0338,    0.0275
    2,    0.7500,  227.5722,    0.3079,   72.1349,  102.7015,   31.0637,   39.1222,  158.4330,  163.5827,  163.6723,  163.8293,  164.1029,  164.5732,  165.3648,  166.6602,  168.4872,  170.9519,  174.2721,  178.5564,  183.8814,  190.3071,  197.9049,  205.8548,  212.8059,  218.1105,  222.1140,  224.8330,  226.3589,  227.0949,  227.3721,  227.5098,  227.5598,    0.0487,    0.1824,    0.3807,    0.6211,    0.8847,    1.1560,    1.4222,    1.5626,    1.7968,    2.3685,    2.7903,    2.8139,    2.1909,    2.0161,    1.7871,    1.9722,    2.0994,    1.9104,    1.9094,    1.7965,    1.6671,    1.6210,    1.6332,    1.6451,    0.5680,    0.5695,    0.5631,    0.5639,    0.5578,    0.5512,    0.5530,    0.5475,    0.5611,    0.5280,    0.5301,    0.5078,    0.3533,    0.3172,    0.2767,    0.2698,    0.2534,    0.2185,    0.2460,    0.2469,    0.2580,    0.2789,    0.3085,    0.3326,    0.3585,    0.3624,    0.3303,    0.3574,    0.3528,    0.3563,    0.3507,    0.3550,    0.3514,    0.3476,    0.3592,    0.3536,    0.9447,    1.0093,    0.9656,    0.9210,    0.9779,    0.9309,    0.9081,    0.8629,    0.8192,    0.7383,    0.6984,    0.6615,    0.8857,    0.8097,    0.6144,    0.5562,    0.5698,    0.5187,    0.4695,    0.4842,    0.4376,    0.3945,    0.3554,    0.3193,    0.7720,    0.5534,    0.4213,    0.3330,    0.2342,    0.1633,    0.1134,    0.0817,    0.0555,    0.0368,    0.0261,    0.0188,    0.0802,    0.0471,    0.0629,    0.0664,    0.0744,    0.0694,    0.0769,    0.0866,    0.0759,    0.1045,    0.0924,    0.1012,    0.1117,    0.0911,    0.1326,    0.1475,    0.1214,    0.1506,    0.1884,    0.2004,    0.1939,    0.1208,    0.1928,    0.2037,    0.2499,    0.2671,    0.2765,    0.2940,    0.3020,    0.3176,    0.3356,    0.3862,    0.4237,    0.3986,    0.4035,    0.4115,    0.7005,    0.7650,    0.8028,    0.8315,    0.8538,    0.9312,    0.8715,    0.9291,    0.9102,    0.9488,    0.9002,    0.9659,    2.0790,    2.0530,    2.0956,    2.1288,    2.1513,    2.0997,    2.1733,    2.2288,    2.2741,    2.1146,    2.0841,    2.1642,    5.4711,    5.2128,    5.1545,    4.9991,    4.6184,    4.3322,    3.8039,    3.5003,    4.1821,    3.6669,    2.8180,    2.6187,    2.0203,    1.8590,    1.4191,    1.3564,    0.9160,    0.6659,    0.5392,    0.2169,    0.1917,    0.1365,    0.0475,    0.0388,    0.0664,    0.2512,    0.5301,    0.8750,    1.2619,    1.6702,    2.0824,    2.4492,    2.8133,    2.4642,    2.2126,    2.5978,    3.0152,    3.7093,    3.9606,    3.9178,    3.8696,    4.0876,    4.1397,    4.1559,    4.1209,    3.9792,    3.7259,    3.4944,    1.1863,    1.1609,    1.1568,    1.1516,    1.1627,    1.1729,    1.2217,    1.2111,    1.2026,    1.2342,    1.2325,    1.2633,    0.9704,    0.9643,    0.9572,    0.9473,    0.9379,    0.9287,    0.9178,    0.9075,    0.8966,    0.8846,    0.8694,    0.8495,    0.8590,    0.8166,    0.8302,    0.7543,    0.7463,    0.7344,    0.7116,    0.6589,    0.6348,    0.6076,    0.5749,    0.5626,    1.4980,    1.2524,    1.1795,    1.1211,    0.9302,    0.8860,    0.7964,    0.7590,    0.7232,    0.7350,    0.7021,    0.6635,    1.1030,    1.0016,    1.0521,    0.9649,    0.7935,    0.7109,    0.6447,    0.5180,    0.4686,    0.4244,    0.3843,    0.3471,    0.8558,    0.6178,    0.4112,    0.2562,    0.1801,    0.1258,    0.0873,    0.0576,    0.0404,    0.0290,    0.0190,    0.0116,    0.0142,    0.0000,    0.0386,    0.0692,    0.0783,    0.0716,    0.0846,    0.0941,    0.0838,    0.1154,    0.1020,    0.1118,    0.1156,    0.0939,    0.1356,    0.1480,    0.1202,    0.0775,    0.0093,    0.0207,    0.1081,    0.1298,    0.2098,    0.2202,    0.2726,    0.2915,    0.3018,    0.3207,    0.3282,    0.3359,    0.3252,    0.2953,    0.2601,    0.3109,    0.4323,    0.4386,    0.7689,    0.8400,    0.8794,    0.8923,    0.8761,    0.9825,    0.9437,    1.0035,    0.9222,    1.0434,    0.9866,    1.0500,    2.2742,    2.2192,    2.3044,    2.3404,    2.3557,    1.8945,    1.9612,    2.0113,    2.0521,    1.9072,    1.8807,    1.9530,    4.9367,    4.7038,    4.6510,    4.5106,    4.1668,    3.9083,    3.4314,    3.1572,    2.3694,    2.0768,    1.5955,    1.4820,    1.1427,    1.0507,    0.8013,    0.7651,    0.5160,    0.3746,    0.3028,    0.1216,    0.1072,    0.0762,    0.0264,    0.0215
    2,    1.0000,  227.5722,    0.3237,   66.2522,  100.3521,   34.6004,   36.4209,  158.4330,  163.5827,  163.6723,  163.8293,  164.1029,  164.5732,  165.3648,  166.6602,  168.4872,  170.9519,  174.2721,  178.5564,  183.8814,  190.3071,  197.9049,  205.8548,  212.8059,  218.1105,  222.1140,  224.8330,  226.3589,  227.0949,  227.3721,  227.5098,  227.5598,    0.0476,    0.1780,    0.3705,    0.6032,    0.8571,    1.1172,    1.3710,    1.5005,    1.7204,    2.2498,    2.6425,    2.6500,    2.0636,    1.9076,    1.6948,    1.8547,    1.9650,    1.7897,    1.7871,    1.6781,    1.5508,    1.4965,    1.4956,    1.4956,    0.5145,    0.5145,    0.5082,    0.5080,    0.5021,    0.4960,    0.5002,    0.4942,    0.5076,    0.4834,    0.4844,    0.4750,    0.3365,    0.3063,    0.2710,    0.2652,    0.2498,    0.2169,    0.2424,    0.2427,    0.2521,    0.2693,    0.2926,    0.3098,    0.3269,    0.3275,    0.3027,    0.3204,    0.3160,    0.3197,    0.3142,    0.3156,    0.3116,    0.3074,    0.3178,    0.3125,    0.8335,    0.8922,    0.8515,    0.8107,    0.8670,    0.8243,    0.8045,    0.7638,    0.7245,    0.6487,    0.6132,    0.5801,    0.7683,    0.7006,    0.5232,    0.4726,    0.4869,    0.4420,    0.3993,    0.4169,    0.3762,    0.3387,    0.3053,    0.2740,    0.6587,    0.4705,    0.3599,    0.2893,    0.2031,    0.1412,    0.0979,    0.0714,    0.0484,    0.0321,    0.0231,    0.0166,    0.0780,    0.0468,    0.0604,    0.0630,    0.0706,    0.0659,    0.0730,    0.0821,    0.0720,    0.0991,    0.0877,    0.0960,    0.1064,    0.0868,    0.1263,    0.1406,    0.1156,    0.1441,    0.1839,    0.1949,    0.1873,    0.1152,    0.1837,    0.1942,    0.2382,    0.2546,    0.2635,    0.2802,    0.2878,    0.3028,    0.3221,    0.3711,    0.4080,    0.3830,    0.3868,    0.3946,    0.6714,    0.7332,    0.7695,    0.7972,    0.8189,    0.8945,    0.8370,    0.8924,    0.8746,    0.9111,    0.8645,    0.9277,    1.9965,    1.9718,    2.0123,    2.0441,    2.0659,    2.0430,    2.1147,    2.1686,    2.2127,    2.0576,    2.0279,    2.1059,    5.3237,    5.0724,    5.0158,    4.8647,    4.4944,    4.2161,    3.7021,    3.4068,    4.2138,    3.6950,    2.8399,    2.6393,    2.0365,    1.8742,    1.4311,    1.3682,    0.9242,    0.6722,    0.5444,    0.2191,    0.1938,    0.1381,    0.0481,    0.0393,    0.0682,    0.2583,    0.5454,    0.9009,    1.3000,    1.7217,    2.1480,    2.5452,    2.9300,    2.7673,    2.5808,    2.9834,    3.2756,    3.7974,    4.0023,    4.0177,    4.0163,    4.1678,    4.2075,    4.2177,    4.1877,    4.0842,    3.8978,    3.7070,    1.2648,    1.2415,    1.2343,    1.2247,    1.2274,    1.2295,    1.2572,    1.2446,    1.2318,    1.2513,    1.2450,    1.2649,    0.9707,    0.9644,    0.9572,    0.9473,    0.9379,    0.9287,    0.9178,    0.9075,    0.8966,    0.8846,    0.8697,    0.8509,    0.8658,    0.8314,    0.8398,    0.7800,    0.7709,    0.7592,    0.7402,    0.6992,    0.6789,    0.6564,    0.6280,    0.6160,    1.6434,    1.4086,    1.3328,    1.2686,    1.0758,    1.0247,    0.9269,    0.8827,    0.8402,    0.8452,    0.8055,    0.7618,    1.2463,    1.1342,    1.1598,    1.0615,    0.8882,    0.7991,    0.7247,    0.5933,    0.5366,    0.4855,    0.4381,    0.3954,    0.9756,    0.7035,    0.4735,    0.2996,    0.2106,    0.1471,    0.1020,    0.0674,    0.0470,    0.0333,    0.0217,    0.0136,    0.0123,    0.0000,    0.0340,    0.0611,    0.0691,    0.0632,    0.0758,    0.0843,    0.0750,    0.1034,    0.0914,    0.1002,    0.1017,    0.0826,    0.1193,    0.1302,    0.1058,    0.0681,    0.0082,    0.0182,    0.0969,    0.1163,    0.1880,    0.1974,    0.2443,    0.2613,    0.2705,    0.2874,    0.2942,    0.3010,    0.2941,    0.2669,    0.2351,    0.2810,    0.3911,    0.3967,    0.6955,    0.7598,    0.7955,    0.8071,    0.7924,    0.8911,    0.8560,    0.9102,    0.8363,    0.9464,    0.8949,    0.9524,    2.0628,    2.0129,    2.0902,    2.1229,    2.1367,    1.6253,    1.6825,    1.7254,    1.7605,    1.6361,    1.6134,    1.6755,    4.2351,    4.0354,    3.9902,    3.8697,    3.5749,    3.3532,    2.9441,    2.7089,    1.8566,    1.6274,    1.2503,    1.1614,    0.8956,    0.8235,    0.6281,    0.5998,    0.4046,    0.2938,    0.2375,    0.0954,    0.0841,    0.0598,    0.0207,    0.0169
    2,    1.2500,  227.5722,    0.3359,   62.0047,   98.5438,   37.0430,   33.0397,  158.4330,  163.5827,  163.6723,  163.8293,  164.1029,  164.5732,  165.3648,  166.6602,  168.4872,  170.9519,  174.2721,  178.5564,  183.8814,  190.3071,  197.9049,  205.8548,  212.8059,  218.1105,  222.1140,  224.8330,  226.3589,  227.0949,  227.3721,  227.5098,  227.5598,    0.0468,    0.1747,    0.3632,    0.5903,    0.8374,    1.0894,    1.3342,    1.4561,    1.6657,    2.1649,    2.5337,    2.5322,    1.9737,    1.8314,    1.6309,    1.7724,    1.8703,    1.7060,    1.7028,    1.5967,    1.4710,    1.4105,    1.4003,    1.3931,    0.4779,    0.4771,    0.4707,    0.4698,    0.4638,    0.4579,    0.4627,    0.4564,    0.4689,    0.4503,    0.4501,    0.4485,    0.3221,    0.2966,    0.2658,    0.2609,    0.2463,    0.2154,    0.2390,    0.2388,    0.2467,    0.2609,    0.2792,    0.2914,    0.3030,    0.3018,    0.2819,    0.2936,    0.2894,    0.2931,    0.2877,    0.2875,    0.2833,    0.2791,    0.2885,    0.2834,    0.7548,    0.8075,    0.7692,    0.7312,    0.7843,    0.7449,    0.7265,    0.6891,    0.6530,    0.5822,    0.5498,    0.5195,    0.6831,    0.6214,    0.4595,    0.4141,    0.4276,    0.3871,    0.3490,    0.3671,    0.3308,    0.2974,    0.2681,    0.2402,    0.5747,    0.4088,    0.3135,    0.2552,    0.1788,    0.1239,    0.0857,    0.0631,    0.0428,    0.0284,    0.0206,    0.0148,    0.0761,    0.0464,    0.0584,    0.0603,    0.0676,    0.0631,    0.0698,    0.0786,    0.0689,    0.0949,    0.0839,    0.0919,    0.1023,    0.0834,    0.1215,    0.1352,    0.1112,    0.1389,    0.1799,    0.1902,    0.1820,    0.1107,    0.1765,    0.1865,    0.2288,    0.2446,    0.2531,    0.2692,    0.2765,    0.2911,    0.3110,    0.3587,    0.3948,    0.3702,    0.3733,    0.3808,    0.6479,    0.7075,    0.7425,    0.7694,    0.7905,    0.8646,    0.8090,    0.8625,    0.8456,    0.8805,    0.8354,    0.8966,    1.9294,    1.9058,    1.9446,    1.9754,    1.9966,    2.0021,    2.0723,    2.1252,    2.1684,    2.0164,    1.9873,    2.0637,    5.2171,    4.9710,    4.9156,    4.7676,    4.4048,    4.1322,    3.6285,    3.3393,    4.2343,    3.7132,    2.8541,    2.6527,    2.0471,    1.8842,    1.4390,    1.3760,    0.9297,    0.6763,    0.5480,    0.2207,    0.1952,    0.1391,    0.0485,    0.0396,    0.0690,    0.2613,    0.5520,    0.9121,    1.3168,    1.7447,    2.1777,    2.5903,    2.9858,    2.9667,    2.8535,    3.2579,    3.4295,    3.8399,    4.0246,    4.0665,    4.0897,    4.2084,    4.2432,    4.2508,    4.2231,    4.1376,    3.9898,    3.8294,    1.3110,    1.2900,    1.2810,    1.2694,    1.2671,    1.2643,    1.2795,    1.2657,    1.2510,    1.2627,    1.2535,    1.2662,    0.9709,    0.9645,    0.9572,    0.9473,    0.9379,    0.9287,    0.9178,    0.9075,    0.8967,    0.8847,    0.8700,    0.8519,    0.8705,    0.8414,    0.8463,    0.7971,    0.7872,    0.7756,    0.7590,    0.7254,    0.7075,    0.6880,    0.6630,    0.6511,    1.7392,    1.5203,    1.4426,    1.3742,    1.1857,    1.1294,    1.0271,    0.9777,    0.9301,    0.9282,    0.8835,    0.8360,    1.3499,    1.2301,    1.2335,    1.1278,    0.9562,    0.8625,    0.7822,    0.6495,    0.5874,    0.5312,    0.4785,    0.4317,    1.0650,    0.7674,    0.5206,    0.3336,    0.2343,    0.1637,    0.1135,    0.0750,    0.0521,    0.0366,    0.0240,    0.0153,    0.0108,    0.0000,    0.0302,    0.0543,    0.0615,    0.0562,    0.0683,    0.0760,    0.0676,    0.0931,    0.0823,    0.0902,    0.0901,    0.0731,    0.1056,    0.1153,    0.0936,    0.0601,    0.0072,    0.0160,    0.0872,    0.1048,    0.1694,    0.1779,    0.2202,    0.2355,    0.2438,    0.2590,    0.2651,    0.2713,    0.2671,    0.2422,    0.2133,    0.2551,    0.3553,    0.3605,    0.6319,    0.6904,    0.7228,    0.7333,    0.7198,    0.8116,    0.7797,    0.8290,    0.7617,    0.8620,    0.8152,    0.8675,    1.8789,    1.8334,    1.9039,    1.9337,    1.9463,    1.4011,    1.4504,    1.4874,    1.5177,    1.4104,    1.3909,    1.4444,    3.6510,    3.4788,    3.4399,    3.3361,    3.0820,    2.8909,    2.5383,    2.3356,    1.4597,    1.2796,    0.9831,    0.9132,    0.7042,    0.6476,    0.4940,    0.4718,    0.3183,    0.2311,    0.1869,    0.0751,    0.0662,    0.0471,    0.0163,    0.0133
    2,    1.5000,  227.5722,    0.3454,   58.7646,   97.1321,   38.8748,   29.6076,  158.4330,  163.5827,  163.6723,  163.8293,  164.1029,  164.5732,  165.3648,  166.6602,  168.4872,  170.9519,  174.2721,  178.5564,  183.8814,  190.3071,  197.9049,  205.8548,  212.8059,  218.1105,  222.1140,  224.8330,  226.3589,  227.0949,  227.3721,  227.5098,  227.5598,    0.0462,    0.1723,    0.3577,    0.5805,    0.8223,    1.0682,    1.3063,    1.4223,    1.6241,    2.0998,    2.4495,    2.4426,    1.9051,    1.7742,    1.5833,    1.7107,    1.7990,    1.6437,    1.6403,    1.5366,    1.4119,    1.3467,    1.3292,    1.3168,    0.4508,    0.4493,    0.4430,    0.4415,    0.4355,    0.4295,    0.4344,    0.4280,    0.4395,    0.4246,    0.4232,    0.4265,    0.3098,    0.2881,    0.2610,    0.2569,    0.2431,    0.2140,    0.2357,    0.2352,    0.2417,    0.2533,    0.2677,    0.2761,    0.2842,    0.2819,    0.2654,    0.2733,    0.2691,    0.2728,    0.2676,    0.2663,    0.2621,    0.2579,    0.2664,    0.2615,    0.6957,    0.7432,    0.7068,    0.6707,    0.7204,    0.6833,    0.6658,    0.6309,    0.5973,    0.5308,    0.5008,    0.4727,    0.6185,    0.5613,    0.4124,    0.3708,    0.3830,    0.3459,    0.3112,    0.3288,    0.2958,    0.2656,    0.2393,    0.2142,    0.5099,    0.3612,    0.2773,    0.2279,    0.1593,    0.1101,    0.0759,    0.0564,    0.0382,    0.0253,    0.0185,    0.0133,    0.0745,    0.0461,    0.0568,    0.0583,    0.0653,    0.0610,    0.0673,    0.0758,    0.0664,    0.0914,    0.0809,    0.0886,    0.0992,    0.0809,    0.1177,    0.1310,    0.1078,    0.1347,    0.1763,    0.1860,    0.1775,    0.1071,    0.1707,    0.1804,    0.2213,    0.2366,    0.2448,    0.2604,    0.2675,    0.2816,    0.3019,    0.3483,    0.3837,    0.3594,    0.3623,    0.3696,    0.6287,    0.6865,    0.7205,    0.7466,    0.7673,    0.8400,    0.7860,    0.8380,    0.8216,    0.8554,    0.8116,    0.8711,    1.8745,    1.8516,    1.8892,    1.9191,    1.9397,    1.9721,    2.0413,    2.0934,    2.1359,    1.9862,    1.9576,    2.0329,    5.1391,    4.8967,    4.8422,    4.6965,    4.3392,    4.0707,    3.5747,    3.2899,    4.2476,    3.7251,    2.8634,    2.6615,    2.0540,    1.8909,    1.4442,    1.3812,    0.9334,    0.6792,    0.5504,    0.2217,    0.1962,    0.1399,    0.0487,    0.0398,    0.0694,    0.2628,    0.5553,    0.9178,    1.3254,    1.7566,    2.1933,    2.6140,    3.0156,    3.1000,    3.0573,    3.4561,    3.5236,    3.8645,    4.0387,    4.0949,    4.1316,    4.2331,    4.2655,    4.2716,    4.2452,    4.1695,    4.0439,    3.9042,    1.3398,    1.3207,    1.3106,    1.2981,    1.2927,    1.2868,    1.2943,    1.2798,    1.2643,    1.2707,    1.2596,    1.2673,    0.9711,    0.9646,    0.9572,    0.9473,    0.9379,    0.9287,    0.9178,    0.9075,    0.8967,    0.8847,    0.8702,    0.8528,    0.8741,    0.8485,    0.8509,    0.8089,    0.7986,    0.7869,    0.7719,    0.7433,    0.7269,    0.7094,    0.6870,    0.6751,    1.8048,    1.6025,    1.5234,    1.4520,    1.2705,    1.2102,    1.1059,    1.0524,    1.0008,    0.9925,    0.9440,    0.8934,    1.4271,    1.3017,    1.2862,    1.1752,    1.0069,    0.9098,    0.8251,    0.6929,    0.6266,    0.5665,    0.5099,    0.4598,    1.1340,    0.8167,    0.5575,    0.3607,    0.2534,    0.1769,    0.1226,    0.0813,    0.0563,    0.0394,    0.0258,    0.0166,    0.0095,    0.0000,    0.0270,    0.0485,    0.0549,    0.0502,    0.0618,    0.0688,    0.0612,    0.0843,    0.0745,    0.0817,    0.0801,    0.0650,    0.0939,    0.1025,    0.0833,    0.0533,    0.0064,    0.0141,    0.0789,    0.0949,    0.1534,    0.1610,    0.1993,    0.2131,    0.2206,    0.2344,    0.2399,    0.2455,    0.2435,    0.2206,    0.1943,    0.2324,    0.3239,    0.3286,    0.5762,    0.6295,    0.6591,    0.6686,    0.6562,    0.7417,    0.7126,    0.7577,    0.6960,    0.7879,    0.7450,    0.7928,    1.7173,    1.6756,    1.7401,    1.7673,    1.7788,    1.2122,    1.2548,    1.2869,    1.3130,    1.2203,    1.2033,    1.2496,    3.1588,    3.0098,    2.9761,    2.8864,    2.6665,    2.5012,    2.1962,    2.0209,    1.1510,    1.0090,    0.7752,    0.7201,    0.5554,    0.5107,    0.3896,    0.3721,    0.2510,    0.1823,    0.1474,    0.0592,    0.0523,    0.0371,    0.0129,    0.0105
    2,    1.7500,  227.5722,    0.3529,   56.1950,   96.0172,   40.3328,   26.3583,  158.4330,  163.5827,  163.6723,  163.8293,  164.1029,  164.5732,  165.3648,  166.6602,  168.4872,  170.9519,  174.2721,  178.5564,  183.8814,  190.3071,  197.9049,  205.8548,  212.8059,  218.1105,  222.1140,  224.8330,  226.3589,  227.0949,  227.3721,  227.5098,  227.5598,    0.0457,    0.1703,    0.3533,    0.5727,    0.8103,    1.0514,    1.2841,    1.3954,    1.5910,    2.0475,    2.3818,    2.3711,    1.8505,    1.7292,    1.5462,    1.6624,    1.7431,    1.5951,    1.5916,    1.4899,    1.3661,    1.2971,    1.2737,    1.2571,    0.4296,    0.4277,    0.4214,    0.4194,    0.4134,    0.4074,    0.4123,    0.4057,    0.4162,    0.4040,    0.4017,    0.4079,    0.2990,    0.2804,    0.2566,    0.2531,    0.2401,    0.2126,    0.2327,    0.2318,    0.2371,    0.2465,    0.2577,    0.2633,    0.2690,    0.2660,    0.2521,    0.2572,    0.2531,    0.2567,    0.2517,    0.2497,    0.2455,    0.2413,    0.2491,    0.2444,    0.6495,    0.6924,    0.6575,    0.6231,    0.6693,    0.6341,    0.6171,    0.5842,    0.5526,    0.4899,    0.4618,    0.4354,    0.5677,    0.5141,    0.3761,    0.3374,    0.3483,    0.3138,    0.2818,    0.2984,    0.2681,    0.2403,    0.2164,    0.1934,    0.4586,    0.3235,    0.2483,    0.2055,    0.1433,    0.0987,    0.0679,    0.0508,    0.0343,    0.0227,    0.0168,    0.0120,    0.0730,    0.0459,    0.0555,    0.0566,    0.0635,    0.0593,    0.0653,    0.0735,    0.0644,    0.0887,    0.0784,    0.0859,    0.0967,    0.0789,    0.1148,    0.1278,    0.1051,    0.1311,    0.1731,    0.1824,    0.1737,    0.1041,    0.1660,    0.1755,    0.2152,    0.2300,    0.2381,    0.2532,    0.2601,    0.2739,    0.2944,    0.3395,    0.3742,    0.3503,    0.3531,    0.3603,    0.6129,    0.6693,    0.7024,    0.7279,    0.7480,    0.8197,    0.7669,    0.8177,    0.8017,    0.8346,    0.7919,    0.8500,    1.8290,    1.8068,    1.8433,    1.8725,    1.8926,    1.9499,    2.0183,    2.0698,    2.1119,    1.9638,    1.9356,    2.0100,    5.0814,    4.8418,    4.7879,    4.6440,    4.2907,    4.0253,    3.5349,    3.2534,    4.2563,    3.7328,    2.8695,    2.6672,    2.0586,    1.8953,    1.4477,    1.3847,    0.9359,    0.6811,    0.5521,    0.2224,    0.1969,    0.1404,    0.0489,    0.0400,    0.0696,    0.2637,    0.5572,    0.9212,    1.3305,    1.7638,    2.2028,    2.6281,    3.0334,    3.1907,    3.2109,    3.6007,    3.5834,    3.8807,    4.0485,    4.1135,    4.1584,    4.2498,    4.2809,    4.2861,    4.2604,    4.1907,    4.0786,    3.9527,    1.3586,    1.3410,    1.3303,    1.3173,    1.3100,    1.3021,    1.3046,    1.2897,    1.2738,    1.2765,    1.2641,    1.2683,    0.9713,    0.9646,    0.9572,    0.9473,    0.9379,    0.9287,    0.9179,    0.9075,    0.8967,    0.8848,    0.8704,    0.8536,    0.8769,    0.8538,    0.8544,    0.8174,    0.8068,    0.7951,    0.7811,    0.7559,    0.7406,    0.7245,    0.7039,    0.6922,    1.8513,    1.6643,    1.5841,    1.5106,    1.3372,    1.2738,    1.1689,    1.1122,    1.0575,    1.0433,    0.9917,    0.9388,    1.4861,    1.3564,    1.3249,    1.2102,    1.0457,    0.9460,    0.8580,    0.7272,    0.6576,    0.5943,    0.5347,    0.4821,    1.1886,    0.8559,    0.5870,    0.3830,    0.2689,    0.1878,    0.1301,    0.0864,    0.0598,    0.0416,    0.0273,    0.0177,    0.0083,    0.0000,    0.0242,    0.0435,    0.0492,    0.0450,    0.0561,    0.0625,    0.0556,    0.0766,    0.0677,    0.0742,    0.0715,    0.0581,    0.0838,    0.0915,    0.0743,    0.0475,    0.0056,    0.0125,    0.0716,    0.0861,    0.1392,    0.1462,    0.1810,    0.1935,    0.2004,    0.2129,    0.2179,    0.2229,    0.2226,    0.2015,    0.1774,    0.2123,    0.2962,    0.3005,    0.5269,    0.5757,    0.6027,    0.6113,    0.6000,    0.6796,    0.6530,    0.6944,    0.6377,    0.7221,    0.6828,    0.7266,    1.5738,    1.5356,    1.5948,    1.6197,    1.6302,    1.0515,    1.0885,    1.1163,    1.1390,    1.0585,    1.0438,    1.0840,    2.7401,    2.6109,    2.5817,    2.5038,    2.3132,    2.1698,    1.9052,    1.7531,    0.9098,    0.7976,    0.6128,    0.5693,    0.4390,    0.4038,    0.3080,    0.2942,    0.1985,    0.1442,    0.1166,    0.0468,    0.0413,    0.0294,    0.0102,    0.0083
    2,    2.0000,  227.5722,    0.3589,   54.0975,   95.1282,   41.5448,   23.3740,  158.4330,  163.5827,  163.6723,  163.8293,  164.1029,  164.5732,  165.3648,  166.6602,  168.4872,  170.9519,  174.2721,  178.5564,  183.8814,  190.3071,  197.9049,  205.8548,  212.8059,  218.1105,  222.1140,  224.8330,  226.3589,  227.0949,  227.3721,  227.5098,  227.5598,    0.0453,    0.1687,    0.3496,    0.5663,    0.8005,    1.0375,    1.2659,    1.3734,    1.5639,    2.0041,    2.3257,    2.3121,    1.8054,    1.6927,    1.5162,    1.6232,    1.6976,    1.5558,    1.5524,    1.4523,    1.3293,    1.2571,    1.2289,    1.2088,    0.4124,    0.4102,    0.4039,    0.4016,    0.3956,    0.3896,    0.3943,    0.3876,    0.3972,    0.3870,    0.3838,    0.3920,    0.2894,    0.2735,    0.2525,    0.2496,    0.2372,    0.2113,    0.2298,    0.2285,    0.2329,    0.2404,    0.2489,    0.2523,    0.2564,    0.2530,    0.2411,    0.2441,    0.2401,    0.2436,    0.2387,    0.2363,    0.2321,    0.2280,    0.2351,    0.2306,    0.6122,    0.6512,    0.6175,    0.5845,    0.6274,    0.5939,    0.5772,    0.5459,    0.5159,    0.4565,    0.4299,    0.4049,    0.5266,    0.4760,    0.3472,    0.3109,    0.3204,    0.2881,    0.2583,    0.2738,    0.2456,    0.2198,    0.1978,    0.1766,    0.4170,    0.2929,    0.2246,    0.1869,    0.1300,    0.0892,    0.0613,    0.0461,    0.0311,    0.0206,    0.0153,    0.0109,    0.0718,    0.0456,    0.0543,    0.0553,    0.0620,    0.0579,    0.0636,    0.0716,    0.0628,    0.0864,    0.0764,    0.0837,    0.0947,    0.0773,    0.1125,    0.1251,    0.1029,    0.1282,    0.1702,    0.1791,    0.1704,    0.1017,    0.1622,    0.1714,    0.2102,    0.2247,    0.2326,    0.2473,    0.2541,    0.2676,    0.2880,    0.3321,    0.3661,    0.3426,    0.3455,    0.3526,    0.5997,    0.6549,    0.6873,    0.7123,    0.7319,    0.8026,    0.7511,    0.8008,    0.7850,    0.8173,    0.7755,    0.8324,    1.7911,    1.7694,    1.8051,    1.8337,    1.8534,    1.9333,    2.0012,    2.0523,    2.0940,    1.9472,    1.9191,    1.9930,    5.0384,    4.8008,    4.7475,    4.6048,    4.2546,    3.9915,    3.5053,    3.2261,    4.2620,    3.7379,    2.8735,    2.6711,    2.0617,    1.8982,    1.4501,    1.3872,    0.9377,    0.6825,    0.5533,    0.2229,    0.1974,    0.1408,    0.0491,    0.0402,    0.0697,    0.2643,    0.5585,    0.9234,    1.3340,    1.7687,    2.2092,    2.6374,    3.0452,    3.2535,    3.3276,    3.7073,    3.6231,    3.8924,    4.0557,    4.1268,    4.1771,    4.2620,    4.2921,    4.2968,    4.2716,    4.2060,    4.1027,    3.9861,    1.3716,    1.3550,    1.3439,    1.3308,    1.3221,    1.3130,    1.3120,    1.2970,    1.2808,    1.2810,    1.2676,    1.2691,    0.9714,    0.9647,    0.9573,    0.9473,    0.9379,    0.9287,    0.9179,    0.9075,    0.8967,    0.8848,    0.8706,    0.8542,    0.8791,    0.8578,    0.8570,    0.8238,    0.8130,    0.8013,    0.7879,    0.7651,    0.7506,    0.7354,    0.7163,    0.7046,    1.8853,    1.7116,    1.6308,    1.5555,    1.3904,    1.3246,    1.2201,    1.1607,    1.1035,    1.0841,    1.0300,    0.9753,    1.5321,    1.3991,    1.3543,    1.2368,    1.0761,    0.9743,    0.8838,    0.7548,    0.6826,    0.6168,    0.5548,    0.5001,    1.2327,    0.8875,    0.6112,    0.4015,    0.2819,    0.1968,    0.1364,    0.0907,    0.0627,    0.0435,    0.0286,    0.0186,    0.0074,    0.0000,    0.0217,    0.0391,    0.0443,    0.0405,    0.0512,    0.0569,    0.0507,    0.0698,    0.0617,    0.0676,    0.0640,    0.0520,    0.0750,    0.0819,    0.0665,    0.0424,    0.0050,    0.0112,    0.0651,    0.0784,    0.1268,    0.1331,    0.1648,    0.1762,    0.1824,    0.1938,    0.1984,    0.2029,    0.2039,    0.1845,    0.1623,    0.1944,    0.2715,    0.2754,    0.4830,    0.5277,    0.5524,    0.5603,    0.5498,    0.6242,    0.5998,    0.6378,    0.5856,    0.6632,    0.6272,    0.6674,    1.4456,    1.4104,    1.4649,    1.4878,    1.4974,    0.9139,    0.9461,    0.9702,    0.9899,    0.9200,    0.9072,    0.9421,    2.3815,    2.2693,    2.2439,    2.1762,    2.0105,    1.8859,    1.6559,    1.5238,    0.7207,    0.6318,    0.4854,    0.4510,    0.3478,    0.3199,    0.2440,    0.2331,    0.1573,    0.1142,    0.0924,    0.0371,    0.0328,    0.0233,    0.0081,    0.0066
