Particle       ,data/QEXT_96IR_84_VIS_NC100v2_2umrod
Ncase          ,  14
dt (sols)      ,  0.020833
Qext 0.67um    ,  1.413941
Alb sfc        ,  0.220000
Conrath nu     ,  0.002000
Sun Flux (W/m2),148.389262
BWN IR (cm-1)  ,     10.0000,     34.1670,     58.3330,     82.5000,    106.6670,    130.8330,    155.0000,    179.1670,    203.3330,    227.5000,    251.6670,    275.8330,    300.0000,    320.7880,    341.5750,    362.3630,    383.1500,    403.9380,    424.7250,    445.5130,    466.3010,    487.0880,    507.8760,    528.6630,    549.4510,    556.7420,    564.0330,    571.3240,    578.6150,    585.9060,    593.1970,    600.4880,    607.7790,    615.0700,    622.3610,    629.6520,    636.9430,    642.5500,    648.1570,    653.7640,    659.3700,    664.9770,    670.5840,    676.1910,    681.7980,    687.4050,    693.0110,    698.6180,    704.2250,    710.1390,    716.0530,    721.9670,    727.8810,    733.7950,    739.7090,    745.6240,    751.5380,    757.4520,    763.3660,    769.2800,    775.1940,    791.5010,    807.8070,    824.1140,    840.4210,    856.7270,    873.0340,    889.3410,    905.6470,    921.9540,    938.2610,    954.5670,    970.8740,    996.8050,   1022.7370,   1048.6680,   1074.6000,   1100.5310,   1126.4630,   1152.3940,   1178.3250,   1204.2570,   1230.1880,   1256.1200,   1282.0510,   1360.3990,   1438.7460,   1517.0940,   1595.4410,   1673.7890,   1752.1370,   1830.4840,   1908.8320,   1987.1790,   2065.5270,   2143.8740,   2222.2220
BWN VIS (cm-1) ,   2222.2200,   2294.3160,   2366.4120,   2438.5080,   2510.6030,   2582.6990,   2654.7950,   2726.8910,   2798.9870,   2871.0820,   2943.1780,   3015.2740,   3087.3700,   3165.9750,   3244.5800,   3323.1850,   3401.7900,   3480.3950,   3559.0000,   3637.6050,   3716.2100,   3794.8150,   3873.4200,   3952.0250,   4030.6300,   4142.2920,   4253.9530,   4365.6150,   4477.2770,   4588.9380,   4700.6000,   4812.2620,   4923.9230,   5035.5850,   5147.2470,   5258.9080,   5370.5700,   5560.6150,   5750.6600,   5940.7050,   6130.7500,   6320.7950,   6510.8400,   6700.8850,   6890.9300,   7080.9750,   7271.0200,   7461.0650,   7651.1100,   8055.1840,   8459.2580,   8863.3330,   9267.4070,   9671.4810,  10075.5550,  10479.6290,  10883.7030,  11287.7780,  11691.8520,  12095.9260,  12500.0000,  13541.6670,  14583.3330,  15625.0000,  16666.6670,  17708.3330,  18750.0000,  19791.6670,  20833.3330,  21875.0000,  22916.6670,  23958.3330,  25000.0000,  26388.8890,  27777.7780,  29166.6670,  30555.5570,  31944.4460,  33333.3350,  34722.2240,  36111.1130,  37500.0030,  38888.8920,  40277.7810,  41666.6700
SUN VIS (W/m2) ,      0.1008,      0.0862,      0.0968,      0.1089,      0.1224,      0.1136,      0.1248,      0.1400,      0.1233,      0.1698,      0.1502,      0.1645,      0.1814,      0.1477,      0.2144,      0.2377,      0.1946,      0.2106,      0.2276,      0.2472,      0.2683,      0.1918,      0.3072,      0.3239,      0.3986,      0.4261,      0.4410,      0.4688,      0.4810,      0.5017,      0.5013,      0.5485,      0.5772,      0.5665,      0.6183,      0.6303,      1.0809,      1.1806,      1.2379,      1.2751,      1.2949,      1.4092,      1.3262,      1.4132,      1.3634,      1.4505,      1.3747,      1.4716,      3.1730,      3.1258,      3.2038,      3.2543,      3.2846,      3.1576,      3.2685,      3.3520,      3.4202,      3.1800,      3.1347,      3.2554,      8.2299,      7.8425,      7.7561,      7.5237,      6.9524,      6.5235,      5.7299,      5.2748,      5.0739,      4.4511,      3.4228,      3.1828,      2.4579,      2.2644,      1.7312,      1.6575,      1.1215,      0.8173,      0.6634,      0.2677,      0.2374,      0.1697,      0.0593,      0.0486
================
wavelenght [um],    0.244068,    0.252632,    0.261818,    0.271698,    0.282353,    0.293878,    0.306383,    0.320000,    0.334884,    0.351220,    0.369231,    0.389189,    0.408511,    0.426667,    0.446512,    0.468293,    0.492308,    0.518919,    0.548571,    0.581818,    0.619355,    0.662069,    0.711111,    0.768000,    0.813143,    0.840768,    0.870336,    0.902060,    0.936184,    0.972991,    1.012810,    1.056028,    1.103099,    1.154562,    1.211061,    1.273375,    1.323436,    1.357581,    1.393534,    1.431444,    1.471474,    1.513807,    1.558648,    1.606226,    1.656801,    1.710664,    1.768147,    1.829628,    1.881560,    1.921939,    1.964090,    2.008131,    2.054193,    2.102417,    2.152960,    2.205992,    2.261704,    2.320302,    2.382017,    2.447105,    2.505432,    2.555765,    2.608162,    2.662752,    2.719677,    2.779088,    2.841153,    2.906054,    2.973989,    3.045176,    3.119855,    3.198288,    3.277268,    3.356577,    3.439819,    3.527294,    3.619334,    3.716307,    3.818620,    3.926726,    4.041130,    4.162400,    4.291175,    4.428172,    4.580751,    4.751270,    4.934974,    5.133456,    5.348572,    5.582505,    5.837838,    6.117648,    6.425631,    6.766266,    7.145039,    7.568734,    7.879690,    8.044056,    8.215425,    8.394255,    8.581043,    8.776330,    8.980716,    9.194848,    9.419442,    9.655282,    9.903235,   10.164260,   10.387231,   10.566200,   10.751445,   10.943308,   11.142136,   11.348323,   11.562291,   11.784476,   12.015368,   12.255495,   12.505409,   12.765727,   12.949392,   13.049328,   13.150818,   13.253898,   13.358608,   13.464994,   13.573088,   13.682923,   13.794549,   13.908012,   14.023357,   14.140631,   14.256763,   14.371646,   14.488386,   14.607038,   14.727660,   14.850291,   14.974981,   15.101782,   15.230738,   15.361915,   15.495384,   15.631191,   15.790367,   15.974275,   16.162517,   16.355249,   16.552633,   16.754839,   16.962047,   17.174443,   17.392227,   17.615605,   17.844795,   18.080028,   18.550914,   19.294981,   20.101230,   20.977796,   21.934298,   22.982219,   24.135264,   25.410119,   26.827165,   28.411593,   30.194923,   32.217118,   34.732292,   37.914692,   41.739101,   46.421699,   52.287582,   59.850314,   69.970927,   84.210526,  105.726686,  142.012170,  216.216216,  452.826771
Qext           ,      1.1730,      1.1730,      1.1730,      1.1730,      1.1730,      1.1730,      1.1730,      1.1730,      1.1730,      1.1730,      1.1730,      1.4139,      1.4139,      1.4139,      1.4139,      1.4139,      1.4139,      1.4139,      1.4139,      1.4139,      1.4139,      1.4139,      1.4139,      1.2185,      1.2185,      1.2185,      1.2185,      1.2185,      1.2185,      1.2185,      1.2185,      1.2185,      1.2185,      1.2261,      1.2261,      1.2261,      1.2261,      1.2261,      1.2261,      1.2261,      1.2261,      1.3827,      1.3827,      1.3827,      1.3827,      1.3827,      1.3827,      1.3827,      1.4701,      1.4701,      1.4701,      1.4701,      1.4701,      1.4701,      1.4701,      1.4701,      1.7463,      1.7463,      1.7463,      1.7463,      1.7463,      1.7463,      1.5613,      1.5613,      1.5613,      1.5613,      1.5613,      1.5613,      1.4010,      1.4010,      1.4010,      1.4010,      1.4010,      1.3679,      1.3679,      1.3679,      1.3679,      1.6840,      1.6840,      1.6840,      1.6840,      2.0650,      2.0650,      2.0650,      2.1291,      2.1291,      2.1368,      2.1368,      1.9030,      1.5360,      1.5360,      1.6224,      1.8085,      1.6541,      1.6763,      1.9359,      2.0519,      2.0519,      2.1391,      2.1391,      1.9438,      1.9438,      1.9645,      1.9645,      1.9784,      1.8578,      1.8578,      2.1328,      2.1061,      2.1061,      1.9451,      1.9451,      1.9676,      1.9676,      1.5527,      1.4449,      1.4449,      1.5048,      1.5048,      1.5547,      1.5982,      1.5982,      1.5982,      1.5982,      1.7446,      1.7446,      1.7446,      2.1226,      2.1226,      2.1226,      2.3589,      2.3589,      2.3589,      2.4461,      2.4461,      2.4461,      2.3627,      2.3627,      2.3627,      2.1792,      2.1792,      2.1792,      2.0567,      2.0567,      2.0567,      2.2880,      2.2880,      2.7237,      2.7237,      2.7019,      2.3889,      2.3889,      2.2036,      2.2036,      1.9646,      1.7420,      1.7079,      1.8710,      2.8881,      4.1377,      3.7918,      2.4425,      2.2278,      1.4350,      0.8277,      0.3801,      0.1984,      0.2114,      0.4872,      1.3746,      1.2333,      1.1307,      1.7465,      2.4556,      2.4556,      2.4556,      2.4556,      2.4556,      2.4556,      2.4556
Qscat          ,      0.5767,      0.5767,      0.5767,      0.5767,      0.5767,      0.5767,      0.5767,      0.5767,      0.5767,      0.5767,      0.5767,      0.4672,      0.4672,      0.4672,      0.4672,      0.4672,      0.4672,      0.4672,      0.4672,      0.4672,      0.4672,      0.4672,      0.4672,      0.2347,      0.2347,      0.2347,      0.2347,      0.2347,      0.2347,      0.2347,      0.2347,      0.2347,      0.2347,      0.1718,      0.1718,      0.1718,      0.1718,      0.1718,      0.1718,      0.1718,      0.1718,      0.1719,      0.1719,      0.1719,      0.1719,      0.1719,      0.1719,      0.1719,      0.1591,      0.1591,      0.1591,      0.1591,      0.1591,      0.1591,      0.1591,      0.1591,      0.1766,      0.1766,      0.1766,      0.1766,      0.1766,      0.1766,      0.1559,      0.1559,      0.1559,      0.1559,      0.1559,      0.1559,      0.1487,      0.1487,      0.1487,      0.1487,      0.1487,      0.1576,      0.1576,      0.1576,      0.1576,      0.1901,      0.1901,      0.1901,      0.1901,      0.2209,      0.2209,      0.2209,      0.2205,      0.2205,      0.3174,      0.3174,      0.2866,      0.2861,      0.2861,      0.2680,      0.3207,      0.4374,      0.4392,      0.4373,      0.4919,      0.4919,      0.5073,      0.5073,      0.5466,      0.5466,      0.5961,      0.5961,      0.6520,      0.7514,      0.7514,      0.8228,      0.7745,      0.7745,      0.8227,      0.8227,      1.0370,      1.0370,      1.0999,      1.1405,      1.1405,      1.1157,      1.1157,      1.0458,      1.0114,      1.0114,      1.0114,      1.0114,      0.9623,      0.9623,      0.9623,      0.9564,      0.9564,      0.9564,      0.9226,      0.9226,      0.9226,      0.9587,      0.9587,      0.9587,      1.0095,      1.0095,      1.0095,      1.0466,      1.0466,      1.0466,      1.1837,      1.1837,      1.1837,      1.4524,      1.4524,      1.8892,      1.8892,      1.6796,      1.2906,      1.2906,      1.1369,      1.1369,      0.9782,      0.9444,      0.9092,      0.9565,      1.3209,      1.8724,      2.2329,      2.4423,      1.8640,      0.8650,      0.5567,      0.3801,      0.1984,      0.2114,      0.4871,      1.3745,      1.2331,      1.1306,      1.7463,      2.4554,      2.4554,      2.4554,      2.4554,      2.4554,      2.4554,      2.4554
G factor       ,      0.4720,      0.4720,      0.4720,      0.4720,      0.4720,      0.4720,      0.4720,      0.4720,      0.4720,      0.4720,      0.4720,      0.3520,      0.3520,      0.3520,      0.3520,      0.3520,      0.3520,      0.3520,      0.3520,      0.3520,      0.3520,      0.3520,      0.3520,      0.3050,      0.3050,      0.3050,      0.3050,      0.3050,      0.3050,      0.3050,      0.3050,      0.3050,      0.3050,      0.2930,      0.2930,      0.2930,      0.2930,      0.2930,      0.2930,      0.2930,      0.2930,      0.2780,      0.2780,      0.2780,      0.2780,      0.2780,      0.2780,      0.2780,      0.2870,      0.2870,      0.2870,      0.2870,      0.2870,      0.2870,      0.2870,      0.2870,      0.2800,      0.2800,      0.2800,      0.2800,      0.2800,      0.2800,      0.1970,      0.1970,      0.1970,      0.1970,      0.1970,      0.1970,      0.2100,      0.2100,      0.2100,      0.2100,      0.2100,      0.1980,      0.1980,      0.1980,      0.1980,      0.2300,      0.2300,      0.2300,      0.2300,      0.2730,      0.2730,      0.2730,      0.2810,      0.2810,      0.2600,      0.2600,      0.2050,      0.1440,      0.1440,      0.1490,      0.1220,      0.1100,      0.1510,      0.1910,      0.1900,      0.1900,      0.2070,      0.2070,      0.2230,      0.2230,      0.2610,      0.2610,      0.2060,      0.1450,      0.1450,      0.1690,      0.0790,      0.0790,      0.0760,      0.0760,      0.1090,      0.1090,      0.0070,     -0.0620,     -0.0620,     -0.0760,     -0.0760,     -0.0530,     -0.0160,     -0.0160,     -0.0160,     -0.0160,      0.1270,      0.1270,      0.1270,      0.2150,      0.2150,      0.2150,      0.1890,      0.1890,      0.1890,      0.1730,      0.1730,      0.1730,      0.1710,      0.1710,      0.1710,      0.1570,      0.1570,      0.1570,      0.1430,      0.1430,      0.1430,      0.1600,      0.1600,      0.1880,      0.1880,      0.1680,      0.1480,      0.1480,      0.1650,      0.1650,      0.1850,      0.2180,      0.2350,      0.2850,      0.3040,      0.2950,      0.2810,      0.2790,      0.2170,      0.1500,      0.1480,      0.0610,     -0.1580,     -0.2270,     -0.1320,     -0.0720,     -0.1030,     -0.0660,     -0.0160,     -0.0020,     -0.0020,     -0.0020,     -0.0020,     -0.0020,     -0.0020,     -0.0020
================
P [mbar]       ,    0.1004,    0.1015,    0.1034,    0.1069,    0.1130,    0.1239,    0.1432,    0.1740,    0.2226,    0.3028,    0.4349,    0.6529,    1.0121,    1.6044,    2.4646,    3.4606,    4.3994,    5.2226,    5.8426,    6.2132,    6.3980,    6.4686,    6.5039,    6.5168
Temp initial[K],  163.5827,  163.6723,  163.8293,  164.1029,  164.5732,  165.3648,  166.6602,  168.4872,  170.9519,  174.2721,  178.5564,  183.8814,  190.3071,  197.9049,  205.8548,  212.8059,  218.1105,  222.1140,  224.8330,  226.3589,  227.0949,  227.3721,  227.5098,  227.5598
================
it   ,   tau    ,  Tsfc    ,   alb    ,   OLR    ,    ASR   ,  NET top ,  NET bot , T lev  01, T lev  02, T lev  03, T lev  04, T lev  05, T lev  06, T lev  07, T lev  08, T lev  09, T lev  10, T lev  11, T lev  12, T lev  13, T lev  14, T lev  15, T lev  16, T lev  17, T lev  18, T lev  19, T lev  20, T lev  21, T lev  22, T lev  23, T lev  24, T lev  25,  OLR IR01,  OLR IR02,  OLR IR03,  OLR IR04,  OLR IR05,  OLR IR06,  OLR IR07,  OLR IR08,  OLR IR09,  OLR IR10,  OLR IR11,  OLR IR12,  OLR IR13,  OLR IR14,  OLR IR15,  OLR IR16,  OLR IR17,  OLR IR18,  OLR IR19,  OLR IR20,  OLR IR21,  OLR IR22,  OLR IR23,  OLR IR24,  OLR IR25,  OLR IR26,  OLR IR27,  OLR IR28,  OLR IR29,  OLR IR30,  OLR IR31,  OLR IR32,  OLR IR33,  OLR IR34,  OLR IR35,  OLR IR36,  OLR IR37,  OLR IR38,  OLR IR39,  OLR IR40,  OLR IR41,  OLR IR42,  OLR IR43,  OLR IR44,  OLR IR45,  OLR IR46,  OLR IR47,  OLR IR48,  OLR IR49,  OLR IR50,  OLR IR51,  OLR IR52,  OLR IR53,  OLR IR54,  OLR IR55,  OLR IR56,  OLR IR57,  OLR IR58,  OLR IR59,  OLR IR60,  OLR IR61,  OLR IR62,  OLR IR63,  OLR IR64,  OLR IR65,  OLR IR66,  OLR IR67,  OLR IR68,  OLR IR69,  OLR IR70,  OLR IR71,  OLR IR72,  OLR IR73,  OLR IR74,  OLR IR75,  OLR IR76,  OLR IR77,  OLR IR78,  OLR IR79,  OLR IR80,  OLR IR81,  OLR IR82,  OLR IR83,  OLR IR84,  OLR IR85,  OLR IR86,  OLR IR87,  OLR IR88,  OLR IR89,  OLR IR90,  OLR IR91,  OLR IR92,  OLR IR93,  OLR IR94,  OLR IR95,  OLR IR96, ASR VIS01, ASR VIS02, ASR VIS03, ASR VIS04, ASR VIS05, ASR VIS06, ASR VIS07, ASR VIS08, ASR VIS09, ASR VIS10, ASR VIS11, ASR VIS12, ASR VIS13, ASR VIS14, ASR VIS15, ASR VIS16, ASR VIS17, ASR VIS18, ASR VIS19, ASR VIS20, ASR VIS21, ASR VIS22, ASR VIS23, ASR VIS24, ASR VIS25, ASR VIS26, ASR VIS27, ASR VIS28, ASR VIS29, ASR VIS30, ASR VIS31, ASR VIS32, ASR VIS33, ASR VIS34, ASR VIS35, ASR VIS36, ASR VIS37, ASR VIS38, ASR VIS39, ASR VIS40, ASR VIS41, ASR VIS42, ASR VIS43, ASR VIS44, ASR VIS45, ASR VIS46, ASR VIS47, ASR VIS48, ASR VIS49, ASR VIS50, ASR VIS51, ASR VIS52, ASR VIS53, ASR VIS54, ASR VIS55, ASR VIS56, ASR VIS57, ASR VIS58, ASR VIS59, ASR VIS60, ASR VIS61, ASR VIS62, ASR VIS63, ASR VIS64, ASR VIS65, ASR VIS66, ASR VIS67, ASR VIS68, ASR VIS69, ASR VIS70, ASR VIS71, ASR VIS72, ASR VIS73, ASR VIS74, ASR VIS75, ASR VIS76, ASR VIS77, ASR VIS78, ASR VIS79, ASR VIS80, ASR VIS81, ASR VIS82, ASR VIS83, ASR VIS84, SFC DIR01, SFC DIR02, SFC DIR03, SFC DIR04, SFC DIR05, SFC DIR06, SFC DIR07, SFC DIR08, SFC DIR09, SFC DIR10, SFC DIR11, SFC DIR12, SFC DIR13, SFC DIR14, SFC DIR15, SFC DIR16, SFC DIR17, SFC DIR18, SFC DIR19, SFC DIR20, SFC DIR21, SFC DIR22, SFC DIR23, SFC DIR24, SFC DIR25, SFC DIR26, SFC DIR27, SFC DIR28, SFC DIR29, SFC DIR30, SFC DIR31, SFC DIR32, SFC DIR33, SFC DIR34, SFC DIR35, SFC DIR36, SFC DIR37, SFC DIR38, SFC DIR39, SFC DIR40, SFC DIR41, SFC DIR42, SFC DIR43, SFC DIR44, SFC DIR45, SFC DIR46, SFC DIR47, SFC DIR48, SFC DIR49, SFC DIR50, SFC DIR51, SFC DIR52, SFC DIR53, SFC DIR54, SFC DIR55, SFC DIR56, SFC DIR57, SFC DIR58, SFC DIR59, SFC DIR60, SFC DIR61, SFC DIR62, SFC DIR63, SFC DIR64, SFC DIR65, SFC DIR66, SFC DIR67, SFC DIR68, SFC DIR69, SFC DIR70, SFC DIR71, SFC DIR72, SFC DIR73, SFC DIR74, SFC DIR75, SFC DIR76, SFC DIR77, SFC DIR78, SFC DIR79, SFC DIR80, SFC DIR81, SFC DIR82, SFC DIR83, SFC DIR84, SFC DIR85, SFC DIR86, SFC DIR87, SFC DIR88, SFC DIR89, SFC DIR90, SFC DIR91, SFC DIR92, SFC DIR93, SFC DIR94, SFC DIR95, SFC DIR96,SFC DVIS01,SFC DVIS02,SFC DVIS03,SFC DVIS04,SFC DVIS05,SFC DVIS06,SFC DVIS07,SFC DVIS08,SFC DVIS09,SFC DVIS10,SFC DVIS11,SFC DVIS12,SFC DVIS13,SFC DVIS14,SFC DVIS15,SFC DVIS16,SFC DVIS17,SFC DVIS18,SFC DVIS19,SFC DVIS20,SFC DVIS21,SFC DVIS22,SFC DVIS23,SFC DVIS24,SFC DVIS25,SFC DVIS26,SFC DVIS27,SFC DVIS28,SFC DVIS29,SFC DVIS30,SFC DVIS31,SFC DVIS32,SFC DVIS33,SFC DVIS34,SFC DVIS35,SFC DVIS36,SFC DVIS37,SFC DVIS38,SFC DVIS39,SFC DVIS40,SFC DVIS41,SFC DVIS42,SFC DVIS43,SFC DVIS44,SFC DVIS45,SFC DVIS46,SFC DVIS47,SFC DVIS48,SFC DVIS49,SFC DVIS50,SFC DVIS51,SFC DVIS52,SFC DVIS53,SFC DVIS54,SFC DVIS55,SFC DVIS56,SFC DVIS57,SFC DVIS58,SFC DVIS59,SFC DVIS60,SFC DVIS61,SFC DVIS62,SFC DVIS63,SFC DVIS64,SFC DVIS65,SFC DVIS66,SFC DVIS67,SFC DVIS68,SFC DVIS69,SFC DVIS70,SFC DVIS71,SFC DVIS72,SFC DVIS73,SFC DVIS74,SFC DVIS75,SFC DVIS76,SFC DVIS77,SFC DVIS78,SFC DVIS79,SFC DVIS80,SFC DVIS81,SFC DVIS82,SFC DVIS83,SFC DVIS84
    2,    0.0000,  227.5722,    0.2192,  139.8688,  115.8602,  -23.5218,  -14.0680,  158.4330,  163.5827,  163.6723,  163.8293,  164.1029,  164.5732,  165.3648,  166.6602,  168.4872,  170.9519,  174.2721,  178.5564,  183.8814,  190.3071,  197.9049,  205.8548,  212.8059,  218.1105,  222.1140,  224.8330,  226.3589,  227.0949,  227.3721,  227.5098,  227.5598,    0.0705,    0.2675,    0.5658,    0.9364,    1.3541,    1.7971,    2.2470,    2.6886,    3.1100,    3.5012,    3.8550,    4.1668,    3.7991,    3.9662,    4.1036,    4.2111,    4.2902,    4.3412,    4.3666,    4.3674,    4.3455,    4.3031,    4.2365,    4.1377,    1.4329,    1.4160,    1.3937,    1.3544,    1.3064,    1.2531,    1.1042,    1.0903,    1.0331,    0.8812,    0.8657,    0.6804,    0.4286,    0.3613,    0.2973,    0.2859,    0.2660,    0.2237,    0.2586,    0.2615,    0.2793,    0.3166,    0.3804,    0.4522,    0.5746,    0.6344,    0.5305,    0.6851,    0.6744,    0.6698,    0.6769,    0.7426,    0.7550,    0.7683,    0.7700,    0.7628,    2.0538,    1.9716,    1.9052,    1.8274,    1.7484,    1.6691,    1.5919,    1.5151,    1.4407,    1.3665,    1.2937,    1.2291,    1.8278,    1.6842,    1.5339,    1.3924,    1.2741,    1.1725,    1.0662,    0.9681,    0.8777,    0.7928,    0.7079,    0.6374,    1.5840,    1.1437,    0.8293,    0.5901,    0.4167,    0.2922,    0.2036,    0.1383,    0.0940,    0.0622,    0.0416,    0.0303,    0.0906,    0.0482,    0.0759,    0.0854,    0.0957,    0.0892,    0.0975,    0.1096,    0.0962,    0.1325,    0.1172,    0.1283,    0.1417,    0.1155,    0.1680,    0.1868,    0.1536,    0.1833,    0.2065,    0.2237,    0.2252,    0.1502,    0.2398,    0.2533,    0.3110,    0.3324,    0.3440,    0.3658,    0.3756,    0.3940,    0.4010,    0.4565,    0.4953,    0.4717,    0.4852,    0.4943,    0.8433,    0.9209,    0.9663,    0.9993,    1.0234,    1.1077,    1.0381,    1.1064,    1.0804,    1.1314,    1.0733,    1.1507,    2.4780,    2.4450,    2.4989,    2.5384,    2.5644,    2.4626,    2.5489,    2.6139,    2.6670,    2.4800,    2.4441,    2.5380,    6.4157,    6.1123,    6.0433,    5.8603,    5.4132,    5.0767,    4.4565,    4.0997,    3.9404,    3.4535,    2.6528,    2.4637,    1.8993,    1.7458,    1.3311,    1.2705,    0.8565,    0.6215,    0.5021,    0.2015,    0.1776,    0.1261,    0.0437,    0.0355,    0.0000,    0.0000,    0.0000,    0.0000,    0.0000,    0.0000,    0.0000,    0.0000,    0.0000,    0.0000,    0.0000,    0.0000,    0.0000,    0.0000,    0.0000,    0.0000,    0.0000,    0.0000,    0.0000,    0.0004,    0.0013,    0.0042,    0.0316,    0.1224,    0.0337,    0.0553,    0.0951,    0.1939,    0.3170,    0.4390,    0.7874,    0.8078,    0.8986,    1.0611,    1.1127,    1.2540,    0.9696,    0.9641,    0.9572,    0.9473,    0.9378,    0.9287,    0.9178,    0.9074,    0.8966,    0.8844,    0.8683,    0.8421,    0.8025,    0.6764,    0.7395,    0.4977,    0.5022,    0.4908,    0.4247,    0.2470,    0.1814,    0.1031,    0.0612,    0.0469,    0.0933,    0.0788,    0.0260,    0.0119,    0.0030,    0.0028,    0.0017,    0.0056,    0.0100,    0.0182,    0.0292,    0.0235,    0.0278,    0.0056,    0.0259,    0.0458,    0.0328,    0.0004,    0.0000,    0.0000,    0.0000,    0.0031,    0.0165,    0.0171,    0.0171,    0.0171,    0.0000,    0.0000,    0.0000,    0.0000,    0.0000,    0.0035,    0.0040,    0.0054,    0.0048,    0.0010,    0.0230,    0.0000,    0.0598,    0.1073,    0.1213,    0.1109,    0.1245,    0.1385,    0.1233,    0.1698,    0.1501,    0.1645,    0.1806,    0.1466,    0.2118,    0.2312,    0.1878,    0.1215,    0.0145,    0.0325,    0.1583,    0.1897,    0.3065,    0.3218,    0.3984,    0.4260,    0.4410,    0.4686,    0.4796,    0.4909,    0.4572,    0.4157,    0.3661,    0.4375,    0.6076,    0.6165,    1.0804,    1.1803,    1.2358,    1.2540,    1.2316,    1.3659,    1.3119,    1.3949,    1.2823,    1.4502,    1.3714,    1.4595,    3.1611,    3.0848,    3.2030,    3.2531,    3.2743,    3.1567,    3.2678,    3.3511,    3.4192,    3.1776,    3.1334,    3.2539,    8.2247,    7.8363,    7.7478,    7.5132,    6.9399,    6.5086,    5.7135,    5.2561,    5.0518,    4.4276,    3.4010,    3.1586,    2.4350,    2.2382,    1.7066,    1.6288,    1.0981,    0.7968,    0.6438,    0.2584,    0.2277,    0.1616,    0.0560,    0.0455
    2,    0.0500,  227.5722,    0.1974,  133.4560,  119.0964,  -13.8726,  -14.3480,  158.4330,  163.5827,  163.6723,  163.8293,  164.1029,  164.5732,  165.3648,  166.6602,  168.4872,  170.9519,  174.2721,  178.5564,  183.8814,  190.3071,  197.9049,  205.8548,  212.8059,  218.1105,  222.1140,  224.8330,  226.3589,  227.0949,  227.3721,  227.5098,  227.5598,    0.0648,    0.2458,    0.5199,    0.8604,    1.2441,    1.6512,    2.0646,    2.5276,    2.9809,    3.3381,    3.6612,    4.0859,    3.7640,    3.9337,    4.0517,    4.1251,    4.1469,    4.1053,    4.1069,    4.0409,    4.0123,    4.0624,    4.0716,    3.9827,    1.3767,    1.3536,    1.3243,    1.2888,    1.2394,    1.1917,    1.0531,    1.0403,    0.9891,    0.8548,    0.8421,    0.6708,    0.4250,    0.3594,    0.2965,    0.2852,    0.2655,    0.2235,    0.2580,    0.2608,    0.2783,    0.3146,    0.3760,    0.4443,    0.5590,    0.6128,    0.5168,    0.6596,    0.6496,    0.6476,    0.6531,    0.7127,    0.7220,    0.7332,    0.7340,    0.7268,    1.9548,    1.8749,    1.8105,    1.7389,    1.6635,    1.5886,    1.5057,    1.4328,    1.3629,    1.2925,    1.2186,    1.1573,    1.7226,    1.5971,    1.4541,    1.3171,    1.2060,    1.1087,    1.0073,    0.9141,    0.8230,    0.7430,    0.6649,    0.5983,    1.4899,    1.0828,    0.7841,    0.5540,    0.3933,    0.2764,    0.1924,    0.1288,    0.0867,    0.0574,    0.0383,    0.0278,    0.0913,    0.0481,    0.0785,    0.0893,    0.1002,    0.0932,    0.1020,    0.1137,    0.1000,    0.1376,    0.1217,    0.1335,    0.1474,    0.1201,    0.1746,    0.1939,    0.1601,    0.1867,    0.2066,    0.2241,    0.2303,    0.1568,    0.2517,    0.2658,    0.3264,    0.3489,    0.3611,    0.3840,    0.3914,    0.4100,    0.4154,    0.4685,    0.5053,    0.4845,    0.5050,    0.5144,    0.8759,    0.9565,    1.0035,    1.0368,    1.0597,    1.1483,    1.0774,    1.1428,    1.1131,    1.1694,    1.1092,    1.1888,    2.5607,    2.5254,    2.5828,    2.6146,    2.6410,    2.5365,    2.6255,    2.6924,    2.7471,    2.5544,    2.5176,    2.6143,    6.6086,    6.2632,    6.1926,    6.0052,    5.5471,    5.2025,    4.5671,    4.2016,    4.0385,    3.5397,    2.7192,    2.5255,    1.9472,    1.7681,    1.3482,    1.2869,    0.8678,    0.6298,    0.5089,    0.2043,    0.1801,    0.1279,    0.0443,    0.0361,    0.0057,    0.0217,    0.0459,    0.0760,    0.1100,    0.1459,    0.1825,    0.1611,    0.1291,    0.1631,    0.1938,    0.0809,    0.0351,    0.0325,    0.0519,    0.1339,    0.2423,    0.2988,    0.2598,    0.5731,    0.6722,    0.4755,    0.3271,    0.3827,    0.1257,    0.1599,    0.2067,    0.2952,    0.4124,    0.5212,    0.8385,    0.8525,    0.9334,    1.0786,    1.1245,    1.2547,    0.9696,    0.9641,    0.9572,    0.9473,    0.9378,    0.9287,    0.9178,    0.9074,    0.8966,    0.8844,    0.8684,    0.8429,    0.8087,    0.6927,    0.7487,    0.5243,    0.5275,    0.5115,    0.4494,    0.2830,    0.2196,    0.1458,    0.1059,    0.0919,    0.2136,    0.1907,    0.1361,    0.1118,    0.0988,    0.0983,    0.1158,    0.1136,    0.1158,    0.1177,    0.1311,    0.1202,    0.1679,    0.1193,    0.1277,    0.1427,    0.1202,    0.0816,    0.0739,    0.0666,    0.0669,    0.0629,    0.0671,    0.0622,    0.1229,    0.0821,    0.0464,    0.0356,    0.0221,    0.0144,    0.0098,    0.0114,    0.0098,    0.0091,    0.0072,    0.0027,    0.0201,    0.0000,    0.0522,    0.0959,    0.1085,    0.0992,    0.1113,    0.1265,    0.1126,    0.1551,    0.1370,    0.1498,    0.1645,    0.1336,    0.1929,    0.2106,    0.1692,    0.1094,    0.0131,    0.0292,    0.1425,    0.1708,    0.2728,    0.2864,    0.3545,    0.3791,    0.3925,    0.4170,    0.4350,    0.4453,    0.4147,    0.3770,    0.3321,    0.3968,    0.5511,    0.5591,    0.9867,    1.0779,    1.1285,    1.1452,    1.1247,    1.2473,    1.1980,    1.2884,    1.1844,    1.3395,    1.2667,    1.3480,    2.9197,    2.8492,    2.9584,    3.0160,    3.0357,    2.9266,    3.0296,    3.1069,    3.1700,    2.9460,    2.9051,    3.0167,    7.6253,    7.2532,    7.1713,    6.9542,    6.4235,    6.0242,    5.2883,    4.8648,    4.6757,    4.0980,    3.1478,    2.9234,    2.2537,    2.1238,    1.6193,    1.5454,    1.0419,    0.7561,    0.6108,    0.2451,    0.2160,    0.1534,    0.0532,    0.0432
    2,    0.1000,  227.5722,    0.1786,  127.7856,  121.8878,   -5.4104,  -14.8858,  158.4330,  163.5827,  163.6723,  163.8293,  164.1029,  164.5732,  165.3648,  166.6602,  168.4872,  170.9519,  174.2721,  178.5564,  183.8814,  190.3071,  197.9049,  205.8548,  212.8059,  218.1105,  222.1140,  224.8330,  226.3589,  227.0949,  227.3721,  227.5098,  227.5598,    0.0600,    0.2273,    0.4808,    0.7958,    1.1507,    1.5272,    1.9096,    2.3847,    2.8622,    3.1895,    3.4860,    4.0081,    3.7296,    3.9018,    4.0011,    4.0439,    4.0172,    3.8986,    3.8763,    3.7793,    3.7485,    3.8584,    3.9239,    3.8428,    1.3262,    1.2982,    1.2637,    1.2314,    1.1812,    1.1382,    1.0085,    0.9964,    0.9501,    0.8308,    0.8203,    0.6617,    0.4215,    0.3575,    0.2956,    0.2845,    0.2650,    0.2233,    0.2574,    0.2601,    0.2773,    0.3127,    0.3718,    0.4369,    0.5446,    0.5931,    0.5042,    0.6365,    0.6270,    0.6272,    0.6313,    0.6856,    0.6923,    0.7016,    0.7017,    0.6946,    1.8659,    1.7880,    1.7255,    1.6592,    1.5868,    1.5160,    1.4290,    1.3594,    1.2935,    1.2263,    1.1520,    1.0934,    1.6289,    1.5184,    1.3820,    1.2490,    1.1442,    1.0509,    0.9539,    0.8651,    0.7739,    0.6982,    0.6259,    0.5630,    1.4043,    1.0268,    0.7425,    0.5210,    0.3717,    0.2617,    0.1820,    0.1202,    0.0802,    0.0530,    0.0353,    0.0256,    0.0919,    0.0481,    0.0804,    0.0925,    0.1038,    0.0965,    0.1057,    0.1172,    0.1031,    0.1419,    0.1255,    0.1378,    0.1521,    0.1239,    0.1802,    0.1999,    0.1654,    0.1894,    0.2066,    0.2244,    0.2345,    0.1622,    0.2613,    0.2758,    0.3389,    0.3622,    0.3749,    0.3986,    0.4045,    0.4233,    0.4275,    0.4785,    0.5135,    0.4952,    0.5215,    0.5311,    0.9033,    0.9865,    1.0349,    1.0684,    1.0903,    1.1826,    1.1106,    1.1741,    1.1413,    1.2022,    1.1401,    1.2217,    2.6320,    2.5947,    2.6552,    2.6808,    2.7076,    2.6008,    2.6920,    2.7606,    2.8167,    2.6191,    2.5814,    2.6806,    6.7761,    6.3940,    6.3221,    6.1309,    5.6633,    5.3116,    4.6631,    4.2901,    4.1237,    3.6146,    2.7769,    2.5793,    1.9889,    1.7886,    1.3640,    1.3022,    0.8782,    0.6375,    0.5152,    0.2069,    0.1824,    0.1296,    0.0449,    0.0366,    0.0106,    0.0402,    0.0850,    0.1407,    0.2034,    0.2700,    0.3376,    0.3040,    0.2478,    0.3117,    0.3690,    0.1588,    0.0695,    0.0644,    0.1026,    0.2621,    0.4670,    0.5666,    0.4904,    1.0533,    1.2207,    0.8848,    0.5969,    0.6217,    0.2101,    0.2545,    0.3063,    0.3857,    0.4969,    0.5941,    0.8834,    0.8919,    0.9642,    1.0943,    1.1351,    1.2554,    0.9697,    0.9641,    0.9572,    0.9473,    0.9378,    0.9287,    0.9178,    0.9074,    0.8966,    0.8844,    0.8684,    0.8436,    0.8143,    0.7073,    0.7570,    0.5485,    0.5503,    0.5305,    0.4721,    0.3159,    0.2543,    0.1846,    0.1467,    0.1328,    0.3231,    0.2924,    0.2361,    0.2028,    0.1861,    0.1853,    0.2186,    0.2109,    0.2111,    0.2073,    0.2222,    0.2066,    0.2934,    0.2224,    0.2201,    0.2303,    0.1993,    0.1553,    0.1410,    0.1270,    0.1269,    0.1165,    0.1126,    0.1029,    0.2189,    0.1419,    0.0891,    0.0681,    0.0425,    0.0277,    0.0189,    0.0186,    0.0151,    0.0125,    0.0094,    0.0043,    0.0175,    0.0000,    0.0455,    0.0858,    0.0970,    0.0887,    0.0996,    0.1155,    0.1028,    0.1416,    0.1252,    0.1365,    0.1498,    0.1216,    0.1756,    0.1918,    0.1523,    0.0985,    0.0118,    0.0263,    0.1284,    0.1538,    0.2428,    0.2549,    0.3155,    0.3374,    0.3492,    0.3711,    0.3946,    0.4038,    0.3761,    0.3419,    0.3012,    0.3599,    0.4998,    0.5071,    0.9010,    0.9843,    1.0306,    1.0458,    1.0271,    1.1391,    1.0941,    1.1900,    1.0939,    1.2372,    1.1699,    1.2451,    2.6967,    2.6316,    2.7324,    2.7962,    2.8145,    2.7133,    2.8089,    2.8805,    2.9390,    2.7314,    2.6934,    2.7969,    7.0696,    6.7140,    6.6382,    6.4372,    5.9460,    5.5764,    4.8951,    4.5032,    4.3282,    3.7933,    2.9138,    2.7061,    2.0862,    2.0157,    1.5369,    1.4668,    0.9889,    0.7176,    0.5797,    0.2327,    0.2050,    0.1456,    0.0505,    0.0410
    2,    0.1500,  227.5722,    0.1624,  122.7292,  124.2941,    2.0525,  -15.5932,  158.4330,  163.5827,  163.6723,  163.8293,  164.1029,  164.5732,  165.3648,  166.6602,  168.4872,  170.9519,  174.2721,  178.5564,  183.8814,  190.3071,  197.9049,  205.8548,  212.8059,  218.1105,  222.1140,  224.8330,  226.3589,  227.0949,  227.3721,  227.5098,  227.5598,    0.0558,    0.2114,    0.4472,    0.7402,    1.0703,    1.4205,    1.7762,    2.2571,    2.7525,    3.0536,    3.3268,    3.9331,    3.6958,    3.8704,    3.9517,    3.9672,    3.8993,    3.7165,    3.6703,    3.5662,    3.5351,    3.6835,    3.7911,    3.7162,    1.2806,    1.2488,    1.2104,    1.1807,    1.1302,    1.0911,    0.9692,    0.9574,    0.9153,    0.8089,    0.8003,    0.6530,    0.4181,    0.3556,    0.2948,    0.2838,    0.2644,    0.2230,    0.2569,    0.2595,    0.2763,    0.3108,    0.3678,    0.4298,    0.5313,    0.5751,    0.4924,    0.6155,    0.6064,    0.6085,    0.6113,    0.6609,    0.6653,    0.6731,    0.6725,    0.6654,    1.7858,    1.7096,    1.6489,    1.5869,    1.5174,    1.4502,    1.3604,    1.2938,    1.2311,    1.1669,    1.0924,    1.0364,    1.5448,    1.4470,    1.3165,    1.1872,    1.0880,    0.9982,    0.9053,    0.8205,    0.7295,    0.6578,    0.5906,    0.5309,    1.3264,    0.9752,    0.7042,    0.4908,    0.3517,    0.2481,    0.1724,    0.1123,    0.0743,    0.0491,    0.0326,    0.0236,    0.0923,    0.0481,    0.0819,    0.0950,    0.1067,    0.0991,    0.1087,    0.1202,    0.1057,    0.1455,    0.1287,    0.1415,    0.1561,    0.1272,    0.1848,    0.2050,    0.1698,    0.1917,    0.2066,    0.2247,    0.2379,    0.1667,    0.2690,    0.2838,    0.3489,    0.3729,    0.3860,    0.4104,    0.4154,    0.4344,    0.4375,    0.4868,    0.5204,    0.5040,    0.5352,    0.5451,    0.9265,    1.0118,    1.0613,    1.0951,    1.1161,    1.2115,    1.1386,    1.2011,    1.1656,    1.2304,    1.1668,    1.2500,    2.6935,    2.6545,    2.7175,    2.7382,    2.7653,    2.6565,    2.7497,    2.8199,    2.8771,    2.6752,    2.6367,    2.7381,    6.9216,    6.5073,    6.4341,    6.2396,    5.7639,    5.4061,    4.7462,    4.3667,    4.1976,    3.6795,    2.8269,    2.6260,    2.0250,    1.8073,    1.3784,    1.3161,    0.8877,    0.6445,    0.5210,    0.2092,    0.1845,    0.1311,    0.0455,    0.0370,    0.0148,    0.0561,    0.1186,    0.1963,    0.2838,    0.3767,    0.4710,    0.4316,    0.3575,    0.4476,    0.5283,    0.2337,    0.1033,    0.0958,    0.1520,    0.3849,    0.6759,    0.8081,    0.6966,    1.4593,    1.6722,    1.2416,    0.8437,    0.8417,    0.2876,    0.3403,    0.3955,    0.4667,    0.5719,    0.6589,    0.9231,    0.9270,    0.9916,    1.1085,    1.1447,    1.2560,    0.9697,    0.9641,    0.9572,    0.9473,    0.9378,    0.9287,    0.9178,    0.9074,    0.8966,    0.8844,    0.8685,    0.8442,    0.8193,    0.7204,    0.7646,    0.5703,    0.5710,    0.5480,    0.4929,    0.3460,    0.2862,    0.2202,    0.1839,    0.1702,    0.4231,    0.3851,    0.3274,    0.2860,    0.2659,    0.2650,    0.3115,    0.2987,    0.2971,    0.2882,    0.3038,    0.2840,    0.4063,    0.3163,    0.3042,    0.3097,    0.2713,    0.2222,    0.2018,    0.1819,    0.1808,    0.1648,    0.1538,    0.1396,    0.3062,    0.1968,    0.1284,    0.0978,    0.0614,    0.0401,    0.0274,    0.0252,    0.0198,    0.0155,    0.0114,    0.0058,    0.0153,    0.0000,    0.0396,    0.0767,    0.0868,    0.0793,    0.0890,    0.1055,    0.0939,    0.1293,    0.1143,    0.1243,    0.1364,    0.1108,    0.1600,    0.1747,    0.1372,    0.0887,    0.0106,    0.0237,    0.1156,    0.1385,    0.2160,    0.2268,    0.2807,    0.3002,    0.3108,    0.3302,    0.3578,    0.3663,    0.3411,    0.3101,    0.2732,    0.3264,    0.4533,    0.4599,    0.8229,    0.8989,    0.9412,    0.9550,    0.9380,    1.0403,    0.9991,    1.0991,    1.0104,    1.1427,    1.0806,    1.1500,    2.4907,    2.4306,    2.5237,    2.5924,    2.6094,    2.5156,    2.6042,    2.6706,    2.7248,    2.5323,    2.4971,    2.5931,    6.5544,    6.2153,    6.1451,    5.9590,    5.5043,    5.1622,    4.5316,    4.1687,    4.0067,    3.5116,    2.6974,    2.5051,    1.9312,    1.9134,    1.4589,    1.3924,    0.9387,    0.6812,    0.5503,    0.2209,    0.1947,    0.1382,    0.0479,    0.0389
    2,    0.2000,  227.5722,    0.1484,  118.1875,  126.3688,    8.6691,  -16.4046,  158.4330,  163.5827,  163.6723,  163.8293,  164.1029,  164.5732,  165.3648,  166.6602,  168.4872,  170.9519,  174.2721,  178.5564,  183.8814,  190.3071,  197.9049,  205.8548,  212.8059,  218.1105,  222.1140,  224.8330,  226.3589,  227.0949,  227.3721,  227.5098,  227.5598,    0.0521,    0.1976,    0.4180,    0.6919,    1.0005,    1.3278,    1.6602,    2.1425,    2.6510,    2.9288,    3.1815,    3.8610,    3.6626,    3.8394,    3.9035,    3.8946,    3.7919,    3.5553,    3.4850,    3.3899,    3.3591,    3.5321,    3.6711,    3.6012,    1.2393,    1.2046,    1.1632,    1.1357,    1.0852,    1.0494,    0.9342,    0.9227,    0.8841,    0.7888,    0.7818,    0.6446,    0.4148,    0.3538,    0.2940,    0.2831,    0.2639,    0.2228,    0.2564,    0.2588,    0.2753,    0.3089,    0.3640,    0.4231,    0.5189,    0.5586,    0.4815,    0.5962,    0.5875,    0.5911,    0.5930,    0.6383,    0.6408,    0.6472,    0.6461,    0.6390,    1.7133,    1.6386,    1.5795,    1.5212,    1.4543,    1.3905,    1.2987,    1.2347,    1.1749,    1.1132,    1.0389,    0.9851,    1.4690,    1.3819,    1.2569,    1.1310,    1.0366,    0.9501,    0.8609,    0.7797,    0.6892,    0.6211,    0.5586,    0.5018,    1.2552,    0.9276,    0.6689,    0.4631,    0.3333,    0.2355,    0.1634,    0.1051,    0.0690,    0.0455,    0.0302,    0.0218,    0.0926,    0.0481,    0.0831,    0.0971,    0.1090,    0.1013,    0.1112,    0.1227,    0.1080,    0.1486,    0.1314,    0.1445,    0.1594,    0.1299,    0.1887,    0.2092,    0.1733,    0.1935,    0.2066,    0.2249,    0.2407,    0.1703,    0.2752,    0.2903,    0.3570,    0.3816,    0.3949,    0.4199,    0.4245,    0.4436,    0.4458,    0.4937,    0.5261,    0.5114,    0.5467,    0.5567,    0.9461,    1.0332,    1.0837,    1.1176,    1.1379,    1.2359,    1.1623,    1.2244,    1.1865,    1.2548,    1.1897,    1.2744,    2.7464,    2.7060,    2.7713,    2.7881,    2.8154,    2.7049,    2.7998,    2.8713,    2.9296,    2.7240,    2.6848,    2.7880,    7.0478,    6.6053,    6.5312,    6.3338,    5.8511,    5.4880,    4.8182,    4.4331,    4.2616,    3.7358,    2.8703,    2.6664,    2.0564,    1.8244,    1.3916,    1.3288,    0.8964,    0.6509,    0.5263,    0.2114,    0.1865,    0.1325,    0.0460,    0.0375,    0.0184,    0.0699,    0.1478,    0.2446,    0.3537,    0.4694,    0.5870,    0.5462,    0.4591,    0.5724,    0.6736,    0.3059,    0.1365,    0.1268,    0.2002,    0.5025,    0.8703,    1.0270,    0.8819,    1.8048,    2.0459,    1.5536,    1.0699,    1.0445,    0.3589,    0.4181,    0.4757,    0.5396,    0.6389,    0.7167,    0.9583,    0.9582,    1.0161,    1.1214,    1.1535,    1.2566,    0.9698,    0.9642,    0.9572,    0.9473,    0.9378,    0.9287,    0.9178,    0.9074,    0.8966,    0.8844,    0.8686,    0.8448,    0.8239,    0.7321,    0.7714,    0.5901,    0.5898,    0.5641,    0.5120,    0.3737,    0.3154,    0.2528,    0.2181,    0.2045,    0.5147,    0.4701,    0.4109,    0.3623,    0.3391,    0.3381,    0.3958,    0.3785,    0.3750,    0.3615,    0.3771,    0.3536,    0.5080,    0.4019,    0.3809,    0.3819,    0.3368,    0.2832,    0.2573,    0.2319,    0.2295,    0.2084,    0.1911,    0.1730,    0.3857,    0.2475,    0.1646,    0.1252,    0.0789,    0.0516,    0.0353,    0.0313,    0.0242,    0.0183,    0.0132,    0.0072,    0.0133,    0.0000,    0.0345,    0.0686,    0.0776,    0.0709,    0.0796,    0.0963,    0.0857,    0.1181,    0.1044,    0.1132,    0.1242,    0.1009,    0.1457,    0.1591,    0.1235,    0.0799,    0.0096,    0.0214,    0.1041,    0.1248,    0.1923,    0.2018,    0.2498,    0.2672,    0.2766,    0.2939,    0.3246,    0.3322,    0.3094,    0.2813,    0.2478,    0.2961,    0.4111,    0.4171,    0.7515,    0.8209,    0.8595,    0.8722,    0.8566,    0.9500,    0.9124,    1.0152,    0.9332,    1.0554,    0.9981,    1.0622,    2.3005,    2.2450,    2.3310,    2.4036,    2.4193,    2.3324,    2.4145,    2.4760,    2.5263,    2.3478,    2.3152,    2.4042,    6.0769,    5.7540,    5.6891,    5.5168,    5.0959,    4.7791,    4.1953,    3.8594,    3.7094,    3.2511,    2.4973,    2.3193,    1.7880,    1.8164,    1.3850,    1.3219,    0.8912,    0.6467,    0.5225,    0.2097,    0.1848,    0.1312,    0.0455,    0.0370
    2,    0.3000,  227.5722,    0.1259,  110.3510,  129.7021,   19.8395,  -18.1601,  158.4330,  163.5827,  163.6723,  163.8293,  164.1029,  164.5732,  165.3648,  166.6602,  168.4872,  170.9519,  174.2721,  178.5564,  183.8814,  190.3071,  197.9049,  205.8548,  212.8059,  218.1105,  222.1140,  224.8330,  226.3589,  227.0949,  227.3721,  227.5098,  227.5598,    0.0461,    0.1748,    0.3698,    0.6120,    0.8849,    1.1745,    1.4685,    1.9450,    2.4688,    2.7076,    2.9259,    3.7243,    3.5979,    3.7790,    3.8106,    3.7608,    3.6038,    3.2837,    3.1655,    3.1162,    3.0855,    3.2835,    3.4630,    3.4002,    1.1673,    1.1287,    1.0835,    1.0595,    1.0097,    0.9788,    0.8750,    0.8634,    0.8304,    0.7532,    0.7486,    0.6290,    0.4084,    0.3502,    0.2924,    0.2818,    0.2629,    0.2224,    0.2553,    0.2576,    0.2734,    0.3053,    0.3567,    0.4106,    0.4965,    0.5293,    0.4619,    0.5622,    0.5542,    0.5601,    0.5603,    0.5986,    0.5979,    0.6021,    0.6000,    0.5932,    1.5872,    1.5151,    1.4588,    1.4064,    1.3440,    1.2862,    1.1924,    1.1329,    1.0776,    1.0203,    0.9468,    0.8969,    1.3382,    1.2681,    1.1523,    1.0325,    0.9462,    0.8656,    0.7828,    0.7082,    0.6194,    0.5575,    0.5026,    0.4509,    1.1301,    0.8429,    0.6061,    0.4142,    0.3003,    0.2129,    0.1474,    0.0925,    0.0598,    0.0394,    0.0260,    0.0186,    0.0931,    0.0481,    0.0847,    0.1002,    0.1125,    0.1044,    0.1147,    0.1265,    0.1114,    0.1534,    0.1356,    0.1492,    0.1646,    0.1341,    0.1947,    0.2158,    0.1787,    0.1963,    0.2066,    0.2251,    0.2449,    0.1758,    0.2841,    0.2997,    0.3686,    0.3940,    0.4079,    0.4336,    0.4384,    0.4577,    0.4586,    0.5042,    0.5347,    0.5225,    0.5642,    0.5744,    0.9765,    1.0664,    1.1184,    1.1527,    1.1718,    1.2738,    1.1990,    1.2618,    1.2201,    1.2938,    1.2266,    1.3136,    2.8314,    2.7886,    2.8576,    2.8689,    2.8966,    2.7834,    2.8811,    2.9546,    3.0146,    2.8030,    2.7628,    2.8690,    7.2525,    6.7637,    6.6879,    6.4861,    5.9919,    5.6203,    4.9346,    4.5404,    4.3651,    3.8268,    2.9405,    2.7319,    2.1072,    1.8541,    1.4145,    1.3510,    0.9116,    0.6621,    0.5355,    0.2152,    0.1899,    0.1350,    0.0469,    0.0382,    0.0245,    0.0927,    0.1961,    0.3245,    0.4693,    0.6228,    0.7788,    0.7438,    0.6413,    0.7938,    0.9292,    0.4426,    0.2012,    0.1872,    0.2931,    0.7238,    1.2210,    1.4084,    1.2015,    2.3544,    2.6164,    2.0678,    1.4684,    1.4050,    0.4853,    0.5537,    0.6132,    0.6647,    0.7526,    0.8151,    1.0177,    1.0113,    1.0579,    1.1438,    1.1688,    1.2577,    0.9698,    0.9642,    0.9572,    0.9473,    0.9378,    0.9287,    0.9178,    0.9074,    0.8966,    0.8845,    0.8687,    0.8458,    0.8318,    0.7522,    0.7834,    0.6245,    0.6224,    0.5927,    0.5460,    0.4227,    0.3672,    0.3105,    0.2785,    0.2651,    0.6766,    0.6203,    0.5586,    0.4978,    0.4689,    0.4678,    0.5422,    0.5171,    0.5102,    0.4886,    0.5029,    0.4730,    0.6831,    0.5519,    0.5154,    0.5076,    0.4512,    0.3896,    0.3540,    0.3192,    0.3134,    0.2835,    0.2558,    0.2308,    0.5249,    0.3377,    0.2291,    0.1735,    0.1102,    0.0724,    0.0495,    0.0421,    0.0319,    0.0233,    0.0165,    0.0095,    0.0101,    0.0000,    0.0263,    0.0549,    0.0621,    0.0567,    0.0637,    0.0803,    0.0715,    0.0985,    0.0871,    0.0939,    0.1030,    0.0837,    0.1208,    0.1319,    0.1002,    0.0648,    0.0078,    0.0173,    0.0844,    0.1012,    0.1523,    0.1599,    0.1979,    0.2116,    0.2191,    0.2328,    0.2670,    0.2733,    0.2545,    0.2314,    0.2039,    0.2436,    0.3382,    0.3432,    0.6268,    0.6847,    0.7169,    0.7274,    0.7145,    0.7924,    0.7610,    0.8661,    0.7962,    0.9004,    0.8515,    0.9062,    1.9627,    1.9153,    1.9887,    2.0663,    2.0798,    2.0051,    2.0757,    2.1286,    2.1718,    2.0184,    1.9903,    2.0668,    5.2243,    4.9332,    4.8775,    4.7299,    4.3690,    4.0974,    3.5969,    3.3090,    3.1804,    2.7874,    2.1412,    1.9886,    1.5331,    1.6376,    1.2486,    1.1918,    0.8035,    0.5831,    0.4711,    0.1891,    0.1667,    0.1183,    0.0410,    0.0334
    2,    0.4000,  227.5722,    0.1092,  103.8152,  132.1852,   28.8588,  -19.9042,  158.4330,  163.5827,  163.6723,  163.8293,  164.1029,  164.5732,  165.3648,  166.6602,  168.4872,  170.9519,  174.2721,  178.5564,  183.8814,  190.3071,  197.9049,  205.8548,  212.8059,  218.1105,  222.1140,  224.8330,  226.3589,  227.0949,  227.3721,  227.5098,  227.5598,    0.0413,    0.1567,    0.3315,    0.5487,    0.7933,    1.0529,    1.3165,    1.7809,    2.3100,    2.5174,    2.7084,    3.5969,    3.5355,    3.7205,    3.7220,    3.6404,    3.4452,    3.0651,    2.8997,    2.9136,    2.8818,    3.0875,    3.2891,    3.2309,    1.1069,    1.0661,    1.0188,    0.9974,    0.9487,    0.9215,    0.8266,    0.8147,    0.7859,    0.7226,    0.7197,    0.6146,    0.4024,    0.3468,    0.2909,    0.2806,    0.2619,    0.2220,    0.2542,    0.2564,    0.2715,    0.3019,    0.3499,    0.3993,    0.4768,    0.5042,    0.4447,    0.5332,    0.5256,    0.5332,    0.5322,    0.5647,    0.5617,    0.5641,    0.5614,    0.5547,    1.4817,    1.4116,    1.3577,    1.3096,    1.2509,    1.1982,    1.1042,    1.0484,    0.9964,    0.9429,    0.8705,    0.8238,    1.2294,    1.1718,    1.0639,    0.9493,    0.8696,    0.7940,    0.7167,    0.6475,    0.5611,    0.5043,    0.4556,    0.4082,    1.0242,    0.7699,    0.5520,    0.3726,    0.2718,    0.1932,    0.1334,    0.0819,    0.0522,    0.0343,    0.0225,    0.0161,    0.0933,    0.0481,    0.0856,    0.1022,    0.1148,    0.1065,    0.1171,    0.1293,    0.1139,    0.1568,    0.1386,    0.1526,    0.1682,    0.1370,    0.1990,    0.2204,    0.1823,    0.1981,    0.2065,    0.2253,    0.2477,    0.1795,    0.2899,    0.3058,    0.3762,    0.4021,    0.4162,    0.4425,    0.4481,    0.4675,    0.4674,    0.5115,    0.5406,    0.5303,    0.5763,    0.5867,    0.9981,    1.0901,    1.1432,    1.1776,    1.1959,    1.3008,    1.2252,    1.2895,    1.2450,    1.3228,    1.2540,    1.3427,    2.8945,    2.8500,    2.9216,    2.9298,    2.9578,    2.8425,    2.9423,    3.0173,    3.0787,    2.8625,    2.8215,    2.9300,    7.4067,    6.8825,    6.8055,    6.6002,    6.0975,    5.7195,    5.0219,    4.6210,    4.4428,    3.8952,    2.9933,    2.7812,    2.1455,    1.8787,    1.4335,    1.3694,    0.9242,    0.6715,    0.5432,    0.2184,    0.1928,    0.1371,    0.0476,    0.0388,    0.0292,    0.1108,    0.2344,    0.3879,    0.5609,    0.7444,    0.9308,    0.9080,    0.8001,    0.9840,    1.1469,    0.5700,    0.2636,    0.2457,    0.3817,    0.9278,    1.5275,    1.7295,    1.4674,    2.7631,    3.0173,    2.4668,    1.8061,    1.7141,    0.5933,    0.6669,    0.7258,    0.7671,    0.8446,    0.8947,    1.0655,    1.0545,    1.0919,    1.1624,    1.1816,    1.2587,    0.9699,    0.9642,    0.9572,    0.9473,    0.9378,    0.9287,    0.9178,    0.9074,    0.8966,    0.8845,    0.8689,    0.8468,    0.8383,    0.7686,    0.7935,    0.6531,    0.6496,    0.6173,    0.5750,    0.4645,    0.4115,    0.3599,    0.3301,    0.3169,    0.8150,    0.7488,    0.6848,    0.6141,    0.5804,    0.5792,    0.6646,    0.6329,    0.6227,    0.5944,    0.6061,    0.5710,    0.8274,    0.6782,    0.6287,    0.6125,    0.5470,    0.4788,    0.4351,    0.3924,    0.3825,    0.3455,    0.3096,    0.2789,    0.6418,    0.4151,    0.2845,    0.2146,    0.1373,    0.0905,    0.0620,    0.0513,    0.0383,    0.0274,    0.0192,    0.0116,    0.0077,    0.0000,    0.0200,    0.0439,    0.0497,    0.0454,    0.0509,    0.0670,    0.0596,    0.0822,    0.0726,    0.0779,    0.0855,    0.0694,    0.1002,    0.1094,    0.0813,    0.0526,    0.0063,    0.0141,    0.0685,    0.0821,    0.1206,    0.1267,    0.1568,    0.1677,    0.1736,    0.1844,    0.2197,    0.2249,    0.2094,    0.1905,    0.1678,    0.2005,    0.2783,    0.2824,    0.5228,    0.5712,    0.5980,    0.6068,    0.5960,    0.6610,    0.6349,    0.7390,    0.6794,    0.7683,    0.7265,    0.7732,    1.6747,    1.6343,    1.6969,    1.7767,    1.7883,    1.7241,    1.7848,    1.8303,    1.8674,    1.7355,    1.7114,    1.7772,    4.4921,    4.2314,    4.1836,    4.0570,    3.7475,    3.5146,    3.0853,    2.8383,    2.7281,    2.3910,    1.8367,    1.7058,    1.3151,    1.4769,    1.1262,    1.0749,    0.7248,    0.5260,    0.4250,    0.1706,    0.1504,    0.1068,    0.0370,    0.0301
    2,    0.5000,  227.5722,    0.0967,   98.2711,  134.0378,   36.2560,  -21.5089,  158.4330,  163.5827,  163.6723,  163.8293,  164.1029,  164.5732,  165.3648,  166.6602,  168.4872,  170.9519,  174.2721,  178.5564,  183.8814,  190.3071,  197.9049,  205.8548,  212.8059,  218.1105,  222.1140,  224.8330,  226.3589,  227.0949,  227.3721,  227.5098,  227.5598,    0.0375,    0.1420,    0.3004,    0.4972,    0.7189,    0.9542,    1.1931,    1.6423,    2.1705,    2.3522,    2.5209,    3.4780,    3.4753,    3.6638,    3.6374,    3.5318,    3.3100,    2.8867,    2.6750,    2.7571,    2.7233,    2.9289,    3.1418,    3.0864,    1.0555,    1.0135,    0.9654,    0.9458,    0.8984,    0.8740,    0.7863,    0.7740,    0.7483,    0.6960,    0.6942,    0.6014,    0.3968,    0.3436,    0.2894,    0.2793,    0.2609,    0.2216,    0.2532,    0.2552,    0.2697,    0.2987,    0.3436,    0.3890,    0.4594,    0.4823,    0.4295,    0.5081,    0.5009,    0.5096,    0.5077,    0.5355,    0.5307,    0.5319,    0.5286,    0.5220,    1.3922,    1.3238,    1.2719,    1.2270,    1.1715,    1.1232,    1.0300,    0.9772,    0.9278,    0.8773,    0.8065,    0.7624,    1.1377,    1.0895,    0.9882,    0.8783,    0.8040,    0.7327,    0.6603,    0.5957,    0.5119,    0.4595,    0.4158,    0.3721,    0.9341,    0.7067,    0.5051,    0.3371,    0.2472,    0.1760,    0.1213,    0.0729,    0.0458,    0.0301,    0.0197,    0.0140,    0.0934,    0.0480,    0.0862,    0.1035,    0.1163,    0.1079,    0.1186,    0.1313,    0.1156,    0.1592,    0.1408,    0.1549,    0.1708,    0.1391,    0.2020,    0.2236,    0.1848,    0.1993,    0.2064,    0.2253,    0.2496,    0.1820,    0.2937,    0.3097,    0.3810,    0.4073,    0.4216,    0.4482,    0.4548,    0.4743,    0.4735,    0.5165,    0.5447,    0.5356,    0.5847,    0.5952,    1.0136,    1.1069,    1.1608,    1.1953,    1.2130,    1.3200,    1.2438,    1.3101,    1.2635,    1.3444,    1.2744,    1.3643,    2.9414,    2.8956,    2.9692,    2.9756,    3.0039,    2.8870,    2.9884,    3.0646,    3.1269,    2.9073,    2.8657,    2.9759,    7.5229,    6.9715,    6.8936,    6.6858,    6.1767,    5.7940,    5.0875,    4.6816,    4.5012,    3.9466,    3.0330,    2.8184,    2.1743,    1.8992,    1.4493,    1.3848,    0.9347,    0.6793,    0.5497,    0.2210,    0.1952,    0.1389,    0.0483,    0.0394,    0.0331,    0.1255,    0.2655,    0.4394,    0.6354,    0.8433,    1.0544,    1.0467,    0.9397,    1.1493,    1.3344,    0.6890,    0.3239,    0.3024,    0.4663,    1.1166,    1.7967,    2.0033,    1.6922,    3.0708,    3.3030,    2.7790,    2.0935,    1.9804,    0.6862,    0.7619,    0.8187,    0.8517,    0.9198,    0.9599,    1.1043,    1.0900,    1.1199,    1.1781,    1.1925,    1.2595,    0.9700,    0.9642,    0.9572,    0.9473,    0.9378,    0.9287,    0.9178,    0.9074,    0.8966,    0.8845,    0.8690,    0.8476,    0.8438,    0.7821,    0.8019,    0.6770,    0.6724,    0.6385,    0.6000,    0.5005,    0.4496,    0.4024,    0.3745,    0.3615,    0.9343,    0.8599,    0.7939,    0.7151,    0.6772,    0.6756,    0.7678,    0.7306,    0.7170,    0.6832,    0.6914,    0.6520,    0.9473,    0.7853,    0.7249,    0.7008,    0.6278,    0.5541,    0.5035,    0.4541,    0.4398,    0.3969,    0.3546,    0.3192,    0.7406,    0.4820,    0.3325,    0.2498,    0.1610,    0.1064,    0.0729,    0.0592,    0.0438,    0.0310,    0.0216,    0.0133,    0.0059,    0.0000,    0.0152,    0.0351,    0.0397,    0.0363,    0.0408,    0.0559,    0.0498,    0.0685,    0.0606,    0.0646,    0.0709,    0.0576,    0.0832,    0.0908,    0.0660,    0.0427,    0.0051,    0.0114,    0.0556,    0.0666,    0.0956,    0.1004,    0.1243,    0.1329,    0.1376,    0.1462,    0.1808,    0.1851,    0.1724,    0.1568,    0.1381,    0.1650,    0.2291,    0.2324,    0.4363,    0.4766,    0.4990,    0.5063,    0.4973,    0.5515,    0.5297,    0.6307,    0.5798,    0.6557,    0.6200,    0.6599,    1.4292,    1.3947,    1.4481,    1.5280,    1.5380,    1.4828,    1.5350,    1.5741,    1.6061,    1.4926,    1.4719,    1.5284,    3.8634,    3.6313,    3.5903,    3.4817,    3.2161,    3.0162,    2.6478,    2.4359,    2.3413,    2.0521,    1.5763,    1.4640,    1.1287,    1.3326,    1.0161,    0.9700,    0.6540,    0.4747,    0.3836,    0.1540,    0.1357,    0.0964,    0.0334,    0.0272
    2,    0.7500,  227.5722,    0.0776,   87.4729,  136.8757,   49.8933,  -24.6045,  158.4330,  163.5827,  163.6723,  163.8293,  164.1029,  164.5732,  165.3648,  166.6602,  168.4872,  170.9519,  174.2721,  178.5564,  183.8814,  190.3071,  197.9049,  205.8548,  212.8059,  218.1105,  222.1140,  224.8330,  226.3589,  227.0949,  227.3721,  227.5098,  227.5598,    0.0303,    0.1151,    0.2434,    0.4028,    0.5824,    0.7730,    0.9665,    1.3749,    1.8857,    2.0207,    2.1492,    3.2125,    3.3332,    3.5293,    3.4419,    3.3026,    3.0472,    2.5613,    2.2411,    2.4833,    2.4447,    2.6369,    2.8556,    2.8035,    0.9555,    0.9128,    0.8648,    0.8483,    0.8041,    0.7842,    0.7096,    0.6964,    0.6758,    0.6425,    0.6421,    0.5723,    0.3839,    0.3360,    0.2859,    0.2763,    0.2586,    0.2206,    0.2508,    0.2523,    0.2655,    0.2911,    0.3295,    0.3669,    0.4236,    0.4385,    0.3980,    0.4580,    0.4516,    0.4617,    0.4583,    0.4777,    0.4700,    0.4690,    0.4650,    0.4586,    1.2190,    1.1538,    1.1061,    1.0661,    1.0166,    0.9771,    0.8874,    0.8404,    0.7956,    0.7509,    0.6843,    0.6454,    0.9620,    0.9286,    0.8402,    0.7402,    0.6759,    0.6134,    0.5504,    0.4950,    0.4185,    0.3744,    0.3395,    0.3029,    0.7599,    0.5815,    0.4125,    0.2683,    0.1985,    0.1418,    0.0971,    0.0558,    0.0341,    0.0223,    0.0144,    0.0101,    0.0934,    0.0480,    0.0867,    0.1052,    0.1182,    0.1096,    0.1206,    0.1340,    0.1181,    0.1626,    0.1438,    0.1582,    0.1744,    0.1420,    0.2061,    0.2281,    0.1880,    0.2008,    0.2061,    0.2252,    0.2520,    0.1853,    0.2982,    0.3145,    0.3870,    0.4137,    0.4282,    0.4552,    0.4639,    0.4835,    0.4818,    0.5231,    0.5500,    0.5427,    0.5961,    0.6068,    1.0354,    1.1308,    1.1857,    1.2204,    1.2372,    1.3471,    1.2701,    1.3413,    1.2914,    1.3770,    1.3052,    1.3970,    3.0124,    2.9646,    3.0413,    3.0467,    3.0753,    2.9560,    3.0598,    3.1379,    3.2017,    2.9768,    2.9343,    3.0472,    7.7031,    7.1086,    7.0294,    6.8178,    6.2989,    5.9090,    5.1888,    4.7751,    4.5916,    4.0263,    3.0946,    2.8760,    2.2192,    1.9363,    1.4781,    1.4127,    0.9540,    0.6936,    0.5615,    0.2259,    0.1997,    0.1422,    0.0495,    0.0404,    0.0402,    0.1525,    0.3226,    0.5339,    0.7720,    1.0246,    1.2811,    1.3143,    1.2246,    1.4809,    1.7063,    0.9545,    0.4659,    0.4370,    0.6619,    1.5307,    2.3398,    2.5360,    2.1264,    3.5588,    3.7212,    3.3023,    2.6439,    2.5006,    0.8669,    0.9400,    0.9883,    1.0064,    1.0548,    1.0772,    1.1737,    1.1548,    1.1713,    1.2078,    1.2132,    1.2614,    0.9702,    0.9643,    0.9572,    0.9473,    0.9378,    0.9287,    0.9178,    0.9074,    0.8966,    0.8846,    0.8693,    0.8492,    0.8541,    0.8067,    0.8179,    0.7219,    0.7151,    0.6802,    0.6490,    0.5706,    0.5249,    0.4860,    0.4619,    0.4492,    1.1699,    1.0804,    1.0104,    0.9173,    0.8709,    0.8676,    0.9633,    0.9158,    0.8939,    0.8500,    0.8479,    0.8009,    1.1692,    0.9901,    0.9090,    0.8673,    0.7806,    0.6967,    0.6329,    0.5713,    0.5459,    0.4923,    0.4389,    0.3949,    0.9288,    0.6137,    0.4273,    0.3183,    0.2081,    0.1386,    0.0951,    0.0748,    0.0544,    0.0378,    0.0261,    0.0166,    0.0030,    0.0000,    0.0077,    0.0202,    0.0228,    0.0209,    0.0234,    0.0356,    0.0317,    0.0436,    0.0386,    0.0406,    0.0445,    0.0362,    0.0522,    0.0570,    0.0392,    0.0254,    0.0031,    0.0068,    0.0330,    0.0396,    0.0536,    0.0562,    0.0696,    0.0745,    0.0771,    0.0819,    0.1113,    0.1139,    0.1061,    0.0965,    0.0851,    0.1016,    0.1409,    0.1430,    0.2778,    0.3034,    0.3177,    0.3224,    0.3167,    0.3512,    0.3373,    0.4247,    0.3905,    0.4416,    0.4176,    0.4444,    0.9625,    0.9393,    0.9753,    1.0495,    1.0563,    1.0184,    1.0542,    1.0811,    1.1030,    1.0251,    1.0109,    1.0497,    2.6534,    2.4837,    2.4557,    2.3814,    2.1997,    2.0631,    1.8111,    1.6662,    1.6015,    1.4037,    1.0783,    1.0016,    0.7722,    1.0324,    0.7873,    0.7516,    0.5069,    0.3679,    0.2973,    0.1194,    0.1052,    0.0747,    0.0259,    0.0211
    2,    1.0000,  227.5722,    0.0682,   79.5868,  138.2614,   59.1662,  -26.3731,  158.4330,  163.5827,  163.6723,  163.8293,  164.1029,  164.5732,  165.3648,  166.6602,  168.4872,  170.9519,  174.2721,  178.5564,  183.8814,  190.3071,  197.9049,  205.8548,  212.8059,  218.1105,  222.1140,  224.8330,  226.3589,  227.0949,  227.3721,  227.5098,  227.5598,    0.0255,    0.0967,    0.2046,    0.3386,    0.4896,    0.6497,    0.8124,    1.1824,    1.6670,    1.7711,    1.8730,    2.9846,    3.2023,    3.4043,    3.2663,    3.1204,    2.8571,    2.3450,    1.9284,    2.3024,    2.2618,    2.4357,    2.6471,    2.5960,    0.8826,    0.8405,    0.7939,    0.7791,    0.7379,    0.7206,    0.6550,    0.6409,    0.6234,    0.6017,    0.6017,    0.5480,    0.3725,    0.3291,    0.2826,    0.2735,    0.2563,    0.2196,    0.2485,    0.2496,    0.2615,    0.2844,    0.3175,    0.3486,    0.3957,    0.4055,    0.3735,    0.4205,    0.4145,    0.4252,    0.4209,    0.4348,    0.4256,    0.4234,    0.4189,    0.4128,    1.0942,    1.0317,    0.9871,    0.9495,    0.9045,    0.8710,    0.7856,    0.7427,    0.7009,    0.6604,    0.5981,    0.5629,    0.8377,    0.8118,    0.7328,    0.6411,    0.5838,    0.5276,    0.4717,    0.4230,    0.3535,    0.3153,    0.2861,    0.2545,    0.6368,    0.4900,    0.3450,    0.2198,    0.1633,    0.1168,    0.0794,    0.0441,    0.0264,    0.0171,    0.0110,    0.0076,    0.0934,    0.0479,    0.0869,    0.1057,    0.1189,    0.1102,    0.1213,    0.1352,    0.1192,    0.1641,    0.1451,    0.1595,    0.1759,    0.1432,    0.2079,    0.2300,    0.1892,    0.2013,    0.2058,    0.2249,    0.2528,    0.1865,    0.2998,    0.3161,    0.3890,    0.4158,    0.4304,    0.4575,    0.4675,    0.4872,    0.4851,    0.5257,    0.5520,    0.5455,    0.6007,    0.6114,    1.0447,    1.1410,    1.1964,    1.2311,    1.2475,    1.3587,    1.2814,    1.3561,    1.3046,    1.3925,    1.3198,    1.4125,    3.0462,    2.9974,    3.0756,    3.0818,    3.1105,    2.9901,    3.0951,    3.1741,    3.2386,    3.0111,    2.9682,    3.0823,    7.7921,    7.1757,    7.0959,    6.8824,    6.3588,    5.9654,    5.2386,    4.8212,    4.6362,    4.0657,    3.1252,    2.9047,    2.2417,    1.9597,    1.4963,    1.4305,    0.9663,    0.7028,    0.5692,    0.2291,    0.2026,    0.1443,    0.0502,    0.0410,    0.0451,    0.1709,    0.3614,    0.5982,    0.8650,    1.1480,    1.4354,    1.5069,    1.4434,    1.7306,    1.9826,    1.1825,    0.5969,    0.5620,    0.8375,    1.8766,    2.7429,    2.9187,    2.4394,    3.8193,    3.9240,    3.6028,    3.0231,    2.8696,    0.9945,    1.0594,    1.0980,    1.1067,    1.1406,    1.1519,    1.2179,    1.1972,    1.2052,    1.2281,    1.2276,    1.2628,    0.9704,    0.9643,    0.9572,    0.9473,    0.9379,    0.9287,    0.9178,    0.9075,    0.8966,    0.8846,    0.8696,    0.8505,    0.8612,    0.8228,    0.8289,    0.7521,    0.7439,    0.7102,    0.6840,    0.6205,    0.5794,    0.5465,    0.5251,    0.5126,    1.3415,    1.2429,    1.1700,    1.0683,    1.0156,    1.0092,    1.0975,    1.0432,    1.0136,    0.9629,    0.9508,    0.8989,    1.3166,    1.1322,    1.0370,    0.9806,    0.8851,    0.7944,    0.7215,    0.6517,    0.6163,    0.5559,    0.4959,    0.4462,    1.0588,    0.7089,    0.4962,    0.3670,    0.2427,    0.1626,    0.1117,    0.0860,    0.0619,    0.0427,    0.0294,    0.0190,    0.0015,    0.0000,    0.0039,    0.0116,    0.0131,    0.0120,    0.0135,    0.0227,    0.0202,    0.0278,    0.0246,    0.0255,    0.0280,    0.0227,    0.0328,    0.0359,    0.0233,    0.0151,    0.0018,    0.0041,    0.0197,    0.0235,    0.0301,    0.0316,    0.0391,    0.0418,    0.0433,    0.0460,    0.0686,    0.0702,    0.0654,    0.0595,    0.0525,    0.0627,    0.0869,    0.0882,    0.1772,    0.1936,    0.2027,    0.2057,    0.2020,    0.2241,    0.2152,    0.2865,    0.2634,    0.2979,    0.2817,    0.2998,    0.6493,    0.6336,    0.6579,    0.7222,    0.7269,    0.7008,    0.7255,    0.7440,    0.7591,    0.7055,    0.6957,    0.7224,    1.8260,    1.7051,    1.6859,    1.6349,    1.5102,    1.4164,    1.2435,    1.1440,    1.0996,    0.9639,    0.7405,    0.6878,    0.5303,    0.8020,    0.6117,    0.5840,    0.3938,    0.2859,    0.2311,    0.0928,    0.0818,    0.0581,    0.0202,    0.0164
    2,    1.2500,  227.5722,    0.0636,   73.5515,  138.9471,   65.8885,  -27.0843,  158.4330,  163.5827,  163.6723,  163.8293,  164.1029,  164.5732,  165.3648,  166.6602,  168.4872,  170.9519,  174.2721,  178.5564,  183.8814,  190.3071,  197.9049,  205.8548,  212.8059,  218.1105,  222.1140,  224.8330,  226.3589,  227.0949,  227.3721,  227.5098,  227.5598,    0.0220,    0.0834,    0.1765,    0.2921,    0.4223,    0.5604,    0.7008,    1.0373,    1.4938,    1.5765,    1.6598,    2.7870,    3.0813,    3.2878,    3.1078,    2.9730,    2.7129,    2.1924,    1.6924,    2.1719,    2.1315,    2.2876,    2.4874,    2.4363,    0.8266,    0.7857,    0.7409,    0.7272,    0.6885,    0.6729,    0.6137,    0.5990,    0.5835,    0.5696,    0.5695,    0.5272,    0.3624,    0.3228,    0.2794,    0.2708,    0.2542,    0.2187,    0.2463,    0.2471,    0.2579,    0.2783,    0.3071,    0.3334,    0.3734,    0.3797,    0.3537,    0.3915,    0.3857,    0.3962,    0.3915,    0.4015,    0.3916,    0.3886,    0.3840,    0.3780,    1.0001,    0.9398,    0.8976,    0.8616,    0.8198,    0.7906,    0.7092,    0.6694,    0.6300,    0.5927,    0.5345,    0.5021,    0.7459,    0.7239,    0.6519,    0.5673,    0.5152,    0.4640,    0.4134,    0.3697,    0.3066,    0.2727,    0.2474,    0.2194,    0.5470,    0.4216,    0.2947,    0.1846,    0.1373,    0.0981,    0.0663,    0.0358,    0.0211,    0.0136,    0.0087,    0.0059,    0.0933,    0.0479,    0.0869,    0.1060,    0.1191,    0.1104,    0.1215,    0.1357,    0.1196,    0.1647,    0.1457,    0.1601,    0.1765,    0.1437,    0.2086,    0.2308,    0.1896,    0.2014,    0.2055,    0.2247,    0.2530,    0.1870,    0.3003,    0.3166,    0.3896,    0.4165,    0.4311,    0.4583,    0.4690,    0.4887,    0.4864,    0.5267,    0.5527,    0.5465,    0.6026,    0.6133,    1.0487,    1.1454,    1.2010,    1.2357,    1.2519,    1.3637,    1.2862,    1.3632,    1.3108,    1.3999,    1.3268,    1.4199,    3.0623,    3.0130,    3.0920,    3.0991,    3.1279,    3.0069,    3.1125,    3.1920,    3.2569,    3.0281,    2.9849,    3.0997,    7.8361,    7.2086,    7.1286,    6.9142,    6.3884,    5.9933,    5.2633,    4.8441,    4.6584,    4.0854,    3.1405,    2.9192,    2.2531,    1.9746,    1.5079,    1.4419,    0.9742,    0.7087,    0.5742,    0.2312,    0.2045,    0.1458,    0.0508,    0.0415,    0.0486,    0.1842,    0.3896,    0.6448,    0.9324,    1.2375,    1.5473,    1.6522,    1.6167,    1.9254,    2.1960,    1.3802,    0.7179,    0.6785,    0.9961,    2.1682,    3.0463,    3.2015,    2.6757,    3.9670,    4.0328,    3.7831,    3.2890,    3.1358,    1.0862,    1.1413,    1.1710,    1.1735,    1.1968,    1.2011,    1.2470,    1.2261,    1.2283,    1.2425,    1.2379,    1.2641,    0.9705,    0.9644,    0.9572,    0.9473,    0.9379,    0.9287,    0.9178,    0.9075,    0.8967,    0.8847,    0.8699,    0.8515,    0.8663,    0.8339,    0.8366,    0.7730,    0.7640,    0.7322,    0.7097,    0.6569,    0.6198,    0.5913,    0.5719,    0.5596,    1.4699,    1.3663,    1.2911,    1.1846,    1.1270,    1.1166,    1.1924,    1.1333,    1.0971,    1.0418,    1.0209,    0.9657,    1.4179,    1.2335,    1.1285,    1.0601,    0.9587,    0.8633,    0.7840,    0.7085,    0.6649,    0.5998,    0.5359,    0.4822,    1.1515,    0.7795,    0.5476,    0.4027,    0.2687,    0.1810,    0.1245,    0.0943,    0.0673,    0.0463,    0.0318,    0.0208,    0.0008,    0.0000,    0.0020,    0.0067,    0.0076,    0.0069,    0.0078,    0.0145,    0.0129,    0.0178,    0.0157,    0.0161,    0.0176,    0.0143,    0.0207,    0.0226,    0.0139,    0.0090,    0.0011,    0.0024,    0.0117,    0.0140,    0.0170,    0.0178,    0.0220,    0.0236,    0.0244,    0.0259,    0.0424,    0.0434,    0.0404,    0.0368,    0.0325,    0.0387,    0.0537,    0.0545,    0.1133,    0.1238,    0.1296,    0.1315,    0.1292,    0.1433,    0.1376,    0.1936,    0.1780,    0.2013,    0.1904,    0.2026,    0.4388,    0.4282,    0.4446,    0.4981,    0.5014,    0.4833,    0.5004,    0.5131,    0.5236,    0.4866,    0.4798,    0.4982,    1.2594,    1.1751,    1.1618,    1.1267,    1.0408,    0.9762,    0.8570,    0.7884,    0.7579,    0.6643,    0.5104,    0.4741,    0.3655,    0.6246,    0.4764,    0.4549,    0.3068,    0.2228,    0.1801,    0.0723,    0.0638,    0.0453,    0.0157,    0.0128
    2,    1.5000,  227.5722,    0.0613,   68.7675,  139.2918,   71.0184,  -27.0559,  158.4330,  163.5827,  163.6723,  163.8293,  164.1029,  164.5732,  165.3648,  166.6602,  168.4872,  170.9519,  174.2721,  178.5564,  183.8814,  190.3071,  197.9049,  205.8548,  212.8059,  218.1105,  222.1140,  224.8330,  226.3589,  227.0949,  227.3721,  227.5098,  227.5598,    0.0193,    0.0734,    0.1552,    0.2568,    0.3713,    0.4928,    0.6162,    0.9239,    1.3533,    1.4204,    1.4902,    2.6139,    2.9691,    3.1791,    2.9640,    2.8518,    2.5991,    2.0791,    1.5079,    2.0724,    2.0336,    2.1736,    2.3605,    2.3089,    0.7822,    0.7424,    0.6994,    0.6866,    0.6499,    0.6356,    0.5812,    0.5660,    0.5520,    0.5434,    0.5430,    0.5092,    0.3533,    0.3170,    0.2765,    0.2683,    0.2522,    0.2178,    0.2442,    0.2447,    0.2545,    0.2728,    0.2980,    0.3205,    0.3551,    0.3589,    0.3374,    0.3682,    0.3627,    0.3727,    0.3677,    0.3749,    0.3647,    0.3613,    0.3565,    0.3507,    0.9263,    0.8682,    0.8278,    0.7930,    0.7537,    0.7275,    0.6499,    0.6125,    0.5753,    0.5405,    0.4860,    0.4558,    0.6758,    0.6557,    0.5892,    0.5108,    0.4626,    0.4154,    0.3691,    0.3292,    0.2717,    0.2411,    0.2184,    0.1933,    0.4797,    0.3692,    0.2563,    0.1585,    0.1176,    0.0838,    0.0563,    0.0298,    0.0173,    0.0111,    0.0070,    0.0047,    0.0932,    0.0479,    0.0869,    0.1060,    0.1192,    0.1105,    0.1216,    0.1359,    0.1198,    0.1650,    0.1459,    0.1603,    0.1767,    0.1439,    0.2089,    0.2311,    0.1898,    0.2014,    0.2053,    0.2245,    0.2530,    0.1872,    0.3005,    0.3168,    0.3899,    0.4168,    0.4314,    0.4586,    0.4696,    0.4893,    0.4869,    0.5270,    0.5529,    0.5469,    0.6033,    0.6140,    1.0504,    1.1473,    1.2030,    1.2377,    1.2538,    1.3658,    1.2883,    1.3665,    1.3138,    1.4035,    1.3301,    1.4235,    3.0700,    3.0204,    3.0998,    3.1077,    3.1365,    3.0153,    3.1212,    3.2008,    3.2659,    3.0365,    2.9932,    3.1084,    7.8580,    7.2249,    7.1447,    6.9300,    6.4031,    6.0072,    5.2756,    4.8557,    4.6697,    4.0955,    3.1484,    2.9267,    2.2590,    1.9841,    1.5154,    1.4493,    0.9794,    0.7126,    0.5775,    0.2326,    0.2058,    0.1467,    0.0511,    0.0418,    0.0512,    0.1943,    0.4110,    0.6802,    0.9835,    1.3053,    1.6321,    1.7657,    1.7574,    2.0816,    2.3658,    1.5533,    0.8301,    0.7872,    1.1399,    2.4155,    3.2769,    3.4148,    2.8604,    4.0562,    4.0974,    3.8967,    3.4788,    3.3306,    1.1532,    1.1986,    1.2208,    1.2193,    1.2349,    1.2346,    1.2670,    1.2463,    1.2447,    1.2530,    1.2456,    1.2651,    0.9707,    0.9644,    0.9572,    0.9473,    0.9379,    0.9287,    0.9178,    0.9075,    0.8967,    0.8847,    0.8701,    0.8524,    0.8701,    0.8417,    0.8423,    0.7880,    0.7783,    0.7488,    0.7288,    0.6839,    0.6504,    0.6252,    0.6073,    0.5951,    1.5677,    1.4618,    1.3850,    1.2761,    1.2147,    1.1997,    1.2611,    1.1988,    1.1569,    1.0985,    1.0702,    1.0129,    1.4898,    1.3076,    1.1956,    1.1176,    1.0121,    0.9133,    0.8294,    0.7499,    0.6996,    0.6313,    0.5648,    0.5083,    1.2196,    0.8330,    0.5869,    0.4295,    0.2887,    0.1954,    0.1345,    0.1006,    0.0714,    0.0490,    0.0336,    0.0222,    0.0004,    0.0000,    0.0010,    0.0039,    0.0044,    0.0040,    0.0045,    0.0093,    0.0083,    0.0114,    0.0101,    0.0101,    0.0111,    0.0090,    0.0131,    0.0143,    0.0083,    0.0054,    0.0007,    0.0015,    0.0070,    0.0084,    0.0096,    0.0101,    0.0125,    0.0133,    0.0138,    0.0147,    0.0263,    0.0269,    0.0250,    0.0228,    0.0201,    0.0240,    0.0333,    0.0337,    0.0726,    0.0793,    0.0830,    0.0843,    0.0828,    0.0918,    0.0882,    0.1311,    0.1206,    0.1363,    0.1289,    0.1372,    0.2971,    0.2899,    0.3010,    0.3443,    0.3466,    0.3341,    0.3459,    0.3547,    0.3619,    0.3363,    0.3317,    0.3444,    0.8706,    0.8127,    0.8035,    0.7793,    0.7198,    0.6752,    0.5927,    0.5453,    0.5242,    0.4595,    0.3530,    0.3279,    0.2529,    0.4877,    0.3720,    0.3552,    0.2396,    0.1740,    0.1406,    0.0565,    0.0498,    0.0354,    0.0123,    0.0100
    2,    1.7500,  227.5722,    0.0601,   64.8697,  139.4683,   75.0938,  -26.5495,  158.4330,  163.5827,  163.6723,  163.8293,  164.1029,  164.5732,  165.3648,  166.6602,  168.4872,  170.9519,  174.2721,  178.5564,  183.8814,  190.3071,  197.9049,  205.8548,  212.8059,  218.1105,  222.1140,  224.8330,  226.3589,  227.0949,  227.3721,  227.5098,  227.5598,    0.0173,    0.0655,    0.1385,    0.2292,    0.3314,    0.4398,    0.5499,    0.8329,    1.2369,    1.2925,    1.3521,    2.4611,    2.8648,    3.0773,    2.8329,    2.7506,    2.5062,    1.9912,    1.3598,    1.9937,    1.9567,    2.0828,    2.2567,    2.2045,    0.7458,    0.7074,    0.6661,    0.6538,    0.6190,    0.6055,    0.5549,    0.5394,    0.5263,    0.5217,    0.5208,    0.4935,    0.3452,    0.3117,    0.2738,    0.2659,    0.2503,    0.2169,    0.2422,    0.2424,    0.2513,    0.2678,    0.2899,    0.3093,    0.3398,    0.3419,    0.3236,    0.3491,    0.3438,    0.3533,    0.3481,    0.3532,    0.3428,    0.3390,    0.3342,    0.3286,    0.8668,    0.8106,    0.7718,    0.7379,    0.7006,    0.6765,    0.6026,    0.5672,    0.5319,    0.4990,    0.4479,    0.4195,    0.6209,    0.6015,    0.5395,    0.4664,    0.4215,    0.3774,    0.3345,    0.2977,    0.2449,    0.2168,    0.1961,    0.1732,    0.4280,    0.3283,    0.2264,    0.1386,    0.1025,    0.0728,    0.0486,    0.0254,    0.0146,    0.0094,    0.0059,    0.0039,    0.0932,    0.0479,    0.0869,    0.1060,    0.1192,    0.1105,    0.1216,    0.1360,    0.1199,    0.1651,    0.1460,    0.1604,    0.1768,    0.1440,    0.2090,    0.2312,    0.1898,    0.2014,    0.2052,    0.2244,    0.2530,    0.1872,    0.3005,    0.3168,    0.3899,    0.4168,    0.4315,    0.4587,    0.4698,    0.4895,    0.4871,    0.5271,    0.5529,    0.5470,    0.6036,    0.6143,    1.0512,    1.1481,    1.2038,    1.2385,    1.2545,    1.3667,    1.2892,    1.3681,    1.3152,    1.4052,    1.3317,    1.4252,    3.0736,    3.0240,    3.1035,    3.1120,    3.1408,    3.0194,    3.1254,    3.2053,    3.2704,    3.0407,    2.9974,    3.1127,    7.8689,    7.2330,    7.1528,    6.9380,    6.4105,    6.0143,    5.2819,    4.8615,    4.6755,    4.1007,    3.1525,    2.9306,    2.2622,    1.9903,    1.5203,    1.4541,    0.9828,    0.7152,    0.5797,    0.2335,    0.2067,    0.1474,    0.0514,    0.0420,    0.0533,    0.2022,    0.4277,    0.7079,    1.0236,    1.3585,    1.6986,    1.8569,    1.8739,    2.2097,    2.5040,    1.7062,    0.9344,    0.8890,    1.2711,    2.6265,    3.4538,    3.5779,    3.0088,    4.1136,    4.1394,    3.9717,    3.6166,    3.4752,    1.2028,    1.2396,    1.2558,    1.2516,    1.2615,    1.2582,    1.2812,    1.2610,    1.2567,    1.2608,    1.2514,    1.2660,    0.9708,    0.9645,    0.9572,    0.9473,    0.9379,    0.9287,    0.9178,    0.9075,    0.8967,    0.8848,    0.8703,    0.8531,    0.8731,    0.8476,    0.8466,    0.7991,    0.7890,    0.7615,    0.7434,    0.7044,    0.6739,    0.6512,    0.6345,    0.6224,    1.6435,    1.5370,    1.4589,    1.3493,    1.2848,    1.2650,    1.3122,    1.2474,    1.2009,    1.1403,    1.1060,    1.0472,    1.5424,    1.3631,    1.2461,    1.1603,    1.0518,    0.9507,    0.8633,    0.7809,    0.7252,    0.6546,    0.5863,    0.5278,    1.2710,    0.8745,    0.6175,    0.4501,    0.3044,    0.2068,    0.1425,    0.1055,    0.0746,    0.0512,    0.0350,    0.0232,    0.0002,    0.0000,    0.0005,    0.0023,    0.0026,    0.0023,    0.0026,    0.0060,    0.0053,    0.0073,    0.0065,    0.0064,    0.0071,    0.0057,    0.0083,    0.0090,    0.0050,    0.0032,    0.0004,    0.0009,    0.0042,    0.0050,    0.0054,    0.0057,    0.0071,    0.0076,    0.0078,    0.0083,    0.0163,    0.0167,    0.0155,    0.0142,    0.0125,    0.0149,    0.0206,    0.0210,    0.0466,    0.0509,    0.0533,    0.0541,    0.0532,    0.0590,    0.0566,    0.0889,    0.0818,    0.0925,    0.0874,    0.0930,    0.2015,    0.1967,    0.2042,    0.2386,    0.2401,    0.2315,    0.2396,    0.2458,    0.2507,    0.2330,    0.2298,    0.2386,    0.6032,    0.5640,    0.5576,    0.5408,    0.4995,    0.4685,    0.4113,    0.3785,    0.3638,    0.3189,    0.2450,    0.2276,    0.1755,    0.3816,    0.2911,    0.2779,    0.1875,    0.1362,    0.1101,    0.0442,    0.0390,    0.0277,    0.0096,    0.0078
    2,    2.0000,  227.5722,    0.0595,   61.6232,  139.5610,   78.4342,  -25.7565,  158.4330,  163.5827,  163.6723,  163.8293,  164.1029,  164.5732,  165.3648,  166.6602,  168.4872,  170.9519,  174.2721,  178.5564,  183.8814,  190.3071,  197.9049,  205.8548,  212.8059,  218.1105,  222.1140,  224.8330,  226.3589,  227.0949,  227.3721,  227.5098,  227.5598,    0.0156,    0.0591,    0.1251,    0.2070,    0.2992,    0.3971,    0.4965,    0.7583,    1.1390,    1.1858,    1.2375,    2.3251,    2.7676,    2.9819,    2.7129,    2.6649,    2.4286,    1.9204,    1.2382,    1.9296,    1.8945,    2.0087,    2.1701,    2.1171,    0.7155,    0.6783,    0.6385,    0.6268,    0.5934,    0.5807,    0.5331,    0.5173,    0.5050,    0.5032,    0.5019,    0.4797,    0.3378,    0.3067,    0.2712,    0.2636,    0.2484,    0.2161,    0.2403,    0.2403,    0.2483,    0.2632,    0.2827,    0.2996,    0.3268,    0.3276,    0.3119,    0.3333,    0.3280,    0.3369,    0.3316,    0.3351,    0.3245,    0.3206,    0.3158,    0.3103,    0.8176,    0.7632,    0.7258,    0.6927,    0.6570,    0.6344,    0.5641,    0.5303,    0.4967,    0.4654,    0.4174,    0.3903,    0.5768,    0.5577,    0.4993,    0.4308,    0.3885,    0.3470,    0.3070,    0.2727,    0.2238,    0.1978,    0.1786,    0.1574,    0.3873,    0.2957,    0.2026,    0.1231,    0.0907,    0.0641,    0.0426,    0.0220,    0.0126,    0.0080,    0.0050,    0.0033,    0.0931,    0.0478,    0.0868,    0.1061,    0.1192,    0.1105,    0.1216,    0.1361,    0.1200,    0.1652,    0.1460,    0.1605,    0.1769,    0.1440,    0.2091,    0.2313,    0.1899,    0.2014,    0.2050,    0.2242,    0.2530,    0.1872,    0.3005,    0.3169,    0.3900,    0.4169,    0.4315,    0.4587,    0.4699,    0.4896,    0.4871,    0.5271,    0.5528,    0.5470,    0.6037,    0.6144,    1.0515,    1.1484,    1.2042,    1.2389,    1.2548,    1.3670,    1.2896,    1.3689,    1.3158,    1.4060,    1.3325,    1.4260,    3.0754,    3.0257,    3.1053,    3.1141,    3.1429,    3.0215,    3.1276,    3.2075,    3.2727,    3.0428,    2.9994,    3.1148,    7.8744,    7.2371,    7.1569,    6.9420,    6.4143,    6.0179,    5.2851,    4.8646,    4.6785,    4.1034,    3.1547,    2.9328,    2.2639,    1.9943,    1.5235,    1.4573,    0.9851,    0.7170,    0.5812,    0.2342,    0.2073,    0.1479,    0.0516,    0.0422,    0.0550,    0.2086,    0.4412,    0.7302,    1.0558,    1.4013,    1.7521,    1.9316,    1.9719,    2.3165,    2.6188,    1.8422,    1.0317,    0.9845,    1.3911,    2.8072,    3.5907,    3.7040,    3.1306,    4.1529,    4.1689,    4.0238,    3.7183,    3.5842,    1.2401,    1.2696,    1.2810,    1.2750,    1.2807,    1.2752,    1.2916,    1.2719,    1.2657,    1.2668,    1.2560,    1.2668,    0.9709,    0.9645,    0.9572,    0.9473,    0.9379,    0.9287,    0.9179,    0.9075,    0.8967,    0.8848,    0.8705,    0.8538,    0.8754,    0.8521,    0.8499,    0.8075,    0.7971,    0.7714,    0.7547,    0.7202,    0.6923,    0.6715,    0.6556,    0.6436,    1.7031,    1.5970,    1.5179,    1.4086,    1.3417,    1.3170,    1.3508,    1.2843,    1.2341,    1.1719,    1.1328,    1.0729,    1.5820,    1.4056,    1.2848,    1.1928,    1.0822,    0.9792,    0.8893,    0.8047,    0.7447,    0.6723,    0.6028,    0.5428,    1.3107,    0.9073,    0.6417,    0.4664,    0.3169,    0.2160,    0.1490,    0.1094,    0.0771,    0.0528,    0.0361,    0.0240,    0.0001,    0.0000,    0.0003,    0.0013,    0.0015,    0.0014,    0.0015,    0.0038,    0.0034,    0.0047,    0.0041,    0.0041,    0.0045,    0.0036,    0.0052,    0.0057,    0.0030,    0.0020,    0.0002,    0.0005,    0.0025,    0.0030,    0.0031,    0.0033,    0.0040,    0.0043,    0.0045,    0.0047,    0.0101,    0.0104,    0.0097,    0.0088,    0.0078,    0.0093,    0.0129,    0.0130,    0.0300,    0.0328,    0.0343,    0.0348,    0.0342,    0.0380,    0.0365,    0.0604,    0.0556,    0.0628,    0.0594,    0.0632,    0.1370,    0.1337,    0.1388,    0.1656,    0.1667,    0.1607,    0.1664,    0.1706,    0.1741,    0.1618,    0.1596,    0.1657,    0.4188,    0.3926,    0.3882,    0.3764,    0.3477,    0.3262,    0.2864,    0.2635,    0.2533,    0.2220,    0.1706,    0.1585,    0.1222,    0.2992,    0.2282,    0.2180,    0.1470,    0.1068,    0.0863,    0.0347,    0.0306,    0.0217,    0.0075,    0.0061
