Particle       ,data/QEXT_96IR_84_VIS_NC25_4umrod
Ncase          ,  14
dt (sols)      ,  0.020833
Qext 0.67um    ,  0.000000
Alb sfc        ,  0.220000
Conrath nu     ,  0.002000
Sun Flux (W/m2),148.389262
BWN IR (cm-1)  ,     10.0000,     34.1670,     58.3330,     82.5000,    106.6670,    130.8330,    155.0000,    179.1670,    203.3330,    227.5000,    251.6670,    275.8330,    300.0000,    320.7880,    341.5750,    362.3630,    383.1500,    403.9380,    424.7250,    445.5130,    466.3010,    487.0880,    507.8760,    528.6630,    549.4510,    556.7420,    564.0330,    571.3240,    578.6150,    585.9060,    593.1970,    600.4880,    607.7790,    615.0700,    622.3610,    629.6520,    636.9430,    642.5500,    648.1570,    653.7640,    659.3700,    664.9770,    670.5840,    676.1910,    681.7980,    687.4050,    693.0110,    698.6180,    704.2250,    710.1390,    716.0530,    721.9670,    727.8810,    733.7950,    739.7090,    745.6240,    751.5380,    757.4520,    763.3660,    769.2800,    775.1940,    791.5010,    807.8070,    824.1140,    840.4210,    856.7270,    873.0340,    889.3410,    905.6470,    921.9540,    938.2610,    954.5670,    970.8740,    996.8050,   1022.7370,   1048.6680,   1074.6000,   1100.5310,   1126.4630,   1152.3940,   1178.3250,   1204.2570,   1230.1880,   1256.1200,   1282.0510,   1360.3990,   1438.7460,   1517.0940,   1595.4410,   1673.7890,   1752.1370,   1830.4840,   1908.8320,   1987.1790,   2065.5270,   2143.8740,   2222.2220
BWN VIS (cm-1) ,   2222.2200,   2294.3160,   2366.4120,   2438.5080,   2510.6030,   2582.6990,   2654.7950,   2726.8910,   2798.9870,   2871.0820,   2943.1780,   3015.2740,   3087.3700,   3165.9750,   3244.5800,   3323.1850,   3401.7900,   3480.3950,   3559.0000,   3637.6050,   3716.2100,   3794.8150,   3873.4200,   3952.0250,   4030.6300,   4142.2920,   4253.9530,   4365.6150,   4477.2770,   4588.9380,   4700.6000,   4812.2620,   4923.9230,   5035.5850,   5147.2470,   5258.9080,   5370.5700,   5560.6150,   5750.6600,   5940.7050,   6130.7500,   6320.7950,   6510.8400,   6700.8850,   6890.9300,   7080.9750,   7271.0200,   7461.0650,   7651.1100,   8055.1840,   8459.2580,   8863.3330,   9267.4070,   9671.4810,  10075.5550,  10479.6290,  10883.7030,  11287.7780,  11691.8520,  12095.9260,  12500.0000,  13541.6670,  14583.3330,  15625.0000,  16666.6670,  17708.3330,  18750.0000,  19791.6670,  20833.3330,  21875.0000,  22916.6670,  23958.3330,  25000.0000,  26388.8890,  27777.7780,  29166.6670,  30555.5570,  31944.4460,  33333.3350,  34722.2240,  36111.1130,  37500.0030,  38888.8920,  40277.7810,  41666.6700
SUN VIS (W/m2) ,      0.1008,      0.0862,      0.0968,      0.1089,      0.1224,      0.1136,      0.1248,      0.1400,      0.1233,      0.1698,      0.1502,      0.1645,      0.1814,      0.1477,      0.2144,      0.2377,      0.1946,      0.2106,      0.2276,      0.2472,      0.2683,      0.1918,      0.3072,      0.3239,      0.3986,      0.4261,      0.4410,      0.4688,      0.4810,      0.5017,      0.5013,      0.5485,      0.5772,      0.5665,      0.6183,      0.6303,      1.0809,      1.1806,      1.2379,      1.2751,      1.2949,      1.4092,      1.3262,      1.4132,      1.3634,      1.4505,      1.3747,      1.4716,      3.1730,      3.1258,      3.2038,      3.2543,      3.2846,      3.1576,      3.2685,      3.3520,      3.4202,      3.1800,      3.1347,      3.2554,      8.2299,      7.8425,      7.7561,      7.5237,      6.9524,      6.5235,      5.7299,      5.2748,      5.0739,      4.4511,      3.4228,      3.1828,      2.4579,      2.2644,      1.7312,      1.6575,      1.1215,      0.8173,      0.6634,      0.2677,      0.2374,      0.1697,      0.0593,      0.0486
================
wavelenght [um],    0.244068,    0.252632,    0.261818,    0.271698,    0.282353,    0.293878,    0.306383,    0.320000,    0.334884,    0.351220,    0.369231,    0.389189,    0.408511,    0.426667,    0.446512,    0.468293,    0.492308,    0.518919,    0.548571,    0.581818,    0.619355,    0.662069,    0.711111,    0.768000,    0.813143,    0.840768,    0.870336,    0.902060,    0.936184,    0.972991,    1.012810,    1.056028,    1.103099,    1.154562,    1.211061,    1.273375,    1.323436,    1.357581,    1.393534,    1.431444,    1.471474,    1.513807,    1.558648,    1.606226,    1.656801,    1.710664,    1.768147,    1.829628,    1.881560,    1.921939,    1.964090,    2.008131,    2.054193,    2.102417,    2.152960,    2.205992,    2.261704,    2.320302,    2.382017,    2.447105,    2.505432,    2.555765,    2.608162,    2.662752,    2.719677,    2.779088,    2.841153,    2.906054,    2.973989,    3.045176,    3.119855,    3.198288,    3.277268,    3.356577,    3.439819,    3.527294,    3.619334,    3.716307,    3.818620,    3.926726,    4.041130,    4.162400,    4.291175,    4.428172,    4.580751,    4.751270,    4.934974,    5.133456,    5.348572,    5.582505,    5.837838,    6.117648,    6.425631,    6.766266,    7.145039,    7.568734,    7.879690,    8.044056,    8.215425,    8.394255,    8.581043,    8.776330,    8.980716,    9.194848,    9.419442,    9.655282,    9.903235,   10.164260,   10.387231,   10.566200,   10.751445,   10.943308,   11.142136,   11.348323,   11.562291,   11.784476,   12.015368,   12.255495,   12.505409,   12.765727,   12.949392,   13.049328,   13.150818,   13.253898,   13.358608,   13.464994,   13.573088,   13.682923,   13.794549,   13.908012,   14.023357,   14.140631,   14.256763,   14.371646,   14.488386,   14.607038,   14.727660,   14.850291,   14.974981,   15.101782,   15.230738,   15.361915,   15.495384,   15.631191,   15.790367,   15.974275,   16.162517,   16.355249,   16.552633,   16.754839,   16.962047,   17.174443,   17.392227,   17.615605,   17.844795,   18.080028,   18.550914,   19.294981,   20.101230,   20.977796,   21.934298,   22.982219,   24.135264,   25.410119,   26.827165,   28.411593,   30.194923,   32.217118,   34.732292,   37.914692,   41.739101,   46.421699,   52.287582,   59.850314,   69.970927,   84.210526,  105.726686,  142.012170,  216.216216,  452.826771
Qext           ,      0.0000,      0.0000,      0.0000,      0.0000,      0.0000,      0.0000,      0.0000,      0.0000,      0.0000,      0.0000,      0.0000,      0.0000,      0.0000,      0.0000,      0.0000,      0.0000,      0.0000,      0.0000,      0.0000,      0.0000,      0.0000,      0.0000,      0.0000,      0.0000,      0.0000,      0.0000,      0.0000,      0.0000,      0.0000,      0.0000,      0.0000,      0.0000,      0.0000,      0.0000,      0.0000,      0.0000,      0.0000,      0.0000,      0.0000,      0.0000,      0.0000,      0.0000,      0.0000,      0.0000,      0.0000,      0.0000,      0.0000,      0.0000,      0.0000,      0.0000,      0.0000,      0.0000,      0.0000,      0.0000,      0.0000,      0.0000,      0.0000,      0.0000,      0.0000,      0.0000,      0.0000,      0.0000,      0.0000,      0.0000,      0.0000,      0.0000,      0.0000,      0.0000,      0.0000,      0.0000,      0.0000,      0.0000,      0.0000,      0.0000,      0.0000,      0.0000,      0.0000,      0.0000,      0.0000,      0.0000,      0.0000,      0.0000,      0.0000,      0.0000,      0.0000,      0.0000,      0.0000,      0.0000,      0.0000,      0.0000,      0.0000,      0.0000,      0.0000,      0.0000,      0.0000,      0.0000,      0.0000,      0.0000,      0.0000,      0.0000,      0.0000,      0.0000,      0.0000,      0.0000,      0.0000,      0.0000,      0.0000,      0.0000,      0.0000,      0.0000,      0.0000,      0.0000,      0.0000,      0.0000,      0.0000,      0.0000,      0.0000,      0.0000,      0.0000,      0.0000,      0.0000,      0.0000,      0.0000,      0.0000,      0.0000,      0.0000,      0.0000,      0.0000,      0.0000,      0.0000,      0.0000,      0.0000,      0.0000,      0.0000,      0.0000,      0.0000,      0.0000,      0.0000,      0.0000,      0.0000,      0.0000,      0.0000,      0.0000,      0.0000,      0.0000,      0.0000,      0.0000,      0.0000,      0.0000,      0.0000,      0.0000,      0.0000,      0.0000,      0.0000,      0.0000,      0.0000,      0.0000,      0.0000,      0.0000,      0.0000,      0.0000,      0.0000,      0.0000,      0.0000,      0.0000,      0.0000,      0.0000,      0.0000,      0.0000,      0.0000,      0.0000,      0.0000,      0.0000,      0.0000,      0.0000,      0.0000,      0.0000,      0.0000,      0.0000,      0.0000
Qscat          ,      0.0000,      0.0000,      0.0000,      0.0000,      0.0000,      0.0000,      0.0000,      0.0000,      0.0000,      0.0000,      0.0000,      0.0000,      0.0000,      0.0000,      0.0000,      0.0000,      0.0000,      0.0000,      0.0000,      0.0000,      0.0000,      0.0000,      0.0000,      0.0000,      0.0000,      0.0000,      0.0000,      0.0000,      0.0000,      0.0000,      0.0000,      0.0000,      0.0000,      0.0000,      0.0000,      0.0000,      0.0000,      0.0000,      0.0000,      0.0000,      0.0000,      0.0000,      0.0000,      0.0000,      0.0000,      0.0000,      0.0000,      0.0000,      0.0000,      0.0000,      0.0000,      0.0000,      0.0000,      0.0000,      0.0000,      0.0000,      0.0000,      0.0000,      0.0000,      0.0000,      0.0000,      0.0000,      0.0000,      0.0000,      0.0000,      0.0000,      0.0000,      0.0000,      0.0000,      0.0000,      0.0000,      0.0000,      0.0000,      0.0000,      0.0000,      0.0000,      0.0000,      0.0000,      0.0000,      0.0000,      0.0000,      0.0000,      0.0000,      0.0000,      0.0000,      0.0000,      0.0000,      0.0000,      0.0000,      0.0000,      0.0000,      0.0000,      0.0000,      0.0000,      0.0000,      0.0000,      0.0000,      0.0000,      0.0000,      0.0000,      0.0000,      0.0000,      0.0000,      0.0000,      0.0000,      0.0000,      0.0000,      0.0000,      0.0000,      0.0000,      0.0000,      0.0000,      0.0000,      0.0000,      0.0000,      0.0000,      0.0000,      0.0000,      0.0000,      0.0000,      0.0000,      0.0000,      0.0000,      0.0000,      0.0000,      0.0000,      0.0000,      0.0000,      0.0000,      0.0000,      0.0000,      0.0000,      0.0000,      0.0000,      0.0000,      0.0000,      0.0000,      0.0000,      0.0000,      0.0000,      0.0000,      0.0000,      0.0000,      0.0000,      0.0000,      0.0000,      0.0000,      0.0000,      0.0000,      0.0000,      0.0000,      0.0000,      0.0000,      0.0000,      0.0000,      0.0000,      0.0000,      0.0000,      0.0000,      0.0000,      0.0000,      0.0000,      0.0000,      0.0000,      0.0000,      0.0000,      0.0000,      0.0000,      0.0000,      0.0000,      0.0000,      0.0000,      0.0000,      0.0000,      0.0000,      0.0000,      0.0000,      0.0000,      0.0000,      0.0000
G factor       ,      0.4860,      0.4860,      0.4860,      0.4860,      0.4860,      0.4860,      0.4860,      0.4860,      0.4860,      0.4860,      0.4860,      0.3650,      0.3650,      0.3650,      0.3650,      0.3650,      0.3650,      0.3650,      0.3650,      0.3650,      0.3650,      0.3650,      0.3650,      0.2980,      0.2980,      0.2980,      0.2980,      0.2980,      0.2980,      0.2980,      0.2980,      0.2980,      0.2980,      0.2530,      0.2530,      0.2530,      0.2530,      0.2530,      0.2530,      0.2530,      0.2530,      0.2630,      0.2630,      0.2630,      0.2630,      0.2630,      0.2630,      0.2630,      0.2450,      0.2450,      0.2450,      0.2450,      0.2450,      0.2450,      0.2450,      0.2450,      0.2390,      0.2390,      0.2390,      0.2390,      0.2390,      0.2390,      0.2800,      0.2800,      0.2800,      0.2800,      0.2800,      0.2800,      0.2590,      0.2590,      0.2590,      0.2590,      0.2590,      0.2400,      0.2400,      0.2400,      0.2400,      0.2300,      0.2300,      0.2300,      0.2300,      0.2460,      0.2460,      0.2460,      0.2620,      0.2620,      0.2130,      0.2130,      0.1950,      0.2160,      0.2160,      0.1970,      0.2050,      0.2510,      0.1910,      0.0570,      0.1150,      0.1150,      0.2060,      0.2060,      0.2760,      0.2760,      0.2980,      0.2980,      0.2590,      0.2250,      0.2250,      0.1890,      0.1730,      0.1730,      0.1610,      0.1610,      0.1060,      0.1060,      0.0120,     -0.0640,     -0.0640,     -0.1070,     -0.1070,     -0.0920,     -0.0020,     -0.0020,     -0.0020,     -0.0020,      0.1170,      0.1170,      0.1170,      0.1370,      0.1370,      0.1370,      0.1360,      0.1360,      0.1360,      0.1330,      0.1330,      0.1330,      0.1060,      0.1060,      0.1060,      0.0580,      0.0580,      0.0580,      0.0080,      0.0080,      0.0080,     -0.0050,     -0.0050,     -0.0280,     -0.0280,     -0.0160,     -0.0180,     -0.0180,     -0.0340,     -0.0340,     -0.0050,      0.0230,      0.0480,      0.2090,      0.1370,      0.0600,      0.0620,      0.0870,      0.1860,      0.2180,      0.0580,     -0.0060,      0.0500,      0.0340,      0.0300,      0.0420,      0.0400,      0.0330,      0.0160,      0.0150,      0.0150,      0.0150,      0.0150,      0.0150,      0.0150,      0.0150
================
P [mbar]       ,    0.1004,    0.1015,    0.1034,    0.1069,    0.1130,    0.1239,    0.1432,    0.1740,    0.2226,    0.3028,    0.4349,    0.6529,    1.0121,    1.6044,    2.4646,    3.4606,    4.3994,    5.2226,    5.8426,    6.2132,    6.3980,    6.4686,    6.5039,    6.5168
Temp initial[K],  163.5827,  163.6723,  163.8293,  164.1029,  164.5732,  165.3648,  166.6602,  168.4872,  170.9519,  174.2721,  178.5564,  183.8814,  190.3071,  197.9049,  205.8548,  212.8059,  218.1105,  222.1140,  224.8330,  226.3589,  227.0949,  227.3721,  227.5098,  227.5598
================
it   ,   tau    ,  Tsfc    ,   alb    ,   OLR    ,    ASR   ,  NET top ,  NET bot , T lev  01, T lev  02, T lev  03, T lev  04, T lev  05, T lev  06, T lev  07, T lev  08, T lev  09, T lev  10, T lev  11, T lev  12, T lev  13, T lev  14, T lev  15, T lev  16, T lev  17, T lev  18, T lev  19, T lev  20, T lev  21, T lev  22, T lev  23, T lev  24, T lev  25,  OLR IR01,  OLR IR02,  OLR IR03,  OLR IR04,  OLR IR05,  OLR IR06,  OLR IR07,  OLR IR08,  OLR IR09,  OLR IR10,  OLR IR11,  OLR IR12,  OLR IR13,  OLR IR14,  OLR IR15,  OLR IR16,  OLR IR17,  OLR IR18,  OLR IR19,  OLR IR20,  OLR IR21,  OLR IR22,  OLR IR23,  OLR IR24,  OLR IR25,  OLR IR26,  OLR IR27,  OLR IR28,  OLR IR29,  OLR IR30,  OLR IR31,  OLR IR32,  OLR IR33,  OLR IR34,  OLR IR35,  OLR IR36,  OLR IR37,  OLR IR38,  OLR IR39,  OLR IR40,  OLR IR41,  OLR IR42,  OLR IR43,  OLR IR44,  OLR IR45,  OLR IR46,  OLR IR47,  OLR IR48,  OLR IR49,  OLR IR50,  OLR IR51,  OLR IR52,  OLR IR53,  OLR IR54,  OLR IR55,  OLR IR56,  OLR IR57,  OLR IR58,  OLR IR59,  OLR IR60,  OLR IR61,  OLR IR62,  OLR IR63,  OLR IR64,  OLR IR65,  OLR IR66,  OLR IR67,  OLR IR68,  OLR IR69,  OLR IR70,  OLR IR71,  OLR IR72,  OLR IR73,  OLR IR74,  OLR IR75,  OLR IR76,  OLR IR77,  OLR IR78,  OLR IR79,  OLR IR80,  OLR IR81,  OLR IR82,  OLR IR83,  OLR IR84,  OLR IR85,  OLR IR86,  OLR IR87,  OLR IR88,  OLR IR89,  OLR IR90,  OLR IR91,  OLR IR92,  OLR IR93,  OLR IR94,  OLR IR95,  OLR IR96, ASR VIS01, ASR VIS02, ASR VIS03, ASR VIS04, ASR VIS05, ASR VIS06, ASR VIS07, ASR VIS08, ASR VIS09, ASR VIS10, ASR VIS11, ASR VIS12, ASR VIS13, ASR VIS14, ASR VIS15, ASR VIS16, ASR VIS17, ASR VIS18, ASR VIS19, ASR VIS20, ASR VIS21, ASR VIS22, ASR VIS23, ASR VIS24, ASR VIS25, ASR VIS26, ASR VIS27, ASR VIS28, ASR VIS29, ASR VIS30, ASR VIS31, ASR VIS32, ASR VIS33, ASR VIS34, ASR VIS35, ASR VIS36, ASR VIS37, ASR VIS38, ASR VIS39, ASR VIS40, ASR VIS41, ASR VIS42, ASR VIS43, ASR VIS44, ASR VIS45, ASR VIS46, ASR VIS47, ASR VIS48, ASR VIS49, ASR VIS50, ASR VIS51, ASR VIS52, ASR VIS53, ASR VIS54, ASR VIS55, ASR VIS56, ASR VIS57, ASR VIS58, ASR VIS59, ASR VIS60, ASR VIS61, ASR VIS62, ASR VIS63, ASR VIS64, ASR VIS65, ASR VIS66, ASR VIS67, ASR VIS68, ASR VIS69, ASR VIS70, ASR VIS71, ASR VIS72, ASR VIS73, ASR VIS74, ASR VIS75, ASR VIS76, ASR VIS77, ASR VIS78, ASR VIS79, ASR VIS80, ASR VIS81, ASR VIS82, ASR VIS83, ASR VIS84, SFC DIR01, SFC DIR02, SFC DIR03, SFC DIR04, SFC DIR05, SFC DIR06, SFC DIR07, SFC DIR08, SFC DIR09, SFC DIR10, SFC DIR11, SFC DIR12, SFC DIR13, SFC DIR14, SFC DIR15, SFC DIR16, SFC DIR17, SFC DIR18, SFC DIR19, SFC DIR20, SFC DIR21, SFC DIR22, SFC DIR23, SFC DIR24, SFC DIR25, SFC DIR26, SFC DIR27, SFC DIR28, SFC DIR29, SFC DIR30, SFC DIR31, SFC DIR32, SFC DIR33, SFC DIR34, SFC DIR35, SFC DIR36, SFC DIR37, SFC DIR38, SFC DIR39, SFC DIR40, SFC DIR41, SFC DIR42, SFC DIR43, SFC DIR44, SFC DIR45, SFC DIR46, SFC DIR47, SFC DIR48, SFC DIR49, SFC DIR50, SFC DIR51, SFC DIR52, SFC DIR53, SFC DIR54, SFC DIR55, SFC DIR56, SFC DIR57, SFC DIR58, SFC DIR59, SFC DIR60, SFC DIR61, SFC DIR62, SFC DIR63, SFC DIR64, SFC DIR65, SFC DIR66, SFC DIR67, SFC DIR68, SFC DIR69, SFC DIR70, SFC DIR71, SFC DIR72, SFC DIR73, SFC DIR74, SFC DIR75, SFC DIR76, SFC DIR77, SFC DIR78, SFC DIR79, SFC DIR80, SFC DIR81, SFC DIR82, SFC DIR83, SFC DIR84, SFC DIR85, SFC DIR86, SFC DIR87, SFC DIR88, SFC DIR89, SFC DIR90, SFC DIR91, SFC DIR92, SFC DIR93, SFC DIR94, SFC DIR95, SFC DIR96,SFC DVIS01,SFC DVIS02,SFC DVIS03,SFC DVIS04,SFC DVIS05,SFC DVIS06,SFC DVIS07,SFC DVIS08,SFC DVIS09,SFC DVIS10,SFC DVIS11,SFC DVIS12,SFC DVIS13,SFC DVIS14,SFC DVIS15,SFC DVIS16,SFC DVIS17,SFC DVIS18,SFC DVIS19,SFC DVIS20,SFC DVIS21,SFC DVIS22,SFC DVIS23,SFC DVIS24,SFC DVIS25,SFC DVIS26,SFC DVIS27,SFC DVIS28,SFC DVIS29,SFC DVIS30,SFC DVIS31,SFC DVIS32,SFC DVIS33,SFC DVIS34,SFC DVIS35,SFC DVIS36,SFC DVIS37,SFC DVIS38,SFC DVIS39,SFC DVIS40,SFC DVIS41,SFC DVIS42,SFC DVIS43,SFC DVIS44,SFC DVIS45,SFC DVIS46,SFC DVIS47,SFC DVIS48,SFC DVIS49,SFC DVIS50,SFC DVIS51,SFC DVIS52,SFC DVIS53,SFC DVIS54,SFC DVIS55,SFC DVIS56,SFC DVIS57,SFC DVIS58,SFC DVIS59,SFC DVIS60,SFC DVIS61,SFC DVIS62,SFC DVIS63,SFC DVIS64,SFC DVIS65,SFC DVIS66,SFC DVIS67,SFC DVIS68,SFC DVIS69,SFC DVIS70,SFC DVIS71,SFC DVIS72,SFC DVIS73,SFC DVIS74,SFC DVIS75,SFC DVIS76,SFC DVIS77,SFC DVIS78,SFC DVIS79,SFC DVIS80,SFC DVIS81,SFC DVIS82,SFC DVIS83,SFC DVIS84
    2,    0.0000,  227.5722,    0.2192,  139.8688,  115.8602,  -23.5218,  -14.0680,  158.4330,  163.5827,  163.6723,  163.8293,  164.1029,  164.5732,  165.3648,  166.6602,  168.4872,  170.9519,  174.2721,  178.5564,  183.8814,  190.3071,  197.9049,  205.8548,  212.8059,  218.1105,  222.1140,  224.8330,  226.3589,  227.0949,  227.3721,  227.5098,  227.5598,    0.0705,    0.2675,    0.5658,    0.9364,    1.3541,    1.7971,    2.2470,    2.6886,    3.1100,    3.5012,    3.8550,    4.1668,    3.7991,    3.9662,    4.1036,    4.2111,    4.2902,    4.3412,    4.3666,    4.3674,    4.3455,    4.3031,    4.2365,    4.1377,    1.4329,    1.4160,    1.3937,    1.3544,    1.3064,    1.2531,    1.1042,    1.0903,    1.0331,    0.8812,    0.8657,    0.6804,    0.4286,    0.3613,    0.2973,    0.2859,    0.2660,    0.2237,    0.2586,    0.2615,    0.2793,    0.3166,    0.3804,    0.4522,    0.5746,    0.6344,    0.5305,    0.6851,    0.6744,    0.6698,    0.6769,    0.7426,    0.7550,    0.7683,    0.7700,    0.7628,    2.0538,    1.9716,    1.9052,    1.8274,    1.7484,    1.6691,    1.5919,    1.5151,    1.4407,    1.3665,    1.2937,    1.2291,    1.8278,    1.6842,    1.5339,    1.3924,    1.2741,    1.1725,    1.0662,    0.9681,    0.8777,    0.7928,    0.7079,    0.6374,    1.5840,    1.1437,    0.8293,    0.5901,    0.4167,    0.2922,    0.2036,    0.1383,    0.0940,    0.0622,    0.0416,    0.0303,    0.0906,    0.0482,    0.0759,    0.0854,    0.0957,    0.0892,    0.0975,    0.1096,    0.0962,    0.1325,    0.1172,    0.1283,    0.1417,    0.1155,    0.1680,    0.1868,    0.1536,    0.1833,    0.2065,    0.2237,    0.2252,    0.1502,    0.2398,    0.2533,    0.3110,    0.3324,    0.3440,    0.3658,    0.3756,    0.3940,    0.4010,    0.4565,    0.4953,    0.4717,    0.4852,    0.4943,    0.8433,    0.9209,    0.9663,    0.9993,    1.0234,    1.1077,    1.0381,    1.1064,    1.0804,    1.1314,    1.0733,    1.1507,    2.4780,    2.4450,    2.4989,    2.5384,    2.5644,    2.4626,    2.5489,    2.6139,    2.6670,    2.4800,    2.4441,    2.5380,    6.4157,    6.1123,    6.0433,    5.8603,    5.4132,    5.0767,    4.4565,    4.0997,    3.9404,    3.4535,    2.6528,    2.4637,    1.8993,    1.7458,    1.3311,    1.2705,    0.8565,    0.6215,    0.5021,    0.2015,    0.1776,    0.1261,    0.0437,    0.0355,    0.0000,    0.0000,    0.0000,    0.0000,    0.0000,    0.0000,    0.0000,    0.0000,    0.0000,    0.0000,    0.0000,    0.0000,    0.0000,    0.0000,    0.0000,    0.0000,    0.0000,    0.0000,    0.0000,    0.0004,    0.0013,    0.0042,    0.0316,    0.1224,    0.0337,    0.0553,    0.0951,    0.1939,    0.3170,    0.4390,    0.7874,    0.8078,    0.8986,    1.0611,    1.1127,    1.2540,    0.9696,    0.9641,    0.9572,    0.9473,    0.9378,    0.9287,    0.9178,    0.9074,    0.8966,    0.8844,    0.8683,    0.8421,    0.8025,    0.6764,    0.7395,    0.4977,    0.5022,    0.4908,    0.4247,    0.2470,    0.1814,    0.1031,    0.0612,    0.0469,    0.0933,    0.0788,    0.0260,    0.0119,    0.0030,    0.0028,    0.0017,    0.0056,    0.0100,    0.0182,    0.0292,    0.0235,    0.0278,    0.0056,    0.0259,    0.0458,    0.0328,    0.0004,    0.0000,    0.0000,    0.0000,    0.0031,    0.0165,    0.0171,    0.0171,    0.0171,    0.0000,    0.0000,    0.0000,    0.0000,    0.0000,    0.0035,    0.0040,    0.0054,    0.0048,    0.0010,    0.0230,    0.0000,    0.0598,    0.1073,    0.1213,    0.1109,    0.1245,    0.1385,    0.1233,    0.1698,    0.1501,    0.1645,    0.1806,    0.1466,    0.2118,    0.2312,    0.1878,    0.1215,    0.0145,    0.0325,    0.1583,    0.1897,    0.3065,    0.3218,    0.3984,    0.4260,    0.4410,    0.4686,    0.4796,    0.4909,    0.4572,    0.4157,    0.3661,    0.4375,    0.6076,    0.6165,    1.0804,    1.1803,    1.2358,    1.2540,    1.2316,    1.3659,    1.3119,    1.3949,    1.2823,    1.4502,    1.3714,    1.4595,    3.1611,    3.0848,    3.2030,    3.2531,    3.2743,    3.1567,    3.2678,    3.3511,    3.4192,    3.1776,    3.1334,    3.2539,    8.2247,    7.8363,    7.7478,    7.5132,    6.9399,    6.5086,    5.7135,    5.2561,    5.0518,    4.4276,    3.4010,    3.1586,    2.4350,    2.2382,    1.7066,    1.6288,    1.0981,    0.7968,    0.6438,    0.2584,    0.2277,    0.1616,    0.0560,    0.0455
    2,    0.0500,  227.5722,    0.1927,  129.0712,  119.7993,   -8.7846,   -6.4434,  158.4330,  163.5827,  163.6723,  163.8293,  164.1029,  164.5732,  165.3648,  166.6602,  168.4872,  170.9519,  174.2721,  178.5564,  183.8814,  190.3071,  197.9049,  205.8548,  212.8059,  218.1105,  222.1140,  224.8330,  226.3589,  227.0949,  227.3721,  227.5098,  227.5598,    0.0657,    0.2491,    0.5269,    0.8721,    1.2611,    1.6737,    2.0927,    2.5848,    3.0243,    3.2896,    3.5264,    3.6973,    3.5567,    3.6472,    3.7840,    3.7619,    3.7399,    3.8521,    3.9423,    4.0409,    4.0671,    4.0182,    3.9830,    3.9480,    1.3701,    1.3550,    1.3331,    1.2971,    1.2497,    1.2010,    1.0611,    1.0452,    0.9932,    0.8528,    0.8402,    0.6687,    0.4242,    0.3589,    0.2962,    0.2850,    0.2654,    0.2234,    0.2578,    0.2606,    0.2779,    0.3139,    0.3746,    0.4413,    0.5531,    0.6047,    0.5091,    0.6454,    0.6357,    0.6273,    0.6315,    0.6861,    0.6950,    0.7047,    0.7048,    0.6976,    1.8828,    1.8055,    1.7418,    1.6692,    1.5955,    1.5274,    1.4538,    1.3827,    1.2945,    1.2269,    1.1321,    1.0741,    1.5510,    1.4288,    1.2989,    1.2103,    1.1368,    1.0437,    0.9749,    0.8841,    0.8101,    0.7312,    0.6579,    0.5919,    1.4798,    1.0522,    0.7647,    0.5469,    0.3820,    0.2702,    0.1880,    0.1273,    0.0859,    0.0568,    0.0375,    0.0272,    0.0916,    0.0481,    0.0792,    0.0903,    0.1013,    0.0943,    0.1032,    0.1158,    0.1018,    0.1402,    0.1240,    0.1351,    0.1491,    0.1215,    0.1766,    0.1961,    0.1609,    0.1872,    0.2067,    0.2243,    0.2310,    0.1576,    0.2511,    0.2651,    0.3257,    0.3481,    0.3603,    0.3831,    0.3931,    0.4117,    0.4170,    0.4700,    0.5066,    0.4860,    0.5071,    0.5166,    0.8779,    0.9587,    1.0058,    1.0392,    1.0620,    1.1509,    1.0799,    1.1474,    1.1174,    1.1743,    1.1137,    1.1936,    2.5712,    2.5356,    2.5934,    2.6300,    2.6565,    2.5515,    2.6409,    2.7083,    2.7633,    2.5695,    2.5324,    2.6297,    6.6475,    6.3097,    6.2385,    6.0498,    5.5883,    5.2411,    4.6010,    4.2328,    4.0685,    3.5660,    2.7394,    2.5444,    1.9617,    1.7750,    1.3535,    1.2920,    0.8712,    0.6323,    0.5110,    0.2051,    0.1808,    0.1284,    0.0445,    0.0362,    0.0048,    0.0184,    0.0389,    0.0643,    0.0930,    0.1234,    0.1543,    0.1392,    0.1221,    0.4047,    0.7283,    0.8638,    0.3341,    0.3191,    0.3918,    0.8829,    0.7759,    0.9400,    1.0100,    0.7632,    0.6071,    0.5298,    0.4207,    0.4517,    0.1424,    0.1625,    0.2054,    0.2940,    0.4082,    0.5176,    0.8380,    0.8579,    0.9376,    1.0832,    1.1276,    1.2550,    0.9696,    0.9641,    0.9572,    0.9473,    0.9378,    0.9287,    0.9178,    0.9074,    0.8966,    0.8844,    0.8684,    0.8432,    0.8111,    0.6989,    0.7541,    0.5400,    0.5423,    0.5343,    0.4765,    0.3222,    0.2668,    0.1985,    0.1610,    0.1471,    0.3633,    0.3430,    0.2851,    0.2603,    0.2404,    0.2190,    0.2109,    0.2033,    0.2290,    0.2239,    0.2644,    0.2465,    0.4247,    0.3702,    0.3520,    0.2931,    0.2165,    0.1710,    0.1184,    0.1066,    0.0841,    0.0782,    0.0760,    0.0701,    0.1346,    0.1157,    0.0667,    0.0425,    0.0327,    0.0198,    0.0136,    0.0126,    0.0104,    0.0095,    0.0078,    0.0032,    0.0193,    0.0000,    0.0503,    0.0937,    0.1060,    0.0969,    0.1087,    0.1212,    0.1079,    0.1486,    0.1313,    0.1462,    0.1605,    0.1303,    0.1882,    0.2055,    0.1677,    0.1085,    0.0130,    0.0290,    0.1413,    0.1693,    0.2756,    0.2893,    0.3581,    0.3829,    0.3964,    0.4212,    0.4322,    0.4423,    0.4120,    0.3745,    0.3299,    0.3942,    0.5475,    0.5554,    0.9858,    1.0769,    1.1275,    1.1441,    1.1237,    1.2462,    1.1969,    1.2818,    1.1783,    1.3326,    1.2602,    1.3411,    2.9047,    2.8346,    2.9432,    2.9957,    3.0152,    2.9069,    3.0092,    3.0860,    3.1487,    2.9262,    2.8855,    2.9964,    7.5739,    7.2002,    7.1189,    6.9033,    6.3765,    5.9801,    5.2495,    4.8292,    4.6415,    4.0679,    3.1247,    2.9019,    2.2371,    2.1164,    1.6136,    1.5401,    1.0383,    0.7534,    0.6087,    0.2443,    0.2153,    0.1528,    0.0530,    0.0431
    2,    0.1000,  227.5722,    0.1700,  120.4045,  123.1580,    3.2412,   -1.2590,  158.4330,  163.5827,  163.6723,  163.8293,  164.1029,  164.5732,  165.3648,  166.6602,  168.4872,  170.9519,  174.2721,  178.5564,  183.8814,  190.3071,  197.9049,  205.8548,  212.8059,  218.1105,  222.1140,  224.8330,  226.3589,  227.0949,  227.3721,  227.5098,  227.5598,    0.0615,    0.2331,    0.4931,    0.8161,    1.1800,    1.5662,    1.9583,    2.4910,    2.9448,    3.1181,    3.2891,    3.3773,    3.3522,    3.3757,    3.5190,    3.4474,    3.3520,    3.5116,    3.6331,    3.7828,    3.8382,    3.7834,    3.7672,    3.7811,    1.3146,    1.3007,    1.2795,    1.2461,    1.1994,    1.1547,    1.0227,    1.0053,    0.9576,    0.8274,    0.8169,    0.6576,    0.4199,    0.3566,    0.2952,    0.2841,    0.2647,    0.2231,    0.2571,    0.2597,    0.2766,    0.3114,    0.3691,    0.4311,    0.5338,    0.5785,    0.4901,    0.6114,    0.6024,    0.5913,    0.5933,    0.6391,    0.6454,    0.6523,    0.6513,    0.6441,    1.7412,    1.6676,    1.6063,    1.5377,    1.4684,    1.4088,    1.3384,    1.2719,    1.1751,    1.1129,    1.0057,    0.9529,    1.3437,    1.2359,    1.1214,    1.0661,    1.0229,    0.9370,    0.8958,    0.8115,    0.7506,    0.6770,    0.6133,    0.5514,    1.3861,    0.9712,    0.7070,    0.5082,    0.3512,    0.2504,    0.1739,    0.1174,    0.0787,    0.0520,    0.0339,    0.0245,    0.0923,    0.0481,    0.0815,    0.0941,    0.1057,    0.0982,    0.1077,    0.1207,    0.1062,    0.1462,    0.1293,    0.1404,    0.1550,    0.1262,    0.1835,    0.2036,    0.1668,    0.1904,    0.2068,    0.2248,    0.2357,    0.1637,    0.2604,    0.2748,    0.3377,    0.3609,    0.3736,    0.3972,    0.4075,    0.4263,    0.4303,    0.4810,    0.5158,    0.4978,    0.5252,    0.5349,    0.9070,    0.9906,    1.0391,    1.0728,    1.0946,    1.1873,    1.1151,    1.1824,    1.1489,    1.2108,    1.1482,    1.2303,    2.6508,    2.6130,    2.6742,    2.7085,    2.7355,    2.6277,    2.7198,    2.7892,    2.8459,    2.6462,    2.6081,    2.7083,    6.8463,    6.4783,    6.4054,    6.2116,    5.7380,    5.3816,    4.7246,    4.3467,    4.1782,    3.6623,    2.8136,    2.6135,    2.0152,    1.8017,    1.3740,    1.3117,    0.8846,    0.6422,    0.5190,    0.2084,    0.1838,    0.1305,    0.0453,    0.0368,    0.0091,    0.0344,    0.0727,    0.1204,    0.1740,    0.2310,    0.2888,    0.2678,    0.2373,    0.7530,    1.2989,    1.5148,    0.6266,    0.5906,    0.7266,    1.5491,    1.3663,    1.6408,    1.7542,    1.3726,    1.1142,    0.9773,    0.7626,    0.7475,    0.2406,    0.2594,    0.3045,    0.3840,    0.4898,    0.5880,    0.8828,    0.9019,    0.9720,    1.1026,    1.1407,    1.2559,    0.9697,    0.9641,    0.9572,    0.9473,    0.9378,    0.9287,    0.9178,    0.9074,    0.8966,    0.8844,    0.8685,    0.8441,    0.8184,    0.7180,    0.7665,    0.5760,    0.5764,    0.5707,    0.5198,    0.3848,    0.3376,    0.2774,    0.2437,    0.2300,    0.5875,    0.5619,    0.4998,    0.4663,    0.4374,    0.3997,    0.3854,    0.3682,    0.4060,    0.3902,    0.4453,    0.4180,    0.7134,    0.6365,    0.5906,    0.4840,    0.3659,    0.3099,    0.2198,    0.1980,    0.1576,    0.1439,    0.1288,    0.1172,    0.2401,    0.2028,    0.1260,    0.0806,    0.0617,    0.0378,    0.0258,    0.0208,    0.0162,    0.0132,    0.0105,    0.0051,    0.0163,    0.0000,    0.0422,    0.0818,    0.0926,    0.0847,    0.0950,    0.1060,    0.0944,    0.1300,    0.1149,    0.1299,    0.1426,    0.1158,    0.1672,    0.1826,    0.1497,    0.0968,    0.0116,    0.0259,    0.1261,    0.1512,    0.2477,    0.2600,    0.3219,    0.3442,    0.3563,    0.3786,    0.3894,    0.3985,    0.3712,    0.3375,    0.2973,    0.3552,    0.4933,    0.5005,    0.8994,    0.9825,    1.0287,    1.0439,    1.0253,    1.1370,    1.0921,    1.1778,    1.0827,    1.2245,    1.1580,    1.2323,    2.6691,    2.6047,    2.7044,    2.7586,    2.7767,    2.6769,    2.7711,    2.8418,    2.8995,    2.6947,    2.6572,    2.7593,    6.9746,    6.6159,    6.5412,    6.3431,    5.8590,    5.4948,    4.8235,    4.4373,    4.2648,    3.7378,    2.8711,    2.6664,    2.0555,    2.0016,    1.5261,    1.4565,    0.9820,    0.7126,    0.5757,    0.2310,    0.2036,    0.1445,    0.0501,    0.0407
    2,    0.1500,  227.5722,    0.1507,  113.2758,  126.0209,   13.2333,    2.1878,  158.4330,  163.5827,  163.6723,  163.8293,  164.1029,  164.5732,  165.3648,  166.6602,  168.4872,  170.9519,  174.2721,  178.5564,  183.8814,  190.3071,  197.9049,  205.8548,  212.8059,  218.1105,  222.1140,  224.8330,  226.3589,  227.0949,  227.3721,  227.5098,  227.5598,    0.0578,    0.2190,    0.4633,    0.7668,    1.1088,    1.4716,    1.8401,    2.4060,    2.8709,    2.9776,    3.1120,    3.1501,    3.1781,    3.1418,    3.2967,    3.2177,    3.0687,    3.2635,    3.3977,    3.5738,    3.6470,    3.5872,    3.5820,    3.6333,    1.2650,    1.2523,    1.2315,    1.2005,    1.1547,    1.1133,    0.9884,    0.9698,    0.9257,    0.8043,    0.7957,    0.6472,    0.4158,    0.3544,    0.2942,    0.2833,    0.2640,    0.2228,    0.2564,    0.2589,    0.2753,    0.3089,    0.3639,    0.4217,    0.5164,    0.5553,    0.4733,    0.5818,    0.5734,    0.5603,    0.5607,    0.5994,    0.6037,    0.6085,    0.6066,    0.5995,    1.6221,    1.5515,    1.4922,    1.4271,    1.3614,    1.3084,    1.2407,    1.1782,    1.0763,    1.0184,    0.9047,    0.8560,    1.1844,    1.0871,    0.9845,    0.9501,    0.9276,    0.8478,    0.8270,    0.7484,    0.6980,    0.6290,    0.5733,    0.5151,    1.3014,    0.8993,    0.6555,    0.4732,    0.3238,    0.2325,    0.1612,    0.1085,    0.0723,    0.0477,    0.0307,    0.0221,    0.0928,    0.0481,    0.0832,    0.0971,    0.1090,    0.1013,    0.1111,    0.1245,    0.1096,    0.1508,    0.1334,    0.1448,    0.1597,    0.1301,    0.1890,    0.2096,    0.1716,    0.1929,    0.2069,    0.2252,    0.2395,    0.1686,    0.2679,    0.2827,    0.3475,    0.3715,    0.3845,    0.4088,    0.4193,    0.4383,    0.4411,    0.4901,    0.5234,    0.5075,    0.5401,    0.5500,    0.9316,    1.0174,    1.0672,    1.1011,    1.1220,    1.2180,    1.1448,    1.2123,    1.1759,    1.2420,    1.1777,    1.2617,    2.7187,    2.6791,    2.7431,    2.7758,    2.8031,    2.6931,    2.7875,    2.8586,    2.9167,    2.7120,    2.6730,    2.7758,    7.0167,    6.6222,    6.5478,    6.3499,    5.8658,    5.5017,    4.8301,    4.4439,    4.2719,    3.7446,    2.8770,    2.6725,    2.0610,    1.8258,    1.3925,    1.3296,    0.8968,    0.6511,    0.5264,    0.2114,    0.1865,    0.1325,    0.0460,    0.0374,    0.0128,    0.0485,    0.1025,    0.1697,    0.2453,    0.3256,    0.4071,    0.3869,    0.3462,    1.0545,    1.7508,    2.0158,    0.8849,    0.8246,    1.0163,    2.0598,    1.8289,    2.1722,    2.3079,    1.8624,    1.5405,    1.3605,    1.0649,    1.0141,    0.3296,    0.3471,    0.3936,    0.4649,    0.5630,    0.6511,    0.9227,    0.9408,    1.0024,    1.1198,    1.1524,    1.2568,    0.9698,    0.9642,    0.9572,    0.9473,    0.9378,    0.9287,    0.9178,    0.9074,    0.8966,    0.8844,    0.8686,    0.8449,    0.8248,    0.7345,    0.7772,    0.6067,    0.6056,    0.6014,    0.5562,    0.4373,    0.3966,    0.3432,    0.3125,    0.2991,    0.7749,    0.7444,    0.6788,    0.6382,    0.6017,    0.5518,    0.5317,    0.5065,    0.5501,    0.5258,    0.5860,    0.5516,    0.9266,    0.8338,    0.7677,    0.6327,    0.4882,    0.4238,    0.3070,    0.2765,    0.2220,    0.2016,    0.1757,    0.1591,    0.3351,    0.2798,    0.1791,    0.1151,    0.0877,    0.0541,    0.0369,    0.0282,    0.0214,    0.0165,    0.0128,    0.0069,    0.0137,    0.0000,    0.0355,    0.0715,    0.0809,    0.0739,    0.0830,    0.0928,    0.0826,    0.1138,    0.1005,    0.1155,    0.1267,    0.1029,    0.1486,    0.1623,    0.1336,    0.0864,    0.0103,    0.0231,    0.1126,    0.1349,    0.2226,    0.2337,    0.2893,    0.3094,    0.3203,    0.3403,    0.3508,    0.3591,    0.3344,    0.3041,    0.2678,    0.3201,    0.4444,    0.4509,    0.8206,    0.8965,    0.9386,    0.9524,    0.9354,    1.0374,    0.9964,    1.0823,    0.9949,    1.1252,    1.0640,    1.1324,    2.4526,    2.3934,    2.4850,    2.5404,    2.5570,    2.4651,    2.5519,    2.6169,    2.6701,    2.4814,    2.4469,    2.5410,    6.4228,    6.0792,    6.0106,    5.8285,    5.3838,    5.0491,    4.4323,    4.0774,    3.9188,    3.4346,    2.6382,    2.4501,    1.8888,    1.8933,    1.4435,    1.3777,    0.9288,    0.6740,    0.5445,    0.2185,    0.1926,    0.1367,    0.0474,    0.0385
    2,    0.2000,  227.5722,    0.1343,  107.2956,  128.4616,   21.6547,    4.3813,  158.4330,  163.5827,  163.6723,  163.8293,  164.1029,  164.5732,  165.3648,  166.6602,  168.4872,  170.9519,  174.2721,  178.5564,  183.8814,  190.3071,  197.9049,  205.8548,  212.8059,  218.1105,  222.1140,  224.8330,  226.3589,  227.0949,  227.3721,  227.5098,  227.5598,    0.0545,    0.2066,    0.4369,    0.7232,    1.0457,    1.3878,    1.7353,    2.3287,    2.8023,    2.8611,    2.9757,    2.9825,    3.0289,    2.9382,    3.1085,    3.0432,    2.8556,    3.0751,    3.2122,    3.4010,    3.4849,    3.4212,    3.4217,    3.5016,    1.2206,    1.2088,    1.1886,    1.1595,    1.1145,    1.0760,    0.9574,    0.9379,    0.8970,    0.7833,    0.7762,    0.6373,    0.4119,    0.3522,    0.2932,    0.2825,    0.2634,    0.2226,    0.2557,    0.2581,    0.2740,    0.3064,    0.3589,    0.4130,    0.5006,    0.5347,    0.4582,    0.5558,    0.5479,    0.5334,    0.5326,    0.5656,    0.5682,    0.5713,    0.5687,    0.5617,    1.5207,    1.4526,    1.3950,    1.3329,    1.2702,    1.2223,    1.1571,    1.0979,    0.9933,    0.9391,    0.8226,    0.7774,    1.0594,    0.9701,    0.8768,    0.8558,    0.8472,    0.7726,    0.7668,    0.6931,    0.6513,    0.5864,    0.5375,    0.4825,    1.2246,    0.8353,    0.6093,    0.4417,    0.2993,    0.2163,    0.1497,    0.1005,    0.0665,    0.0439,    0.0279,    0.0200,    0.0932,    0.0481,    0.0845,    0.0994,    0.1116,    0.1036,    0.1138,    0.1274,    0.1122,    0.1545,    0.1366,    0.1482,    0.1635,    0.1332,    0.1935,    0.2144,    0.1755,    0.1950,    0.2070,    0.2254,    0.2426,    0.1725,    0.2742,    0.2892,    0.3556,    0.3801,    0.3935,    0.4183,    0.4290,    0.4482,    0.4501,    0.4976,    0.5296,    0.5155,    0.5524,    0.5624,    0.9523,    1.0400,    1.0908,    1.1249,    1.1451,    1.2438,    1.1698,    1.2378,    1.1988,    1.2687,    1.2029,    1.2884,    2.7767,    2.7355,    2.8020,    2.8335,    2.8612,    2.7491,    2.8455,    2.9181,    2.9774,    2.7684,    2.7286,    2.8335,    7.1628,    6.7451,    6.6694,    6.4679,    5.9749,    5.6042,    4.9202,    4.5270,    4.3519,    3.8150,    2.9312,    2.7231,    2.1001,    1.8476,    1.4093,    1.3458,    0.9079,    0.6593,    0.5330,    0.2141,    0.1889,    0.1343,    0.0466,    0.0379,    0.0161,    0.0609,    0.1289,    0.2133,    0.3085,    0.4094,    0.5119,    0.4975,    0.4494,    1.3171,    2.1117,    2.4067,    1.1146,    1.0282,    1.2695,    2.4558,    2.1991,    2.5800,    2.7234,    2.2579,    1.9002,    1.6902,    1.3335,    1.2550,    0.4104,    0.4267,    0.4740,    0.5380,    0.6288,    0.7079,    0.9583,    0.9752,    1.0294,    1.1350,    1.1628,    1.2575,    0.9698,    0.9642,    0.9572,    0.9473,    0.9378,    0.9287,    0.9178,    0.9074,    0.8966,    0.8845,    0.8687,    0.8457,    0.8304,    0.7487,    0.7864,    0.6331,    0.6306,    0.6274,    0.5869,    0.4816,    0.4462,    0.3984,    0.3702,    0.3570,    0.9324,    0.8974,    0.8289,    0.7823,    0.7396,    0.6804,    0.6551,    0.6233,    0.6682,    0.6369,    0.6965,    0.6565,    1.0865,    0.9821,    0.9011,    0.7497,    0.5890,    0.5176,    0.3822,    0.3444,    0.2787,    0.2524,    0.2176,    0.1965,    0.4209,    0.3483,    0.2265,    0.1462,    0.1109,    0.0688,    0.0470,    0.0350,    0.0261,    0.0195,    0.0150,    0.0084,    0.0115,    0.0000,    0.0298,    0.0625,    0.0707,    0.0646,    0.0725,    0.0812,    0.0723,    0.0995,    0.0880,    0.1026,    0.1126,    0.0915,    0.1321,    0.1442,    0.1193,    0.0772,    0.0092,    0.0206,    0.1005,    0.1204,    0.2001,    0.2101,    0.2601,    0.2781,    0.2879,    0.3059,    0.3161,    0.3235,    0.3013,    0.2740,    0.2413,    0.2884,    0.4004,    0.4063,    0.7487,    0.8179,    0.8564,    0.8690,    0.8535,    0.9465,    0.9091,    0.9945,    0.9142,    1.0339,    0.9777,    1.0405,    2.2536,    2.1992,    2.2834,    2.3394,    2.3546,    2.2700,    2.3500,    2.4099,    2.4588,    2.2851,    2.2533,    2.3399,    5.9146,    5.5863,    5.5233,    5.3560,    4.9473,    4.6397,    4.0729,    3.7468,    3.6011,    3.1561,    2.4243,    2.2515,    1.7357,    1.7910,    1.3655,    1.3033,    0.8787,    0.6376,    0.5151,    0.2067,    0.1822,    0.1293,    0.0448,    0.0364
    2,    0.3000,  227.5722,    0.1083,   97.7946,  132.3189,   35.0138,    6.2895,  158.4330,  163.5827,  163.6723,  163.8293,  164.1029,  164.5732,  165.3648,  166.6602,  168.4872,  170.9519,  174.2721,  178.5564,  183.8814,  190.3071,  197.9049,  205.8548,  212.8059,  218.1105,  222.1140,  224.8330,  226.3589,  227.0949,  227.3721,  227.5098,  227.5598,    0.0489,    0.1855,    0.3923,    0.6493,    0.9388,    1.2460,    1.5579,    2.1939,    2.6786,    2.6810,    2.7800,    2.7534,    2.7882,    2.6012,    2.8094,    2.7948,    2.5609,    2.8064,    2.9368,    3.1314,    3.2246,    3.1557,    3.1591,    3.2777,    1.1444,    1.1340,    1.1146,    1.0887,    1.0455,    1.0117,    0.9040,    0.8830,    0.8471,    0.7466,    0.7417,    0.6192,    0.4045,    0.3481,    0.2913,    0.2809,    0.2621,    0.2220,    0.2543,    0.2565,    0.2715,    0.3018,    0.3497,    0.3971,    0.4730,    0.4994,    0.4322,    0.5125,    0.5053,    0.4889,    0.4865,    0.5110,    0.5111,    0.5118,    0.5082,    0.5014,    1.3576,    1.2934,    1.2388,    1.1813,    1.1236,    1.0830,    1.0221,    0.9683,    0.8626,    0.8141,    0.6986,    0.6585,    0.8786,    0.8007,    0.7210,    0.7136,    0.7204,    0.6542,    0.6672,    0.6017,    0.5723,    0.5144,    0.4761,    0.4268,    1.0915,    0.7267,    0.5305,    0.3872,    0.2578,    0.1883,    0.1299,    0.0868,    0.0568,    0.0374,    0.0232,    0.0166,    0.0936,    0.0481,    0.0860,    0.1026,    0.1152,    0.1069,    0.1175,    0.1315,    0.1159,    0.1595,    0.1411,    0.1532,    0.1690,    0.1376,    0.1999,    0.2214,    0.1812,    0.1980,    0.2070,    0.2259,    0.2471,    0.1783,    0.2834,    0.2989,    0.3677,    0.3930,    0.4068,    0.4325,    0.4436,    0.4631,    0.4635,    0.5088,    0.5389,    0.5274,    0.5708,    0.5811,    0.9844,    1.0751,    1.1275,    1.1619,    1.1809,    1.2839,    1.2087,    1.2781,    1.2352,    1.3108,    1.2427,    1.3307,    2.8685,    2.8248,    2.8951,    2.9254,    2.9535,    2.8382,    2.9378,    3.0128,    3.0740,    2.8582,    2.8172,    2.9255,    7.3954,    6.9395,    6.8618,    6.6547,    6.1477,    5.7665,    5.0630,    4.6586,    4.4787,    3.9265,    3.0171,    2.8032,    2.1622,    1.8851,    1.4382,    1.3736,    0.9269,    0.6733,    0.5445,    0.2188,    0.1931,    0.1373,    0.0477,    0.0389,    0.0216,    0.0821,    0.1736,    0.2873,    0.4154,    0.5513,    0.6893,    0.6968,    0.6400,    1.7481,    2.6355,    2.9597,    1.5048,    1.3653,    1.6912,    3.0095,    2.7474,    3.1428,    3.2771,    2.8401,    2.4633,    2.2218,    1.7876,    1.6708,    0.5509,    0.5648,    0.6123,    0.6637,    0.7414,    0.8052,    1.0185,    1.0329,    1.0746,    1.1607,    1.1803,    1.2589,    0.9699,    0.9642,    0.9572,    0.9473,    0.9378,    0.9287,    0.9178,    0.9074,    0.8966,    0.8845,    0.8689,    0.8469,    0.8396,    0.7718,    0.8013,    0.6754,    0.6708,    0.6686,    0.6354,    0.5512,    0.5234,    0.4843,    0.4601,    0.4472,    1.1783,    1.1351,    1.0623,    1.0066,    0.9544,    0.8828,    0.8487,    0.8066,    0.8466,    0.8050,    0.8542,    0.8066,    1.3016,    1.1822,    1.0816,    0.9171,    0.7422,    0.6605,    0.5039,    0.4544,    0.3730,    0.3369,    0.2885,    0.2599,    0.5689,    0.4636,    0.3075,    0.2001,    0.1506,    0.0945,    0.0646,    0.0468,    0.0342,    0.0248,    0.0187,    0.0111,    0.0081,    0.0000,    0.0210,    0.0477,    0.0539,    0.0493,    0.0553,    0.0622,    0.0553,    0.0762,    0.0674,    0.0810,    0.0890,    0.0722,    0.1043,    0.1139,    0.0950,    0.0615,    0.0074,    0.0164,    0.0801,    0.0960,    0.1617,    0.1698,    0.2102,    0.2247,    0.2327,    0.2472,    0.2566,    0.2627,    0.2446,    0.2224,    0.1960,    0.2341,    0.3251,    0.3299,    0.6233,    0.6809,    0.7129,    0.7234,    0.7105,    0.7880,    0.7568,    0.8397,    0.7719,    0.8730,    0.8255,    0.8786,    1.9029,    1.8569,    1.9281,    1.9839,    1.9969,    1.9251,    1.9929,    2.0437,    2.0852,    1.9379,    1.9110,    1.9844,    5.0159,    4.7181,    4.6649,    4.5236,    4.1784,    3.9187,    3.4400,    3.1645,    3.0415,    2.6657,    2.0476,    1.9016,    1.4660,    1.6031,    1.2223,    1.1666,    0.7865,    0.5708,    0.4611,    0.1851,    0.1631,    0.1158,    0.0401,    0.0326
    2,    0.4000,  227.5722,    0.0894,   90.5577,  135.1284,   45.0611,    6.2444,  158.4330,  163.5827,  163.6723,  163.8293,  164.1029,  164.5732,  165.3648,  166.6602,  168.4872,  170.9519,  174.2721,  178.5564,  183.8814,  190.3071,  197.9049,  205.8548,  212.8059,  218.1105,  222.1140,  224.8330,  226.3589,  227.0949,  227.3721,  227.5098,  227.5598,    0.0444,    0.1683,    0.3559,    0.5891,    0.8517,    1.1304,    1.4135,    2.0810,    2.5708,    2.5497,    2.6449,    2.6030,    2.6047,    2.3336,    2.5850,    2.6241,    2.3689,    2.6215,    2.7409,    2.9299,    3.0244,    2.9528,    2.9539,    3.0945,    1.0815,    1.0721,    1.0533,    1.0298,    0.9884,    0.9580,    0.8593,    0.8374,    0.8054,    0.7153,    0.7120,    0.6029,    0.3975,    0.3441,    0.2894,    0.2793,    0.2609,    0.2215,    0.2530,    0.2549,    0.2691,    0.2975,    0.3413,    0.3832,    0.4498,    0.4704,    0.4107,    0.4777,    0.4710,    0.4538,    0.4503,    0.4687,    0.4671,    0.4662,    0.4621,    0.4554,    1.2324,    1.1713,    1.1192,    1.0652,    1.0114,    0.9756,    0.9183,    0.8686,    0.7652,    0.7210,    0.6104,    0.5741,    0.7565,    0.6866,    0.6163,    0.6136,    0.6263,    0.5666,    0.5889,    0.5300,    0.5088,    0.4565,    0.4258,    0.3810,    0.9806,    0.6391,    0.4664,    0.3422,    0.2243,    0.1653,    0.1136,    0.0755,    0.0488,    0.0321,    0.0195,    0.0138,    0.0938,    0.0481,    0.0867,    0.1045,    0.1174,    0.1089,    0.1198,    0.1340,    0.1181,    0.1626,    0.1438,    0.1564,    0.1725,    0.1405,    0.2040,    0.2258,    0.1849,    0.1999,    0.2071,    0.2261,    0.2500,    0.1821,    0.2896,    0.3054,    0.3758,    0.4017,    0.4158,    0.4420,    0.4535,    0.4731,    0.4726,    0.5163,    0.5451,    0.5354,    0.5832,    0.5937,    1.0072,    1.1000,    1.1535,    1.1881,    1.2063,    1.3123,    1.2362,    1.3076,    1.2617,    1.3416,    1.2717,    1.3615,    2.9354,    2.8899,    2.9630,    2.9929,    3.0213,    2.9037,    3.0056,    3.0823,    3.1450,    2.9241,    2.8823,    2.9931,    7.5663,    7.0812,    7.0020,    6.7908,    6.2737,    5.8848,    5.1671,    4.7547,    4.5713,    4.0079,    3.0800,    2.8618,    2.2077,    1.9157,    1.4618,    1.3965,    0.9425,    0.6848,    0.5540,    0.2227,    0.1966,    0.1399,    0.0486,    0.0396,    0.0262,    0.0993,    0.2100,    0.3475,    0.5025,    0.6669,    0.8339,    0.8715,    0.8123,    2.0818,    2.9795,    3.3125,    1.8228,    1.6331,    2.0280,    3.3570,    3.1238,    3.4905,    3.6038,    3.2295,    2.8716,    2.6235,    2.1538,    2.0140,    0.6679,    0.6796,    0.7259,    0.7670,    0.8334,    0.8848,    1.0670,    1.0787,    1.1107,    1.1812,    1.1945,    1.2601,    0.9700,    0.9642,    0.9572,    0.9473,    0.9378,    0.9287,    0.9178,    0.9074,    0.8966,    0.8845,    0.8691,    0.8480,    0.8468,    0.7893,    0.8127,    0.7073,    0.7012,    0.6990,    0.6711,    0.6022,    0.5794,    0.5466,    0.5251,    0.5125,    1.3566,    1.3066,    1.2309,    1.1689,    1.1100,    1.0315,    0.9902,    0.9408,    0.9709,    0.9223,    0.9571,    0.9047,    1.4326,    1.3045,    1.1925,    1.0267,    0.8499,    0.7612,    0.5965,    0.5381,    0.4472,    0.4035,    0.3457,    0.3112,    0.6911,    0.5560,    0.3732,    0.2446,    0.1829,    0.1160,    0.0794,    0.0567,    0.0410,    0.0292,    0.0217,    0.0134,    0.0057,    0.0000,    0.0149,    0.0364,    0.0412,    0.0376,    0.0422,    0.0476,    0.0424,    0.0584,    0.0516,    0.0640,    0.0703,    0.0571,    0.0824,    0.0900,    0.0758,    0.0490,    0.0059,    0.0131,    0.0638,    0.0765,    0.1307,    0.1372,    0.1698,    0.1816,    0.1880,    0.1998,    0.2084,    0.2133,    0.1987,    0.1806,    0.1591,    0.1901,    0.2640,    0.2678,    0.5190,    0.5669,    0.5936,    0.6023,    0.5916,    0.6561,    0.6301,    0.7091,    0.6518,    0.7372,    0.6971,    0.7419,    1.6068,    1.5681,    1.6281,    1.6827,    1.6937,    1.6328,    1.6903,    1.7334,    1.7686,    1.6437,    1.6208,    1.6831,    4.2543,    3.9861,    3.9411,    3.8218,    3.5302,    3.3108,    2.9063,    2.6737,    2.5697,    2.2522,    1.7300,    1.6067,    1.2386,    1.4354,    1.0944,    1.0446,    0.7043,    0.5111,    0.4130,    0.1657,    0.1461,    0.1037,    0.0360,    0.0292
    2,    0.5000,  227.5722,    0.0755,   84.8457,  137.1779,   52.8235,    5.2201,  158.4330,  163.5827,  163.6723,  163.8293,  164.1029,  164.5732,  165.3648,  166.6602,  168.4872,  170.9519,  174.2721,  178.5564,  183.8814,  190.3071,  197.9049,  205.8548,  212.8059,  218.1105,  222.1140,  224.8330,  226.3589,  227.0949,  227.3721,  227.5098,  227.5598,    0.0406,    0.1540,    0.3257,    0.5391,    0.7795,    1.0345,    1.2935,    1.9856,    2.4764,    2.4501,    2.5443,    2.4945,    2.4618,    2.1159,    2.4125,    2.4974,    2.2337,    2.4843,    2.5938,    2.7730,    2.8650,    2.7921,    2.7895,    2.9419,    1.0288,    1.0199,    1.0017,    0.9800,    0.9402,    0.9127,    0.8214,    0.7990,    0.7700,    0.6885,    0.6862,    0.5881,    0.3911,    0.3403,    0.2876,    0.2778,    0.2597,    0.2210,    0.2517,    0.2534,    0.2668,    0.2934,    0.3337,    0.3709,    0.4299,    0.4461,    0.3924,    0.4492,    0.4429,    0.4252,    0.4211,    0.4351,    0.4323,    0.4303,    0.4257,    0.4192,    1.1337,    1.0752,    1.0251,    0.9740,    0.9232,    0.8906,    0.8364,    0.7901,    0.6904,    0.6496,    0.5453,    0.5119,    0.6700,    0.6059,    0.5423,    0.5406,    0.5548,    0.5002,    0.5266,    0.4729,    0.4571,    0.4094,    0.3841,    0.3432,    0.8875,    0.5677,    0.4137,    0.3047,    0.1969,    0.1461,    0.1001,    0.0662,    0.0424,    0.0278,    0.0166,    0.0117,    0.0939,    0.0481,    0.0871,    0.1056,    0.1187,    0.1101,    0.1211,    0.1355,    0.1195,    0.1645,    0.1454,    0.1585,    0.1748,    0.1423,    0.2066,    0.2287,    0.1873,    0.2012,    0.2070,    0.2262,    0.2519,    0.1846,    0.2938,    0.3098,    0.3812,    0.4075,    0.4218,    0.4484,    0.4602,    0.4799,    0.4788,    0.5214,    0.5493,    0.5408,    0.5916,    0.6022,    1.0233,    1.1176,    1.1720,    1.2067,    1.2244,    1.3325,    1.2557,    1.3290,    1.2810,    1.3640,    1.2929,    1.3840,    2.9841,    2.9373,    3.0125,    3.0424,    3.0712,    2.9518,    3.0555,    3.1335,    3.1971,    2.9726,    2.9301,    3.0428,    7.6919,    7.1845,    7.1043,    6.8901,    6.3655,    5.9712,    5.2431,    4.8248,    4.6390,    4.0675,    3.1259,    2.9047,    2.2410,    1.9407,    1.4811,    1.4151,    0.9553,    0.6942,    0.5618,    0.2259,    0.1995,    0.1420,    0.0494,    0.0402,    0.0299,    0.1136,    0.2402,    0.3975,    0.5748,    0.7629,    0.9539,    1.0256,    0.9687,    2.3426,    3.2090,    3.5425,    2.0859,    1.8509,    2.3028,    3.5804,    3.3891,    3.7113,    3.8033,    3.4946,    3.1708,    2.9301,    2.4522,    2.2992,    0.7659,    0.7756,    0.8196,    0.8524,    0.9089,    0.9502,    1.1063,    1.1153,    1.1396,    1.1977,    1.2059,    1.2611,    0.9701,    0.9643,    0.9572,    0.9473,    0.9378,    0.9287,    0.9178,    0.9074,    0.8966,    0.8845,    0.8692,    0.8489,    0.8525,    0.8029,    0.8215,    0.7318,    0.7245,    0.7218,    0.6977,    0.6401,    0.6206,    0.5924,    0.5730,    0.5606,    1.4881,    1.4325,    1.3548,    1.2882,    1.2245,    1.1423,    1.0953,    1.0406,    1.0595,    1.0060,    1.0265,    0.9710,    1.5168,    1.3833,    1.2642,    1.1010,    0.9274,    0.8337,    0.6678,    0.6028,    0.5062,    0.4565,    0.3922,    0.3529,    0.7927,    0.6308,    0.4271,    0.2819,    0.2095,    0.1340,    0.0919,    0.0651,    0.0467,    0.0328,    0.0242,    0.0152,    0.0040,    0.0000,    0.0105,    0.0278,    0.0314,    0.0287,    0.0323,    0.0365,    0.0325,    0.0447,    0.0395,    0.0506,    0.0555,    0.0451,    0.0651,    0.0711,    0.0604,    0.0391,    0.0047,    0.0105,    0.0509,    0.0610,    0.1056,    0.1109,    0.1373,    0.1468,    0.1520,    0.1615,    0.1692,    0.1732,    0.1613,    0.1467,    0.1292,    0.1544,    0.2144,    0.2175,    0.4321,    0.4721,    0.4943,    0.5016,    0.4926,    0.5463,    0.5247,    0.5988,    0.5505,    0.6226,    0.5887,    0.6265,    1.3570,    1.3243,    1.3750,    1.4274,    1.4367,    1.3851,    1.4338,    1.4704,    1.5003,    1.3943,    1.3749,    1.4277,    3.6088,    3.3690,    3.3310,    3.2302,    2.9837,    2.7983,    2.4565,    2.2598,    2.1720,    1.9036,    1.4623,    1.3581,    1.0470,    1.2857,    0.9803,    0.9357,    0.6309,    0.4579,    0.3700,    0.1485,    0.1309,    0.0929,    0.0322,    0.0262
    2,    0.7500,  227.5722,    0.0551,   74.7010,  140.2049,   65.9974,    1.3861,  158.4330,  163.5827,  163.6723,  163.8293,  164.1029,  164.5732,  165.3648,  166.6602,  168.4872,  170.9519,  174.2721,  178.5564,  183.8814,  190.3071,  197.9049,  205.8548,  212.8059,  218.1105,  222.1140,  224.8330,  226.3589,  227.0949,  227.3721,  227.5098,  227.5598,    0.0335,    0.1271,    0.2687,    0.4448,    0.6431,    0.8535,    1.0672,    1.8039,    2.2861,    2.2814,    2.3729,    2.3144,    2.2174,    1.7159,    2.1229,    2.2838,    2.0182,    2.2538,    2.3471,    2.4988,    2.5782,    2.5038,    2.4926,    2.6520,    0.9275,    0.9195,    0.9020,    0.8836,    0.8473,    0.8246,    0.7475,    0.7245,    0.7008,    0.6350,    0.6340,    0.5565,    0.3767,    0.3317,    0.2833,    0.2742,    0.2569,    0.2197,    0.2487,    0.2499,    0.2615,    0.2843,    0.3172,    0.3453,    0.3907,    0.3997,    0.3571,    0.3963,    0.3905,    0.3729,    0.3679,    0.3749,    0.3705,    0.3670,    0.3619,    0.3557,    0.9600,    0.9066,    0.8606,    0.8147,    0.7695,    0.7415,    0.6933,    0.6528,    0.5645,    0.5294,    0.4408,    0.4122,    0.5369,    0.4824,    0.4293,    0.4257,    0.4367,    0.3910,    0.4172,    0.3728,    0.3635,    0.3243,    0.3070,    0.2734,    0.7115,    0.4388,    0.3178,    0.2353,    0.1477,    0.1107,    0.0751,    0.0491,    0.0308,    0.0201,    0.0116,    0.0080,    0.0939,    0.0480,    0.0875,    0.1069,    0.1202,    0.1114,    0.1226,    0.1372,    0.1209,    0.1665,    0.1472,    0.1610,    0.1775,    0.1445,    0.2098,    0.2322,    0.1903,    0.2027,    0.2069,    0.2263,    0.2542,    0.1876,    0.2992,    0.3154,    0.3882,    0.4149,    0.4295,    0.4566,    0.4690,    0.4888,    0.4868,    0.5280,    0.5547,    0.5478,    0.6026,    0.6134,    1.0461,    1.1425,    1.1980,    1.2329,    1.2497,    1.3609,    1.2832,    1.3604,    1.3092,    1.3968,    1.3239,    1.4170,    3.0557,    3.0069,    3.0851,    3.1162,    3.1453,    3.0235,    3.1296,    3.2095,    3.2748,    3.0447,    3.0012,    3.1167,    7.8788,    7.3364,    7.2547,    7.0363,    6.5008,    6.0984,    5.3552,    4.9283,    4.7389,    4.1555,    3.1940,    2.9684,    2.2906,    1.9851,    1.5154,    1.4484,    0.9781,    0.7112,    0.5758,    0.2317,    0.2047,    0.1458,    0.0507,    0.0414,    0.0371,    0.1405,    0.2972,    0.4919,    0.7113,    0.9440,    1.1803,    1.3417,    1.3025,    2.7786,    3.5121,    3.8377,    2.5732,    2.2512,    2.8059,    3.8644,    3.7732,    3.9891,    4.0450,    3.8589,    3.6261,    3.4261,    2.9878,    2.8246,    0.9489,    0.9541,    0.9903,    1.0081,    1.0456,    1.0689,    1.1763,    1.1795,    1.1905,    1.2270,    1.2265,    1.2632,    0.9704,    0.9643,    0.9572,    0.9473,    0.9379,    0.9287,    0.9178,    0.9075,    0.8966,    0.8846,    0.8696,    0.8507,    0.8624,    0.8256,    0.8362,    0.7718,    0.7628,    0.7585,    0.7401,    0.6999,    0.6848,    0.6633,    0.6471,    0.6351,    1.6924,    1.6267,    1.5462,    1.4731,    1.4024,    1.3174,    1.2605,    1.1978,    1.1917,    1.1314,    1.1241,    1.0645,    1.6301,    1.4897,    1.3616,    1.2068,    1.0451,    0.9442,    0.7861,    0.7104,    0.6086,    0.5488,    0.4757,    0.4279,    0.9815,    0.7642,    0.5250,    0.3514,    0.2581,    0.1682,    0.1155,    0.0809,    0.0574,    0.0398,    0.0288,    0.0186,    0.0017,    0.0000,    0.0044,    0.0142,    0.0160,    0.0147,    0.0165,    0.0188,    0.0167,    0.0230,    0.0203,    0.0281,    0.0308,    0.0250,    0.0362,    0.0395,    0.0343,    0.0222,    0.0027,    0.0060,    0.0289,    0.0346,    0.0621,    0.0652,    0.0807,    0.0863,    0.0894,    0.0950,    0.1007,    0.1030,    0.0960,    0.0873,    0.0769,    0.0919,    0.1275,    0.1294,    0.2736,    0.2989,    0.3130,    0.3176,    0.3119,    0.3459,    0.3322,    0.3928,    0.3611,    0.4083,    0.3861,    0.4109,    0.8900,    0.8686,    0.9018,    0.9468,    0.9529,    0.9187,    0.9510,    0.9753,    0.9951,    0.9248,    0.9119,    0.9470,    2.3937,    2.2169,    2.1919,    2.1256,    1.9634,    1.8414,    1.6165,    1.4871,    1.4294,    1.2528,    0.9624,    0.8938,    0.6891,    0.9778,    0.7457,    0.7118,    0.4800,    0.3484,    0.2815,    0.1130,    0.0996,    0.0707,    0.0245,    0.0199
    2,    1.0000,  227.5722,    0.0457,   68.0101,  141.6026,   74.0883,   -2.0778,  158.4330,  163.5827,  163.6723,  163.8293,  164.1029,  164.5732,  165.3648,  166.6602,  168.4872,  170.9519,  174.2721,  178.5564,  183.8814,  190.3071,  197.9049,  205.8548,  212.8059,  218.1105,  222.1140,  224.8330,  226.3589,  227.0949,  227.3721,  227.5098,  227.5598,    0.0285,    0.1081,    0.2287,    0.3786,    0.5474,    0.7265,    0.9084,    1.6780,    2.1444,    2.1729,    2.2617,    2.1995,    2.0654,    1.4432,    1.9477,    2.1477,    1.8850,    2.1083,    2.1929,    2.3210,    2.3859,    2.3097,    2.2920,    2.4455,    0.8547,    0.8470,    0.8300,    0.8136,    0.7802,    0.7605,    0.6934,    0.6705,    0.6501,    0.5951,    0.5943,    0.5309,    0.3643,    0.3241,    0.2794,    0.2708,    0.2542,    0.2185,    0.2459,    0.2466,    0.2567,    0.2763,    0.3036,    0.3253,    0.3619,    0.3666,    0.3315,    0.3598,    0.3543,    0.3374,    0.3320,    0.3352,    0.3302,    0.3260,    0.3207,    0.3148,    0.8480,    0.7986,    0.7555,    0.7132,    0.6718,    0.6458,    0.6022,    0.5656,    0.4875,    0.4560,    0.3796,    0.3540,    0.4618,    0.4131,    0.3662,    0.3600,    0.3667,    0.3265,    0.3481,    0.3098,    0.3025,    0.2689,    0.2555,    0.2267,    0.5907,    0.3554,    0.2554,    0.1888,    0.1161,    0.0872,    0.0587,    0.0380,    0.0234,    0.0152,    0.0085,    0.0058,    0.0938,    0.0480,    0.0875,    0.1073,    0.1206,    0.1117,    0.1230,    0.1377,    0.1214,    0.1671,    0.1478,    0.1618,    0.1784,    0.1453,    0.2109,    0.2333,    0.1913,    0.2032,    0.2068,    0.2262,    0.2549,    0.1887,    0.3012,    0.3175,    0.3908,    0.4177,    0.4324,    0.4596,    0.4723,    0.4921,    0.4898,    0.5304,    0.5566,    0.5504,    0.6068,    0.6176,    1.0558,    1.1531,    1.2091,    1.2441,    1.2605,    1.3729,    1.2949,    1.3747,    1.3220,    1.4118,    1.3380,    1.4319,    3.0882,    3.0385,    3.1181,    3.1504,    3.1796,    3.0566,    3.1640,    3.2447,    3.3107,    3.0781,    3.0342,    3.1510,    7.9655,    7.4056,    7.3232,    7.1029,    6.5626,    6.1566,    5.4065,    4.9759,    4.7849,    4.1962,    3.2255,    2.9980,    2.3137,    2.0121,    1.5363,    1.4688,    0.9922,    0.7216,    0.5845,    0.2353,    0.2080,    0.1482,    0.0516,    0.0421,    0.0421,    0.1594,    0.3373,    0.5582,    0.8071,    1.0712,    1.3393,    1.5843,    1.5722,    3.0260,    3.6391,    3.9579,    2.8984,    2.5242,    3.1401,    3.9815,    3.9558,    4.1039,    4.1440,    4.0239,    3.8571,    3.6983,    3.3273,    3.1682,    1.0708,    1.0723,    1.1002,    1.1085,    1.1329,    1.1450,    1.2202,    1.2188,    1.2221,    1.2453,    1.2398,    1.2648,    0.9706,    0.9644,    0.9572,    0.9473,    0.9379,    0.9287,    0.9178,    0.9075,    0.8967,    0.8847,    0.8700,    0.8521,    0.8688,    0.8391,    0.8449,    0.7947,    0.7848,    0.7791,    0.7635,    0.7325,    0.7190,    0.7011,    0.6865,    0.6746,    1.8012,    1.7296,    1.6479,    1.5715,    1.4974,    1.4129,    1.3502,    1.2835,    1.2599,    1.1964,    1.1723,    1.1108,    1.6848,    1.5413,    1.4091,    1.2599,    1.1075,    1.0030,    0.8550,    0.7732,    0.6714,    0.6057,    0.5292,    0.4762,    1.1077,    0.8492,    0.5889,    0.3984,    0.2902,    0.1916,    0.1318,    0.0919,    0.0648,    0.0446,    0.0319,    0.0209,    0.0007,    0.0000,    0.0019,    0.0073,    0.0082,    0.0075,    0.0084,    0.0097,    0.0086,    0.0119,    0.0105,    0.0156,    0.0172,    0.0139,    0.0201,    0.0220,    0.0195,    0.0126,    0.0015,    0.0034,    0.0165,    0.0197,    0.0366,    0.0384,    0.0475,    0.0508,    0.0526,    0.0559,    0.0600,    0.0614,    0.0572,    0.0520,    0.0458,    0.0547,    0.0760,    0.0771,    0.1735,    0.1895,    0.1984,    0.2013,    0.1978,    0.2193,    0.2106,    0.2579,    0.2371,    0.2681,    0.2535,    0.2698,    0.5844,    0.5703,    0.5921,    0.6288,    0.6329,    0.6102,    0.6317,    0.6478,    0.6609,    0.6143,    0.6057,    0.6290,    1.5899,    1.4634,    1.4469,    1.4031,    1.2961,    1.2156,    1.0671,    0.9817,    0.9436,    0.8271,    0.6354,    0.5901,    0.4550,    0.7455,    0.5686,    0.5428,    0.3660,    0.2657,    0.2147,    0.0862,    0.0760,    0.0540,    0.0187,    0.0152
    2,    1.2500,  227.5722,    0.0413,   63.2471,  142.2574,   79.5083,   -4.5072,  158.4330,  163.5827,  163.6723,  163.8293,  164.1029,  164.5732,  165.3648,  166.6602,  168.4872,  170.9519,  174.2721,  178.5564,  183.8814,  190.3071,  197.9049,  205.8548,  212.8059,  218.1105,  222.1140,  224.8330,  226.3589,  227.0949,  227.3721,  227.5098,  227.5598,    0.0248,    0.0941,    0.1991,    0.3296,    0.4765,    0.6324,    0.7908,    1.5877,    2.0365,    2.0947,    2.1821,    2.1180,    1.9617,    1.2454,    1.8314,    2.0519,    1.7912,    2.0065,    2.0860,    2.1955,    2.2476,    2.1688,    2.1453,    2.2897,    0.7994,    0.7918,    0.7754,    0.7604,    0.7293,    0.7116,    0.6520,    0.6294,    0.6112,    0.5639,    0.5630,    0.5096,    0.3536,    0.3173,    0.2758,    0.2677,    0.2517,    0.2174,    0.2432,    0.2436,    0.2523,    0.2693,    0.2922,    0.3092,    0.3397,    0.3417,    0.3119,    0.3330,    0.3277,    0.3116,    0.3061,    0.3070,    0.3019,    0.2973,    0.2921,    0.2864,    0.7702,    0.7240,    0.6831,    0.6434,    0.6048,    0.5800,    0.5397,    0.5059,    0.4360,    0.4070,    0.3396,    0.3160,    0.4133,    0.3685,    0.3257,    0.3177,    0.3209,    0.2846,    0.3016,    0.2675,    0.2606,    0.2310,    0.2194,    0.1941,    0.5047,    0.2988,    0.2128,    0.1567,    0.0949,    0.0711,    0.0474,    0.0304,    0.0185,    0.0119,    0.0066,    0.0044,    0.0938,    0.0480,    0.0875,    0.1074,    0.1207,    0.1118,    0.1231,    0.1378,    0.1215,    0.1673,    0.1479,    0.1621,    0.1787,    0.1455,    0.2112,    0.2337,    0.1917,    0.2033,    0.2066,    0.2261,    0.2551,    0.1890,    0.3019,    0.3183,    0.3917,    0.4187,    0.4334,    0.4608,    0.4735,    0.4934,    0.4909,    0.5313,    0.5573,    0.5514,    0.6084,    0.6192,    1.0599,    1.1576,    1.2138,    1.2488,    1.2650,    1.3780,    1.2999,    1.3812,    1.3278,    1.4185,    1.3444,    1.4387,    3.1029,    3.0528,    3.1331,    3.1662,    3.1955,    3.0720,    3.1799,    3.2611,    3.3274,    3.0936,    3.0495,    3.1669,    8.0058,    7.4372,    7.3546,    7.1335,    6.5910,    6.1835,    5.4303,    4.9979,    4.8063,    4.2152,    3.2403,    3.0120,    2.3248,    2.0286,    1.5492,    1.4814,    1.0009,    0.7282,    0.5900,    0.2376,    0.2101,    0.1498,    0.0522,    0.0426,    0.0457,    0.1735,    0.3669,    0.6073,    0.8781,    1.1654,    1.4571,    1.7748,    1.7933,    3.1707,    3.6998,    4.0150,    3.1213,    2.7223,    3.3708,    4.0394,    4.0506,    4.1618,    4.1954,    4.1098,    3.9842,    3.8562,    3.5490,    3.3985,    1.1538,    1.1524,    1.1728,    1.1750,    1.1903,    1.1953,    1.2489,    1.2441,    1.2426,    1.2574,    1.2487,    1.2661,    0.9708,    0.9645,    0.9572,    0.9473,    0.9379,    0.9287,    0.9178,    0.9075,    0.8967,    0.8847,    0.8703,    0.8531,    0.8731,    0.8477,    0.8505,    0.8090,    0.7985,    0.7917,    0.7777,    0.7518,    0.7392,    0.7231,    0.7095,    0.6978,    1.8648,    1.7896,    1.7074,    1.6293,    1.5534,    1.4698,    1.4035,    1.3346,    1.2998,    1.2344,    1.2001,    1.1376,    1.7166,    1.5714,    1.4370,    1.2912,    1.1448,    1.0382,    0.8982,    0.8128,    0.7122,    0.6428,    0.5651,    0.5086,    1.1955,    0.9061,    0.6324,    0.4314,    0.3123,    0.2083,    0.1436,    0.0998,    0.0700,    0.0481,    0.0341,    0.0225,    0.0003,    0.0000,    0.0008,    0.0037,    0.0042,    0.0039,    0.0043,    0.0050,    0.0045,    0.0061,    0.0054,    0.0087,    0.0096,    0.0078,    0.0112,    0.0123,    0.0111,    0.0072,    0.0009,    0.0019,    0.0094,    0.0112,    0.0216,    0.0227,    0.0281,    0.0300,    0.0311,    0.0330,    0.0358,    0.0366,    0.0341,    0.0310,    0.0274,    0.0327,    0.0453,    0.0460,    0.1101,    0.1203,    0.1260,    0.1278,    0.1256,    0.1392,    0.1337,    0.1695,    0.1559,    0.1763,    0.1667,    0.1774,    0.3842,    0.3749,    0.3893,    0.4183,    0.4210,    0.4059,    0.4202,    0.4309,    0.4397,    0.4086,    0.4029,    0.4184,    1.0576,    0.9691,    0.9582,    0.9292,    0.8583,    0.8050,    0.7067,    0.6502,    0.6250,    0.5478,    0.4209,    0.3909,    0.3014,    0.5698,    0.4346,    0.4149,    0.2799,    0.2032,    0.1642,    0.0659,    0.0581,    0.0413,    0.0143,    0.0117
    2,    1.5000,  227.5722,    0.0392,   59.6688,  142.5699,   83.4013,   -6.0059,  158.4330,  163.5827,  163.6723,  163.8293,  164.1029,  164.5732,  165.3648,  166.6602,  168.4872,  170.9519,  174.2721,  178.5564,  183.8814,  190.3071,  197.9049,  205.8548,  212.8059,  218.1105,  222.1140,  224.8330,  226.3589,  227.0949,  227.3721,  227.5098,  227.5598,    0.0220,    0.0834,    0.1763,    0.2918,    0.4219,    0.5600,    0.7002,    1.5209,    1.9525,    2.0343,    2.1217,    2.0563,    1.8854,    1.0954,    1.7480,    1.9801,    1.7204,    1.9305,    2.0065,    2.1016,    2.1429,    2.0612,    2.0321,    2.1674,    0.7559,    0.7484,    0.7325,    0.7184,    0.6892,    0.6730,    0.6190,    0.5970,    0.5804,    0.5388,    0.5376,    0.4916,    0.3443,    0.3111,    0.2725,    0.2648,    0.2494,    0.2163,    0.2408,    0.2408,    0.2483,    0.2631,    0.2824,    0.2960,    0.3221,    0.3224,    0.2963,    0.3125,    0.3073,    0.2919,    0.2864,    0.2860,    0.2808,    0.2761,    0.2709,    0.2654,    0.7130,    0.6694,    0.6303,    0.5926,    0.5560,    0.5320,    0.4944,    0.4626,    0.3991,    0.3720,    0.3112,    0.2891,    0.3792,    0.3373,    0.2973,    0.2881,    0.2888,    0.2554,    0.2686,    0.2375,    0.2305,    0.2037,    0.1932,    0.1705,    0.4414,    0.2586,    0.1826,    0.1336,    0.0801,    0.0597,    0.0395,    0.0252,    0.0152,    0.0097,    0.0053,    0.0035,    0.0937,    0.0480,    0.0875,    0.1074,    0.1207,    0.1119,    0.1232,    0.1379,    0.1215,    0.1673,    0.1479,    0.1622,    0.1788,    0.1456,    0.2113,    0.2338,    0.1918,    0.2033,    0.2065,    0.2260,    0.2552,    0.1892,    0.3022,    0.3186,    0.3921,    0.4191,    0.4338,    0.4612,    0.4740,    0.4939,    0.4913,    0.5316,    0.5574,    0.5517,    0.6090,    0.6198,    1.0616,    1.1595,    1.2158,    1.2508,    1.2669,    1.3802,    1.3020,    1.3841,    1.3304,    1.4216,    1.3473,    1.4418,    3.1096,    3.0593,    3.1399,    3.1736,    3.2029,    3.0792,    3.1873,    3.2687,    3.3352,    3.1009,    3.0567,    3.1743,    8.0246,    7.4518,    7.3691,    7.1477,    6.6042,    6.1959,    5.4414,    5.0083,    4.8165,    4.2242,    3.2474,    3.0188,    2.3301,    2.0387,    1.5572,    1.4892,    1.0064,    0.7323,    0.5935,    0.2390,    0.2115,    0.1508,    0.0526,    0.0430,    0.0486,    0.1843,    0.3898,    0.6451,    0.9328,    1.2380,    1.5479,    1.9265,    1.9766,    3.2581,    3.7333,    4.0468,    3.2772,    2.8725,    3.5338,    4.0732,    4.1047,    4.1962,    4.2270,    4.1607,    4.0603,    3.9535,    3.6980,    3.5566,    1.2116,    1.2080,    1.2221,    1.2204,    1.2293,    1.2295,    1.2683,    1.2612,    1.2567,    1.2658,    1.2551,    1.2671,    0.9710,    0.9645,    0.9572,    0.9473,    0.9379,    0.9287,    0.9179,    0.9075,    0.8967,    0.8848,    0.8706,    0.8540,    0.8764,    0.8537,    0.8544,    0.8185,    0.8077,    0.8001,    0.7870,    0.7643,    0.7521,    0.7372,    0.7241,    0.7125,    1.9054,    1.8280,    1.7454,    1.6663,    1.5893,    1.5065,    1.4380,    1.3677,    1.3254,    1.2590,    1.2182,    1.1550,    1.7375,    1.5911,    1.4552,    1.3117,    1.1694,    1.0614,    0.9271,    0.8394,    0.7402,    0.6683,    0.5903,    0.5314,    1.2586,    0.9462,    0.6634,    0.4555,    0.3283,    0.2206,    0.1522,    0.1057,    0.0739,    0.0507,    0.0357,    0.0237,    0.0001,    0.0000,    0.0003,    0.0019,    0.0022,    0.0020,    0.0022,    0.0026,    0.0023,    0.0032,    0.0028,    0.0049,    0.0054,    0.0043,    0.0063,    0.0069,    0.0064,    0.0041,    0.0005,    0.0011,    0.0054,    0.0064,    0.0128,    0.0134,    0.0166,    0.0177,    0.0184,    0.0195,    0.0214,    0.0219,    0.0204,    0.0186,    0.0164,    0.0195,    0.0271,    0.0275,    0.0700,    0.0765,    0.0801,    0.0813,    0.0798,    0.0885,    0.0850,    0.1116,    0.1026,    0.1160,    0.1097,    0.1168,    0.2529,    0.2468,    0.2563,    0.2787,    0.2805,    0.2705,    0.2800,    0.2871,    0.2929,    0.2723,    0.2685,    0.2788,    0.7047,    0.6439,    0.6366,    0.6174,    0.5703,    0.5349,    0.4696,    0.4320,    0.4153,    0.3640,    0.2797,    0.2598,    0.2003,    0.4366,    0.3330,    0.3179,    0.2145,    0.1557,    0.1259,    0.0505,    0.0446,    0.0317,    0.0110,    0.0089
    2,    1.7500,  227.5722,    0.0382,   56.8705,  142.7227,   86.3547,   -6.8188,  158.4330,  163.5827,  163.6723,  163.8293,  164.1029,  164.5732,  165.3648,  166.6602,  168.4872,  170.9519,  174.2721,  178.5564,  183.8814,  190.3071,  197.9049,  205.8548,  212.8059,  218.1105,  222.1140,  224.8330,  226.3589,  227.0949,  227.3721,  227.5098,  227.5598,    0.0197,    0.0748,    0.1582,    0.2619,    0.3786,    0.5025,    0.6283,    1.4700,    1.8859,    1.9858,    2.0739,    2.0077,    1.8259,    0.9778,    1.6844,    1.9237,    1.6647,    1.8710,    1.9445,    2.0282,    2.0605,    1.9762,    1.9415,    2.0685,    0.7206,    0.7131,    0.6978,    0.6845,    0.6568,    0.6417,    0.5922,    0.5707,    0.5553,    0.5181,    0.5165,    0.4762,    0.3360,    0.3056,    0.2694,    0.2620,    0.2472,    0.2153,    0.2385,    0.2381,    0.2446,    0.2575,    0.2740,    0.2848,    0.3077,    0.3068,    0.2836,    0.2962,    0.2912,    0.2765,    0.2710,    0.2696,    0.2645,    0.2598,    0.2547,    0.2494,    0.6692,    0.6276,    0.5900,    0.5538,    0.5189,    0.4955,    0.4599,    0.4297,    0.3713,    0.3456,    0.2899,    0.2689,    0.3537,    0.3140,    0.2763,    0.2662,    0.2650,    0.2337,    0.2439,    0.2152,    0.2080,    0.1834,    0.1735,    0.1527,    0.3934,    0.2289,    0.1603,    0.1164,    0.0693,    0.0513,    0.0337,    0.0213,    0.0128,    0.0081,    0.0044,    0.0029,    0.0937,    0.0479,    0.0875,    0.1074,    0.1207,    0.1119,    0.1232,    0.1379,    0.1215,    0.1673,    0.1480,    0.1622,    0.1789,    0.1456,    0.2114,    0.2338,    0.1918,    0.2033,    0.2064,    0.2259,    0.2552,    0.1892,    0.3023,    0.3187,    0.3922,    0.4193,    0.4340,    0.4613,    0.4742,    0.4940,    0.4915,    0.5317,    0.5575,    0.5518,    0.6092,    0.6200,    1.0624,    1.1603,    1.2166,    1.2516,    1.2677,    1.3811,    1.3029,    1.3855,    1.3315,    1.4230,    1.3487,    1.4432,    3.1127,    3.0622,    3.1430,    3.1770,    3.2064,    3.0825,    3.1908,    3.2723,    3.3388,    3.1042,    3.0600,    3.1778,    8.0334,    7.4585,    7.3758,    7.1543,    6.6104,    6.2019,    5.4467,    5.0132,    4.8214,    4.2287,    3.2509,    3.0222,    2.3329,    2.0451,    1.5622,    1.4942,    1.0099,    0.7350,    0.5958,    0.2400,    0.2124,    0.1515,    0.0528,    0.0432,    0.0509,    0.1929,    0.4079,    0.6751,    0.9762,    1.2956,    1.6200,    2.0487,    2.1296,    3.3129,    3.7542,    4.0670,    3.3878,    2.9905,    3.6510,    4.0954,    4.1384,    4.2192,    4.2485,    4.1944,    4.1097,    4.0170,    3.8010,    3.6678,    1.2527,    1.2474,    1.2566,    1.2522,    1.2566,    1.2537,    1.2820,    1.2733,    1.2667,    1.2719,    1.2599,    1.2681,    0.9712,    0.9646,    0.9572,    0.9473,    0.9379,    0.9287,    0.9179,    0.9075,    0.8967,    0.8849,    0.8708,    0.8548,    0.8788,    0.8581,    0.8573,    0.8252,    0.8143,    0.8061,    0.7935,    0.7730,    0.7610,    0.7469,    0.7341,    0.7225,    1.9332,    1.8543,    1.7715,    1.6918,    1.6141,    1.5319,    1.4618,    1.3907,    1.3433,    1.2761,    1.2309,    1.1673,    1.7522,    1.6050,    1.4682,    1.3261,    1.1867,    1.0778,    0.9477,    0.8584,    0.7604,    0.6866,    0.6086,    0.5481,    1.3056,    0.9756,    0.6863,    0.4735,    0.3402,    0.2299,    0.1588,    0.1102,    0.0768,    0.0527,    0.0369,    0.0246,    0.0001,    0.0000,    0.0001,    0.0010,    0.0011,    0.0010,    0.0011,    0.0014,    0.0012,    0.0017,    0.0015,    0.0027,    0.0030,    0.0024,    0.0035,    0.0038,    0.0036,    0.0024,    0.0003,    0.0006,    0.0031,    0.0037,    0.0076,    0.0079,    0.0098,    0.0105,    0.0109,    0.0116,    0.0128,    0.0131,    0.0122,    0.0111,    0.0098,    0.0117,    0.0162,    0.0165,    0.0446,    0.0487,    0.0510,    0.0518,    0.0508,    0.0564,    0.0541,    0.0736,    0.0677,    0.0765,    0.0723,    0.0770,    0.1667,    0.1627,    0.1689,    0.1860,    0.1872,    0.1805,    0.1869,    0.1916,    0.1955,    0.1817,    0.1792,    0.1861,    0.4703,    0.4291,    0.4243,    0.4115,    0.3801,    0.3565,    0.3130,    0.2880,    0.2768,    0.2426,    0.1864,    0.1732,    0.1335,    0.3352,    0.2557,    0.2442,    0.1647,    0.1196,    0.0967,    0.0388,    0.0343,    0.0243,    0.0084,    0.0069
    2,    2.0000,  227.5722,    0.0376,   54.6134,  142.7998,   88.6911,   -7.1676,  158.4330,  163.5827,  163.6723,  163.8293,  164.1029,  164.5732,  165.3648,  166.6602,  168.4872,  170.9519,  174.2721,  178.5564,  183.8814,  190.3071,  197.9049,  205.8548,  212.8059,  218.1105,  222.1140,  224.8330,  226.3589,  227.0949,  227.3721,  227.5098,  227.5598,    0.0179,    0.0678,    0.1435,    0.2375,    0.3434,    0.4557,    0.5698,    1.4302,    1.8321,    1.9457,    2.0349,    1.9680,    1.7775,    0.8831,    1.6334,    1.8780,    1.6193,    1.8229,    1.8945,    1.9688,    1.9937,    1.9069,    1.8669,    1.9868,    0.6913,    0.6839,    0.6692,    0.6564,    0.6300,    0.6158,    0.5699,    0.5489,    0.5344,    0.5006,    0.4986,    0.4628,    0.3285,    0.3005,    0.2665,    0.2595,    0.2451,    0.2143,    0.2363,    0.2357,    0.2412,    0.2525,    0.2667,    0.2753,    0.2957,    0.2940,    0.2731,    0.2830,    0.2780,    0.2639,    0.2585,    0.2565,    0.2515,    0.2468,    0.2417,    0.2366,    0.6344,    0.5944,    0.5581,    0.5232,    0.4896,    0.4667,    0.4328,    0.4039,    0.3495,    0.3250,    0.2733,    0.2532,    0.3339,    0.2959,    0.2599,    0.2492,    0.2465,    0.2170,    0.2249,    0.1980,    0.1906,    0.1677,    0.1581,    0.1389,    0.3560,    0.2062,    0.1434,    0.1034,    0.0612,    0.0450,    0.0293,    0.0185,    0.0110,    0.0070,    0.0038,    0.0025,    0.0937,    0.0479,    0.0875,    0.1074,    0.1207,    0.1119,    0.1232,    0.1379,    0.1215,    0.1673,    0.1480,    0.1623,    0.1789,    0.1456,    0.2114,    0.2339,    0.1919,    0.2033,    0.2064,    0.2258,    0.2551,    0.1892,    0.3023,    0.3187,    0.3922,    0.4193,    0.4340,    0.4614,    0.4742,    0.4941,    0.4915,    0.5317,    0.5574,    0.5518,    0.6093,    0.6201,    1.0627,    1.1607,    1.2170,    1.2520,    1.2680,    1.3815,    1.3033,    1.3861,    1.3321,    1.4237,    1.3493,    1.4439,    3.1141,    3.0636,    3.1444,    3.1786,    3.2080,    3.0841,    3.1924,    3.2739,    3.3405,    3.1058,    3.0616,    3.1794,    8.0375,    7.4617,    7.3790,    7.1574,    6.6134,    6.2047,    5.4492,    5.0157,    4.8238,    4.2309,    3.2528,    3.0239,    2.3344,    2.0491,    1.5654,    1.4974,    1.0122,    0.7368,    0.5973,    0.2407,    0.2130,    0.1520,    0.0530,    0.0434,    0.0527,    0.1998,    0.4227,    0.6996,    1.0115,    1.3425,    1.6786,    2.1479,    2.2584,    3.3487,    3.7687,    4.0811,    3.4675,    3.0855,    3.7366,    4.1113,    4.1613,    4.2357,    4.2642,    4.2183,    4.1442,    4.0609,    3.8742,    3.7481,    1.2827,    1.2761,    1.2814,    1.2752,    1.2763,    1.2712,    1.2921,    1.2823,    1.2742,    1.2766,    1.2636,    1.2689,    0.9713,    0.9647,    0.9573,    0.9473,    0.9379,    0.9287,    0.9179,    0.9075,    0.8967,    0.8849,    0.8710,    0.8554,    0.8809,    0.8615,    0.8595,    0.8303,    0.8192,    0.8106,    0.7984,    0.7794,    0.7675,    0.7539,    0.7414,    0.7299,    1.9534,    1.8735,    1.7906,    1.7104,    1.6321,    1.5504,    1.4792,    1.4075,    1.3564,    1.2887,    1.2403,    1.1764,    1.7631,    1.6154,    1.4778,    1.3369,    1.1995,    1.0899,    0.9630,    0.8725,    0.7754,    0.7004,    0.6225,    0.5607,    1.3415,    0.9978,    0.7038,    0.4874,    0.3493,    0.2372,    0.1640,    0.1137,    0.0791,    0.0542,    0.0379,    0.0253,    0.0000,    0.0000,    0.0001,    0.0005,    0.0006,    0.0005,    0.0006,    0.0007,    0.0006,    0.0009,    0.0008,    0.0015,    0.0017,    0.0014,    0.0020,    0.0022,    0.0021,    0.0014,    0.0002,    0.0004,    0.0018,    0.0021,    0.0045,    0.0047,    0.0058,    0.0062,    0.0065,    0.0069,    0.0077,    0.0079,    0.0073,    0.0067,    0.0059,    0.0070,    0.0097,    0.0099,    0.0284,    0.0311,    0.0325,    0.0330,    0.0324,    0.0360,    0.0345,    0.0486,    0.0447,    0.0505,    0.0477,    0.0508,    0.1101,    0.1074,    0.1115,    0.1244,    0.1252,    0.1207,    0.1249,    0.1281,    0.1307,    0.1215,    0.1198,    0.1244,    0.3144,    0.2869,    0.2836,    0.2751,    0.2541,    0.2383,    0.2092,    0.1925,    0.1851,    0.1622,    0.1246,    0.1158,    0.0893,    0.2580,    0.1968,    0.1879,    0.1268,    0.0921,    0.0744,    0.0299,    0.0264,    0.0187,    0.0065,    0.0053
