Particle       ,data/QEXT_96IR_84_VIS_Al_9um_160nm_20_rods_aggregate
Ncase          ,  14
dt (sols)      ,  0.020833
Qext 0.67um    , 21.964000
Alb sfc        ,  0.220000
Conrath nu     ,  0.002000
Sun Flux (W/m2),148.389262
BWN IR (cm-1)  ,     10.0000,     34.1670,     58.3330,     82.5000,    106.6670,    130.8330,    155.0000,    179.1670,    203.3330,    227.5000,    251.6670,    275.8330,    300.0000,    320.7880,    341.5750,    362.3630,    383.1500,    403.9380,    424.7250,    445.5130,    466.3010,    487.0880,    507.8760,    528.6630,    549.4510,    556.7420,    564.0330,    571.3240,    578.6150,    585.9060,    593.1970,    600.4880,    607.7790,    615.0700,    622.3610,    629.6520,    636.9430,    642.5500,    648.1570,    653.7640,    659.3700,    664.9770,    670.5840,    676.1910,    681.7980,    687.4050,    693.0110,    698.6180,    704.2250,    710.1390,    716.0530,    721.9670,    727.8810,    733.7950,    739.7090,    745.6240,    751.5380,    757.4520,    763.3660,    769.2800,    775.1940,    791.5010,    807.8070,    824.1140,    840.4210,    856.7270,    873.0340,    889.3410,    905.6470,    921.9540,    938.2610,    954.5670,    970.8740,    996.8050,   1022.7370,   1048.6680,   1074.6000,   1100.5310,   1126.4630,   1152.3940,   1178.3250,   1204.2570,   1230.1880,   1256.1200,   1282.0510,   1360.3990,   1438.7460,   1517.0940,   1595.4410,   1673.7890,   1752.1370,   1830.4840,   1908.8320,   1987.1790,   2065.5270,   2143.8740,   2222.2220
BWN VIS (cm-1) ,   2222.2200,   2294.3160,   2366.4120,   2438.5080,   2510.6030,   2582.6990,   2654.7950,   2726.8910,   2798.9870,   2871.0820,   2943.1780,   3015.2740,   3087.3700,   3165.9750,   3244.5800,   3323.1850,   3401.7900,   3480.3950,   3559.0000,   3637.6050,   3716.2100,   3794.8150,   3873.4200,   3952.0250,   4030.6300,   4142.2920,   4253.9530,   4365.6150,   4477.2770,   4588.9380,   4700.6000,   4812.2620,   4923.9230,   5035.5850,   5147.2470,   5258.9080,   5370.5700,   5560.6150,   5750.6600,   5940.7050,   6130.7500,   6320.7950,   6510.8400,   6700.8850,   6890.9300,   7080.9750,   7271.0200,   7461.0650,   7651.1100,   8055.1840,   8459.2580,   8863.3330,   9267.4070,   9671.4810,  10075.5550,  10479.6290,  10883.7030,  11287.7780,  11691.8520,  12095.9260,  12500.0000,  13541.6670,  14583.3330,  15625.0000,  16666.6670,  17708.3330,  18750.0000,  19791.6670,  20833.3330,  21875.0000,  22916.6670,  23958.3330,  25000.0000,  26388.8890,  27777.7780,  29166.6670,  30555.5570,  31944.4460,  33333.3350,  34722.2240,  36111.1130,  37500.0030,  38888.8920,  40277.7810,  41666.6700
SUN VIS (W/m2) ,      0.1008,      0.0862,      0.0968,      0.1089,      0.1224,      0.1136,      0.1248,      0.1400,      0.1233,      0.1698,      0.1502,      0.1645,      0.1814,      0.1477,      0.2144,      0.2377,      0.1946,      0.2106,      0.2276,      0.2472,      0.2683,      0.1918,      0.3072,      0.3239,      0.3986,      0.4261,      0.4410,      0.4688,      0.4810,      0.5017,      0.5013,      0.5485,      0.5772,      0.5665,      0.6183,      0.6303,      1.0809,      1.1806,      1.2379,      1.2751,      1.2949,      1.4092,      1.3262,      1.4132,      1.3634,      1.4505,      1.3747,      1.4716,      3.1730,      3.1258,      3.2038,      3.2543,      3.2846,      3.1576,      3.2685,      3.3520,      3.4202,      3.1800,      3.1347,      3.2554,      8.2299,      7.8425,      7.7561,      7.5237,      6.9524,      6.5235,      5.7299,      5.2748,      5.0739,      4.4511,      3.4228,      3.1828,      2.4579,      2.2644,      1.7312,      1.6575,      1.1215,      0.8173,      0.6634,      0.2677,      0.2374,      0.1697,      0.0593,      0.0486
================
wavelenght [um],    0.244068,    0.252632,    0.261818,    0.271698,    0.282353,    0.293878,    0.306383,    0.320000,    0.334884,    0.351220,    0.369231,    0.389189,    0.408511,    0.426667,    0.446512,    0.468293,    0.492308,    0.518919,    0.548571,    0.581818,    0.619355,    0.662069,    0.711111,    0.768000,    0.813143,    0.840768,    0.870336,    0.902060,    0.936184,    0.972991,    1.012810,    1.056028,    1.103099,    1.154562,    1.211061,    1.273375,    1.323436,    1.357581,    1.393534,    1.431444,    1.471474,    1.513807,    1.558648,    1.606226,    1.656801,    1.710664,    1.768147,    1.829628,    1.881560,    1.921939,    1.964090,    2.008131,    2.054193,    2.102417,    2.152960,    2.205992,    2.261704,    2.320302,    2.382017,    2.447105,    2.505432,    2.555765,    2.608162,    2.662752,    2.719677,    2.779088,    2.841153,    2.906054,    2.973989,    3.045176,    3.119855,    3.198288,    3.277268,    3.356577,    3.439819,    3.527294,    3.619334,    3.716307,    3.818620,    3.926726,    4.041130,    4.162400,    4.291175,    4.428172,    4.580751,    4.751270,    4.934974,    5.133456,    5.348572,    5.582505,    5.837838,    6.117648,    6.425631,    6.766266,    7.145039,    7.568734,    7.879690,    8.044056,    8.215425,    8.394255,    8.581043,    8.776330,    8.980716,    9.194848,    9.419442,    9.655282,    9.903235,   10.164260,   10.387231,   10.566200,   10.751445,   10.943308,   11.142136,   11.348323,   11.562291,   11.784476,   12.015368,   12.255495,   12.505409,   12.765727,   12.949392,   13.049328,   13.150818,   13.253898,   13.358608,   13.464994,   13.573088,   13.682923,   13.794549,   13.908012,   14.023357,   14.140631,   14.256763,   14.371646,   14.488386,   14.607038,   14.727660,   14.850291,   14.974981,   15.101782,   15.230738,   15.361915,   15.495384,   15.631191,   15.790367,   15.974275,   16.162517,   16.355249,   16.552633,   16.754839,   16.962047,   17.174443,   17.392227,   17.615605,   17.844795,   18.080028,   18.550914,   19.294981,   20.101230,   20.977796,   21.934298,   22.982219,   24.135264,   25.410119,   26.827165,   28.411593,   30.194923,   32.217118,   34.732292,   37.914692,   41.739101,   46.421699,   52.287582,   59.850314,   69.970927,   84.210526,  105.726686,  142.012170,  216.216216,  452.826771
Qext           ,     21.4970,     21.4970,     21.4970,     21.4970,     21.4970,     21.4970,     21.4970,     21.4970,     21.4970,     21.4970,     21.4970,     21.9640,     21.9640,     21.9640,     21.9640,     21.9640,     21.9640,     21.9640,     21.9640,     21.9640,     21.9640,     21.9640,     21.9640,     17.0020,     17.0020,     17.0020,     17.0020,     17.0020,     17.0020,     17.0020,     17.0020,     17.0020,     17.0020,     15.2920,     15.2920,     15.2920,     15.2920,     15.2920,     15.2920,     15.2920,     15.2920,     16.6880,     16.6880,     16.6880,     16.6880,     16.6880,     16.6880,     16.6880,     17.6830,     17.6830,     17.6830,     17.6830,     17.6830,     17.6830,     17.6830,     17.6830,     19.5110,     19.5110,     19.5110,     19.5110,     19.5110,     19.5110,     22.4990,     22.4990,     22.4990,     22.4990,     22.4990,     22.4990,     24.7120,     24.7120,     24.7120,     24.7120,     24.7120,     24.4220,     24.4220,     24.4220,     24.4220,     29.3520,     29.3520,     29.3520,     29.3520,     27.5850,     27.5850,     27.5850,     30.1140,     30.1140,     38.4980,     38.4980,     31.8110,     31.5900,     31.5900,     36.7080,     46.1950,     47.8680,     38.4170,     34.8900,     36.6670,     36.6670,     39.8380,     39.8380,     47.6400,     47.6400,     56.0520,     56.0520,     63.1150,     69.6650,     69.6650,     72.3040,     68.0080,     68.0080,     61.1990,     61.1990,     56.6990,     56.6990,     54.3740,     53.1910,     53.1910,     53.3750,     53.3750,     53.1180,     51.2410,     51.2410,     51.2410,     51.2410,     50.1510,     50.1510,     50.1510,     50.8410,     50.8410,     50.8410,     53.3530,     53.3530,     53.3530,     57.0390,     57.0390,     57.0390,     60.3220,     60.3220,     60.3220,     63.2630,     63.2630,     63.2630,     66.0010,     66.0010,     66.0010,     69.1490,     69.1490,     72.8320,     72.8320,     77.1120,     82.2680,     82.2680,     87.1610,     87.1610,     91.7720,     96.7140,     99.0540,    110.7590,    122.7510,    118.3480,    131.6920,    131.9070,    125.0250,    124.2590,    112.5760,    101.8340,     94.1290,     70.4130,     61.3200,     58.6970,     29.6910,     14.1880,      7.1750,      5.6880,      5.6880,      5.6880,      5.6880,      5.6880,      5.6880,      5.6880
Qscat          ,     14.0190,     14.0190,     14.0190,     14.0190,     14.0190,     14.0190,     14.0190,     14.0190,     14.0190,     14.0190,     14.0190,     18.2360,     18.2360,     18.2360,     18.2360,     18.2360,     18.2360,     18.2360,     18.2360,     18.2360,     18.2360,     18.2360,     18.2360,     15.2010,     15.2010,     15.2010,     15.2010,     15.2010,     15.2010,     15.2010,     15.2010,     15.2010,     15.2010,     14.0050,     14.0050,     14.0050,     14.0050,     14.0050,     14.0050,     14.0050,     14.0050,     15.2420,     15.2420,     15.2420,     15.2420,     15.2420,     15.2420,     15.2420,     16.3400,     16.3400,     16.3400,     16.3400,     16.3400,     16.3400,     16.3400,     16.3400,     18.2360,     18.2360,     18.2360,     18.2360,     18.2360,     18.2360,     20.9680,     20.9680,     20.9680,     20.9680,     20.9680,     20.9680,     23.1620,     23.1620,     23.1620,     23.1620,     23.1620,     22.7910,     22.7910,     22.7910,     22.7910,     27.1750,     27.1750,     27.1750,     27.1750,     25.3570,     25.3570,     25.3570,     27.9930,     27.9930,     34.7740,     34.7740,     28.9230,     29.0820,     29.0820,     33.7680,     41.6400,     42.1540,     33.9860,     31.2450,     33.1660,     33.1660,     36.4590,     36.4590,     43.4000,     43.4000,     50.6570,     50.6570,     56.3530,     61.2180,     61.2180,     61.9530,     57.5470,     57.5470,     52.1620,     52.1620,     48.6490,     48.6490,     46.9620,     46.1990,     46.1990,     46.0400,     46.0400,     45.5360,     44.5000,     44.5000,     44.5000,     44.5000,     44.4680,     44.4680,     44.4680,     45.4320,     45.4320,     45.4320,     47.8810,     47.8810,     47.8810,     51.1410,     51.1410,     51.1410,     54.4160,     54.4160,     54.4160,     57.2980,     57.2980,     57.2980,     60.0140,     60.0140,     60.0140,     63.3550,     63.3550,     66.5920,     66.5920,     70.4390,     74.8350,     74.8350,     78.3280,     78.3280,     81.2280,     83.9550,     85.2130,     93.1360,     98.3530,     90.8730,     99.4160,    103.4660,    101.3130,    100.1380,     88.9740,     83.3690,     79.4790,     60.2790,     48.7710,     43.8270,     24.9590,     12.0270,      6.1860,      4.6540,      4.6540,      4.6540,      4.6540,      4.6540,      4.6540,      4.6540
G factor       ,      0.6510,      0.6510,      0.6510,      0.6510,      0.6510,      0.6510,      0.6510,      0.6510,      0.6510,      0.6510,      0.6510,      0.3910,      0.3910,      0.3910,      0.3910,      0.3910,      0.3910,      0.3910,      0.3910,      0.3910,      0.3910,      0.3910,      0.3910,      0.2990,      0.2990,      0.2990,      0.2990,      0.2990,      0.2990,      0.2990,      0.2990,      0.2990,      0.2990,      0.2940,      0.2940,      0.2940,      0.2940,      0.2940,      0.2940,      0.2940,      0.2940,      0.2920,      0.2920,      0.2920,      0.2920,      0.2920,      0.2920,      0.2920,      0.3010,      0.3010,      0.3010,      0.3010,      0.3010,      0.3010,      0.3010,      0.3010,      0.3250,      0.3250,      0.3250,      0.3250,      0.3250,      0.3250,      0.3310,      0.3310,      0.3310,      0.3310,      0.3310,      0.3310,      0.3450,      0.3450,      0.3450,      0.3450,      0.3450,      0.3100,      0.3100,      0.3100,      0.3100,      0.3190,      0.3190,      0.3190,      0.3190,      0.3080,      0.3080,      0.3080,      0.3430,      0.3430,      0.3360,      0.3360,      0.3250,      0.3470,      0.3470,      0.3570,      0.3710,      0.3160,      0.2480,      0.2810,      0.3340,      0.3340,      0.3870,      0.3870,      0.4230,      0.4230,      0.4120,      0.4120,      0.3860,      0.3620,      0.3620,      0.2970,      0.2570,      0.2570,      0.2280,      0.2280,      0.2180,      0.2180,      0.1850,      0.1820,      0.1820,      0.2020,      0.2020,      0.2050,      0.2030,      0.2030,      0.2030,      0.2030,      0.2220,      0.2220,      0.2220,      0.2450,      0.2450,      0.2450,      0.2640,      0.2640,      0.2640,      0.2770,      0.2770,      0.2770,      0.2710,      0.2710,      0.2710,      0.2610,      0.2610,      0.2610,      0.2480,      0.2480,      0.2480,      0.2360,      0.2360,      0.2250,      0.2250,      0.2170,      0.2080,      0.2080,      0.1970,      0.1970,      0.1890,      0.1930,      0.1980,      0.2160,      0.2220,      0.2140,      0.2690,      0.2870,      0.2450,      0.2600,      0.2360,      0.1890,      0.1720,      0.1300,      0.0930,      0.1090,      0.1020,      0.0860,      0.0690,      0.0610,      0.0610,      0.0610,      0.0610,      0.0610,      0.0610,      0.0610
================
P [mbar]       ,    0.1004,    0.1015,    0.1034,    0.1069,    0.1130,    0.1239,    0.1432,    0.1740,    0.2226,    0.3028,    0.4349,    0.6529,    1.0121,    1.6044,    2.4646,    3.4606,    4.3994,    5.2226,    5.8426,    6.2132,    6.3980,    6.4686,    6.5039,    6.5168
Temp initial[K],  163.5827,  163.6723,  163.8293,  164.1029,  164.5732,  165.3648,  166.6602,  168.4872,  170.9519,  174.2721,  178.5564,  183.8814,  190.3071,  197.9049,  205.8548,  212.8059,  218.1105,  222.1140,  224.8330,  226.3589,  227.0949,  227.3721,  227.5098,  227.5598
================
it   ,   tau    ,  Tsfc    ,   alb    ,   OLR    ,    ASR   , dnVIS_sfc, dnIR_sfc ,  NET top ,  NET bot , T lev  01, T lev  02, T lev  03, T lev  04, T lev  05, T lev  06, T lev  07, T lev  08, T lev  09, T lev  10, T lev  11, T lev  12, T lev  13, T lev  14, T lev  15, T lev  16, T lev  17, T lev  18, T lev  19, T lev  20, T lev  21, T lev  22, T lev  23, T lev  24, T lev  25,  OLR IR01,  OLR IR02,  OLR IR03,  OLR IR04,  OLR IR05,  OLR IR06,  OLR IR07,  OLR IR08,  OLR IR09,  OLR IR10,  OLR IR11,  OLR IR12,  OLR IR13,  OLR IR14,  OLR IR15,  OLR IR16,  OLR IR17,  OLR IR18,  OLR IR19,  OLR IR20,  OLR IR21,  OLR IR22,  OLR IR23,  OLR IR24,  OLR IR25,  OLR IR26,  OLR IR27,  OLR IR28,  OLR IR29,  OLR IR30,  OLR IR31,  OLR IR32,  OLR IR33,  OLR IR34,  OLR IR35,  OLR IR36,  OLR IR37,  OLR IR38,  OLR IR39,  OLR IR40,  OLR IR41,  OLR IR42,  OLR IR43,  OLR IR44,  OLR IR45,  OLR IR46,  OLR IR47,  OLR IR48,  OLR IR49,  OLR IR50,  OLR IR51,  OLR IR52,  OLR IR53,  OLR IR54,  OLR IR55,  OLR IR56,  OLR IR57,  OLR IR58,  OLR IR59,  OLR IR60,  OLR IR61,  OLR IR62,  OLR IR63,  OLR IR64,  OLR IR65,  OLR IR66,  OLR IR67,  OLR IR68,  OLR IR69,  OLR IR70,  OLR IR71,  OLR IR72,  OLR IR73,  OLR IR74,  OLR IR75,  OLR IR76,  OLR IR77,  OLR IR78,  OLR IR79,  OLR IR80,  OLR IR81,  OLR IR82,  OLR IR83,  OLR IR84,  OLR IR85,  OLR IR86,  OLR IR87,  OLR IR88,  OLR IR89,  OLR IR90,  OLR IR91,  OLR IR92,  OLR IR93,  OLR IR94,  OLR IR95,  OLR IR96, ASR VIS01, ASR VIS02, ASR VIS03, ASR VIS04, ASR VIS05, ASR VIS06, ASR VIS07, ASR VIS08, ASR VIS09, ASR VIS10, ASR VIS11, ASR VIS12, ASR VIS13, ASR VIS14, ASR VIS15, ASR VIS16, ASR VIS17, ASR VIS18, ASR VIS19, ASR VIS20, ASR VIS21, ASR VIS22, ASR VIS23, ASR VIS24, ASR VIS25, ASR VIS26, ASR VIS27, ASR VIS28, ASR VIS29, ASR VIS30, ASR VIS31, ASR VIS32, ASR VIS33, ASR VIS34, ASR VIS35, ASR VIS36, ASR VIS37, ASR VIS38, ASR VIS39, ASR VIS40, ASR VIS41, ASR VIS42, ASR VIS43, ASR VIS44, ASR VIS45, ASR VIS46, ASR VIS47, ASR VIS48, ASR VIS49, ASR VIS50, ASR VIS51, ASR VIS52, ASR VIS53, ASR VIS54, ASR VIS55, ASR VIS56, ASR VIS57, ASR VIS58, ASR VIS59, ASR VIS60, ASR VIS61, ASR VIS62, ASR VIS63, ASR VIS64, ASR VIS65, ASR VIS66, ASR VIS67, ASR VIS68, ASR VIS69, ASR VIS70, ASR VIS71, ASR VIS72, ASR VIS73, ASR VIS74, ASR VIS75, ASR VIS76, ASR VIS77, ASR VIS78, ASR VIS79, ASR VIS80, ASR VIS81, ASR VIS82, ASR VIS83, ASR VIS84, SFC DIR01, SFC DIR02, SFC DIR03, SFC DIR04, SFC DIR05, SFC DIR06, SFC DIR07, SFC DIR08, SFC DIR09, SFC DIR10, SFC DIR11, SFC DIR12, SFC DIR13, SFC DIR14, SFC DIR15, SFC DIR16, SFC DIR17, SFC DIR18, SFC DIR19, SFC DIR20, SFC DIR21, SFC DIR22, SFC DIR23, SFC DIR24, SFC DIR25, SFC DIR26, SFC DIR27, SFC DIR28, SFC DIR29, SFC DIR30, SFC DIR31, SFC DIR32, SFC DIR33, SFC DIR34, SFC DIR35, SFC DIR36, SFC DIR37, SFC DIR38, SFC DIR39, SFC DIR40, SFC DIR41, SFC DIR42, SFC DIR43, SFC DIR44, SFC DIR45, SFC DIR46, SFC DIR47, SFC DIR48, SFC DIR49, SFC DIR50, SFC DIR51, SFC DIR52, SFC DIR53, SFC DIR54, SFC DIR55, SFC DIR56, SFC DIR57, SFC DIR58, SFC DIR59, SFC DIR60, SFC DIR61, SFC DIR62, SFC DIR63, SFC DIR64, SFC DIR65, SFC DIR66, SFC DIR67, SFC DIR68, SFC DIR69, SFC DIR70, SFC DIR71, SFC DIR72, SFC DIR73, SFC DIR74, SFC DIR75, SFC DIR76, SFC DIR77, SFC DIR78, SFC DIR79, SFC DIR80, SFC DIR81, SFC DIR82, SFC DIR83, SFC DIR84, SFC DIR85, SFC DIR86, SFC DIR87, SFC DIR88, SFC DIR89, SFC DIR90, SFC DIR91, SFC DIR92, SFC DIR93, SFC DIR94, SFC DIR95, SFC DIR96,SFC DVIS01,SFC DVIS02,SFC DVIS03,SFC DVIS04,SFC DVIS05,SFC DVIS06,SFC DVIS07,SFC DVIS08,SFC DVIS09,SFC DVIS10,SFC DVIS11,SFC DVIS12,SFC DVIS13,SFC DVIS14,SFC DVIS15,SFC DVIS16,SFC DVIS17,SFC DVIS18,SFC DVIS19,SFC DVIS20,SFC DVIS21,SFC DVIS22,SFC DVIS23,SFC DVIS24,SFC DVIS25,SFC DVIS26,SFC DVIS27,SFC DVIS28,SFC DVIS29,SFC DVIS30,SFC DVIS31,SFC DVIS32,SFC DVIS33,SFC DVIS34,SFC DVIS35,SFC DVIS36,SFC DVIS37,SFC DVIS38,SFC DVIS39,SFC DVIS40,SFC DVIS41,SFC DVIS42,SFC DVIS43,SFC DVIS44,SFC DVIS45,SFC DVIS46,SFC DVIS47,SFC DVIS48,SFC DVIS49,SFC DVIS50,SFC DVIS51,SFC DVIS52,SFC DVIS53,SFC DVIS54,SFC DVIS55,SFC DVIS56,SFC DVIS57,SFC DVIS58,SFC DVIS59,SFC DVIS60,SFC DVIS61,SFC DVIS62,SFC DVIS63,SFC DVIS64,SFC DVIS65,SFC DVIS66,SFC DVIS67,SFC DVIS68,SFC DVIS69,SFC DVIS70,SFC DVIS71,SFC DVIS72,SFC DVIS73,SFC DVIS74,SFC DVIS75,SFC DVIS76,SFC DVIS77,SFC DVIS78,SFC DVIS79,SFC DVIS80,SFC DVIS81,SFC DVIS82,SFC DVIS83,SFC DVIS84
    2,    0.0000,  227.5722,    0.2192,  139.8688,  115.8602,  146.4308,   23.5418,  -23.5218,  -14.0680,  158.4330,  163.5827,  163.6723,  163.8293,  164.1029,  164.5732,  165.3648,  166.6602,  168.4872,  170.9519,  174.2721,  178.5564,  183.8814,  190.3071,  197.9049,  205.8548,  212.8059,  218.1105,  222.1140,  224.8330,  226.3589,  227.0949,  227.3721,  227.5098,  227.5598,    0.0705,    0.2675,    0.5658,    0.9364,    1.3541,    1.7971,    2.2470,    2.6886,    3.1100,    3.5012,    3.8550,    4.1668,    3.7991,    3.9662,    4.1036,    4.2111,    4.2902,    4.3412,    4.3666,    4.3674,    4.3455,    4.3031,    4.2365,    4.1377,    1.4329,    1.4160,    1.3937,    1.3544,    1.3064,    1.2531,    1.1042,    1.0903,    1.0331,    0.8812,    0.8657,    0.6804,    0.4286,    0.3613,    0.2973,    0.2859,    0.2660,    0.2237,    0.2586,    0.2615,    0.2793,    0.3166,    0.3804,    0.4522,    0.5746,    0.6344,    0.5305,    0.6851,    0.6744,    0.6698,    0.6769,    0.7426,    0.7550,    0.7683,    0.7700,    0.7628,    2.0538,    1.9716,    1.9052,    1.8274,    1.7484,    1.6691,    1.5919,    1.5151,    1.4407,    1.3665,    1.2937,    1.2291,    1.8278,    1.6842,    1.5339,    1.3924,    1.2741,    1.1725,    1.0662,    0.9681,    0.8777,    0.7928,    0.7079,    0.6374,    1.5840,    1.1437,    0.8293,    0.5901,    0.4167,    0.2922,    0.2036,    0.1383,    0.0940,    0.0622,    0.0416,    0.0303,    0.0906,    0.0482,    0.0759,    0.0854,    0.0957,    0.0892,    0.0975,    0.1096,    0.0962,    0.1325,    0.1172,    0.1283,    0.1417,    0.1155,    0.1680,    0.1868,    0.1536,    0.1833,    0.2065,    0.2237,    0.2252,    0.1502,    0.2398,    0.2533,    0.3110,    0.3324,    0.3440,    0.3658,    0.3756,    0.3940,    0.4010,    0.4565,    0.4953,    0.4717,    0.4852,    0.4943,    0.8433,    0.9209,    0.9663,    0.9993,    1.0234,    1.1077,    1.0381,    1.1064,    1.0804,    1.1314,    1.0733,    1.1507,    2.4780,    2.4450,    2.4989,    2.5384,    2.5644,    2.4626,    2.5489,    2.6139,    2.6670,    2.4800,    2.4441,    2.5380,    6.4157,    6.1123,    6.0433,    5.8603,    5.4132,    5.0767,    4.4565,    4.0997,    3.9404,    3.4535,    2.6528,    2.4637,    1.8993,    1.7458,    1.3311,    1.2705,    0.8565,    0.6215,    0.5021,    0.2015,    0.1776,    0.1261,    0.0437,    0.0355,    0.0000,    0.0000,    0.0000,    0.0000,    0.0000,    0.0000,    0.0000,    0.0000,    0.0000,    0.0000,    0.0000,    0.0000,    0.0000,    0.0000,    0.0000,    0.0000,    0.0000,    0.0000,    0.0000,    0.0004,    0.0013,    0.0042,    0.0316,    0.1224,    0.0337,    0.0553,    0.0951,    0.1939,    0.3170,    0.4390,    0.7874,    0.8078,    0.8986,    1.0611,    1.1127,    1.2540,    0.9696,    0.9641,    0.9572,    0.9473,    0.9378,    0.9287,    0.9178,    0.9074,    0.8966,    0.8844,    0.8683,    0.8421,    0.8025,    0.6764,    0.7395,    0.4977,    0.5022,    0.4908,    0.4247,    0.2470,    0.1814,    0.1031,    0.0612,    0.0469,    0.0933,    0.0788,    0.0260,    0.0119,    0.0030,    0.0028,    0.0017,    0.0056,    0.0100,    0.0182,    0.0292,    0.0235,    0.0278,    0.0056,    0.0259,    0.0458,    0.0328,    0.0004,    0.0000,    0.0000,    0.0000,    0.0031,    0.0165,    0.0171,    0.0171,    0.0171,    0.0000,    0.0000,    0.0000,    0.0000,    0.0000,    0.0035,    0.0040,    0.0054,    0.0048,    0.0010,    0.0230,    0.0000,    0.0598,    0.1073,    0.1213,    0.1109,    0.1245,    0.1385,    0.1233,    0.1698,    0.1501,    0.1645,    0.1806,    0.1466,    0.2118,    0.2312,    0.1878,    0.1215,    0.0145,    0.0325,    0.1583,    0.1897,    0.3065,    0.3218,    0.3984,    0.4260,    0.4410,    0.4686,    0.4796,    0.4909,    0.4572,    0.4157,    0.3661,    0.4375,    0.6076,    0.6165,    1.0804,    1.1803,    1.2358,    1.2540,    1.2316,    1.3659,    1.3119,    1.3949,    1.2823,    1.4502,    1.3714,    1.4595,    3.1611,    3.0848,    3.2030,    3.2531,    3.2743,    3.1567,    3.2678,    3.3511,    3.4192,    3.1776,    3.1334,    3.2539,    8.2247,    7.8363,    7.7478,    7.5132,    6.9399,    6.5086,    5.7135,    5.2561,    5.0518,    4.4276,    3.4010,    3.1586,    2.4350,    2.2382,    1.7066,    1.6288,    1.0981,    0.7968,    0.6438,    0.2584,    0.2277,    0.1616,    0.0560,    0.0455
    2,    0.0500,  227.5722,    0.2296,  125.9988,  114.3227,  141.5134,   40.5663,  -11.1886,   -0.8790,  158.4330,  163.5827,  163.6723,  163.8293,  164.1029,  164.5732,  165.3648,  166.6602,  168.4872,  170.9519,  174.2721,  178.5564,  183.8814,  190.3071,  197.9049,  205.8548,  212.8059,  218.1105,  222.1140,  224.8330,  226.3589,  227.0949,  227.3721,  227.5098,  227.5598,    0.0698,    0.2647,    0.5599,    0.9266,    1.3398,    1.7781,    2.2232,    2.6517,    3.0289,    3.3200,    3.5113,    3.7579,    3.3727,    3.4221,    3.5206,    3.5988,    3.6210,    3.6455,    3.6718,    3.6672,    3.6638,    3.5984,    3.5812,    3.5422,    1.2281,    1.2213,    1.2127,    1.1842,    1.1578,    1.1178,    1.0120,    1.0065,    0.9595,    0.8327,    0.8224,    0.6619,    0.4215,    0.3574,    0.2957,    0.2846,    0.2650,    0.2233,    0.2576,    0.2603,    0.2778,    0.3137,    0.3742,    0.4412,    0.5531,    0.6044,    0.5098,    0.6462,    0.6367,    0.6314,    0.6355,    0.6904,    0.6975,    0.7070,    0.7072,    0.7001,    1.8789,    1.8016,    1.7389,    1.6644,    1.5919,    1.5170,    1.4459,    1.3761,    1.3004,    1.2335,    1.1594,    1.1011,    1.6344,    1.5236,    1.3879,    1.2756,    1.1814,    1.0863,    1.0000,    0.9078,    0.8291,    0.7490,    0.6692,    0.6025,    1.4949,    1.0702,    0.7679,    0.5507,    0.3941,    0.2783,    0.1939,    0.1314,    0.0884,    0.0586,    0.0397,    0.0289,    0.0894,    0.0481,    0.0744,    0.0829,    0.0929,    0.0866,    0.0946,    0.1067,    0.0938,    0.1290,    0.1141,    0.1251,    0.1382,    0.1126,    0.1638,    0.1821,    0.1501,    0.1800,    0.2049,    0.2216,    0.2217,    0.1467,    0.2349,    0.2481,    0.3046,    0.3255,    0.3370,    0.3583,    0.3687,    0.3868,    0.3939,    0.4490,    0.4878,    0.4639,    0.4762,    0.4853,    0.8289,    0.9051,    0.9497,    0.9824,    1.0063,    1.0890,    1.0204,    1.0890,    1.0638,    1.1135,    1.0563,    1.1326,    2.4389,    2.4065,    2.4593,    2.4977,    2.5234,    2.4231,    2.5080,    2.5720,    2.6242,    2.4402,    2.4049,    2.4973,    6.3129,    6.0359,    5.9678,    5.7872,    5.3456,    5.0134,    4.4010,    4.0487,    3.8914,    3.4107,    2.6199,    2.4333,    1.8759,    1.7593,    1.3415,    1.2804,    0.8633,    0.6265,    0.5062,    0.2032,    0.1791,    0.1272,    0.0441,    0.0359,    0.0010,    0.0038,    0.0081,    0.0133,    0.0192,    0.0254,    0.0317,    0.0457,    0.1027,    0.2329,    0.5141,    0.5613,    0.5365,    0.7047,    0.7857,    0.8685,    0.9290,    0.9481,    0.9881,    1.0218,    0.9506,    0.9392,    0.8459,    0.8296,    0.2738,    0.2768,    0.2948,    0.3754,    0.4659,    0.5675,    0.8576,    0.8686,    0.9460,    1.0862,    1.1296,    1.2551,    0.9697,    0.9641,    0.9572,    0.9473,    0.9378,    0.9287,    0.9178,    0.9074,    0.8966,    0.8844,    0.8684,    0.8428,    0.8085,    0.6923,    0.7496,    0.5271,    0.5301,    0.5193,    0.4588,    0.2967,    0.2394,    0.1680,    0.1293,    0.1153,    0.2872,    0.2663,    0.2106,    0.1916,    0.1754,    0.1706,    0.1635,    0.1590,    0.1648,    0.1641,    0.1765,    0.1636,    0.2385,    0.1794,    0.1822,    0.1687,    0.1298,    0.0912,    0.0693,    0.0628,    0.0503,    0.0483,    0.0562,    0.0527,    0.1079,    0.0913,    0.0618,    0.0392,    0.0224,    0.0138,    0.0096,    0.0101,    0.0093,    0.0088,    0.0066,    0.0023,    0.0220,    0.0000,    0.0572,    0.1025,    0.1159,    0.1060,    0.1189,    0.1333,    0.1187,    0.1635,    0.1445,    0.1586,    0.1741,    0.1414,    0.2042,    0.2229,    0.1815,    0.1174,    0.0141,    0.0314,    0.1529,    0.1833,    0.2975,    0.3124,    0.3867,    0.4135,    0.4281,    0.4548,    0.4662,    0.4772,    0.4444,    0.4040,    0.3559,    0.4253,    0.5906,    0.5992,    1.0510,    1.1481,    1.2021,    1.2198,    1.1980,    1.3287,    1.2761,    1.3603,    1.2504,    1.4142,    1.3374,    1.4233,    3.0826,    3.0082,    3.1235,    3.1600,    3.1807,    3.0664,    3.1744,    3.2553,    3.3214,    3.0868,    3.0439,    3.1609,    7.9896,    7.5359,    7.4508,    7.2252,    6.6739,    6.2591,    5.4945,    5.0546,    4.8582,    4.2579,    3.2707,    3.0376,    2.3418,    2.1396,    1.6313,    1.5568,    1.0496,    0.7616,    0.6153,    0.2469,    0.2176,    0.1545,    0.0535,    0.0435
    2,    0.1000,  227.5722,    0.2392,  115.7371,  112.8972,  136.8428,   53.6739,   -2.3518,    8.5855,  158.4330,  163.5827,  163.6723,  163.8293,  164.1029,  164.5732,  165.3648,  166.6602,  168.4872,  170.9519,  174.2721,  178.5564,  183.8814,  190.3071,  197.9049,  205.8548,  212.8059,  218.1105,  222.1140,  224.8330,  226.3589,  227.0949,  227.3721,  227.5098,  227.5598,    0.0691,    0.2620,    0.5541,    0.9171,    1.3259,    1.7596,    2.2000,    2.6160,    2.9530,    3.1610,    3.2459,    3.4439,    3.0506,    3.0402,    3.1214,    3.1896,    3.1835,    3.1923,    3.2230,    3.2187,    3.2156,    3.1362,    3.1323,    3.1189,    1.0815,    1.0794,    1.0780,    1.0567,    1.0436,    1.0129,    0.9373,    0.9374,    0.8982,    0.7911,    0.7846,    0.6448,    0.4147,    0.3537,    0.2942,    0.2833,    0.2640,    0.2229,    0.2567,    0.2592,    0.2762,    0.3108,    0.3682,    0.4309,    0.5336,    0.5777,    0.4912,    0.6124,    0.6037,    0.5980,    0.5998,    0.6459,    0.6490,    0.6556,    0.6547,    0.6477,    1.7335,    1.6605,    1.6010,    1.5296,    1.4625,    1.3916,    1.3256,    1.2615,    1.1861,    1.1251,    1.0515,    0.9982,    1.4792,    1.3916,    1.2678,    1.1772,    1.1015,    1.0119,    0.9414,    0.8545,    0.7856,    0.7097,    0.6345,    0.5712,    1.4151,    1.0053,    0.7146,    0.5161,    0.3737,    0.2655,    0.1850,    0.1251,    0.0835,    0.0553,    0.0380,    0.0276,    0.0883,    0.0480,    0.0729,    0.0806,    0.0904,    0.0842,    0.0920,    0.1041,    0.0915,    0.1259,    0.1113,    0.1221,    0.1349,    0.1099,    0.1600,    0.1779,    0.1469,    0.1769,    0.2034,    0.2196,    0.2183,    0.1435,    0.2303,    0.2433,    0.2986,    0.3192,    0.3303,    0.3513,    0.3621,    0.3800,    0.3872,    0.4420,    0.4807,    0.4566,    0.4678,    0.4767,    0.8152,    0.8903,    0.9342,    0.9664,    0.9902,    1.0714,    1.0038,    1.0726,    1.0481,    1.0966,    1.0402,    1.1154,    2.4018,    2.3702,    2.4218,    2.4594,    2.4849,    2.3860,    2.4696,    2.5326,    2.5841,    2.4029,    2.3681,    2.4591,    6.2164,    5.9660,    5.8987,    5.7202,    5.2839,    4.9556,    4.3504,    4.0022,    3.8469,    3.3717,    2.5901,    2.4057,    1.8548,    1.7726,    1.3517,    1.2903,    0.8701,    0.6315,    0.5103,    0.2049,    0.1806,    0.1283,    0.0445,    0.0362,    0.0020,    0.0075,    0.0159,    0.0263,    0.0379,    0.0502,    0.0626,    0.0902,    0.2000,    0.4425,    0.9376,    1.0182,    0.9631,    1.2351,    1.3685,    1.5036,    1.5946,    1.6230,    1.6883,    1.7402,    1.6298,    1.6030,    1.4397,    1.3574,    0.4538,    0.4445,    0.4481,    0.5151,    0.5825,    0.6685,    0.9143,    0.9185,    0.9851,    1.1072,    1.1439,    1.2560,    0.9697,    0.9641,    0.9572,    0.9473,    0.9378,    0.9287,    0.9178,    0.9074,    0.8966,    0.8844,    0.8684,    0.8435,    0.8138,    0.7062,    0.7584,    0.5528,    0.5545,    0.5440,    0.4883,    0.3395,    0.2888,    0.2232,    0.1871,    0.1735,    0.4511,    0.4245,    0.3663,    0.3426,    0.3203,    0.3111,    0.2988,    0.2874,    0.2930,    0.2849,    0.2969,    0.2782,    0.4102,    0.3239,    0.3123,    0.2732,    0.2140,    0.1700,    0.1308,    0.1186,    0.0954,    0.0889,    0.0919,    0.0847,    0.1894,    0.1570,    0.1154,    0.0738,    0.0426,    0.0263,    0.0183,    0.0162,    0.0140,    0.0119,    0.0082,    0.0035,    0.0211,    0.0000,    0.0548,    0.0980,    0.1109,    0.1014,    0.1138,    0.1285,    0.1144,    0.1576,    0.1393,    0.1531,    0.1680,    0.1364,    0.1970,    0.2151,    0.1755,    0.1135,    0.0136,    0.0304,    0.1479,    0.1773,    0.2890,    0.3034,    0.3755,    0.4016,    0.4158,    0.4417,    0.4534,    0.4641,    0.4322,    0.3929,    0.3461,    0.4136,    0.5744,    0.5828,    1.0229,    1.1174,    1.1700,    1.1872,    1.1660,    1.2931,    1.2420,    1.3271,    1.2199,    1.3797,    1.3047,    1.3885,    3.0074,    2.9348,    3.0472,    3.0712,    3.0912,    2.9802,    3.0851,    3.1638,    3.2280,    3.0000,    2.9583,    3.0720,    7.7650,    7.2511,    7.1693,    6.9522,    6.4218,    6.0227,    5.2871,    4.8639,    4.6749,    4.0974,    3.1474,    2.9232,    2.2537,    2.0465,    1.5603,    1.4891,    1.0039,    0.7284,    0.5885,    0.2362,    0.2081,    0.1477,    0.0512,    0.0416
    2,    0.1500,  227.5722,    0.2481,  107.8139,  111.5685,  132.3944,   64.1294,    4.2433,   15.5712,  158.4330,  163.5827,  163.6723,  163.8293,  164.1029,  164.5732,  165.3648,  166.6602,  168.4872,  170.9519,  174.2721,  178.5564,  183.8814,  190.3071,  197.9049,  205.8548,  212.8059,  218.1105,  222.1140,  224.8330,  226.3589,  227.0949,  227.3721,  227.5098,  227.5598,    0.0684,    0.2594,    0.5485,    0.9078,    1.3124,    1.7417,    2.1775,    2.5814,    2.8816,    3.0207,    3.0373,    3.1982,    2.8014,    2.7623,    2.8368,    2.9034,    2.8823,    2.8810,    2.9163,    2.9135,    2.9046,    2.8162,    2.8105,    2.8062,    0.9725,    0.9722,    0.9745,    0.9581,    0.9534,    0.9293,    0.8756,    0.8794,    0.8462,    0.7551,    0.7513,    0.6289,    0.4083,    0.3501,    0.2927,    0.2820,    0.2630,    0.2226,    0.2558,    0.2582,    0.2747,    0.3080,    0.3626,    0.4213,    0.5159,    0.5539,    0.4744,    0.5826,    0.5747,    0.5686,    0.5686,    0.6075,    0.6076,    0.6120,    0.6101,    0.6033,    1.6112,    1.5417,    1.4851,    1.4165,    1.3538,    1.2866,    1.2251,    1.1656,    1.0915,    1.0353,    0.9630,    0.9139,    1.3523,    1.2815,    1.1674,    1.0933,    1.0318,    0.9472,    0.8894,    0.8072,    0.7465,    0.6743,    0.6031,    0.5430,    1.3432,    0.9476,    0.6679,    0.4853,    0.3552,    0.2538,    0.1768,    0.1194,    0.0790,    0.0523,    0.0364,    0.0264,    0.0873,    0.0479,    0.0716,    0.0785,    0.0880,    0.0821,    0.0896,    0.1018,    0.0893,    0.1230,    0.1088,    0.1194,    0.1318,    0.1074,    0.1564,    0.1739,    0.1439,    0.1739,    0.2020,    0.2176,    0.2152,    0.1406,    0.2260,    0.2387,    0.2930,    0.3132,    0.3241,    0.3447,    0.3559,    0.3736,    0.3809,    0.4353,    0.4740,    0.4496,    0.4599,    0.4687,    0.8024,    0.8763,    0.9195,    0.9513,    0.9750,    1.0548,    0.9881,    1.0570,    1.0332,    1.0805,    1.0250,    1.0991,    2.3667,    2.3357,    2.3863,    2.4235,    2.4486,    2.3511,    2.4335,    2.4956,    2.5463,    2.3678,    2.3335,    2.4232,    6.1256,    5.9018,    5.8353,    5.6588,    5.2272,    4.9025,    4.3039,    3.9596,    3.8060,    3.3360,    2.5628,    2.3804,    1.8354,    1.7849,    1.3612,    1.2995,    0.8764,    0.6362,    0.5142,    0.2065,    0.1821,    0.1293,    0.0449,    0.0365,    0.0030,    0.0112,    0.0236,    0.0390,    0.0563,    0.0745,    0.0929,    0.1334,    0.2925,    0.6321,    1.2920,    1.3973,    1.3108,    1.6490,    1.8173,    1.9857,    2.0925,    2.1257,    2.2063,    2.2670,    2.1360,    2.0964,    1.8915,    1.7668,    0.5938,    0.5761,    0.5697,    0.6260,    0.6765,    0.7500,    0.9610,    0.9602,    1.0179,    1.1251,    1.1561,    1.2569,    0.9698,    0.9642,    0.9572,    0.9473,    0.9378,    0.9287,    0.9178,    0.9074,    0.8966,    0.8844,    0.8685,    0.8441,    0.8186,    0.7185,    0.7663,    0.5754,    0.5759,    0.5657,    0.5140,    0.3766,    0.3314,    0.2708,    0.2369,    0.2235,    0.5916,    0.5599,    0.4994,    0.4714,    0.4438,    0.4305,    0.4139,    0.3964,    0.4008,    0.3866,    0.3972,    0.3736,    0.5529,    0.4461,    0.4222,    0.3631,    0.2878,    0.2391,    0.1858,    0.1684,    0.1362,    0.1257,    0.1242,    0.1137,    0.2630,    0.2155,    0.1625,    0.1044,    0.0609,    0.0378,    0.0263,    0.0217,    0.0183,    0.0146,    0.0096,    0.0046,    0.0203,    0.0000,    0.0526,    0.0939,    0.1062,    0.0971,    0.1090,    0.1240,    0.1104,    0.1520,    0.1343,    0.1478,    0.1623,    0.1318,    0.1903,    0.2078,    0.1699,    0.1099,    0.0132,    0.0294,    0.1431,    0.1716,    0.2809,    0.2949,    0.3650,    0.3903,    0.4041,    0.4293,    0.4413,    0.4516,    0.4206,    0.3823,    0.3368,    0.4024,    0.5589,    0.5671,    0.9960,    1.0881,    1.1392,    1.1560,    1.1353,    1.2591,    1.2094,    1.2952,    1.1906,    1.3466,    1.2734,    1.3551,    2.9351,    2.8643,    2.9740,    2.9862,    3.0057,    2.8977,    2.9997,    3.0762,    3.1387,    2.9170,    2.8764,    2.9870,    7.5502,    6.9806,    6.9019,    6.6930,    6.1824,    5.7983,    5.0901,    4.6827,    4.5009,    3.9449,    3.0304,    2.8146,    2.1700,    1.9578,    1.4927,    1.4246,    0.9604,    0.6969,    0.5630,    0.2259,    0.1991,    0.1413,    0.0490,    0.0398
    2,    0.2000,  227.5722,    0.2565,  101.4928,  110.3281,  128.1526,   72.6793,    9.3247,   20.8125,  158.4330,  163.5827,  163.6723,  163.8293,  164.1029,  164.5732,  165.3648,  166.6602,  168.4872,  170.9519,  174.2721,  178.5564,  183.8814,  190.3071,  197.9049,  205.8548,  212.8059,  218.1105,  222.1140,  224.8330,  226.3589,  227.0949,  227.3721,  227.5098,  227.5598,    0.0677,    0.2568,    0.5431,    0.8987,    1.2993,    1.7242,    2.1555,    2.5480,    2.8146,    2.8963,    2.8709,    3.0026,    2.6050,    2.5543,    2.6272,    2.6955,    2.6660,    2.6578,    2.6966,    2.6952,    2.6792,    2.5846,    2.5714,    2.5681,    0.8891,    0.8890,    0.8930,    0.8802,    0.8806,    0.8615,    0.8237,    0.8300,    0.8016,    0.7235,    0.7218,    0.6141,    0.4021,    0.3466,    0.2912,    0.2808,    0.2621,    0.2222,    0.2548,    0.2571,    0.2733,    0.3053,    0.3572,    0.4122,    0.4996,    0.5325,    0.4592,    0.5562,    0.5489,    0.5425,    0.5411,    0.5741,    0.5720,    0.5745,    0.5720,    0.5653,    1.5069,    1.4407,    1.3865,    1.3204,    1.2616,    1.1977,    1.1400,    1.0844,    1.0120,    0.9597,    0.8894,    0.8437,    1.2467,    1.1883,    1.0824,    1.0208,    0.9706,    0.8904,    0.8429,    0.7649,    0.7110,    0.6422,    0.5747,    0.5173,    1.2781,    0.8960,    0.6266,    0.4578,    0.3384,    0.2431,    0.1693,    0.1141,    0.0749,    0.0497,    0.0350,    0.0253,    0.0864,    0.0478,    0.0704,    0.0767,    0.0859,    0.0801,    0.0874,    0.0995,    0.0874,    0.1203,    0.1064,    0.1168,    0.1290,    0.1052,    0.1530,    0.1702,    0.1411,    0.1712,    0.2006,    0.2158,    0.2123,    0.1378,    0.2219,    0.2345,    0.2878,    0.3075,    0.3183,    0.3385,    0.3501,    0.3676,    0.3749,    0.4289,    0.4676,    0.4430,    0.4524,    0.4611,    0.7903,    0.8630,    0.9056,    0.9371,    0.9606,    1.0391,    0.9733,    1.0422,    1.0190,    1.0652,    1.0105,    1.0837,    2.3333,    2.3029,    2.3526,    2.3897,    2.4145,    2.3183,    2.3996,    2.4608,    2.5108,    2.3348,    2.3010,    2.3894,    6.0402,    5.8427,    5.7770,    5.6023,    5.1751,    4.8537,    4.2611,    3.9203,    3.7684,    3.3031,    2.5376,    2.3572,    1.8176,    1.7964,    1.3701,    1.3081,    0.8823,    0.6406,    0.5178,    0.2080,    0.1834,    0.1303,    0.0452,    0.0368,    0.0039,    0.0148,    0.0312,    0.0515,    0.0743,    0.0983,    0.1226,    0.1755,    0.3805,    0.8045,    1.5921,    1.7164,    1.5997,    1.9804,    2.1721,    2.3613,    2.4757,    2.5115,    2.6004,    2.6640,    2.5239,    2.4745,    2.2459,    2.0932,    0.7058,    0.6822,    0.6686,    0.7164,    0.7537,    0.8172,    1.0001,    0.9955,    1.0459,    1.1404,    1.1667,    1.2577,    0.9698,    0.9642,    0.9572,    0.9473,    0.9378,    0.9287,    0.9178,    0.9074,    0.8966,    0.8844,    0.8686,    0.8447,    0.8229,    0.7295,    0.7732,    0.5953,    0.5948,    0.5849,    0.5366,    0.4092,    0.3686,    0.3122,    0.2803,    0.2670,    0.7132,    0.6770,    0.6146,    0.5825,    0.5503,    0.5334,    0.5128,    0.4902,    0.4929,    0.4734,    0.4820,    0.4542,    0.6733,    0.5508,    0.5164,    0.4413,    0.3531,    0.3001,    0.2352,    0.2131,    0.1733,    0.1590,    0.1536,    0.1401,    0.3298,    0.2679,    0.2041,    0.1318,    0.0776,    0.0484,    0.0336,    0.0267,    0.0221,    0.0171,    0.0110,    0.0056,    0.0194,    0.0000,    0.0505,    0.0900,    0.1019,    0.0931,    0.1045,    0.1197,    0.1066,    0.1468,    0.1297,    0.1429,    0.1569,    0.1274,    0.1840,    0.2008,    0.1645,    0.1064,    0.0128,    0.0285,    0.1386,    0.1662,    0.2731,    0.2867,    0.3549,    0.3796,    0.3929,    0.4175,    0.4296,    0.4397,    0.4095,    0.3722,    0.3279,    0.3918,    0.5442,    0.5521,    0.9703,    1.0600,    1.1098,    1.1261,    1.1059,    1.2266,    1.1781,    1.2646,    1.1624,    1.3147,    1.2433,    1.3231,    2.8657,    2.7965,    2.9037,    2.9048,    2.9238,    2.8187,    2.9180,    2.9924,    3.0532,    2.8375,    2.7981,    2.9056,    7.3445,    6.7234,    6.6476,    6.4465,    5.9548,    5.5848,    4.9028,    4.5105,    4.3354,    3.7999,    2.9191,    2.7112,    2.0904,    1.8732,    1.4282,    1.3631,    0.9190,    0.6668,    0.5387,    0.2162,    0.1905,    0.1353,    0.0469,    0.0381
    2,    0.3000,  227.5722,    0.2716,   91.9856,  108.0840,  120.2350,   85.8179,   16.5890,   27.7754,  158.4330,  163.5827,  163.6723,  163.8293,  164.1029,  164.5732,  165.3648,  166.6602,  168.4872,  170.9519,  174.2721,  178.5564,  183.8814,  190.3071,  197.9049,  205.8548,  212.8059,  218.1105,  222.1140,  224.8330,  226.3589,  227.0949,  227.3721,  227.5098,  227.5598,    0.0664,    0.2519,    0.5326,    0.8813,    1.2741,    1.6906,    2.1133,    2.4842,    2.6921,    2.6867,    2.6260,    2.7158,    2.3198,    2.2698,    2.3452,    2.4183,    2.3811,    2.3639,    2.4060,    2.4052,    2.3769,    2.2754,    2.2446,    2.2338,    0.7713,    0.7698,    0.7740,    0.7655,    0.7709,    0.7582,    0.7414,    0.7505,    0.7289,    0.6705,    0.6715,    0.5875,    0.3907,    0.3400,    0.2883,    0.2783,    0.2601,    0.2214,    0.2531,    0.2550,    0.2704,    0.3002,    0.3471,    0.3956,    0.4708,    0.4955,    0.4327,    0.5116,    0.5051,    0.4985,    0.4951,    0.5188,    0.5138,    0.5138,    0.5102,    0.5038,    1.3394,    1.2783,    1.2282,    1.1666,    1.1137,    1.0555,    1.0041,    0.9547,    0.8863,    0.8402,    0.7742,    0.7337,    1.0818,    1.0396,    0.9466,    0.9025,    0.8683,    0.7954,    0.7632,    0.6923,    0.6494,    0.5865,    0.5252,    0.4727,    1.1649,    0.8075,    0.5571,    0.4108,    0.3089,    0.2239,    0.1559,    0.1048,    0.0678,    0.0450,    0.0323,    0.0234,    0.0847,    0.0476,    0.0683,    0.0734,    0.0822,    0.0767,    0.0837,    0.0956,    0.0839,    0.1154,    0.1021,    0.1122,    0.1240,    0.1010,    0.1471,    0.1636,    0.1360,    0.1662,    0.1979,    0.2123,    0.2070,    0.1328,    0.2145,    0.2266,    0.2781,    0.2973,    0.3077,    0.3272,    0.3395,    0.3565,    0.3640,    0.4172,    0.4558,    0.4309,    0.4387,    0.4472,    0.7680,    0.8387,    0.8801,    0.9109,    0.9342,    1.0103,    0.9460,    1.0147,    0.9927,    1.0370,    0.9838,    1.0551,    2.2716,    2.2423,    2.2902,    2.3278,    2.3521,    2.2583,    2.3375,    2.3971,    2.4458,    2.2743,    2.2414,    2.3276,    5.8839,    5.7383,    5.6739,    5.5024,    5.0830,    4.7675,    4.1856,    3.8510,    3.7019,    3.2451,    2.4932,    2.3161,    1.7861,    1.8168,    1.3859,    1.3235,    0.8929,    0.6484,    0.5243,    0.2106,    0.1859,    0.1321,    0.0459,    0.0374,    0.0057,    0.0217,    0.0458,    0.0757,    0.1091,    0.1445,    0.1802,    0.2565,    0.5442,    1.1066,    2.0698,    2.2221,    2.0515,    2.4750,    2.6915,    2.8984,    3.0160,    3.0544,    3.1460,    3.2055,    3.0667,    3.0058,    2.7613,    2.5790,    0.8732,    0.8426,    0.8198,    0.8544,    0.8734,    0.9214,    1.0618,    1.0520,    1.0907,    1.1654,    1.1840,    1.2590,    0.9700,    0.9642,    0.9572,    0.9473,    0.9378,    0.9287,    0.9178,    0.9074,    0.8966,    0.8845,    0.8688,    0.8457,    0.8303,    0.7480,    0.7851,    0.6290,    0.6269,    0.6172,    0.5746,    0.4637,    0.4303,    0.3807,    0.3519,    0.3389,    0.9134,    0.8695,    0.8037,    0.7645,    0.7248,    0.7014,    0.6743,    0.6433,    0.6417,    0.6137,    0.6175,    0.5830,    0.8651,    0.7206,    0.6692,    0.5707,    0.4634,    0.4031,    0.3204,    0.2903,    0.2381,    0.2173,    0.2049,    0.1862,    0.4462,    0.3579,    0.2743,    0.1786,    0.1067,    0.0672,    0.0467,    0.0357,    0.0288,    0.0215,    0.0134,    0.0075,    0.0180,    0.0000,    0.0467,    0.0831,    0.0940,    0.0859,    0.0965,    0.1119,    0.0996,    0.1372,    0.1213,    0.1339,    0.1470,    0.1193,    0.1723,    0.1882,    0.1547,    0.1000,    0.0120,    0.0268,    0.1303,    0.1562,    0.2587,    0.2716,    0.3362,    0.3595,    0.3722,    0.3954,    0.4078,    0.4174,    0.3886,    0.3532,    0.3112,    0.3718,    0.5166,    0.5241,    0.9219,    1.0072,    1.0545,    1.0700,    1.0508,    1.1654,    1.1194,    1.2067,    1.1092,    1.2546,    1.1864,    1.2626,    2.7347,    2.6687,    2.7710,    2.7520,    2.7700,    2.6705,    2.7645,    2.8350,    2.8926,    2.6882,    2.6509,    2.7528,    6.9582,    6.2454,    6.1751,    5.9883,    5.5316,    5.1881,    4.5546,    4.1902,    4.0277,    3.5304,    2.7121,    2.5192,    1.9424,    1.7156,    1.3081,    1.2485,    0.8418,    0.6109,    0.4935,    0.1981,    0.1746,    0.1239,    0.0430,    0.0349
    2,    0.4000,  227.5722,    0.2849,   85.1079,  106.1148,  112.9939,   95.4000,   21.4987,   31.7095,  158.4330,  163.5827,  163.6723,  163.8293,  164.1029,  164.5732,  165.3648,  166.6602,  168.4872,  170.9519,  174.2721,  178.5564,  183.8814,  190.3071,  197.9049,  205.8548,  212.8059,  218.1105,  222.1140,  224.8330,  226.3589,  227.0949,  227.3721,  227.5098,  227.5598,    0.0652,    0.2472,    0.5227,    0.8649,    1.2502,    1.6587,    2.0733,    2.4243,    2.5831,    2.5181,    2.4577,    2.5197,    2.1271,    2.0891,    2.1676,    2.2434,    2.2028,    2.1800,    2.2217,    2.2195,    2.1830,    2.0788,    2.0341,    2.0133,    0.6931,    0.6895,    0.6923,    0.6860,    0.6928,    0.6839,    0.6792,    0.6892,    0.6723,    0.6278,    0.6303,    0.5640,    0.3802,    0.3338,    0.2855,    0.2760,    0.2583,    0.2207,    0.2513,    0.2530,    0.2676,    0.2953,    0.3378,    0.3808,    0.4462,    0.4648,    0.4103,    0.4752,    0.4694,    0.4626,    0.4580,    0.4752,    0.4684,    0.4667,    0.4626,    0.4564,    1.2113,    1.1543,    1.1073,    1.0494,    1.0011,    0.9475,    0.9009,    0.8561,    0.7919,    0.7503,    0.6886,    0.6520,    0.9593,    0.9266,    0.8433,    0.8101,    0.7863,    0.7193,    0.6976,    0.6325,    0.5976,    0.5396,    0.4835,    0.4350,    1.0698,    0.7344,    0.5008,    0.3721,    0.2839,    0.2074,    0.1443,    0.0967,    0.0619,    0.0410,    0.0300,    0.0217,    0.0831,    0.0474,    0.0664,    0.0706,    0.0791,    0.0738,    0.0805,    0.0922,    0.0809,    0.1113,    0.0984,    0.1082,    0.1196,    0.0975,    0.1419,    0.1579,    0.1316,    0.1617,    0.1954,    0.2091,    0.2023,    0.1284,    0.2080,    0.2197,    0.2696,    0.2881,    0.2982,    0.3171,    0.3299,    0.3466,    0.3542,    0.4067,    0.4450,    0.4199,    0.4264,    0.4348,    0.7481,    0.8169,    0.8573,    0.8874,    0.9105,    0.9844,    0.9216,    0.9900,    0.9690,    1.0114,    0.9596,    1.0293,    2.2158,    2.1875,    2.2339,    2.2728,    2.2965,    2.2049,    2.2822,    2.3404,    2.3880,    2.2206,    2.1884,    2.2726,    5.7448,    5.6496,    5.5862,    5.4175,    5.0047,    4.6942,    4.1213,    3.7920,    3.6454,    3.1957,    2.4555,    2.2812,    1.7594,    1.8344,    1.3995,    1.3368,    0.9020,    0.6552,    0.5300,    0.2130,    0.1880,    0.1337,    0.0464,    0.0378,    0.0075,    0.0284,    0.0599,    0.0989,    0.1426,    0.1887,    0.2354,    0.3334,    0.6934,    1.3625,    2.4283,    2.6012,    2.3868,    2.8209,    3.0446,    3.2509,    3.3650,    3.4046,    3.4894,    3.5394,    3.4134,    3.3486,    3.1110,    2.9191,    0.9913,    0.9573,    0.9295,    0.9547,    0.9616,    0.9983,    1.1081,    1.0951,    1.1250,    1.1849,    1.1976,    1.2602,    0.9701,    0.9642,    0.9572,    0.9473,    0.9378,    0.9287,    0.9178,    0.9074,    0.8966,    0.8845,    0.8689,    0.8466,    0.8365,    0.7632,    0.7948,    0.6563,    0.6529,    0.6434,    0.6053,    0.5074,    0.4793,    0.4351,    0.4088,    0.3960,    1.0712,    1.0210,    0.9526,    0.9073,    0.8617,    0.8326,    0.8002,    0.7627,    0.7565,    0.7218,    0.7206,    0.6810,    1.0107,    0.8523,    0.7876,    0.6733,    0.5530,    0.4867,    0.3913,    0.3545,    0.2929,    0.2666,    0.2484,    0.2252,    0.5445,    0.4325,    0.3312,    0.2172,    0.1314,    0.0833,    0.0579,    0.0433,    0.0344,    0.0251,    0.0156,    0.0090,    0.0167,    0.0000,    0.0433,    0.0770,    0.0871,    0.0796,    0.0894,    0.1049,    0.0934,    0.1287,    0.1137,    0.1258,    0.1381,    0.1121,    0.1619,    0.1768,    0.1458,    0.0942,    0.0114,    0.0253,    0.1228,    0.1472,    0.2455,    0.2578,    0.3191,    0.3412,    0.3533,    0.3753,    0.3878,    0.3968,    0.3695,    0.3357,    0.2958,    0.3534,    0.4912,    0.4983,    0.8774,    0.9585,    1.0035,    1.0182,    0.9999,    1.1090,    1.0653,    1.1531,    1.0598,    1.1989,    1.1337,    1.2065,    2.6132,    2.5501,    2.6478,    2.6111,    2.6282,    2.5338,    2.6230,    2.6899,    2.7445,    2.5507,    2.5152,    2.6119,    6.6022,    5.8107,    5.7454,    5.5716,    5.1468,    4.8272,    4.2379,    3.8989,    3.7478,    3.2852,    2.5238,    2.3444,    1.8077,    1.5720,    1.1987,    1.1441,    0.7714,    0.5599,    0.4524,    0.1816,    0.1600,    0.1136,    0.0394,    0.0320
    2,    0.5000,  227.5722,    0.2966,   79.8437,  104.3796,  106.3488,  102.6511,   25.0290,   33.7774,  158.4330,  163.5827,  163.6723,  163.8293,  164.1029,  164.5732,  165.3648,  166.6602,  168.4872,  170.9519,  174.2721,  178.5564,  183.8814,  190.3071,  197.9049,  205.8548,  212.8059,  218.1105,  222.1140,  224.8330,  226.3589,  227.0949,  227.3721,  227.5098,  227.5598,    0.0640,    0.2428,    0.5133,    0.8492,    1.2275,    1.6284,    2.0353,    2.3681,    2.4858,    2.3808,    2.3368,    2.3796,    1.9910,    1.9659,    2.0460,    2.1220,    2.0793,    2.0528,    2.0921,    2.0877,    2.0461,    1.9411,    1.8873,    1.8581,    0.6380,    0.6324,    0.6334,    0.6283,    0.6348,    0.6281,    0.6304,    0.6407,    0.6269,    0.5926,    0.5957,    0.5432,    0.3706,    0.3280,    0.2828,    0.2737,    0.2565,    0.2200,    0.2496,    0.2511,    0.2650,    0.2907,    0.3293,    0.3675,    0.4248,    0.4387,    0.3911,    0.4451,    0.4398,    0.4329,    0.4275,    0.4398,    0.4322,    0.4294,    0.4249,    0.4190,    1.1106,    1.0568,    1.0124,    0.9575,    0.9127,    0.8630,    0.8203,    0.7789,    0.7185,    0.6804,    0.6227,    0.5890,    0.8651,    0.8382,    0.7622,    0.7361,    0.7192,    0.6571,    0.6426,    0.5824,    0.5536,    0.4998,    0.4480,    0.4030,    0.9889,    0.6732,    0.4543,    0.3396,    0.2624,    0.1930,    0.1343,    0.0897,    0.0568,    0.0376,    0.0280,    0.0202,    0.0817,    0.0472,    0.0648,    0.0682,    0.0765,    0.0714,    0.0778,    0.0892,    0.0782,    0.1077,    0.0952,    0.1048,    0.1157,    0.0944,    0.1374,    0.1529,    0.1277,    0.1576,    0.1931,    0.2061,    0.1981,    0.1246,    0.2021,    0.2135,    0.2620,    0.2800,    0.2898,    0.3082,    0.3214,    0.3377,    0.3453,    0.3971,    0.4352,    0.4100,    0.4155,    0.4236,    0.7302,    0.7973,    0.8367,    0.8664,    0.8891,    0.9611,    0.8997,    0.9675,    0.9473,    0.9883,    0.9377,    1.0059,    2.1653,    2.1379,    2.1828,    2.2236,    2.2470,    2.1572,    2.2328,    2.2898,    2.3363,    2.1726,    2.1411,    2.2234,    5.6207,    5.5740,    5.5115,    5.3451,    4.9379,    4.6317,    4.0666,    3.7418,    3.5973,    3.1537,    2.4233,    2.2514,    1.7366,    1.8495,    1.4112,    1.3482,    0.9099,    0.6611,    0.5348,    0.2150,    0.1898,    0.1350,    0.0469,    0.0382,    0.0092,    0.0348,    0.0734,    0.1211,    0.1747,    0.2313,    0.2884,    0.4065,    0.8301,    1.5818,    2.7023,    2.8918,    2.6430,    3.0705,    3.2918,    3.4890,    3.5974,    3.6379,    3.7128,    3.7525,    3.6423,    3.5777,    3.3567,    3.1661,    1.0777,    1.0426,    1.0122,    1.0303,    1.0290,    1.0570,    1.1440,    1.1289,    1.1519,    1.2004,    1.2085,    1.2613,    0.9702,    0.9643,    0.9572,    0.9473,    0.9378,    0.9287,    0.9178,    0.9074,    0.8966,    0.8845,    0.8690,    0.8474,    0.8417,    0.7757,    0.8029,    0.6788,    0.6744,    0.6649,    0.6304,    0.5432,    0.5191,    0.4793,    0.4549,    0.4423,    1.1985,    1.1431,    1.0725,    1.0222,    0.9717,    0.9379,    0.9011,    0.8583,    0.8474,    0.8075,    0.8013,    0.7577,    1.1244,    0.9572,    0.8820,    0.7565,    0.6271,    0.5558,    0.4511,    0.4087,    0.3398,    0.3087,    0.2857,    0.2587,    0.6284,    0.4951,    0.3782,    0.2495,    0.1525,    0.0973,    0.0676,    0.0500,    0.0391,    0.0281,    0.0174,    0.0104,    0.0155,    0.0000,    0.0403,    0.0715,    0.0809,    0.0740,    0.0830,    0.0986,    0.0878,    0.1209,    0.1069,    0.1185,    0.1301,    0.1056,    0.1525,    0.1665,    0.1377,    0.0890,    0.0107,    0.0239,    0.1159,    0.1391,    0.2335,    0.2451,    0.3034,    0.3245,    0.3359,    0.3569,    0.3693,    0.3779,    0.3519,    0.3196,    0.2816,    0.3365,    0.4678,    0.4746,    0.8361,    0.9134,    0.9563,    0.9703,    0.9529,    1.0569,    1.0152,    1.1032,    1.0139,    1.1470,    1.0847,    1.1543,    2.5001,    2.4397,    2.5333,    2.4808,    2.4970,    2.4073,    2.4921,    2.5557,    2.6076,    2.4234,    2.3897,    2.4816,    6.2728,    5.4140,    5.3531,    5.1913,    4.7955,    4.4978,    3.9488,    3.6330,    3.4923,    3.0613,    2.3519,    2.1847,    1.6847,    1.4412,    1.0989,    1.0490,    0.7073,    0.5134,    0.4148,    0.1665,    0.1468,    0.1042,    0.0361,    0.0294
    2,    0.7500,  227.5722,    0.3203,   70.6858,  100.8578,   91.9191,  114.7149,   30.6681,   34.5860,  158.4330,  163.5827,  163.6723,  163.8293,  164.1029,  164.5732,  165.3648,  166.6602,  168.4872,  170.9519,  174.2721,  178.5564,  183.8814,  190.3071,  197.9049,  205.8548,  212.8059,  218.1105,  222.1140,  224.8330,  226.3589,  227.0949,  227.3721,  227.5098,  227.5598,    0.0614,    0.2327,    0.4918,    0.8135,    1.1756,    1.5592,    1.9483,    2.2413,    2.2839,    2.1326,    2.1453,    2.1612,    1.7831,    1.7800,    1.8580,    1.9290,    1.8832,    1.8511,    1.8831,    1.8735,    1.8251,    1.7213,    1.6567,    1.6150,    0.5517,    0.5429,    0.5402,    0.5359,    0.5398,    0.5354,    0.5449,    0.5541,    0.5448,    0.5264,    0.5295,    0.5000,    0.3496,    0.3148,    0.2766,    0.2684,    0.2523,    0.2183,    0.2456,    0.2464,    0.2587,    0.2801,    0.3106,    0.3394,    0.3819,    0.3882,    0.3531,    0.3882,    0.3836,    0.3770,    0.3707,    0.3756,    0.3674,    0.3633,    0.3584,    0.3530,    0.9343,    0.8862,    0.8465,    0.7973,    0.7586,    0.7159,    0.6797,    0.6444,    0.5919,    0.5595,    0.5097,    0.4810,    0.7038,    0.6837,    0.6203,    0.6034,    0.5954,    0.5424,    0.5381,    0.4871,    0.4680,    0.4222,    0.3786,    0.3403,    0.8313,    0.5561,    0.3674,    0.2777,    0.2200,    0.1641,    0.1140,    0.0757,    0.0467,    0.0310,    0.0239,    0.0172,    0.0787,    0.0468,    0.0616,    0.0637,    0.0714,    0.0666,    0.0726,    0.0832,    0.0730,    0.1004,    0.0889,    0.0978,    0.1081,    0.0881,    0.1283,    0.1428,    0.1197,    0.1492,    0.1878,    0.1995,    0.1893,    0.1168,    0.1899,    0.2007,    0.2462,    0.2631,    0.2723,    0.2896,    0.3035,    0.3192,    0.3268,    0.3769,    0.4143,    0.3890,    0.3925,    0.4003,    0.6927,    0.7564,    0.7938,    0.8222,    0.8443,    0.9123,    0.8537,    0.9198,    0.9013,    0.9392,    0.8911,    0.9562,    2.0580,    2.0324,    2.0744,    2.1219,    2.1443,    2.0585,    2.1307,    2.1850,    2.2295,    2.0732,    2.0432,    2.1218,    5.3638,    5.4288,    5.3681,    5.2063,    4.8098,    4.5118,    3.9616,    3.6454,    3.5049,    3.0730,    2.3616,    2.1944,    1.6929,    1.8785,    1.4338,    1.3702,    0.9251,    0.6725,    0.5443,    0.2189,    0.1934,    0.1377,    0.0479,    0.0391,    0.0131,    0.0497,    0.1049,    0.1732,    0.2498,    0.3306,    0.4122,    0.5746,    1.1260,    2.0129,    3.1489,    3.3708,    3.0669,    3.4471,    3.6471,    3.8132,    3.9086,    3.9509,    4.0031,    4.0232,    3.9465,    3.8878,    3.7156,    3.5462,    1.2125,    1.1793,    1.1481,    1.1545,    1.1421,    1.1556,    1.2054,    1.1875,    1.1987,    1.2279,    1.2281,    1.2634,    0.9705,    0.9644,    0.9572,    0.9473,    0.9379,    0.9287,    0.9178,    0.9075,    0.8966,    0.8846,    0.8693,    0.8490,    0.8517,    0.7993,    0.8181,    0.7208,    0.7144,    0.7050,    0.6769,    0.6091,    0.5917,    0.5597,    0.5388,    0.5265,    1.4281,    1.3633,    1.2887,    1.2289,    1.1698,    1.1265,    1.0811,    1.0289,    1.0074,    0.9584,    0.9409,    0.8905,    1.3210,    1.1435,    1.0496,    0.9084,    0.7661,    0.6854,    0.5667,    0.5134,    0.4321,    0.3917,    0.3590,    0.3245,    0.7930,    0.6154,    0.4663,    0.3110,    0.1942,    0.1255,    0.0871,    0.0632,    0.0483,    0.0341,    0.0211,    0.0132,    0.0131,    0.0000,    0.0340,    0.0602,    0.0681,    0.0623,    0.0699,    0.0853,    0.0759,    0.1045,    0.0924,    0.1029,    0.1130,    0.0917,    0.1325,    0.1446,    0.1203,    0.0776,    0.0094,    0.0208,    0.1012,    0.1215,    0.2072,    0.2175,    0.2693,    0.2879,    0.2981,    0.3167,    0.3288,    0.3364,    0.3132,    0.2843,    0.2504,    0.2993,    0.4164,    0.4225,    0.7452,    0.8141,    0.8524,    0.8648,    0.8491,    0.9419,    0.9048,    0.9923,    0.9119,    1.0318,    0.9757,    1.0383,    2.2489,    2.1945,    2.2787,    2.1939,    2.2082,    2.1289,    2.2039,    2.2601,    2.3061,    2.1432,    2.1134,    2.1947,    5.5475,    4.5602,    4.5090,    4.3728,    4.0396,    3.7889,    3.3265,    3.0607,    2.9422,    2.5792,    1.9817,    1.8410,    1.4198,    1.1621,    0.8863,    0.8461,    0.5706,    0.4142,    0.3347,    0.1344,    0.1185,    0.0842,    0.0292,    0.0237
    2,    1.0000,  227.5722,    0.3382,   64.6447,   98.2113,   79.9895,  122.0201,   34.0658,   32.5861,  158.4330,  163.5827,  163.6723,  163.8293,  164.1029,  164.5732,  165.3648,  166.6602,  168.4872,  170.9519,  174.2721,  178.5564,  183.8814,  190.3071,  197.9049,  205.8548,  212.8059,  218.1105,  222.1140,  224.8330,  226.3589,  227.0949,  227.3721,  227.5098,  227.5598,    0.0591,    0.2238,    0.4729,    0.7820,    1.1298,    1.4981,    1.8714,    2.1316,    2.1273,    1.9709,    2.0306,    2.0337,    1.6656,    1.6713,    1.7444,    1.8094,    1.7619,    1.7266,    1.7533,    1.7406,    1.6882,    1.5860,    1.5172,    1.4698,    0.5004,    0.4902,    0.4854,    0.4810,    0.4824,    0.4784,    0.4892,    0.4969,    0.4896,    0.4799,    0.4820,    0.4662,    0.3321,    0.3034,    0.2709,    0.2634,    0.2483,    0.2167,    0.2419,    0.2421,    0.2530,    0.2707,    0.2949,    0.3168,    0.3495,    0.3515,    0.3248,    0.3483,    0.3441,    0.3377,    0.3314,    0.3325,    0.3247,    0.3201,    0.3153,    0.3102,    0.8205,    0.7762,    0.7397,    0.6945,    0.6595,    0.6214,    0.5895,    0.5578,    0.5110,    0.4822,    0.4380,    0.4125,    0.6016,    0.5841,    0.5286,    0.5155,    0.5110,    0.4642,    0.4644,    0.4197,    0.4060,    0.3659,    0.3282,    0.2947,    0.7169,    0.4730,    0.3073,    0.2338,    0.1887,    0.1421,    0.0986,    0.0651,    0.0394,    0.0261,    0.0207,    0.0149,    0.0763,    0.0464,    0.0592,    0.0605,    0.0678,    0.0633,    0.0690,    0.0789,    0.0691,    0.0951,    0.0841,    0.0926,    0.1023,    0.0835,    0.1215,    0.1353,    0.1137,    0.1425,    0.1831,    0.1939,    0.1824,    0.1109,    0.1804,    0.1907,    0.2339,    0.2500,    0.2587,    0.2751,    0.2896,    0.3046,    0.3122,    0.3606,    0.3973,    0.3721,    0.3745,    0.3820,    0.6633,    0.7243,    0.7602,    0.7875,    0.8090,    0.8739,    0.8177,    0.8816,    0.8644,    0.9000,    0.8540,    0.9165,    1.9723,    1.9481,    1.9879,    2.0435,    2.0652,    1.9825,    2.0520,    2.1044,    2.1472,    1.9967,    1.9678,    2.0435,    5.1659,    5.3286,    5.2692,    5.1105,    4.7215,    4.4291,    3.8891,    3.5790,    3.4413,    3.0175,    2.3191,    2.1551,    1.6628,    1.8984,    1.4493,    1.3854,    0.9357,    0.6803,    0.5509,    0.2217,    0.1960,    0.1396,    0.0486,    0.0397,    0.0167,    0.0633,    0.1336,    0.2206,    0.3181,    0.4210,    0.5250,    0.7244,    1.3704,    2.3268,    3.3957,    3.6413,    3.3098,    3.6358,    3.8138,    3.9558,    4.0434,    4.0873,    4.1261,    4.1363,    4.0793,    4.0260,    3.8906,    3.7452,    1.2845,    1.2556,    1.2267,    1.2264,    1.2097,    1.2145,    1.2431,    1.2241,    1.2281,    1.2456,    1.2410,    1.2650,    0.9707,    0.9644,    0.9572,    0.9473,    0.9379,    0.9287,    0.9178,    0.9075,    0.8966,    0.8846,    0.8696,    0.8503,    0.8588,    0.8154,    0.8286,    0.7494,    0.7417,    0.7322,    0.7085,    0.6537,    0.6400,    0.6131,    0.5946,    0.5824,    1.5786,    1.5078,    1.4306,    1.3646,    1.2998,    1.2495,    1.1978,    1.1396,    1.1093,    1.0545,    1.0278,    0.9731,    1.4433,    1.2638,    1.1580,    1.0101,    0.8626,    0.7752,    0.6497,    0.5885,    0.4999,    0.4526,    0.4130,    0.3729,    0.9135,    0.7013,    0.5275,    0.3546,    0.2248,    0.1467,    0.1018,    0.0731,    0.0550,    0.0385,    0.0240,    0.0153,    0.0111,    0.0000,    0.0290,    0.0513,    0.0580,    0.0530,    0.0595,    0.0744,    0.0663,    0.0913,    0.0807,    0.0903,    0.0991,    0.0805,    0.1162,    0.1268,    0.1061,    0.0683,    0.0082,    0.0182,    0.0892,    0.1072,    0.1853,    0.1945,    0.2408,    0.2575,    0.2666,    0.2832,    0.2947,    0.3016,    0.2806,    0.2545,    0.2242,    0.2680,    0.3733,    0.3787,    0.6684,    0.7301,    0.7644,    0.7755,    0.7614,    0.8446,    0.8114,    0.8976,    0.8247,    0.9333,    0.8825,    0.9392,    2.0342,    1.9849,    2.0612,    1.9518,    1.9645,    1.8940,    1.9607,    2.0107,    2.0516,    1.9066,    1.8802,    1.9525,    4.9354,    3.8637,    3.8204,    3.7050,    3.4227,    3.2104,    2.8187,    2.5935,    2.4933,    2.1857,    1.6795,    1.5603,    1.2034,    0.9397,    0.7167,    0.6843,    0.4615,    0.3351,    0.2708,    0.1088,    0.0959,    0.0681,    0.0236,    0.0192
    2,    1.2500,  227.5722,    0.3518,   60.2735,   96.1860,   69.9896,  126.8818,   36.4149,   29.6479,  158.4330,  163.5827,  163.6723,  163.8293,  164.1029,  164.5732,  165.3648,  166.6602,  168.4872,  170.9519,  174.2721,  178.5564,  183.8814,  190.3071,  197.9049,  205.8548,  212.8059,  218.1105,  222.1140,  224.8330,  226.3589,  227.0949,  227.3721,  227.5098,  227.5598,    0.0570,    0.2159,    0.4561,    0.7541,    1.0892,    1.4438,    1.8031,    2.0362,    2.0038,    1.8600,    1.9509,    1.9468,    1.5877,    1.5962,    1.6648,    1.7253,    1.6769,    1.6395,    1.6627,    1.6482,    1.5929,    1.4920,    1.4204,    1.3700,    0.4653,    0.4545,    0.4486,    0.4439,    0.4435,    0.4395,    0.4498,    0.4560,    0.4498,    0.4452,    0.4461,    0.4388,    0.3172,    0.2934,    0.2656,    0.2588,    0.2446,    0.2151,    0.2384,    0.2381,    0.2477,    0.2624,    0.2815,    0.2983,    0.3242,    0.3237,    0.3027,    0.3188,    0.3147,    0.3087,    0.3025,    0.3016,    0.2943,    0.2897,    0.2849,    0.2801,    0.7407,    0.6992,    0.6650,    0.6227,    0.5904,    0.5555,    0.5264,    0.4973,    0.4547,    0.4283,    0.3883,    0.3650,    0.5309,    0.5145,    0.4645,    0.4530,    0.4499,    0.4076,    0.4097,    0.3698,    0.3591,    0.3234,    0.2899,    0.2601,    0.6302,    0.4111,    0.2633,    0.2012,    0.1647,    0.1250,    0.0865,    0.0568,    0.0338,    0.0223,    0.0182,    0.0130,    0.0743,    0.0461,    0.0574,    0.0583,    0.0653,    0.0610,    0.0664,    0.0755,    0.0662,    0.0911,    0.0806,    0.0887,    0.0980,    0.0799,    0.1164,    0.1296,    0.1091,    0.1371,    0.1790,    0.1890,    0.1768,    0.1064,    0.1730,    0.1828,    0.2242,    0.2396,    0.2480,    0.2637,    0.2785,    0.2931,    0.3005,    0.3475,    0.3833,    0.3585,    0.3602,    0.3675,    0.6400,    0.6989,    0.7334,    0.7599,    0.7808,    0.8434,    0.7891,    0.8508,    0.8344,    0.8684,    0.8240,    0.8844,    1.9031,    1.8799,    1.9180,    1.9824,    2.0034,    1.9232,    1.9906,    2.0414,    2.0829,    1.9370,    1.9089,    1.9824,    5.0114,    5.2584,    5.1999,    5.0434,    4.6596,    4.3712,    3.8384,    3.5325,    3.3967,    2.9786,    2.2894,    2.1277,    1.6419,    1.9121,    1.4600,    1.3959,    0.9430,    0.6859,    0.5556,    0.2236,    0.1978,    0.1409,    0.0491,    0.0401,    0.0200,    0.0758,    0.1599,    0.2639,    0.3806,    0.5038,    0.6281,    0.8589,    1.5754,    2.5620,    3.5373,    3.8001,    3.4551,    3.7366,    3.8991,    4.0267,    4.1102,    4.1553,    4.1875,    4.1933,    4.1468,    4.0971,    3.9845,    3.8575,    1.3258,    1.3008,    1.2750,    1.2706,    1.2527,    1.2521,    1.2678,    1.2485,    1.2477,    1.2577,    1.2499,    1.2664,    0.9709,    0.9645,    0.9572,    0.9473,    0.9379,    0.9287,    0.9178,    0.9075,    0.8967,    0.8847,    0.8699,    0.8513,    0.8640,    0.8271,    0.8362,    0.7699,    0.7613,    0.7516,    0.7309,    0.6853,    0.6736,    0.6503,    0.6334,    0.6214,    1.6821,    1.6074,    1.5284,    1.4583,    1.3896,    1.3340,    1.2776,    1.2154,    1.1778,    1.1192,    1.0851,    1.0277,    1.5242,    1.3459,    1.2321,    1.0819,    0.9328,    0.8406,    0.7119,    0.6448,    0.5517,    0.4992,    0.4542,    0.4099,    1.0052,    0.7654,    0.5723,    0.3871,    0.2483,    0.1632,    0.1132,    0.0807,    0.0600,    0.0417,    0.0262,    0.0169,    0.0095,    0.0000,    0.0249,    0.0440,    0.0498,    0.0455,    0.0511,    0.0655,    0.0583,    0.0803,    0.0709,    0.0797,    0.0875,    0.0711,    0.1026,    0.1120,    0.0941,    0.0604,    0.0072,    0.0161,    0.0791,    0.0951,    0.1667,    0.1749,    0.2166,    0.2316,    0.2398,    0.2548,    0.2656,    0.2717,    0.2528,    0.2291,    0.2017,    0.2413,    0.3363,    0.3412,    0.6023,    0.6580,    0.6889,    0.6989,    0.6860,    0.7611,    0.7313,    0.8155,    0.7491,    0.8480,    0.8018,    0.8533,    1.8482,    1.8034,    1.8728,    1.7444,    1.7557,    1.6928,    1.7524,    1.7971,    1.8336,    1.7041,    1.6804,    1.7451,    4.4111,    3.2878,    3.2509,    3.1528,    2.9126,    2.7320,    2.3987,    2.2071,    2.1219,    1.8602,    1.4294,    1.3280,    1.0244,    0.7618,    0.5811,    0.5548,    0.3743,    0.2717,    0.2197,    0.0882,    0.0778,    0.0553,    0.0192,    0.0156
    2,    1.5000,  227.5722,    0.3624,   56.9236,   94.6126,   61.5133,  130.3477,   38.1944,   26.5023,  158.4330,  163.5827,  163.6723,  163.8293,  164.1029,  164.5732,  165.3648,  166.6602,  168.4872,  170.9519,  174.2721,  178.5564,  183.8814,  190.3071,  197.9049,  205.8548,  212.8059,  218.1105,  222.1140,  224.8330,  226.3589,  227.0949,  227.3721,  227.5098,  227.5598,    0.0552,    0.2089,    0.4412,    0.7293,    1.0530,    1.3955,    1.7423,    1.9527,    1.9050,    1.7802,    1.8906,    1.8817,    1.5303,    1.5397,    1.6047,    1.6619,    1.6130,    1.5743,    1.5950,    1.5794,    1.5218,    1.4221,    1.3483,    1.2957,    0.4392,    0.4281,    0.4216,    0.4166,    0.4150,    0.4108,    0.4202,    0.4253,    0.4196,    0.4182,    0.4180,    0.4162,    0.3044,    0.2845,    0.2608,    0.2545,    0.2412,    0.2137,    0.2350,    0.2344,    0.2428,    0.2549,    0.2699,    0.2828,    0.3038,    0.3017,    0.2850,    0.2959,    0.2920,    0.2862,    0.2803,    0.2782,    0.2714,    0.2669,    0.2623,    0.2577,    0.6812,    0.6419,    0.6094,    0.5695,    0.5391,    0.5066,    0.4795,    0.4523,    0.4129,    0.3884,    0.3516,    0.3300,    0.4788,    0.4630,    0.4170,    0.4063,    0.4036,    0.3649,    0.3676,    0.3313,    0.3226,    0.2901,    0.2600,    0.2330,    0.5625,    0.3633,    0.2300,    0.1761,    0.1456,    0.1112,    0.0768,    0.0502,    0.0294,    0.0194,    0.0162,    0.0116,    0.0725,    0.0457,    0.0560,    0.0566,    0.0634,    0.0592,    0.0645,    0.0730,    0.0640,    0.0880,    0.0779,    0.0856,    0.0946,    0.0772,    0.1124,    0.1251,    0.1055,    0.1327,    0.1753,    0.1848,    0.1723,    0.1029,    0.1670,    0.1765,    0.2164,    0.2313,    0.2394,    0.2546,    0.2696,    0.2838,    0.2911,    0.3366,    0.3716,    0.3472,    0.3487,    0.3558,    0.6212,    0.6784,    0.7120,    0.7377,    0.7580,    0.8187,    0.7660,    0.8256,    0.8098,    0.8426,    0.7995,    0.8582,    1.8465,    1.8242,    1.8609,    1.9341,    1.9546,    1.8763,    1.9421,    1.9917,    2.0322,    1.8898,    1.8625,    1.9341,    4.8895,    5.2086,    5.1507,    4.9957,    4.6157,    4.3301,    3.8025,    3.4995,    3.3652,    2.9511,    2.2684,    2.1083,    1.6270,    1.9215,    1.4674,    1.4032,    0.9481,    0.6897,    0.5588,    0.2250,    0.1990,    0.1419,    0.0494,    0.0404,    0.0230,    0.0872,    0.1840,    0.3037,    0.4380,    0.5797,    0.7228,    0.9804,    1.7495,    2.7415,    3.6217,    3.8967,    3.5450,    3.7939,    3.9468,    4.0665,    4.1480,    4.1941,    4.2232,    4.2270,    4.1864,    4.1387,    4.0398,    3.9254,    1.3511,    1.3292,    1.3061,    1.2992,    1.2813,    1.2771,    1.2846,    1.2655,    1.2614,    1.2663,    1.2564,    1.2675,    0.9711,    0.9646,    0.9572,    0.9473,    0.9379,    0.9287,    0.9178,    0.9075,    0.8967,    0.8847,    0.8701,    0.8522,    0.8681,    0.8357,    0.8419,    0.7850,    0.7758,    0.7659,    0.7474,    0.7084,    0.6979,    0.6771,    0.6614,    0.6495,    1.7558,    1.6785,    1.5983,    1.5253,    1.4540,    1.3943,    1.3341,    1.2691,    1.2258,    1.1646,    1.1246,    1.0654,    1.5802,    1.4044,    1.2850,    1.1346,    0.9856,    0.8899,    0.7600,    0.6883,    0.5924,    0.5358,    0.4867,    0.4390,    1.0773,    0.8149,    0.6063,    0.4121,    0.2668,    0.1765,    0.1224,    0.0868,    0.0640,    0.0443,    0.0280,    0.0182,    0.0082,    0.0000,    0.0215,    0.0379,    0.0429,    0.0392,    0.0440,    0.0579,    0.0515,    0.0710,    0.0627,    0.0708,    0.0777,    0.0631,    0.0911,    0.0994,    0.0839,    0.0538,    0.0064,    0.0143,    0.0704,    0.0848,    0.1506,    0.1581,    0.1957,    0.2093,    0.2167,    0.2302,    0.2403,    0.2459,    0.2286,    0.2070,    0.1822,    0.2180,    0.3043,    0.3087,    0.5450,    0.5953,    0.6233,    0.6322,    0.6205,    0.6885,    0.6615,    0.7436,    0.6829,    0.7732,    0.7311,    0.7780,    1.6853,    1.6444,    1.7077,    1.5647,    1.5749,    1.5184,    1.5719,    1.6120,    1.6448,    1.5286,    1.5074,    1.5654,    3.9569,    2.8067,    2.7753,    2.6915,    2.4865,    2.3324,    2.0478,    1.8843,    1.8116,    1.5882,    1.2204,    1.1339,    0.8747,    0.6190,    0.4721,    0.4509,    0.3042,    0.2209,    0.1786,    0.0717,    0.0633,    0.0450,    0.0156,    0.0127
    2,    1.7500,  227.5722,    0.3707,   54.2539,   93.3746,   54.2631,  132.9486,   39.6293,   23.4480,  158.4330,  163.5827,  163.6723,  163.8293,  164.1029,  164.5732,  165.3648,  166.6602,  168.4872,  170.9519,  174.2721,  178.5564,  183.8814,  190.3071,  197.9049,  205.8548,  212.8059,  218.1105,  222.1140,  224.8330,  226.3589,  227.0949,  227.3721,  227.5098,  227.5598,    0.0535,    0.2027,    0.4280,    0.7072,    1.0208,    1.3524,    1.6880,    1.8792,    1.8249,    1.7203,    1.8425,    1.8301,    1.4852,    1.4950,    1.5572,    1.6121,    1.5629,    1.5231,    1.5421,    1.5257,    1.4664,    1.3675,    1.2920,    1.2377,    0.4189,    0.4076,    0.4006,    0.3955,    0.3930,    0.3886,    0.3971,    0.4012,    0.3958,    0.3965,    0.3952,    0.3972,    0.2932,    0.2765,    0.2563,    0.2505,    0.2379,    0.2122,    0.2319,    0.2309,    0.2382,    0.2481,    0.2597,    0.2696,    0.2871,    0.2840,    0.2703,    0.2777,    0.2738,    0.2683,    0.2626,    0.2598,    0.2536,    0.2491,    0.2447,    0.2402,    0.6348,    0.5972,    0.5662,    0.5281,    0.4993,    0.4687,    0.4431,    0.4174,    0.3806,    0.3575,    0.3233,    0.3030,    0.4388,    0.4231,    0.3803,    0.3701,    0.3674,    0.3314,    0.3343,    0.3008,    0.2933,    0.2635,    0.2359,    0.2112,    0.5081,    0.3255,    0.2039,    0.1562,    0.1303,    0.0999,    0.0689,    0.0448,    0.0259,    0.0170,    0.0145,    0.0103,    0.0711,    0.0454,    0.0549,    0.0553,    0.0620,    0.0579,    0.0631,    0.0710,    0.0622,    0.0856,    0.0758,    0.0832,    0.0920,    0.0750,    0.1092,    0.1216,    0.1026,    0.1290,    0.1720,    0.1810,    0.1685,    0.1001,    0.1621,    0.1713,    0.2101,    0.2246,    0.2325,    0.2472,    0.2624,    0.2762,    0.2833,    0.3275,    0.3618,    0.3379,    0.3393,    0.3463,    0.6060,    0.6618,    0.6946,    0.7197,    0.7395,    0.7987,    0.7473,    0.8048,    0.7894,    0.8213,    0.7793,    0.8366,    1.7999,    1.7783,    1.8139,    1.8956,    1.9157,    1.8390,    1.9035,    1.9521,    1.9918,    1.8522,    1.8255,    1.8957,    4.7923,    5.1729,    5.1154,    4.9616,    4.5842,    4.3006,    3.7767,    3.4759,    3.3426,    2.9314,    2.2533,    2.0944,    1.6165,    1.9281,    1.4726,    1.4083,    0.9517,    0.6925,    0.5612,    0.2260,    0.2000,    0.1426,    0.0497,    0.0406,    0.0258,    0.0977,    0.2062,    0.3403,    0.4908,    0.6496,    0.8099,    1.0905,    1.8988,    2.8803,    3.6741,    3.9576,    3.6025,    3.8290,    3.9762,    4.0916,    4.1721,    4.2189,    4.2466,    4.2494,    4.2124,    4.1658,    4.0753,    3.9693,    1.3675,    1.3478,    1.3269,    1.3184,    1.3010,    1.2944,    1.2966,    1.2777,    1.2714,    1.2728,    1.2613,    1.2684,    0.9713,    0.9646,    0.9572,    0.9473,    0.9379,    0.9287,    0.9179,    0.9075,    0.8967,    0.8848,    0.8703,    0.8529,    0.8713,    0.8424,    0.8463,    0.7965,    0.7868,    0.7767,    0.7598,    0.7258,    0.7158,    0.6969,    0.6820,    0.6702,    1.8097,    1.7306,    1.6496,    1.5746,    1.5014,    1.4384,    1.3755,    1.3085,    1.2605,    1.1975,    1.1530,    1.0926,    1.6204,    1.4474,    1.3239,    1.1743,    1.0264,    0.9279,    0.7981,    0.7228,    0.6252,    0.5653,    0.5129,    0.4625,    1.1352,    0.8542,    0.6329,    0.4320,    0.2818,    0.1873,    0.1299,    0.0918,    0.0671,    0.0464,    0.0294,    0.0193,    0.0071,    0.0000,    0.0186,    0.0328,    0.0371,    0.0339,    0.0381,    0.0513,    0.0457,    0.0630,    0.0557,    0.0631,    0.0693,    0.0562,    0.0812,    0.0886,    0.0751,    0.0480,    0.0057,    0.0127,    0.0630,    0.0759,    0.1366,    0.1433,    0.1775,    0.1898,    0.1965,    0.2088,    0.2182,    0.2232,    0.2075,    0.1877,    0.1651,    0.1977,    0.2763,    0.2803,    0.4945,    0.5403,    0.5656,    0.5737,    0.5630,    0.6247,    0.6003,    0.6799,    0.6244,    0.7071,    0.6686,    0.7115,    1.5412,    1.5037,    1.5617,    1.4076,    1.4167,    1.3659,    1.4140,    1.4501,    1.4796,    1.3751,    1.3560,    1.4081,    3.5595,    2.4018,    2.3749,    2.3032,    2.1278,    1.9959,    1.7525,    1.6126,    1.5503,    1.3592,    1.0445,    0.9705,    0.7486,    0.5039,    0.3844,    0.3671,    0.2477,    0.1799,    0.1454,    0.0584,    0.0515,    0.0366,    0.0127,    0.0104
    2,    2.0000,  227.5722,    0.3774,   52.0649,   92.3904,   48.0159,  134.9784,   40.8371,   20.6050,  158.4330,  163.5827,  163.6723,  163.8293,  164.1029,  164.5732,  165.3648,  166.6602,  168.4872,  170.9519,  174.2721,  178.5564,  183.8814,  190.3071,  197.9049,  205.8548,  212.8059,  218.1105,  222.1140,  224.8330,  226.3589,  227.0949,  227.3721,  227.5098,  227.5598,    0.0521,    0.1971,    0.4161,    0.6874,    0.9919,    1.3137,    1.6392,    1.8143,    1.7593,    1.6734,    1.8029,    1.7877,    1.4484,    1.4584,    1.5185,    1.5716,    1.5222,    1.4815,    1.4993,    1.4823,    1.4217,    1.3235,    1.2465,    1.1907,    0.4024,    0.3910,    0.3837,    0.3785,    0.3753,    0.3708,    0.3784,    0.3817,    0.3765,    0.3786,    0.3764,    0.3809,    0.2834,    0.2694,    0.2521,    0.2467,    0.2349,    0.2109,    0.2290,    0.2276,    0.2340,    0.2419,    0.2508,    0.2583,    0.2730,    0.2693,    0.2581,    0.2627,    0.2589,    0.2536,    0.2482,    0.2449,    0.2391,    0.2348,    0.2304,    0.2262,    0.5974,    0.5613,    0.5314,    0.4950,    0.4673,    0.4382,    0.4139,    0.3894,    0.3547,    0.3328,    0.3008,    0.2815,    0.4070,    0.3914,    0.3511,    0.3410,    0.3382,    0.3044,    0.3072,    0.2760,    0.2693,    0.2416,    0.2162,    0.1933,    0.4636,    0.2947,    0.1830,    0.1401,    0.1176,    0.0905,    0.0622,    0.0403,    0.0230,    0.0151,    0.0131,    0.0093,    0.0698,    0.0451,    0.0540,    0.0544,    0.0610,    0.0569,    0.0620,    0.0695,    0.0609,    0.0838,    0.0741,    0.0814,    0.0899,    0.0733,    0.1068,    0.1188,    0.1003,    0.1259,    0.1690,    0.1776,    0.1653,    0.0979,    0.1582,    0.1671,    0.2050,    0.2191,    0.2268,    0.2412,    0.2564,    0.2700,    0.2769,    0.3199,    0.3534,    0.3300,    0.3317,    0.3385,    0.5936,    0.6482,    0.6803,    0.7049,    0.7242,    0.7822,    0.7320,    0.7875,    0.7723,    0.8036,    0.7625,    0.8186,    1.7613,    1.7401,    1.7749,    1.8647,    1.8845,    1.8091,    1.8725,    1.9203,    1.9594,    1.8221,    1.7957,    1.8648,    4.7144,    5.1471,    5.0899,    4.9369,    4.5615,    4.2794,    3.7581,    3.4589,    3.3263,    2.9172,    2.2425,    2.0845,    1.6089,    1.9327,    1.4762,    1.4120,    0.9543,    0.6945,    0.5629,    0.2267,    0.2007,    0.1431,    0.0499,    0.0408,    0.0284,    0.1074,    0.2267,    0.3742,    0.5396,    0.7142,    0.8904,    1.1910,    2.0279,    2.9886,    3.7082,    3.9976,    3.6405,    3.8519,    3.9958,    4.1088,    4.1889,    4.2362,    4.2632,    4.2654,    4.2308,    4.1850,    4.0999,    3.9994,    1.3787,    1.3607,    1.3414,    1.3319,    1.3149,    1.3068,    1.3055,    1.2868,    1.2789,    1.2777,    1.2652,    1.2692,    0.9715,    0.9647,    0.9573,    0.9473,    0.9379,    0.9287,    0.9179,    0.9075,    0.8967,    0.8848,    0.8705,    0.8536,    0.8739,    0.8476,    0.8498,    0.8054,    0.7953,    0.7851,    0.7694,    0.7392,    0.7294,    0.7119,    0.6976,    0.6859,    1.8500,    1.7697,    1.6881,    1.6118,    1.5371,    1.4717,    1.4064,    1.3380,    1.2864,    1.2221,    1.1740,    1.1127,    1.6504,    1.4798,    1.3534,    1.2050,    1.0586,    0.9580,    0.8288,    0.7506,    0.6520,    0.5894,    0.5343,    0.4817,    1.1826,    0.8861,    0.6543,    0.4481,    0.2941,    0.1963,    0.1361,    0.0959,    0.0698,    0.0481,    0.0306,    0.0202,    0.0061,    0.0000,    0.0162,    0.0285,    0.0322,    0.0294,    0.0331,    0.0457,    0.0407,    0.0561,    0.0495,    0.0564,    0.0619,    0.0503,    0.0726,    0.0792,    0.0674,    0.0429,    0.0051,    0.0113,    0.0565,    0.0681,    0.1242,    0.1303,    0.1614,    0.1726,    0.1787,    0.1898,    0.1986,    0.2031,    0.1888,    0.1706,    0.1500,    0.1797,    0.2514,    0.2551,    0.4499,    0.4915,    0.5145,    0.5218,    0.5120,    0.5682,    0.5461,    0.6232,    0.5722,    0.6482,    0.6129,    0.6522,    1.4127,    1.3783,    1.4315,    1.2690,    1.2772,    1.2315,    1.2748,    1.3074,    1.3340,    1.2397,    1.2225,    1.2695,    3.2091,    2.0589,    2.0358,    1.9744,    1.8241,    1.7110,    1.5023,    1.3824,    1.3291,    1.1653,    0.8955,    0.8320,    0.6418,    0.4110,    0.3136,    0.2995,    0.2020,    0.1467,    0.1187,    0.0477,    0.0421,    0.0299,    0.0104,    0.0084
