Particle       ,data/QEXT_96IR_84_VIS_RNC10_3_9umrod
Ncase          ,  14
dt (sols)      ,  0.020833
Qext 0.67um    ,  2.269674
Alb sfc        ,  0.220000
Conrath nu     ,  0.002000
Sun Flux (W/m2),148.389262
BWN IR (cm-1)  ,     10.0000,     34.1670,     58.3330,     82.5000,    106.6670,    130.8330,    155.0000,    179.1670,    203.3330,    227.5000,    251.6670,    275.8330,    300.0000,    320.7880,    341.5750,    362.3630,    383.1500,    403.9380,    424.7250,    445.5130,    466.3010,    487.0880,    507.8760,    528.6630,    549.4510,    556.7420,    564.0330,    571.3240,    578.6150,    585.9060,    593.1970,    600.4880,    607.7790,    615.0700,    622.3610,    629.6520,    636.9430,    642.5500,    648.1570,    653.7640,    659.3700,    664.9770,    670.5840,    676.1910,    681.7980,    687.4050,    693.0110,    698.6180,    704.2250,    710.1390,    716.0530,    721.9670,    727.8810,    733.7950,    739.7090,    745.6240,    751.5380,    757.4520,    763.3660,    769.2800,    775.1940,    791.5010,    807.8070,    824.1140,    840.4210,    856.7270,    873.0340,    889.3410,    905.6470,    921.9540,    938.2610,    954.5670,    970.8740,    996.8050,   1022.7370,   1048.6680,   1074.6000,   1100.5310,   1126.4630,   1152.3940,   1178.3250,   1204.2570,   1230.1880,   1256.1200,   1282.0510,   1360.3990,   1438.7460,   1517.0940,   1595.4410,   1673.7890,   1752.1370,   1830.4840,   1908.8320,   1987.1790,   2065.5270,   2143.8740,   2222.2220
BWN VIS (cm-1) ,   2222.2200,   2294.3160,   2366.4120,   2438.5080,   2510.6030,   2582.6990,   2654.7950,   2726.8910,   2798.9870,   2871.0820,   2943.1780,   3015.2740,   3087.3700,   3165.9750,   3244.5800,   3323.1850,   3401.7900,   3480.3950,   3559.0000,   3637.6050,   3716.2100,   3794.8150,   3873.4200,   3952.0250,   4030.6300,   4142.2920,   4253.9530,   4365.6150,   4477.2770,   4588.9380,   4700.6000,   4812.2620,   4923.9230,   5035.5850,   5147.2470,   5258.9080,   5370.5700,   5560.6150,   5750.6600,   5940.7050,   6130.7500,   6320.7950,   6510.8400,   6700.8850,   6890.9300,   7080.9750,   7271.0200,   7461.0650,   7651.1100,   8055.1840,   8459.2580,   8863.3330,   9267.4070,   9671.4810,  10075.5550,  10479.6290,  10883.7030,  11287.7780,  11691.8520,  12095.9260,  12500.0000,  13541.6670,  14583.3330,  15625.0000,  16666.6670,  17708.3330,  18750.0000,  19791.6670,  20833.3330,  21875.0000,  22916.6670,  23958.3330,  25000.0000,  26388.8890,  27777.7780,  29166.6670,  30555.5570,  31944.4460,  33333.3350,  34722.2240,  36111.1130,  37500.0030,  38888.8920,  40277.7810,  41666.6700
SUN VIS (W/m2) ,      0.1008,      0.0862,      0.0968,      0.1089,      0.1224,      0.1136,      0.1248,      0.1400,      0.1233,      0.1698,      0.1502,      0.1645,      0.1814,      0.1477,      0.2144,      0.2377,      0.1946,      0.2106,      0.2276,      0.2472,      0.2683,      0.1918,      0.3072,      0.3239,      0.3986,      0.4261,      0.4410,      0.4688,      0.4810,      0.5017,      0.5013,      0.5485,      0.5772,      0.5665,      0.6183,      0.6303,      1.0809,      1.1806,      1.2379,      1.2751,      1.2949,      1.4092,      1.3262,      1.4132,      1.3634,      1.4505,      1.3747,      1.4716,      3.1730,      3.1258,      3.2038,      3.2543,      3.2846,      3.1576,      3.2685,      3.3520,      3.4202,      3.1800,      3.1347,      3.2554,      8.2299,      7.8425,      7.7561,      7.5237,      6.9524,      6.5235,      5.7299,      5.2748,      5.0739,      4.4511,      3.4228,      3.1828,      2.4579,      2.2644,      1.7312,      1.6575,      1.1215,      0.8173,      0.6634,      0.2677,      0.2374,      0.1697,      0.0593,      0.0486
================
wavelenght [um],    0.244068,    0.252632,    0.261818,    0.271698,    0.282353,    0.293878,    0.306383,    0.320000,    0.334884,    0.351220,    0.369231,    0.389189,    0.408511,    0.426667,    0.446512,    0.468293,    0.492308,    0.518919,    0.548571,    0.581818,    0.619355,    0.662069,    0.711111,    0.768000,    0.813143,    0.840768,    0.870336,    0.902060,    0.936184,    0.972991,    1.012810,    1.056028,    1.103099,    1.154562,    1.211061,    1.273375,    1.323436,    1.357581,    1.393534,    1.431444,    1.471474,    1.513807,    1.558648,    1.606226,    1.656801,    1.710664,    1.768147,    1.829628,    1.881560,    1.921939,    1.964090,    2.008131,    2.054193,    2.102417,    2.152960,    2.205992,    2.261704,    2.320302,    2.382017,    2.447105,    2.505432,    2.555765,    2.608162,    2.662752,    2.719677,    2.779088,    2.841153,    2.906054,    2.973989,    3.045176,    3.119855,    3.198288,    3.277268,    3.356577,    3.439819,    3.527294,    3.619334,    3.716307,    3.818620,    3.926726,    4.041130,    4.162400,    4.291175,    4.428172,    4.580751,    4.751270,    4.934974,    5.133456,    5.348572,    5.582505,    5.837838,    6.117648,    6.425631,    6.766266,    7.145039,    7.568734,    7.879690,    8.044056,    8.215425,    8.394255,    8.581043,    8.776330,    8.980716,    9.194848,    9.419442,    9.655282,    9.903235,   10.164260,   10.387231,   10.566200,   10.751445,   10.943308,   11.142136,   11.348323,   11.562291,   11.784476,   12.015368,   12.255495,   12.505409,   12.765727,   12.949392,   13.049328,   13.150818,   13.253898,   13.358608,   13.464994,   13.573088,   13.682923,   13.794549,   13.908012,   14.023357,   14.140631,   14.256763,   14.371646,   14.488386,   14.607038,   14.727660,   14.850291,   14.974981,   15.101782,   15.230738,   15.361915,   15.495384,   15.631191,   15.790367,   15.974275,   16.162517,   16.355249,   16.552633,   16.754839,   16.962047,   17.174443,   17.392227,   17.615605,   17.844795,   18.080028,   18.550914,   19.294981,   20.101230,   20.977796,   21.934298,   22.982219,   24.135264,   25.410119,   26.827165,   28.411593,   30.194923,   32.217118,   34.732292,   37.914692,   41.739101,   46.421699,   52.287582,   59.850314,   69.970927,   84.210526,  105.726686,  142.012170,  216.216216,  452.826771
Qext           ,      2.0092,      2.0092,      2.0092,      2.0092,      2.0092,      2.0092,      2.0092,      2.0092,      2.0092,      2.0092,      2.0092,      2.0092,      2.0092,      2.0092,      2.0092,      2.0092,      2.2697,      2.2697,      2.2697,      2.2697,      2.2697,      2.2697,      2.2697,      2.2697,      2.2697,      2.2697,      2.2697,      2.2697,      2.2697,      2.2697,      2.2697,      1.2569,      1.2569,      1.2569,      1.2569,      1.2569,      1.2569,      1.2569,      1.2569,      1.2569,      1.2569,      1.2569,      1.2569,      1.2688,      1.2688,      1.2688,      1.2688,      1.2688,      1.2688,      1.2688,      1.2688,      1.2688,      1.2688,      1.2688,      1.5554,      1.5554,      1.5554,      1.5554,      1.5554,      1.5554,      1.5554,      1.5554,      1.5554,      1.5554,      1.4503,      1.4503,      1.4503,      1.4503,      1.4503,      1.4503,      1.4503,      1.4503,      1.6207,      1.6207,      1.6207,      1.6207,      1.6207,      1.6207,      1.7157,      1.7157,      1.7157,      1.7157,      1.7157,      1.9751,      1.9751,      1.9751,      2.0641,      2.0641,      2.0641,      2.4490,      2.4490,      2.6921,      2.6921,      2.3107,      3.0743,      3.0743,      3.9529,      3.9529,      3.9954,      3.9954,      3.9954,      2.6515,      2.6515,      2.6515,      3.3305,      3.3305,      3.6431,      3.6431,      3.1116,      3.1116,      3.1116,      3.7127,      3.7127,      3.7127,      3.8592,      3.8592,      3.9819,      3.9819,      3.9819,      4.2962,      4.2962,      4.2962,      3.2624,      3.2624,      3.2624,      3.2624,      3.2624,      2.6498,      2.6498,      2.6498,      2.6498,      2.6498,      2.7132,      2.7132,      2.7132,      2.7132,      2.7832,      2.7832,      2.7832,      2.7832,      2.7832,      2.6621,      2.6621,      2.6621,      2.6621,      2.7441,      2.7441,      2.7441,      2.9830,      2.9830,      3.3063,      3.3063,      3.3063,      3.6822,      3.6822,      4.2607,      4.6529,      5.9604,      7.7687,      8.9349,      8.9864,     10.5410,     13.2834,     13.9955,      9.6510,      4.3994,      2.1120,      1.4968,      1.5132,      2.7946,      5.8801,      3.6720,      2.4772,      1.9655,      1.9655,      1.9655,      1.9655,      1.9655,      1.9655,      1.9655
Qscat          ,      1.3139,      1.3139,      1.3139,      1.3139,      1.3139,      1.3139,      1.3139,      1.3139,      1.3139,      1.3139,      1.3139,      1.3139,      1.3139,      1.3139,      1.3139,      1.3139,      1.8995,      1.8995,      1.8995,      1.8995,      1.8995,      1.8995,      1.8995,      1.8995,      1.8995,      1.8995,      1.8995,      1.8995,      1.8995,      1.8995,      1.8995,      1.1258,      1.1258,      1.1258,      1.1258,      1.1258,      1.1258,      1.1258,      1.1258,      1.1258,      1.1258,      1.1258,      1.1258,      1.1515,      1.1515,      1.1515,      1.1515,      1.1515,      1.1515,      1.1515,      1.1515,      1.1515,      1.1515,      1.1515,      1.4213,      1.4213,      1.4213,      1.4213,      1.4213,      1.4213,      1.4213,      1.4213,      1.4213,      1.4213,      1.3319,      1.3319,      1.3319,      1.3319,      1.3319,      1.3319,      1.3319,      1.3319,      1.4750,      1.4750,      1.4750,      1.4750,      1.4750,      1.4750,      1.5715,      1.5715,      1.5715,      1.5715,      1.5715,      1.8096,      1.8096,      1.8096,      1.8760,      1.8760,      1.8760,      2.2156,      2.2156,      2.4053,      2.4053,      2.0828,      2.7389,      2.7389,      3.3517,      3.3517,      3.2172,      3.2172,      3.2172,      2.1333,      2.1333,      2.1333,      2.7067,      2.7067,      2.9227,      2.9227,      2.4274,      2.4274,      2.4274,      2.7427,      2.7427,      2.7427,      2.7434,      2.7434,      2.9968,      2.9968,      2.9968,      3.1974,      3.1974,      3.1974,      2.4596,      2.4596,      2.4596,      2.4596,      2.4596,      2.0541,      2.0541,      2.0541,      2.0541,      2.0541,      2.1331,      2.1331,      2.1331,      2.1331,      2.2875,      2.2875,      2.2875,      2.2875,      2.2875,      2.2618,      2.2618,      2.2618,      2.2618,      2.3408,      2.3408,      2.3408,      2.5471,      2.5471,      2.8750,      2.8750,      2.8750,      3.2194,      3.2194,      3.6553,      4.0165,      5.1230,      6.6195,      7.5023,      7.4329,      8.5064,     10.3795,     10.5223,      6.9218,      2.9676,      1.2896,      0.8868,      0.8750,      1.4662,      1.5977,      1.0619,      0.6259,      0.8031,      0.8031,      0.8031,      0.8031,      0.8031,      0.8031,      0.8031
G factor       ,      0.6200,      0.6200,      0.6200,      0.6200,      0.6200,      0.6200,      0.6200,      0.6200,      0.6200,      0.6200,      0.6200,      0.6200,      0.6200,      0.6200,      0.6200,      0.6200,      0.4750,      0.4750,      0.4750,      0.4750,      0.4750,      0.4750,      0.4750,      0.4750,      0.4750,      0.4750,      0.4750,      0.4750,      0.4750,      0.4750,      0.4750,      0.3400,      0.3400,      0.3400,      0.3400,      0.3400,      0.3400,      0.3400,      0.3400,      0.3400,      0.3400,      0.3400,      0.3400,      0.2940,      0.2940,      0.2940,      0.2940,      0.2940,      0.2940,      0.2940,      0.2940,      0.2940,      0.2940,      0.2940,      0.3010,      0.3010,      0.3010,      0.3010,      0.3010,      0.3010,      0.3010,      0.3010,      0.3010,      0.3010,      0.1870,      0.1870,      0.1870,      0.1870,      0.1870,      0.1870,      0.1870,      0.1870,      0.1520,      0.1520,      0.1520,      0.1520,      0.1520,      0.1520,      0.1840,      0.1840,      0.1840,      0.1840,      0.1840,      0.3020,      0.3020,      0.3020,      0.2450,      0.2450,      0.2450,      0.1570,      0.1570,      0.1360,      0.1360,      0.1950,      0.2480,      0.2480,      0.1840,      0.1840,      0.0700,      0.0700,      0.0700,      0.1220,      0.1220,      0.1220,      0.1240,      0.1240,      0.1180,      0.1180,      0.0920,      0.0920,      0.0920,      0.0580,      0.0580,      0.0580,      0.0680,      0.0680,      0.0440,      0.0440,      0.0440,     -0.0970,     -0.0970,     -0.0970,     -0.2480,     -0.2480,     -0.2480,     -0.2480,     -0.2480,     -0.2730,     -0.2730,     -0.2730,     -0.2730,     -0.2730,     -0.2420,     -0.2420,     -0.2420,     -0.2420,     -0.2220,     -0.2220,     -0.2220,     -0.2220,     -0.2220,     -0.1740,     -0.1740,     -0.1740,     -0.1740,     -0.1250,     -0.1250,     -0.1250,     -0.0830,     -0.0830,     -0.0500,     -0.0500,     -0.0500,     -0.0230,     -0.0230,      0.0040,      0.0130,      0.0290,      0.0110,     -0.0310,     -0.0730,     -0.0920,     -0.0910,     -0.0580,     -0.0040,      0.0330,      0.0550,      0.0620,      0.0670,      0.0710,      0.0900,      0.1230,      0.0450,      0.0090,      0.0090,      0.0090,      0.0090,      0.0090,      0.0090,      0.0090
================
P [mbar]       ,    0.1004,    0.1015,    0.1034,    0.1069,    0.1130,    0.1239,    0.1432,    0.1740,    0.2226,    0.3028,    0.4349,    0.6529,    1.0121,    1.6044,    2.4646,    3.4606,    4.3994,    5.2226,    5.8426,    6.2132,    6.3980,    6.4686,    6.5039,    6.5168
Temp initial[K],  163.5827,  163.6723,  163.8293,  164.1029,  164.5732,  165.3648,  166.6602,  168.4872,  170.9519,  174.2721,  178.5564,  183.8814,  190.3071,  197.9049,  205.8548,  212.8059,  218.1105,  222.1140,  224.8330,  226.3589,  227.0949,  227.3721,  227.5098,  227.5598
================
it   ,   tau    ,  Tsfc    ,   alb    ,   OLR    ,    ASR   ,  NET top ,  NET bot , T lev  01, T lev  02, T lev  03, T lev  04, T lev  05, T lev  06, T lev  07, T lev  08, T lev  09, T lev  10, T lev  11, T lev  12, T lev  13, T lev  14, T lev  15, T lev  16, T lev  17, T lev  18, T lev  19, T lev  20, T lev  21, T lev  22, T lev  23, T lev  24, T lev  25,  OLR IR01,  OLR IR02,  OLR IR03,  OLR IR04,  OLR IR05,  OLR IR06,  OLR IR07,  OLR IR08,  OLR IR09,  OLR IR10,  OLR IR11,  OLR IR12,  OLR IR13,  OLR IR14,  OLR IR15,  OLR IR16,  OLR IR17,  OLR IR18,  OLR IR19,  OLR IR20,  OLR IR21,  OLR IR22,  OLR IR23,  OLR IR24,  OLR IR25,  OLR IR26,  OLR IR27,  OLR IR28,  OLR IR29,  OLR IR30,  OLR IR31,  OLR IR32,  OLR IR33,  OLR IR34,  OLR IR35,  OLR IR36,  OLR IR37,  OLR IR38,  OLR IR39,  OLR IR40,  OLR IR41,  OLR IR42,  OLR IR43,  OLR IR44,  OLR IR45,  OLR IR46,  OLR IR47,  OLR IR48,  OLR IR49,  OLR IR50,  OLR IR51,  OLR IR52,  OLR IR53,  OLR IR54,  OLR IR55,  OLR IR56,  OLR IR57,  OLR IR58,  OLR IR59,  OLR IR60,  OLR IR61,  OLR IR62,  OLR IR63,  OLR IR64,  OLR IR65,  OLR IR66,  OLR IR67,  OLR IR68,  OLR IR69,  OLR IR70,  OLR IR71,  OLR IR72,  OLR IR73,  OLR IR74,  OLR IR75,  OLR IR76,  OLR IR77,  OLR IR78,  OLR IR79,  OLR IR80,  OLR IR81,  OLR IR82,  OLR IR83,  OLR IR84,  OLR IR85,  OLR IR86,  OLR IR87,  OLR IR88,  OLR IR89,  OLR IR90,  OLR IR91,  OLR IR92,  OLR IR93,  OLR IR94,  OLR IR95,  OLR IR96, ASR VIS01, ASR VIS02, ASR VIS03, ASR VIS04, ASR VIS05, ASR VIS06, ASR VIS07, ASR VIS08, ASR VIS09, ASR VIS10, ASR VIS11, ASR VIS12, ASR VIS13, ASR VIS14, ASR VIS15, ASR VIS16, ASR VIS17, ASR VIS18, ASR VIS19, ASR VIS20, ASR VIS21, ASR VIS22, ASR VIS23, ASR VIS24, ASR VIS25, ASR VIS26, ASR VIS27, ASR VIS28, ASR VIS29, ASR VIS30, ASR VIS31, ASR VIS32, ASR VIS33, ASR VIS34, ASR VIS35, ASR VIS36, ASR VIS37, ASR VIS38, ASR VIS39, ASR VIS40, ASR VIS41, ASR VIS42, ASR VIS43, ASR VIS44, ASR VIS45, ASR VIS46, ASR VIS47, ASR VIS48, ASR VIS49, ASR VIS50, ASR VIS51, ASR VIS52, ASR VIS53, ASR VIS54, ASR VIS55, ASR VIS56, ASR VIS57, ASR VIS58, ASR VIS59, ASR VIS60, ASR VIS61, ASR VIS62, ASR VIS63, ASR VIS64, ASR VIS65, ASR VIS66, ASR VIS67, ASR VIS68, ASR VIS69, ASR VIS70, ASR VIS71, ASR VIS72, ASR VIS73, ASR VIS74, ASR VIS75, ASR VIS76, ASR VIS77, ASR VIS78, ASR VIS79, ASR VIS80, ASR VIS81, ASR VIS82, ASR VIS83, ASR VIS84, SFC DIR01, SFC DIR02, SFC DIR03, SFC DIR04, SFC DIR05, SFC DIR06, SFC DIR07, SFC DIR08, SFC DIR09, SFC DIR10, SFC DIR11, SFC DIR12, SFC DIR13, SFC DIR14, SFC DIR15, SFC DIR16, SFC DIR17, SFC DIR18, SFC DIR19, SFC DIR20, SFC DIR21, SFC DIR22, SFC DIR23, SFC DIR24, SFC DIR25, SFC DIR26, SFC DIR27, SFC DIR28, SFC DIR29, SFC DIR30, SFC DIR31, SFC DIR32, SFC DIR33, SFC DIR34, SFC DIR35, SFC DIR36, SFC DIR37, SFC DIR38, SFC DIR39, SFC DIR40, SFC DIR41, SFC DIR42, SFC DIR43, SFC DIR44, SFC DIR45, SFC DIR46, SFC DIR47, SFC DIR48, SFC DIR49, SFC DIR50, SFC DIR51, SFC DIR52, SFC DIR53, SFC DIR54, SFC DIR55, SFC DIR56, SFC DIR57, SFC DIR58, SFC DIR59, SFC DIR60, SFC DIR61, SFC DIR62, SFC DIR63, SFC DIR64, SFC DIR65, SFC DIR66, SFC DIR67, SFC DIR68, SFC DIR69, SFC DIR70, SFC DIR71, SFC DIR72, SFC DIR73, SFC DIR74, SFC DIR75, SFC DIR76, SFC DIR77, SFC DIR78, SFC DIR79, SFC DIR80, SFC DIR81, SFC DIR82, SFC DIR83, SFC DIR84, SFC DIR85, SFC DIR86, SFC DIR87, SFC DIR88, SFC DIR89, SFC DIR90, SFC DIR91, SFC DIR92, SFC DIR93, SFC DIR94, SFC DIR95, SFC DIR96,SFC DVIS01,SFC DVIS02,SFC DVIS03,SFC DVIS04,SFC DVIS05,SFC DVIS06,SFC DVIS07,SFC DVIS08,SFC DVIS09,SFC DVIS10,SFC DVIS11,SFC DVIS12,SFC DVIS13,SFC DVIS14,SFC DVIS15,SFC DVIS16,SFC DVIS17,SFC DVIS18,SFC DVIS19,SFC DVIS20,SFC DVIS21,SFC DVIS22,SFC DVIS23,SFC DVIS24,SFC DVIS25,SFC DVIS26,SFC DVIS27,SFC DVIS28,SFC DVIS29,SFC DVIS30,SFC DVIS31,SFC DVIS32,SFC DVIS33,SFC DVIS34,SFC DVIS35,SFC DVIS36,SFC DVIS37,SFC DVIS38,SFC DVIS39,SFC DVIS40,SFC DVIS41,SFC DVIS42,SFC DVIS43,SFC DVIS44,SFC DVIS45,SFC DVIS46,SFC DVIS47,SFC DVIS48,SFC DVIS49,SFC DVIS50,SFC DVIS51,SFC DVIS52,SFC DVIS53,SFC DVIS54,SFC DVIS55,SFC DVIS56,SFC DVIS57,SFC DVIS58,SFC DVIS59,SFC DVIS60,SFC DVIS61,SFC DVIS62,SFC DVIS63,SFC DVIS64,SFC DVIS65,SFC DVIS66,SFC DVIS67,SFC DVIS68,SFC DVIS69,SFC DVIS70,SFC DVIS71,SFC DVIS72,SFC DVIS73,SFC DVIS74,SFC DVIS75,SFC DVIS76,SFC DVIS77,SFC DVIS78,SFC DVIS79,SFC DVIS80,SFC DVIS81,SFC DVIS82,SFC DVIS83,SFC DVIS84
    2,    0.0000,  227.5722,    0.2192,  139.8688,  115.8602,  -23.5218,  -14.0680,  158.4330,  163.5827,  163.6723,  163.8293,  164.1029,  164.5732,  165.3648,  166.6602,  168.4872,  170.9519,  174.2721,  178.5564,  183.8814,  190.3071,  197.9049,  205.8548,  212.8059,  218.1105,  222.1140,  224.8330,  226.3589,  227.0949,  227.3721,  227.5098,  227.5598,    0.0705,    0.2675,    0.5658,    0.9364,    1.3541,    1.7971,    2.2470,    2.6886,    3.1100,    3.5012,    3.8550,    4.1668,    3.7991,    3.9662,    4.1036,    4.2111,    4.2902,    4.3412,    4.3666,    4.3674,    4.3455,    4.3031,    4.2365,    4.1377,    1.4329,    1.4160,    1.3937,    1.3544,    1.3064,    1.2531,    1.1042,    1.0903,    1.0331,    0.8812,    0.8657,    0.6804,    0.4286,    0.3613,    0.2973,    0.2859,    0.2660,    0.2237,    0.2586,    0.2615,    0.2793,    0.3166,    0.3804,    0.4522,    0.5746,    0.6344,    0.5305,    0.6851,    0.6744,    0.6698,    0.6769,    0.7426,    0.7550,    0.7683,    0.7700,    0.7628,    2.0538,    1.9716,    1.9052,    1.8274,    1.7484,    1.6691,    1.5919,    1.5151,    1.4407,    1.3665,    1.2937,    1.2291,    1.8278,    1.6842,    1.5339,    1.3924,    1.2741,    1.1725,    1.0662,    0.9681,    0.8777,    0.7928,    0.7079,    0.6374,    1.5840,    1.1437,    0.8293,    0.5901,    0.4167,    0.2922,    0.2036,    0.1383,    0.0940,    0.0622,    0.0416,    0.0303,    0.0906,    0.0482,    0.0759,    0.0854,    0.0957,    0.0892,    0.0975,    0.1096,    0.0962,    0.1325,    0.1172,    0.1283,    0.1417,    0.1155,    0.1680,    0.1868,    0.1536,    0.1833,    0.2065,    0.2237,    0.2252,    0.1502,    0.2398,    0.2533,    0.3110,    0.3324,    0.3440,    0.3658,    0.3756,    0.3940,    0.4010,    0.4565,    0.4953,    0.4717,    0.4852,    0.4943,    0.8433,    0.9209,    0.9663,    0.9993,    1.0234,    1.1077,    1.0381,    1.1064,    1.0804,    1.1314,    1.0733,    1.1507,    2.4780,    2.4450,    2.4989,    2.5384,    2.5644,    2.4626,    2.5489,    2.6139,    2.6670,    2.4800,    2.4441,    2.5380,    6.4157,    6.1123,    6.0433,    5.8603,    5.4132,    5.0767,    4.4565,    4.0997,    3.9404,    3.4535,    2.6528,    2.4637,    1.8993,    1.7458,    1.3311,    1.2705,    0.8565,    0.6215,    0.5021,    0.2015,    0.1776,    0.1261,    0.0437,    0.0355,    0.0000,    0.0000,    0.0000,    0.0000,    0.0000,    0.0000,    0.0000,    0.0000,    0.0000,    0.0000,    0.0000,    0.0000,    0.0000,    0.0000,    0.0000,    0.0000,    0.0000,    0.0000,    0.0000,    0.0004,    0.0013,    0.0042,    0.0316,    0.1224,    0.0337,    0.0553,    0.0951,    0.1939,    0.3170,    0.4390,    0.7874,    0.8078,    0.8986,    1.0611,    1.1127,    1.2540,    0.9696,    0.9641,    0.9572,    0.9473,    0.9378,    0.9287,    0.9178,    0.9074,    0.8966,    0.8844,    0.8683,    0.8421,    0.8025,    0.6764,    0.7395,    0.4977,    0.5022,    0.4908,    0.4247,    0.2470,    0.1814,    0.1031,    0.0612,    0.0469,    0.0933,    0.0788,    0.0260,    0.0119,    0.0030,    0.0028,    0.0017,    0.0056,    0.0100,    0.0182,    0.0292,    0.0235,    0.0278,    0.0056,    0.0259,    0.0458,    0.0328,    0.0004,    0.0000,    0.0000,    0.0000,    0.0031,    0.0165,    0.0171,    0.0171,    0.0171,    0.0000,    0.0000,    0.0000,    0.0000,    0.0000,    0.0035,    0.0040,    0.0054,    0.0048,    0.0010,    0.0230,    0.0000,    0.0598,    0.1073,    0.1213,    0.1109,    0.1245,    0.1385,    0.1233,    0.1698,    0.1501,    0.1645,    0.1806,    0.1466,    0.2118,    0.2312,    0.1878,    0.1215,    0.0145,    0.0325,    0.1583,    0.1897,    0.3065,    0.3218,    0.3984,    0.4260,    0.4410,    0.4686,    0.4796,    0.4909,    0.4572,    0.4157,    0.3661,    0.4375,    0.6076,    0.6165,    1.0804,    1.1803,    1.2358,    1.2540,    1.2316,    1.3659,    1.3119,    1.3949,    1.2823,    1.4502,    1.3714,    1.4595,    3.1611,    3.0848,    3.2030,    3.2531,    3.2743,    3.1567,    3.2678,    3.3511,    3.4192,    3.1776,    3.1334,    3.2539,    8.2247,    7.8363,    7.7478,    7.5132,    6.9399,    6.5086,    5.7135,    5.2561,    5.0518,    4.4276,    3.4010,    3.1586,    2.4350,    2.2382,    1.7066,    1.6288,    1.0981,    0.7968,    0.6438,    0.2584,    0.2277,    0.1616,    0.0560,    0.0455
    2,    0.0500,  227.5722,    0.2252,  128.9283,  114.9674,  -13.4736,   -3.3198,  158.4330,  163.5827,  163.6723,  163.8293,  164.1029,  164.5732,  165.3648,  166.6602,  168.4872,  170.9519,  174.2721,  178.5564,  183.8814,  190.3071,  197.9049,  205.8548,  212.8059,  218.1105,  222.1140,  224.8330,  226.3589,  227.0949,  227.3721,  227.5098,  227.5598,    0.0690,    0.2617,    0.5533,    0.9155,    1.3232,    1.7555,    2.1941,    2.6248,    3.0000,    3.3073,    3.7093,    4.0733,    3.7125,    3.8368,    3.8187,    3.5988,    3.4024,    3.4337,    3.5827,    3.6743,    3.6724,    3.7231,    3.7871,    3.7829,    1.3184,    1.3145,    1.2949,    1.2687,    1.2274,    1.1813,    1.0561,    1.0440,    0.9943,    0.8542,    0.8416,    0.6696,    0.4245,    0.3591,    0.2963,    0.2850,    0.2654,    0.2234,    0.2579,    0.2607,    0.2782,    0.3145,    0.3759,    0.4438,    0.5582,    0.6115,    0.5143,    0.6547,    0.6449,    0.6346,    0.6390,    0.6949,    0.7043,    0.7142,    0.7058,    0.6987,    1.8799,    1.8300,    1.7666,    1.6938,    1.6273,    1.5531,    1.4833,    1.4116,    1.3420,    1.2887,    1.2201,    1.1589,    1.7086,    1.5737,    1.4418,    1.3091,    1.2122,    1.1149,    1.0137,    0.8946,    0.8109,    0.7325,    0.6599,    0.5942,    1.5044,    1.0861,    0.7954,    0.5603,    0.3956,    0.2790,    0.1944,    0.1334,    0.0907,    0.0601,    0.0403,    0.0293,    0.0898,    0.0481,    0.0748,    0.0837,    0.0939,    0.0874,    0.0956,    0.1075,    0.0944,    0.1299,    0.1149,    0.1259,    0.1393,    0.1135,    0.1652,    0.1837,    0.1510,    0.1808,    0.2053,    0.2221,    0.2228,    0.1479,    0.2362,    0.2494,    0.3062,    0.3273,    0.3387,    0.3602,    0.3699,    0.3880,    0.3962,    0.4515,    0.4903,    0.4665,    0.4792,    0.4883,    0.8329,    0.9095,    0.9543,    0.9871,    1.0110,    1.0958,    1.0269,    1.0944,    1.0690,    1.1191,    1.0616,    1.1382,    2.4511,    2.4185,    2.4717,    2.5107,    2.5366,    2.4371,    2.5225,    2.5869,    2.6394,    2.4543,    2.4188,    2.5118,    6.3494,    6.0491,    5.9808,    5.7998,    5.3572,    5.0243,    4.4105,    4.0574,    3.9646,    3.4747,    2.6691,    2.4788,    1.9110,    1.7566,    1.3394,    1.2785,    0.8620,    0.6256,    0.5055,    0.2029,    0.1788,    0.1270,    0.0440,    0.0358,    0.0044,    0.0167,    0.0351,    0.0578,    0.0831,    0.1096,    0.1362,    0.2167,    0.3495,    0.6101,    0.2938,    0.1697,    0.1514,    0.2180,    0.4388,    0.8971,    1.2411,    1.2028,    0.9911,    0.8494,    0.8138,    0.6925,    0.5554,    0.5269,    0.1645,    0.1681,    0.2033,    0.2848,    0.3969,    0.5078,    0.8250,    0.8423,    0.9241,    1.0755,    1.1224,    1.2547,    0.9696,    0.9641,    0.9572,    0.9473,    0.9378,    0.9287,    0.9178,    0.9074,    0.8966,    0.8844,    0.8683,    0.8427,    0.8073,    0.6890,    0.7477,    0.5215,    0.5248,    0.5181,    0.4574,    0.2947,    0.2342,    0.1622,    0.1348,    0.1209,    0.2949,    0.2442,    0.1887,    0.1684,    0.1487,    0.1415,    0.1287,    0.1259,    0.1238,    0.1056,    0.1112,    0.1015,    0.1588,    0.1271,    0.1255,    0.1349,    0.0989,    0.0623,    0.0561,    0.0779,    0.0705,    0.0665,    0.0662,    0.0616,    0.0982,    0.0753,    0.0340,    0.0297,    0.0209,    0.0131,    0.0091,    0.0082,    0.0072,    0.0075,    0.0060,    0.0019,    0.0223,    0.0000,    0.0581,    0.1041,    0.1177,    0.1076,    0.1209,    0.1345,    0.1197,    0.1649,    0.1457,    0.1597,    0.1761,    0.1430,    0.2065,    0.2254,    0.1831,    0.1185,    0.0142,    0.0317,    0.1544,    0.1851,    0.2991,    0.3140,    0.3886,    0.4156,    0.4303,    0.4571,    0.4679,    0.4789,    0.4479,    0.4072,    0.3587,    0.4286,    0.5952,    0.6039,    1.0584,    1.1563,    1.2106,    1.2285,    1.2065,    1.3389,    1.2859,    1.3674,    1.2569,    1.4216,    1.3443,    1.4306,    3.0986,    3.0238,    3.1397,    3.1888,    3.2096,    3.0456,    3.1528,    3.2332,    3.2989,    3.0658,    3.0232,    3.1394,    7.9353,    7.5605,    7.4751,    7.2488,    6.6956,    6.2794,    5.5123,    5.0710,    4.8479,    4.2487,    3.2635,    3.0308,    2.3364,    2.1475,    1.6373,    1.5626,    1.0535,    0.7644,    0.6176,    0.2478,    0.2184,    0.1550,    0.0537,    0.0437
    2,    0.1000,  227.5722,    0.2308,  120.6629,  114.1414,   -6.0338,    4.5717,  158.4330,  163.5827,  163.6723,  163.8293,  164.1029,  164.5732,  165.3648,  166.6602,  168.4872,  170.9519,  174.2721,  178.5564,  183.8814,  190.3071,  197.9049,  205.8548,  212.8059,  218.1105,  222.1140,  224.8330,  226.3589,  227.0949,  227.3721,  227.5098,  227.5598,    0.0677,    0.2565,    0.5422,    0.8966,    1.2955,    1.7179,    2.1463,    2.5678,    2.9065,    3.1558,    3.5818,    3.9863,    3.6319,    3.7197,    3.5853,    3.1937,    2.9053,    2.9145,    3.0846,    3.2033,    3.2080,    3.3002,    3.4349,    3.4908,    1.2228,    1.2280,    1.2106,    1.1945,    1.1587,    1.1185,    1.0131,    1.0024,    0.9592,    0.8294,    0.8194,    0.6592,    0.4205,    0.3569,    0.2954,    0.2842,    0.2647,    0.2232,    0.2572,    0.2599,    0.2771,    0.3124,    0.3715,    0.4358,    0.5431,    0.5906,    0.4995,    0.6275,    0.6184,    0.6037,    0.6060,    0.6537,    0.6608,    0.6681,    0.6526,    0.6456,    1.7358,    1.7093,    1.6485,    1.5799,    1.5231,    1.4533,    1.3895,    1.3221,    1.2568,    1.2197,    1.1547,    1.0966,    1.6045,    1.4771,    1.3604,    1.2353,    1.1561,    1.0627,    0.9661,    0.8315,    0.7535,    0.6806,    0.6180,    0.5563,    1.4323,    1.0338,    0.7641,    0.5333,    0.3765,    0.2668,    0.1859,    0.1289,    0.0876,    0.0580,    0.0391,    0.0284,    0.0890,    0.0480,    0.0738,    0.0821,    0.0921,    0.0858,    0.0939,    0.1055,    0.0927,    0.1275,    0.1128,    0.1236,    0.1370,    0.1117,    0.1625,    0.1807,    0.1486,    0.1785,    0.2042,    0.2206,    0.2206,    0.1457,    0.2327,    0.2458,    0.3017,    0.3224,    0.3337,    0.3549,    0.3645,    0.3824,    0.3917,    0.4466,    0.4854,    0.4615,    0.4735,    0.4825,    0.8229,    0.8986,    0.9429,    0.9753,    0.9992,    1.0844,    1.0161,    1.0830,    1.0580,    1.1073,    1.0504,    1.1263,    2.4253,    2.3932,    2.4456,    2.4843,    2.5099,    2.4136,    2.4982,    2.5620,    2.6140,    2.4307,    2.3955,    2.4876,    6.2884,    5.9910,    5.9234,    5.7442,    5.3060,    4.9763,    4.3685,    4.0189,    3.9879,    3.4952,    2.6849,    2.4937,    1.9225,    1.7674,    1.3477,    1.2865,    0.8675,    0.6296,    0.5088,    0.2043,    0.1801,    0.1279,    0.0444,    0.0361,    0.0085,    0.0322,    0.0678,    0.1116,    0.1605,    0.2117,    0.2630,    0.4142,    0.6556,    1.1031,    0.5606,    0.3307,    0.2950,    0.4206,    0.8159,    1.5496,    2.0295,    1.9732,    1.6748,    1.4640,    1.4076,    1.2176,    0.9792,    0.8676,    0.2761,    0.2658,    0.2971,    0.3646,    0.4671,    0.5685,    0.8586,    0.8732,    0.9473,    1.0884,    1.1311,    1.2552,    0.9697,    0.9641,    0.9572,    0.9473,    0.9378,    0.9287,    0.9178,    0.9074,    0.8966,    0.8844,    0.8684,    0.8432,    0.8116,    0.7004,    0.7550,    0.5430,    0.5451,    0.5421,    0.4860,    0.3362,    0.2801,    0.2135,    0.1971,    0.1835,    0.4655,    0.3879,    0.3300,    0.3043,    0.2761,    0.2629,    0.2400,    0.2314,    0.2237,    0.1840,    0.1848,    0.1715,    0.2744,    0.2342,    0.2142,    0.2143,    0.1592,    0.1186,    0.1073,    0.1454,    0.1316,    0.1214,    0.1098,    0.1008,    0.1719,    0.1281,    0.0655,    0.0566,    0.0399,    0.0250,    0.0174,    0.0125,    0.0101,    0.0094,    0.0071,    0.0027,    0.0217,    0.0000,    0.0564,    0.1011,    0.1143,    0.1045,    0.1174,    0.1307,    0.1163,    0.1602,    0.1416,    0.1552,    0.1718,    0.1395,    0.2014,    0.2199,    0.1786,    0.1155,    0.0138,    0.0309,    0.1507,    0.1806,    0.2919,    0.3064,    0.3793,    0.4057,    0.4199,    0.4462,    0.4567,    0.4674,    0.4389,    0.3990,    0.3515,    0.4200,    0.5833,    0.5918,    1.0372,    1.1330,    1.1863,    1.2038,    1.1823,    1.3127,    1.2608,    1.3406,    1.2324,    1.3938,    1.3180,    1.4027,    3.0381,    2.9648,    3.0783,    3.1265,    3.1469,    2.9398,    3.0433,    3.1209,    3.1842,    2.9593,    2.9181,    3.0303,    7.6596,    7.2979,    7.2155,    6.9971,    6.4632,    6.0615,    5.3210,    4.8951,    4.6537,    4.0786,    3.1328,    2.9094,    2.2429,    2.0615,    1.5718,    1.5001,    1.0113,    0.7338,    0.5928,    0.2379,    0.2097,    0.1488,    0.0516,    0.0419
    2,    0.1500,  227.5722,    0.2360,  114.0912,  113.3688,   -0.2342,   10.5853,  158.4330,  163.5827,  163.6723,  163.8293,  164.1029,  164.5732,  165.3648,  166.6602,  168.4872,  170.9519,  174.2721,  178.5564,  183.8814,  190.3071,  197.9049,  205.8548,  212.8059,  218.1105,  222.1140,  224.8330,  226.3589,  227.0949,  227.3721,  227.5098,  227.5598,    0.0665,    0.2518,    0.5321,    0.8796,    1.2704,    1.6840,    2.1029,    2.5167,    2.8261,    3.0343,    3.4696,    3.9053,    3.5567,    3.6133,    3.3919,    2.9126,    2.5994,    2.5899,    2.7482,    2.8680,    2.8732,    2.9814,    3.1531,    3.2469,    1.1420,    1.1535,    1.1380,    1.1297,    1.0984,    1.0632,    0.9744,    0.9648,    0.9271,    0.8067,    0.7987,    0.6493,    0.4166,    0.3547,    0.2944,    0.2833,    0.2641,    0.2229,    0.2566,    0.2592,    0.2760,    0.3104,    0.3673,    0.4282,    0.5290,    0.5715,    0.4858,    0.6029,    0.5944,    0.5763,    0.5769,    0.6179,    0.6230,    0.6283,    0.6078,    0.6010,    1.6149,    1.6052,    1.5467,    1.4817,    1.4327,    1.3667,    1.3077,    1.2440,    1.1824,    1.1581,    1.0964,    1.0410,    1.5129,    1.3920,    1.2879,    1.1696,    1.1051,    1.0152,    0.9227,    0.7767,    0.7037,    0.6354,    0.5809,    0.5229,    1.3666,    0.9862,    0.7351,    0.5087,    0.3590,    0.2557,    0.1781,    0.1247,    0.0848,    0.0561,    0.0380,    0.0276,    0.0883,    0.0480,    0.0728,    0.0806,    0.0904,    0.0843,    0.0922,    0.1037,    0.0910,    0.1253,    0.1108,    0.1214,    0.1349,    0.1099,    0.1600,    0.1779,    0.1463,    0.1763,    0.2031,    0.2192,    0.2184,    0.1437,    0.2294,    0.2423,    0.2974,    0.3179,    0.3290,    0.3498,    0.3593,    0.3770,    0.3873,    0.4420,    0.4807,    0.4566,    0.4680,    0.4769,    0.8133,    0.8881,    0.9319,    0.9641,    0.9878,    1.0735,    1.0058,    1.0720,    1.0475,    1.0960,    1.0397,    1.1149,    2.4006,    2.3690,    2.4207,    2.4589,    2.4843,    2.3920,    2.4758,    2.5390,    2.5906,    2.4089,    2.3741,    2.4653,    6.2320,    5.9374,    5.8705,    5.6929,    5.2586,    4.9320,    4.3297,    3.9833,    4.0097,    3.5144,    2.6998,    2.5076,    1.9334,    1.7774,    1.3555,    1.2940,    0.8727,    0.6335,    0.5120,    0.2056,    0.1813,    0.1288,    0.0447,    0.0363,    0.0124,    0.0467,    0.0983,    0.1618,    0.2325,    0.3067,    0.3811,    0.5943,    0.9241,    1.5030,    0.8036,    0.4835,    0.4315,    0.6092,    1.1430,    2.0419,    2.5678,    2.5051,    2.1746,    1.9300,    1.8611,    1.6319,    1.3295,    1.1587,    0.3725,    0.3514,    0.3792,    0.4351,    0.5292,    0.6223,    0.8889,    0.9011,    0.9682,    1.1003,    1.1392,    1.2558,    0.9697,    0.9641,    0.9572,    0.9473,    0.9378,    0.9287,    0.9178,    0.9074,    0.8966,    0.8844,    0.8685,    0.8437,    0.8155,    0.7107,    0.7617,    0.5623,    0.5635,    0.5634,    0.5112,    0.3727,    0.3204,    0.2584,    0.2505,    0.2371,    0.6117,    0.5138,    0.4538,    0.4233,    0.3885,    0.3699,    0.3385,    0.3247,    0.3119,    0.2547,    0.2511,    0.2346,    0.3772,    0.3295,    0.2938,    0.2856,    0.2144,    0.1702,    0.1541,    0.2045,    0.1849,    0.1693,    0.1484,    0.1354,    0.2391,    0.1763,    0.0946,    0.0812,    0.0571,    0.0360,    0.0250,    0.0166,    0.0129,    0.0111,    0.0082,    0.0035,    0.0210,    0.0000,    0.0548,    0.0982,    0.1111,    0.1015,    0.1141,    0.1270,    0.1130,    0.1557,    0.1376,    0.1509,    0.1676,    0.1361,    0.1965,    0.2146,    0.1743,    0.1127,    0.0135,    0.0301,    0.1471,    0.1764,    0.2850,    0.2992,    0.3704,    0.3961,    0.4100,    0.4356,    0.4459,    0.4564,    0.4302,    0.3911,    0.3445,    0.4116,    0.5717,    0.5800,    1.0166,    1.1106,    1.1628,    1.1799,    1.1588,    1.2873,    1.2364,    1.3147,    1.2086,    1.3669,    1.2926,    1.3756,    2.9794,    2.9075,    3.0189,    3.0661,    3.0861,    2.8388,    2.9387,    3.0137,    3.0749,    2.8577,    2.8179,    2.9263,    7.3966,    7.0473,    6.9678,    6.7569,    6.2414,    5.8536,    5.1386,    4.7273,    4.4680,    3.9158,    3.0078,    2.7934,    2.1534,    1.9793,    1.5091,    1.4403,    0.9710,    0.7046,    0.5692,    0.2284,    0.2013,    0.1429,    0.0495,    0.0403
    2,    0.2000,  227.5722,    0.2409,  108.6826,  112.6447,    4.4508,   15.2670,  158.4330,  163.5827,  163.6723,  163.8293,  164.1029,  164.5732,  165.3648,  166.6602,  168.4872,  170.9519,  174.2721,  178.5564,  183.8814,  190.3071,  197.9049,  205.8548,  212.8059,  218.1105,  222.1140,  224.8330,  226.3589,  227.0949,  227.3721,  227.5098,  227.5598,    0.0654,    0.2476,    0.5230,    0.8643,    1.2477,    1.6532,    2.0636,    2.4707,    2.7564,    2.9348,    3.3704,    3.8297,    3.4864,    3.5163,    3.2300,    2.7095,    2.3965,    2.3728,    2.5101,    2.6206,    2.6236,    2.7349,    2.9236,    3.0410,    1.0731,    1.0888,    1.0749,    1.0726,    1.0452,    1.0142,    0.9394,    0.9308,    0.8977,    0.7856,    0.7795,    0.6399,    0.4128,    0.3526,    0.2935,    0.2825,    0.2634,    0.2226,    0.2560,    0.2584,    0.2749,    0.3084,    0.3633,    0.4210,    0.5158,    0.5539,    0.4732,    0.5807,    0.5727,    0.5519,    0.5511,    0.5865,    0.5901,    0.5936,    0.5698,    0.5631,    1.5121,    1.5148,    1.4584,    1.3965,    1.3537,    1.2909,    1.2359,    1.1755,    1.1170,    1.1028,    1.0440,    0.9910,    1.4317,    1.3166,    1.2230,    1.1107,    1.0584,    0.9718,    0.8831,    0.7287,    0.6600,    0.5959,    0.5480,    0.4932,    1.3066,    0.9427,    0.7081,    0.4862,    0.3430,    0.2453,    0.1709,    0.1207,    0.0820,    0.0544,    0.0369,    0.0268,    0.0876,    0.0479,    0.0718,    0.0792,    0.0888,    0.0828,    0.0906,    0.1019,    0.0895,    0.1232,    0.1089,    0.1193,    0.1328,    0.1083,    0.1576,    0.1752,    0.1441,    0.1742,    0.2021,    0.2178,    0.2164,    0.1417,    0.2262,    0.2390,    0.2933,    0.3135,    0.3245,    0.3451,    0.3544,    0.3720,    0.3831,    0.4375,    0.4762,    0.4520,    0.4628,    0.4716,    0.8041,    0.8781,    0.9214,    0.9533,    0.9770,    1.0631,    0.9959,    1.0615,    1.0374,    1.0852,    1.0295,    1.1039,    2.3770,    2.3457,    2.3968,    2.4347,    2.4599,    2.3720,    2.4551,    2.5177,    2.5689,    2.3888,    2.3542,    2.4447,    6.1800,    5.8878,    5.8215,    5.6455,    5.2149,    4.8910,    4.2938,    3.9504,    4.0300,    3.5324,    2.7137,    2.5206,    1.9435,    1.7869,    1.3628,    1.3012,    0.8776,    0.6371,    0.5150,    0.2068,    0.1824,    0.1296,    0.0450,    0.0366,    0.0160,    0.0602,    0.1267,    0.2085,    0.2997,    0.3954,    0.4913,    0.7587,    1.1600,    1.8283,    1.0253,    0.6288,    0.5613,    0.7851,    1.4288,    2.4226,    2.9508,    2.8892,    2.5541,    2.2950,    2.2186,    1.9672,    1.6241,    1.4105,    0.4565,    0.4269,    0.4517,    0.4980,    0.5847,    0.6703,    0.9162,    0.9264,    0.9874,    1.1111,    1.1465,    1.2563,    0.9697,    0.9642,    0.9572,    0.9473,    0.9378,    0.9287,    0.9178,    0.9074,    0.8966,    0.8844,    0.8685,    0.8442,    0.8192,    0.7201,    0.7678,    0.5798,    0.5801,    0.5823,    0.5336,    0.4050,    0.3560,    0.2981,    0.2968,    0.2836,    0.7383,    0.6250,    0.5631,    0.5284,    0.4882,    0.4648,    0.4261,    0.4077,    0.3904,    0.3188,    0.3112,    0.2917,    0.4691,    0.4147,    0.3656,    0.3498,    0.2650,    0.2176,    0.1970,    0.2565,    0.2320,    0.2116,    0.1829,    0.1664,    0.3006,    0.2204,    0.1217,    0.1037,    0.0729,    0.0462,    0.0321,    0.0205,    0.0155,    0.0128,    0.0092,    0.0043,    0.0204,    0.0000,    0.0532,    0.0954,    0.1080,    0.0987,    0.1110,    0.1235,    0.1099,    0.1514,    0.1338,    0.1467,    0.1636,    0.1329,    0.1919,    0.2095,    0.1702,    0.1100,    0.0132,    0.0294,    0.1437,    0.1723,    0.2784,    0.2922,    0.3617,    0.3869,    0.4005,    0.4255,    0.4356,    0.4458,    0.4217,    0.3834,    0.3377,    0.4036,    0.5605,    0.5687,    0.9967,    1.0888,    1.1400,    1.1568,    1.1361,    1.2627,    1.2128,    1.2896,    1.1854,    1.3408,    1.2679,    1.3493,    2.9225,    2.8519,    2.9612,    3.0075,    3.0271,    2.7424,    2.8389,    2.9114,    2.9705,    2.7606,    2.7223,    2.8269,    7.1455,    6.8081,    6.7313,    6.5276,    6.0297,    5.6550,    4.9643,    4.5670,    4.2902,    3.7600,    2.8882,    2.6823,    2.0678,    1.9007,    1.4492,    1.3831,    0.9325,    0.6767,    0.5467,    0.2194,    0.1934,    0.1373,    0.0476,    0.0387
    2,    0.3000,  227.5722,    0.2498,  100.1930,  111.3269,   11.6234,   21.8822,  158.4330,  163.5827,  163.6723,  163.8293,  164.1029,  164.5732,  165.3648,  166.6602,  168.4872,  170.9519,  174.2721,  178.5564,  183.8814,  190.3071,  197.9049,  205.8548,  212.8059,  218.1105,  222.1140,  224.8330,  226.3589,  227.0949,  227.3721,  227.5098,  227.5598,    0.0635,    0.2404,    0.5073,    0.8377,    1.2083,    1.5997,    1.9950,    2.3913,    2.6416,    2.7807,    3.2037,    3.6930,    3.3592,    3.3467,    2.9766,    2.4394,    2.1460,    2.1044,    2.2019,    2.2863,    2.2820,    2.3830,    2.5758,    2.7140,    0.9622,    0.9824,    0.9708,    0.9770,    0.9557,    0.9313,    0.8785,    0.8713,    0.8458,    0.7481,    0.7447,    0.6221,    0.4055,    0.3485,    0.2917,    0.2809,    0.2621,    0.2221,    0.2547,    0.2569,    0.2728,    0.3045,    0.3556,    0.4076,    0.4920,    0.5228,    0.4507,    0.5419,    0.5348,    0.5102,    0.5076,    0.5341,    0.5354,    0.5364,    0.5087,    0.5023,    1.3474,    1.3657,    1.3128,    1.2560,    1.2225,    1.1650,    1.1161,    1.0610,    1.0077,    1.0078,    0.9540,    0.9051,    1.2943,    1.1891,    1.1118,    1.0097,    0.9762,    0.8954,    0.8134,    0.6486,    0.5871,    0.5298,    0.4922,    0.4428,    1.2008,    0.8659,    0.6595,    0.4463,    0.3148,    0.2269,    0.1580,    0.1134,    0.0771,    0.0511,    0.0349,    0.0253,    0.0862,    0.0478,    0.0701,    0.0767,    0.0860,    0.0802,    0.0878,    0.0987,    0.0867,    0.1193,    0.1055,    0.1156,    0.1290,    0.1052,    0.1531,    0.1703,    0.1401,    0.1702,    0.2000,    0.2151,    0.2125,    0.1381,    0.2204,    0.2329,    0.2858,    0.3055,    0.3162,    0.3362,    0.3453,    0.3625,    0.3753,    0.4291,    0.4676,    0.4432,    0.4530,    0.4617,    0.7869,    0.8593,    0.9017,    0.9331,    0.9566,    1.0434,    0.9774,    1.0418,    1.0184,    1.0649,    1.0102,    1.0833,    2.3326,    2.3021,    2.3519,    2.3891,    2.4139,    2.3363,    2.4182,    2.4799,    2.5303,    2.3529,    2.3189,    2.4080,    6.0873,    5.7996,    5.7344,    5.5611,    5.1371,    4.8182,    4.2300,    3.8918,    4.0666,    3.5647,    2.7387,    2.5440,    1.9618,    1.8039,    1.3760,    1.3140,    0.8865,    0.6437,    0.5205,    0.2091,    0.1845,    0.1311,    0.0455,    0.0371,    0.0224,    0.0845,    0.1779,    0.2928,    0.4209,    0.5553,    0.6902,    1.0459,    1.5502,    2.3110,    1.4138,    0.8986,    0.8024,    1.1032,    1.9019,    2.9606,    3.4384,    3.3904,    3.0847,    2.8265,    2.7436,    2.4760,    2.0922,    1.8243,    0.5962,    0.5543,    0.5741,    0.6054,    0.6795,    0.7526,    0.9636,    0.9704,    1.0209,    1.1301,    1.1595,    1.2573,    0.9698,    0.9642,    0.9572,    0.9473,    0.9378,    0.9287,    0.9178,    0.9074,    0.8966,    0.8844,    0.8686,    0.8451,    0.8257,    0.7366,    0.7785,    0.6103,    0.6091,    0.6145,    0.5716,    0.4595,    0.4160,    0.3649,    0.3729,    0.3600,    0.9463,    0.8124,    0.7472,    0.7054,    0.6573,    0.6258,    0.5752,    0.5489,    0.5240,    0.4303,    0.4159,    0.3913,    0.6268,    0.5607,    0.4900,    0.4612,    0.3550,    0.3016,    0.2732,    0.3440,    0.3111,    0.2827,    0.2417,    0.2191,    0.4093,    0.2983,    0.1706,    0.1433,    0.1009,    0.0643,    0.0447,    0.0275,    0.0202,    0.0159,    0.0111,    0.0057,    0.0193,    0.0000,    0.0504,    0.0903,    0.1022,    0.0934,    0.1051,    0.1170,    0.1041,    0.1434,    0.1267,    0.1390,    0.1561,    0.1268,    0.1831,    0.1999,    0.1624,    0.1049,    0.0126,    0.0281,    0.1372,    0.1645,    0.2658,    0.2791,    0.3455,    0.3694,    0.3825,    0.4064,    0.4160,    0.4257,    0.4057,    0.3687,    0.3248,    0.3881,    0.5391,    0.5470,    0.9587,    1.0473,    1.0966,    1.1127,    1.0928,    1.2156,    1.1676,    1.2415,    1.1412,    1.2908,    1.2206,    1.2990,    2.8136,    2.7456,    2.8508,    2.8954,    2.9143,    2.5621,    2.6523,    2.7200,    2.7752,    2.5792,    2.5433,    2.6411,    6.6759,    6.3607,    6.2891,    6.0988,    5.6337,    5.2837,    4.6385,    4.2674,    3.9569,    3.4680,    2.6640,    2.4741,    1.9073,    1.7533,    1.3368,    1.2759,    0.8603,    0.6243,    0.5044,    0.2024,    0.1784,    0.1267,    0.0439,    0.0357
    2,    0.4000,  227.5722,    0.2576,   93.7394,  110.1609,   16.9118,   26.0502,  158.4330,  163.5827,  163.6723,  163.8293,  164.1029,  164.5732,  165.3648,  166.6602,  168.4872,  170.9519,  174.2721,  178.5564,  183.8814,  190.3071,  197.9049,  205.8548,  212.8059,  218.1105,  222.1140,  224.8330,  226.3589,  227.0949,  227.3721,  227.5098,  227.5598,    0.0620,    0.2344,    0.4944,    0.8156,    1.1755,    1.5549,    1.9375,    2.3251,    2.5508,    2.6659,    3.0700,    3.5731,    3.2474,    3.2040,    2.7893,    2.2684,    1.9941,    1.9438,    2.0135,    2.0748,    2.0634,    2.1481,    2.3276,    2.4681,    0.8775,    0.8990,    0.8891,    0.9005,    0.8835,    0.8640,    0.8275,    0.8212,    0.8014,    0.7154,    0.7141,    0.6057,    0.3986,    0.3446,    0.2899,    0.2793,    0.2609,    0.2216,    0.2535,    0.2555,    0.2708,    0.3008,    0.3484,    0.3953,    0.4710,    0.4960,    0.4312,    0.5093,    0.5029,    0.4761,    0.4721,    0.4923,    0.4920,    0.4913,    0.4622,    0.4560,    1.2219,    1.2485,    1.1983,    1.1454,    1.1182,    1.0648,    1.0203,    0.9694,    0.9203,    0.9293,    0.8795,    0.8340,    1.1828,    1.0856,    1.0201,    0.9263,    0.9062,    0.8303,    0.7540,    0.5847,    0.5289,    0.4770,    0.4467,    0.4017,    1.1106,    0.8003,    0.6170,    0.4123,    0.2906,    0.2109,    0.1468,    0.1069,    0.0726,    0.0482,    0.0331,    0.0239,    0.0850,    0.0476,    0.0685,    0.0744,    0.0834,    0.0778,    0.0853,    0.0959,    0.0842,    0.1158,    0.1024,    0.1122,    0.1256,    0.1024,    0.1490,    0.1658,    0.1364,    0.1665,    0.1981,    0.2125,    0.2090,    0.1348,    0.2152,    0.2273,    0.2790,    0.2982,    0.3086,    0.3282,    0.3371,    0.3540,    0.3680,    0.4213,    0.4597,    0.4351,    0.4439,    0.4525,    0.7711,    0.8421,    0.8836,    0.9145,    0.9378,    1.0253,    0.9603,    1.0236,    1.0009,    1.0462,    0.9925,    1.0644,    2.2917,    2.2619,    2.3105,    2.3471,    2.3715,    2.3058,    2.3866,    2.4475,    2.4972,    2.3221,    2.2886,    2.3766,    6.0078,    5.7239,    5.6596,    5.4887,    5.0703,    4.7557,    4.1753,    3.8416,    4.0985,    3.5928,    2.7604,    2.5644,    1.9777,    1.8188,    1.3876,    1.3253,    0.8942,    0.6495,    0.5253,    0.2111,    0.1863,    0.1325,    0.0460,    0.0375,    0.0280,    0.1057,    0.2225,    0.3663,    0.5267,    0.6950,    0.8638,    1.2860,    1.8534,    2.6357,    1.7406,    1.1434,    1.0215,    1.3822,    2.2740,    3.3076,    3.7142,    3.6847,    3.4273,    3.1890,    3.1058,    2.8414,    2.4467,    2.1501,    0.7076,    0.6577,    0.6735,    0.6937,    0.7576,    0.8205,    1.0034,    1.0073,    1.0494,    1.1463,    1.1707,    1.2581,    0.9699,    0.9642,    0.9572,    0.9473,    0.9378,    0.9287,    0.9178,    0.9074,    0.8966,    0.8845,    0.8687,    0.8458,    0.8313,    0.7506,    0.7875,    0.6359,    0.6334,    0.6409,    0.6025,    0.5037,    0.4646,    0.4189,    0.4327,    0.4199,    1.1095,    0.9637,    0.8958,    0.8482,    0.7946,    0.7565,    0.6969,    0.6643,    0.6332,    0.5242,    0.5040,    0.4750,    0.7569,    0.6811,    0.5940,    0.5543,    0.4323,    0.3738,    0.3387,    0.4148,    0.3750,    0.3401,    0.2900,    0.2624,    0.5024,    0.3649,    0.2134,    0.1773,    0.1247,    0.0800,    0.0556,    0.0338,    0.0244,    0.0186,    0.0127,    0.0069,    0.0182,    0.0000,    0.0477,    0.0856,    0.0968,    0.0885,    0.0998,    0.1110,    0.0988,    0.1361,    0.1203,    0.1318,    0.1492,    0.1211,    0.1749,    0.1910,    0.1551,    0.1002,    0.0120,    0.0268,    0.1312,    0.1573,    0.2542,    0.2669,    0.3303,    0.3533,    0.3657,    0.3886,    0.3977,    0.4071,    0.3905,    0.3549,    0.3127,    0.3736,    0.5190,    0.5266,    0.9230,    1.0083,    1.0557,    1.0712,    1.0520,    1.1712,    1.1250,    1.1962,    1.0995,    1.2437,    1.1761,    1.2516,    2.7108,    2.6454,    2.7467,    2.7897,    2.8079,    2.3970,    2.4814,    2.5447,    2.5963,    2.4129,    2.3794,    2.4709,    6.2456,    5.9508,    5.8838,    5.7058,    5.2707,    4.9434,    4.3398,    3.9927,    3.6513,    3.2002,    2.4583,    2.2831,    1.7602,    1.6180,    1.2338,    1.1777,    0.7940,    0.5763,    0.4656,    0.1869,    0.1647,    0.1170,    0.0406,    0.0330
    2,    0.5000,  227.5722,    0.2646,   88.6104,  109.1248,   21.0055,   28.6370,  158.4330,  163.5827,  163.6723,  163.8293,  164.1029,  164.5732,  165.3648,  166.6602,  168.4872,  170.9519,  174.2721,  178.5564,  183.8814,  190.3071,  197.9049,  205.8548,  212.8059,  218.1105,  222.1140,  224.8330,  226.3589,  227.0949,  227.3721,  227.5098,  227.5598,    0.0607,    0.2295,    0.4835,    0.7971,    1.1480,    1.5172,    1.8889,    2.2690,    2.4768,    2.5761,    2.9608,    3.4674,    3.1485,    3.0827,    2.6464,    2.1487,    1.8888,    1.8337,    1.8858,    1.9300,    1.9128,    1.9821,    2.1438,    2.2781,    0.8112,    0.8322,    0.8236,    0.8381,    0.8243,    0.8085,    0.7841,    0.7784,    0.7630,    0.6867,    0.6869,    0.5906,    0.3921,    0.3408,    0.2881,    0.2777,    0.2597,    0.2211,    0.2523,    0.2541,    0.2688,    0.2973,    0.3416,    0.3841,    0.4524,    0.4727,    0.4140,    0.4816,    0.4756,    0.4475,    0.4428,    0.4582,    0.4567,    0.4549,    0.4256,    0.4196,    1.1234,    1.1541,    1.1062,    1.0565,    1.0335,    0.9835,    0.9422,    0.8947,    0.8488,    0.8635,    0.8170,    0.7744,    1.0908,    1.0000,    0.9433,    0.8563,    0.8460,    0.7744,    0.7028,    0.5326,    0.4814,    0.4339,    0.4089,    0.3675,    1.0328,    0.7437,    0.5794,    0.3828,    0.2697,    0.1968,    0.1369,    0.1010,    0.0686,    0.0455,    0.0314,    0.0227,    0.0839,    0.0475,    0.0671,    0.0724,    0.0811,    0.0757,    0.0830,    0.0933,    0.0819,    0.1127,    0.0997,    0.1092,    0.1225,    0.0999,    0.1453,    0.1617,    0.1330,    0.1631,    0.1962,    0.2101,    0.2058,    0.1318,    0.2104,    0.2223,    0.2728,    0.2916,    0.3018,    0.3209,    0.3296,    0.3462,    0.3613,    0.4140,    0.4523,    0.4276,    0.4356,    0.4440,    0.7566,    0.8262,    0.8670,    0.8974,    0.9205,    1.0085,    0.9446,    1.0068,    0.9847,    1.0289,    0.9761,    1.0469,    2.2539,    2.2248,    2.2724,    2.3084,    2.3325,    2.2795,    2.3594,    2.4196,    2.4688,    2.2956,    2.2625,    2.3495,    5.9393,    5.6588,    5.5953,    5.4264,    5.0129,    4.7020,    4.1282,    3.7985,    4.1261,    3.6172,    2.7794,    2.5821,    1.9915,    1.8318,    1.3977,    1.3351,    0.9010,    0.6546,    0.5296,    0.2129,    0.1879,    0.1337,    0.0464,    0.0378,    0.0329,    0.1243,    0.2615,    0.4306,    0.6192,    0.8172,    1.0158,    1.4870,    2.0900,    2.8567,    2.0168,    1.3661,    1.2210,    1.6283,    2.5706,    3.5378,    3.8774,    3.8651,    3.6571,    3.4456,    3.3654,    3.1133,    2.7234,    2.4131,    0.7983,    0.7433,    0.7557,    0.7676,    0.8230,    0.8774,    1.0372,    1.0388,    1.0739,    1.1602,    1.1803,    1.2589,    0.9700,    0.9642,    0.9572,    0.9473,    0.9378,    0.9287,    0.9178,    0.9074,    0.8966,    0.8845,    0.8689,    0.8465,    0.8361,    0.7625,    0.7952,    0.6576,    0.6541,    0.6627,    0.6281,    0.5402,    0.5047,    0.4634,    0.4805,    0.4679,    1.2403,    1.0880,    1.0179,    0.9655,    0.9079,    0.8644,    0.7979,    0.7600,    0.7237,    0.6041,    0.5790,    0.5462,    0.8660,    0.7820,    0.6822,    0.6332,    0.4995,    0.4365,    0.3955,    0.4730,    0.4276,    0.3873,    0.3304,    0.2986,    0.5829,    0.4226,    0.2513,    0.2066,    0.1453,    0.0937,    0.0651,    0.0394,    0.0282,    0.0211,    0.0143,    0.0081,    0.0173,    0.0000,    0.0453,    0.0813,    0.0920,    0.0841,    0.0948,    0.1055,    0.0939,    0.1293,    0.1143,    0.1253,    0.1427,    0.1159,    0.1673,    0.1827,    0.1484,    0.0958,    0.0115,    0.0256,    0.1256,    0.1506,    0.2434,    0.2555,    0.3162,    0.3382,    0.3501,    0.3720,    0.3808,    0.3897,    0.3763,    0.3419,    0.3012,    0.3599,    0.5001,    0.5074,    0.8894,    0.9716,    1.0172,    1.0322,    1.0136,    1.1293,    1.0847,    1.1533,    1.0601,    1.1991,    1.1339,    1.2067,    2.6137,    2.5506,    2.6484,    2.6898,    2.7073,    2.2451,    2.3242,    2.3835,    2.4319,    2.2601,    2.2287,    2.3144,    5.8501,    5.5739,    5.5112,    5.3446,    4.9371,    4.6306,    4.0652,    3.7401,    3.3708,    2.9544,    2.2695,    2.1078,    1.6251,    1.4939,    1.1392,    1.0874,    0.7332,    0.5322,    0.4300,    0.1726,    0.1522,    0.1081,    0.0375,    0.0305
    2,    0.7500,  227.5722,    0.2790,   79.3220,  106.9910,   28.1623,   31.1258,  158.4330,  163.5827,  163.6723,  163.8293,  164.1029,  164.5732,  165.3648,  166.6602,  168.4872,  170.9519,  174.2721,  178.5564,  183.8814,  190.3071,  197.9049,  205.8548,  212.8059,  218.1105,  222.1140,  224.8330,  226.3589,  227.0949,  227.3721,  227.5098,  227.5598,    0.0583,    0.2201,    0.4631,    0.7620,    1.0953,    1.4446,    1.7949,    2.1597,    2.3390,    2.4167,    2.7599,    3.2521,    2.9465,    2.8483,    2.4043,    1.9565,    1.7196,    1.6591,    1.6881,    1.7084,    1.6821,    1.7245,    1.8456,    1.9545,    0.6964,    0.7133,    0.7064,    0.7239,    0.7150,    0.7048,    0.6996,    0.6947,    0.6863,    0.6283,    0.6304,    0.5574,    0.3772,    0.3319,    0.2840,    0.2740,    0.2567,    0.2199,    0.2493,    0.2507,    0.2640,    0.2890,    0.3263,    0.3597,    0.4137,    0.4258,    0.3790,    0.4273,    0.4221,    0.3932,    0.3876,    0.3955,    0.3924,    0.3890,    0.3614,    0.3558,    0.9507,    0.9834,    0.9399,    0.8956,    0.8787,    0.8346,    0.7986,    0.7571,    0.7172,    0.7381,    0.6977,    0.6605,    0.9188,    0.8402,    0.7973,    0.7231,    0.7270,    0.6638,    0.6017,    0.4369,    0.3940,    0.3545,    0.3378,    0.3032,    0.8785,    0.6313,    0.5022,    0.3241,    0.2279,    0.1684,    0.1170,    0.0886,    0.0602,    0.0399,    0.0279,    0.0201,    0.0814,    0.0472,    0.0642,    0.0682,    0.0764,    0.0713,    0.0782,    0.0880,    0.0772,    0.1063,    0.0940,    0.1030,    0.1159,    0.0945,    0.1375,    0.1530,    0.1259,    0.1558,    0.1919,    0.2047,    0.1987,    0.1255,    0.2003,    0.2116,    0.2596,    0.2775,    0.2872,    0.3054,    0.3137,    0.3297,    0.3467,    0.3981,    0.4358,    0.4110,    0.4174,    0.4256,    0.7249,    0.7916,    0.8307,    0.8601,    0.8826,    0.9720,    0.9102,    0.9702,    0.9493,    0.9913,    0.9405,    1.0088,    2.1717,    2.1439,    2.1894,    2.2240,    2.2474,    2.2283,    2.3064,    2.3653,    2.4134,    2.2441,    2.2118,    2.2968,    5.8062,    5.5321,    5.4702,    5.3052,    4.9012,    4.5974,    4.0367,    3.7145,    4.1805,    3.6652,    2.8166,    2.6171,    2.0188,    1.8573,    1.4176,    1.3546,    0.9145,    0.6647,    0.5380,    0.2164,    0.1911,    0.1360,    0.0473,    0.0386,    0.0427,    0.1611,    0.3392,    0.5586,    0.8037,    1.0610,    1.3194,    1.8595,    2.4819,    3.1557,    2.5395,    1.8414,    1.6478,    2.1279,    3.0861,    3.8432,    4.0665,    4.0830,    3.9698,    3.8246,    3.7568,    3.5483,    3.1996,    2.8884,    0.9648,    0.9040,    0.9101,    0.9082,    0.9475,    0.9858,    1.1026,    1.0999,    1.1220,    1.1877,    1.1995,    1.2606,    0.9701,    0.9643,    0.9572,    0.9473,    0.9378,    0.9287,    0.9178,    0.9074,    0.8966,    0.8845,    0.8691,    0.8480,    0.8458,    0.7859,    0.8103,    0.6998,    0.6942,    0.7036,    0.6757,    0.6079,    0.5789,    0.5456,    0.5656,    0.5533,    1.4726,    1.3168,    1.2426,    1.1815,    1.1173,    1.0638,    0.9867,    0.9388,    0.8929,    0.7595,    0.7248,    0.6849,    1.0735,    0.9741,    0.8527,    0.7859,    0.6341,    0.5620,    0.5093,    0.5812,    0.5254,    0.4752,    0.4071,    0.3674,    0.7436,    0.5376,    0.3291,    0.2651,    0.1863,    0.1215,    0.0843,    0.0512,    0.0361,    0.0262,    0.0175,    0.0105,    0.0152,    0.0000,    0.0400,    0.0719,    0.0813,    0.0743,    0.0839,    0.0934,    0.0831,    0.1145,    0.1012,    0.1109,    0.1284,    0.1042,    0.1505,    0.1643,    0.1335,    0.0861,    0.0103,    0.0230,    0.1131,    0.1356,    0.2192,    0.2301,    0.2849,    0.3046,    0.3154,    0.3351,    0.3430,    0.3510,    0.3439,    0.3124,    0.2753,    0.3289,    0.4572,    0.4639,    0.8131,    0.8883,    0.9300,    0.9437,    0.9266,    1.0337,    0.9929,    1.0558,    0.9704,    1.0977,    1.0380,    1.1047,    2.3927,    2.3348,    2.4244,    2.4623,    2.4784,    1.9149,    1.9823,    2.0329,    2.0742,    1.9276,    1.9009,    1.9739,    4.9896,    4.7542,    4.7008,    4.5587,    4.2112,    3.9499,    3.4678,    3.1906,    2.7654,    2.4239,    1.8621,    1.7295,    1.3335,    1.2260,    0.9350,    0.8926,    0.6020,    0.4370,    0.3531,    0.1418,    0.1250,    0.0888,    0.0308,    0.0251
    2,    1.0000,  227.5722,    0.2900,   72.9906,  105.3515,   32.8563,   30.7132,  158.4330,  163.5827,  163.6723,  163.8293,  164.1029,  164.5732,  165.3648,  166.6602,  168.4872,  170.9519,  174.2721,  178.5564,  183.8814,  190.3071,  197.9049,  205.8548,  212.8059,  218.1105,  222.1140,  224.8330,  226.3589,  227.0949,  227.3721,  227.5098,  227.5598,    0.0567,    0.2137,    0.4488,    0.7373,    1.0578,    1.3928,    1.7273,    2.0794,    2.2420,    2.3105,    2.6222,    3.0885,    2.7923,    2.6807,    2.2507,    1.8366,    1.6151,    1.5517,    1.5683,    1.5770,    1.5461,    1.5738,    1.6680,    1.7536,    0.6239,    0.6361,    0.6300,    0.6473,    0.6408,    0.6334,    0.6381,    0.6334,    0.6288,    0.5832,    0.5861,    0.5293,    0.3639,    0.3239,    0.2800,    0.2705,    0.2539,    0.2187,    0.2466,    0.2475,    0.2596,    0.2815,    0.3131,    0.3394,    0.3833,    0.3904,    0.3521,    0.3877,    0.3829,    0.3547,    0.3489,    0.3527,    0.3490,    0.3449,    0.3196,    0.3143,    0.8385,    0.8691,    0.8286,    0.7880,    0.7738,    0.7335,    0.7009,    0.6634,    0.6274,    0.6494,    0.6133,    0.5797,    0.7999,    0.7296,    0.6943,    0.6288,    0.6392,    0.5823,    0.5271,    0.3718,    0.3346,    0.3004,    0.2883,    0.2583,    0.7641,    0.5477,    0.4425,    0.2802,    0.1967,    0.1466,    0.1017,    0.0787,    0.0535,    0.0355,    0.0250,    0.0180,    0.0794,    0.0469,    0.0618,    0.0649,    0.0727,    0.0679,    0.0746,    0.0839,    0.0736,    0.1013,    0.0896,    0.0981,    0.1105,    0.0901,    0.1312,    0.1460,    0.1202,    0.1497,    0.1881,    0.1999,    0.1929,    0.1204,    0.1921,    0.2030,    0.2491,    0.2662,    0.2756,    0.2930,    0.3010,    0.3165,    0.3346,    0.3846,    0.4219,    0.3971,    0.4024,    0.4104,    0.6987,    0.7630,    0.8007,    0.8292,    0.8513,    0.9417,    0.8818,    0.9400,    0.9199,    0.9602,    0.9110,    0.9773,    2.1037,    2.0770,    2.1208,    2.1543,    2.1770,    2.1923,    2.2692,    2.3271,    2.3744,    2.2079,    2.1761,    2.2598,    5.7126,    5.4430,    5.3822,    5.2200,    4.8226,    4.5239,    3.9723,    3.6555,    4.2188,    3.6991,    2.8429,    2.6418,    2.0382,    1.8755,    1.4317,    1.3685,    0.9242,    0.6719,    0.5441,    0.2189,    0.1935,    0.1378,    0.0479,    0.0391,    0.0497,    0.1877,    0.3953,    0.6513,    0.9373,    1.2378,    1.5399,    2.1022,    2.7000,    3.2842,    2.8927,    2.2228,    1.9916,    2.5026,    3.3979,    3.9738,    4.1390,    4.1690,    4.1086,    4.0114,    3.9555,    3.7885,    3.4917,    3.2011,    1.0763,    1.0153,    1.0171,    1.0074,    1.0353,    1.0623,    1.1496,    1.1438,    1.1570,    1.2078,    1.2137,    1.2620,    0.9703,    0.9643,    0.9572,    0.9473,    0.9379,    0.9287,    0.9178,    0.9075,    0.8966,    0.8846,    0.8693,    0.8492,    0.8530,    0.8028,    0.8213,    0.7299,    0.7230,    0.7314,    0.7080,    0.6537,    0.6290,    0.6012,    0.6198,    0.6077,    1.6209,    1.4696,    1.3926,    1.3259,    1.2576,    1.1975,    1.1152,    1.0607,    1.0083,    0.8714,    0.8298,    0.7847,    1.2191,    1.1088,    0.9750,    0.8954,    0.7349,    0.6559,    0.5944,    0.6553,    0.5923,    0.5354,    0.4611,    0.4158,    0.8637,    0.6235,    0.3893,    0.3087,    0.2169,    0.1425,    0.0989,    0.0605,    0.0424,    0.0303,    0.0201,    0.0124,    0.0135,    0.0000,    0.0357,    0.0640,    0.0724,    0.0662,    0.0748,    0.0833,    0.0741,    0.1021,    0.0902,    0.0989,    0.1161,    0.0943,    0.1362,    0.1486,    0.1207,    0.0778,    0.0093,    0.0208,    0.1023,    0.1228,    0.1985,    0.2084,    0.2580,    0.2759,    0.2856,    0.3034,    0.3106,    0.3178,    0.3157,    0.2866,    0.2525,    0.3018,    0.4197,    0.4258,    0.7464,    0.8154,    0.8537,    0.8662,    0.8505,    0.9496,    0.9121,    0.9699,    0.8914,    1.0084,    0.9536,    1.0148,    2.1980,    2.1449,    2.2272,    2.2620,    2.2768,    1.6416,    1.6994,    1.7428,    1.7782,    1.6525,    1.6296,    1.6923,    4.2776,    4.0758,    4.0301,    3.9084,    3.6105,    3.3865,    2.9733,    2.7357,    2.2746,    1.9938,    1.5317,    1.4227,    1.0970,    1.0086,    0.7693,    0.7345,    0.4954,    0.3596,    0.2907,    0.1167,    0.1029,    0.0731,    0.0254,    0.0206
    2,    1.2500,  227.5722,    0.2987,   68.3414,  104.0677,   36.2239,   29.0445,  158.4330,  163.5827,  163.6723,  163.8293,  164.1029,  164.5732,  165.3648,  166.6602,  168.4872,  170.9519,  174.2721,  178.5564,  183.8814,  190.3071,  197.9049,  205.8548,  212.8059,  218.1105,  222.1140,  224.8330,  226.3589,  227.0949,  227.3721,  227.5098,  227.5598,    0.0555,    0.2089,    0.4382,    0.7188,    1.0298,    1.3537,    1.6759,    2.0170,    2.1690,    2.2338,    2.5205,    2.9605,    2.6714,    2.5550,    2.1419,    1.7523,    1.5425,    1.4771,    1.4849,    1.4863,    1.4526,    1.4715,    1.5486,    1.6171,    0.5742,    0.5824,    0.5767,    0.5927,    0.5874,    0.5814,    0.5914,    0.5866,    0.5841,    0.5474,    0.5502,    0.5053,    0.3521,    0.3165,    0.2763,    0.2671,    0.2513,    0.2176,    0.2439,    0.2444,    0.2554,    0.2747,    0.3014,    0.3223,    0.3588,    0.3626,    0.3305,    0.3574,    0.3529,    0.3259,    0.3201,    0.3216,    0.3176,    0.3133,    0.2899,    0.2849,    0.7590,    0.7868,    0.7486,    0.7106,    0.6976,    0.6602,    0.6299,    0.5953,    0.5621,    0.5835,    0.5505,    0.5197,    0.7129,    0.6487,    0.6179,    0.5588,    0.5719,    0.5200,    0.4700,    0.3248,    0.2917,    0.2613,    0.2518,    0.2253,    0.6761,    0.4832,    0.3951,    0.2463,    0.1725,    0.1295,    0.0897,    0.0707,    0.0479,    0.0318,    0.0226,    0.0162,    0.0775,    0.0466,    0.0598,    0.0623,    0.0698,    0.0652,    0.0717,    0.0807,    0.0707,    0.0973,    0.0861,    0.0943,    0.1062,    0.0866,    0.1261,    0.1404,    0.1155,    0.1445,    0.1846,    0.1956,    0.1881,    0.1163,    0.1856,    0.1961,    0.2406,    0.2571,    0.2661,    0.2830,    0.2907,    0.3058,    0.3244,    0.3732,    0.4099,    0.3853,    0.3899,    0.3977,    0.6769,    0.7392,    0.7758,    0.8035,    0.8251,    0.9165,    0.8581,    0.9147,    0.8954,    0.9343,    0.8865,    0.9511,    2.0471,    2.0213,    2.0636,    2.0962,    2.1184,    2.1665,    2.2426,    2.2998,    2.3466,    2.1820,    2.1506,    2.2333,    5.6457,    5.3794,    5.3194,    5.1592,    4.7666,    4.4715,    3.9265,    3.6134,    4.2458,    3.7231,    2.8615,    2.6593,    2.0519,    1.8884,    1.4419,    1.3784,    0.9311,    0.6772,    0.5485,    0.2208,    0.1952,    0.1391,    0.0484,    0.0395,    0.0548,    0.2070,    0.4362,    0.7188,    1.0348,    1.3671,    1.7013,    2.2622,    2.8251,    3.3463,    3.1348,    2.5313,    2.2708,    2.7873,    3.5924,    4.0380,    4.1749,    4.2114,    4.1785,    4.1114,    4.0643,    3.9293,    3.6800,    3.4163,    1.1544,    1.0958,    1.0945,    1.0802,    1.0998,    1.1185,    1.1845,    1.1765,    1.1834,    1.2231,    1.2246,    1.2632,    0.9704,    0.9643,    0.9572,    0.9473,    0.9379,    0.9287,    0.9178,    0.9075,    0.8966,    0.8846,    0.8695,    0.8502,    0.8585,    0.8154,    0.8294,    0.7521,    0.7442,    0.7512,    0.7309,    0.6859,    0.6643,    0.6402,    0.6560,    0.6440,    1.7199,    1.5758,    1.4970,    1.4264,    1.3552,    1.2906,    1.2061,    1.1470,    1.0901,    0.9546,    0.9081,    0.8590,    1.3254,    1.2072,    1.0660,    0.9770,    0.8127,    0.7284,    0.6601,    0.7084,    0.6404,    0.5786,    0.5008,    0.4515,    0.9567,    0.6900,    0.4373,    0.3424,    0.2406,    0.1591,    0.1104,    0.0681,    0.0475,    0.0336,    0.0222,    0.0140,    0.0120,    0.0000,    0.0319,    0.0573,    0.0649,    0.0593,    0.0671,    0.0746,    0.0664,    0.0915,    0.0809,    0.0887,    0.1056,    0.0857,    0.1238,    0.1351,    0.1098,    0.0706,    0.0085,    0.0188,    0.0930,    0.1117,    0.1805,    0.1895,    0.2346,    0.2509,    0.2597,    0.2760,    0.2825,    0.2890,    0.2907,    0.2638,    0.2324,    0.2778,    0.3865,    0.3922,    0.6875,    0.7510,    0.7863,    0.7978,    0.7833,    0.8749,    0.8404,    0.8936,    0.8212,    0.9291,    0.8786,    0.9350,    2.0252,    1.9762,    2.0521,    2.0842,    2.0978,    1.4128,    1.4625,    1.4999,    1.5303,    1.4222,    1.4025,    1.4564,    3.6815,    3.5078,    3.4685,    3.3638,    3.1075,    2.9147,    2.5591,    2.3547,    1.8752,    1.6438,    1.2628,    1.1730,    0.9045,    0.8317,    0.6344,    0.6058,    0.4086,    0.2967,    0.2398,    0.0963,    0.0850,    0.0604,    0.0209,    0.0170
    2,    1.5000,  227.5722,    0.3056,   64.7524,  103.0465,   38.7938,   26.8524,  158.4330,  163.5827,  163.6723,  163.8293,  164.1029,  164.5732,  165.3648,  166.6602,  168.4872,  170.9519,  174.2721,  178.5564,  183.8814,  190.3071,  197.9049,  205.8548,  212.8059,  218.1105,  222.1140,  224.8330,  226.3589,  227.0949,  227.3721,  227.5098,  227.5598,    0.0546,    0.2052,    0.4299,    0.7043,    1.0076,    1.3227,    1.6352,    1.9667,    2.1117,    2.1754,    2.4411,    2.8579,    2.5742,    2.4568,    2.0590,    1.6888,    1.4884,    1.4215,    1.4225,    1.4184,    1.3828,    1.3955,    1.4611,    1.5175,    0.5378,    0.5431,    0.5374,    0.5520,    0.5471,    0.5419,    0.5546,    0.5496,    0.5484,    0.5182,    0.5206,    0.4844,    0.3415,    0.3096,    0.2728,    0.2639,    0.2487,    0.2165,    0.2414,    0.2415,    0.2515,    0.2684,    0.2911,    0.3077,    0.3386,    0.3402,    0.3129,    0.3335,    0.3292,    0.3034,    0.2978,    0.2978,    0.2937,    0.2893,    0.2676,    0.2628,    0.6994,    0.7244,    0.6880,    0.6520,    0.6396,    0.6044,    0.5758,    0.5434,    0.5123,    0.5326,    0.5018,    0.4732,    0.6463,    0.5868,    0.5590,    0.5047,    0.5188,    0.4708,    0.4248,    0.2894,    0.2593,    0.2318,    0.2240,    0.2000,    0.6064,    0.4321,    0.3565,    0.2193,    0.1532,    0.1156,    0.0800,    0.0639,    0.0433,    0.0287,    0.0205,    0.0147,    0.0760,    0.0464,    0.0583,    0.0603,    0.0675,    0.0631,    0.0693,    0.0781,    0.0684,    0.0942,    0.0833,    0.0913,    0.1027,    0.0837,    0.1219,    0.1357,    0.1117,    0.1401,    0.1814,    0.1918,    0.1839,    0.1129,    0.1802,    0.1904,    0.2336,    0.2497,    0.2584,    0.2748,    0.2823,    0.2970,    0.3158,    0.3635,    0.3995,    0.3752,    0.3794,    0.3870,    0.6586,    0.7193,    0.7548,    0.7819,    0.8030,    0.8952,    0.8382,    0.8936,    0.8746,    0.9126,    0.8659,    0.9290,    1.9996,    1.9745,    2.0157,    2.0476,    2.0692,    2.1479,    2.2233,    2.2801,    2.3264,    2.1633,    2.1321,    2.2142,    5.5974,    5.3334,    5.2740,    5.1153,    4.7261,    4.4336,    3.8933,    3.5831,    4.2649,    3.7400,    2.8746,    2.6717,    2.0617,    1.8976,    1.4491,    1.3856,    0.9361,    0.6810,    0.5517,    0.2221,    0.1965,    0.1400,    0.0488,    0.0398,    0.0585,    0.2212,    0.4660,    0.7683,    1.1064,    1.4622,    1.8203,    2.3692,    2.8996,    3.3804,    3.3029,    2.7825,    2.4992,    3.0057,    3.7172,    4.0743,    4.1965,    4.2363,    4.2183,    4.1694,    4.1284,    4.0161,    3.8055,    3.5690,    1.2106,    1.1558,    1.1521,    1.1352,    1.1485,    1.1609,    1.2112,    1.2015,    1.2037,    1.2350,    1.2331,    1.2643,    0.9706,    0.9644,    0.9572,    0.9473,    0.9379,    0.9287,    0.9178,    0.9075,    0.8967,    0.8846,    0.8697,    0.8510,    0.8629,    0.8251,    0.8357,    0.7690,    0.7604,    0.7657,    0.7476,    0.7093,    0.6899,    0.6685,    0.6810,    0.6692,    1.7886,    1.6518,    1.5718,    1.4985,    1.4251,    1.3575,    1.2724,    1.2100,    1.1499,    1.0182,    0.9678,    0.9159,    1.4052,    1.2812,    1.1357,    1.0396,    0.8742,    0.7857,    0.7121,    0.7479,    0.6761,    0.6108,    0.5311,    0.4787,    1.0307,    0.7429,    0.4764,    0.3693,    0.2594,    0.1724,    0.1196,    0.0744,    0.0517,    0.0364,    0.0240,    0.0153,    0.0107,    0.0000,    0.0287,    0.0516,    0.0584,    0.0533,    0.0604,    0.0672,    0.0598,    0.0824,    0.0728,    0.0798,    0.0964,    0.0782,    0.1130,    0.1233,    0.1001,    0.0643,    0.0077,    0.0171,    0.0848,    0.1020,    0.1648,    0.1730,    0.2141,    0.2290,    0.2371,    0.2519,    0.2578,    0.2638,    0.2684,    0.2435,    0.2145,    0.2564,    0.3570,    0.3622,    0.6350,    0.6937,    0.7262,    0.7368,    0.7233,    0.8080,    0.7762,    0.8254,    0.7584,    0.8582,    0.8115,    0.8636,    1.8706,    1.8253,    1.8955,    1.9251,    1.9376,    1.2195,    1.2624,    1.2946,    1.3209,    1.2276,    1.2106,    1.2572,    3.1778,    3.0279,    2.9940,    2.9036,    2.6824,    2.5161,    2.2091,    2.0327,    1.5492,    1.3580,    1.0433,    0.9692,    0.7474,    0.6872,    0.5242,    0.5006,    0.3377,    0.2452,    0.1983,    0.0796,    0.0702,    0.0499,    0.0173,    0.0141
    2,    1.7500,  227.5722,    0.3111,   61.8801,  102.2234,   40.8450,   24.4924,  158.4330,  163.5827,  163.6723,  163.8293,  164.1029,  164.5732,  165.3648,  166.6602,  168.4872,  170.9519,  174.2721,  178.5564,  183.8814,  190.3071,  197.9049,  205.8548,  212.8059,  218.1105,  222.1140,  224.8330,  226.3589,  227.0949,  227.3721,  227.5098,  227.5598,    0.0539,    0.2022,    0.4232,    0.6925,    0.9896,    1.2973,    1.6017,    1.9252,    2.0653,    2.1290,    2.3767,    2.7736,    2.4943,    2.3775,    1.9928,    1.6390,    1.4461,    1.3780,    1.3736,    1.3650,    1.3280,    1.3359,    1.3931,    1.4406,    0.5098,    0.5128,    0.5072,    0.5204,    0.5157,    0.5108,    0.5249,    0.5196,    0.5190,    0.4938,    0.4956,    0.4661,    0.3319,    0.3033,    0.2695,    0.2609,    0.2463,    0.2154,    0.2389,    0.2388,    0.2478,    0.2626,    0.2819,    0.2950,    0.3217,    0.3217,    0.2981,    0.3141,    0.3099,    0.2854,    0.2800,    0.2790,    0.2748,    0.2704,    0.2502,    0.2455,    0.6527,    0.6752,    0.6402,    0.6059,    0.5938,    0.5604,    0.5331,    0.5024,    0.4731,    0.4919,    0.4631,    0.4361,    0.5937,    0.5379,    0.5122,    0.4617,    0.4759,    0.4310,    0.3884,    0.2617,    0.2340,    0.2088,    0.2020,    0.1801,    0.5499,    0.3906,    0.3245,    0.1973,    0.1375,    0.1042,    0.0719,    0.0582,    0.0394,    0.0261,    0.0188,    0.0134,    0.0746,    0.0461,    0.0569,    0.0586,    0.0657,    0.0613,    0.0675,    0.0760,    0.0666,    0.0916,    0.0811,    0.0888,    0.0998,    0.0813,    0.1184,    0.1319,    0.1085,    0.1364,    0.1784,    0.1884,    0.1804,    0.1102,    0.1758,    0.1857,    0.2278,    0.2435,    0.2520,    0.2680,    0.2753,    0.2897,    0.3084,    0.3551,    0.3905,    0.3665,    0.3705,    0.3780,    0.6432,    0.7024,    0.7371,    0.7636,    0.7843,    0.8772,    0.8214,    0.8757,    0.8570,    0.8943,    0.8485,    0.9104,    1.9595,    1.9349,    1.9752,    2.0065,    2.0277,    2.1344,    2.2093,    2.2657,    2.3117,    2.1496,    2.1187,    2.2002,    5.5621,    5.2998,    5.2409,    5.0832,    4.6966,    4.4060,    3.8692,    3.5609,    4.2784,    3.7520,    2.8840,    2.6805,    2.0687,    1.9042,    1.4543,    1.3908,    0.9398,    0.6837,    0.5540,    0.2231,    0.1974,    0.1407,    0.0490,    0.0401,    0.0612,    0.2315,    0.4880,    0.8047,    1.1592,    1.5325,    1.9085,    2.4418,    2.9459,    3.4016,    3.4213,    2.9881,    2.6869,    3.1746,    3.7996,    4.0974,    4.2111,    4.2529,    4.2437,    4.2060,    4.1690,    4.0724,    3.8918,    3.6797,    1.2520,    1.2015,    1.1960,    1.1776,    1.1860,    1.1936,    1.2319,    1.2210,    1.2198,    1.2444,    1.2400,    1.2652,    0.9707,    0.9644,    0.9572,    0.9473,    0.9379,    0.9287,    0.9178,    0.9075,    0.8967,    0.8847,    0.8699,    0.8518,    0.8664,    0.8327,    0.8406,    0.7821,    0.7729,    0.7766,    0.7600,    0.7267,    0.7089,    0.6895,    0.6989,    0.6872,    1.8377,    1.7076,    1.6268,    1.5516,    1.4766,    1.4067,    1.3218,    1.2570,    1.1945,    1.0677,    1.0143,    0.9602,    1.4665,    1.3381,    1.1902,    1.0885,    0.9237,    0.8319,    0.7540,    0.7781,    0.7035,    0.6355,    0.5548,    0.5000,    1.0908,    0.7859,    0.5089,    0.3912,    0.2747,    0.1833,    0.1271,    0.0797,    0.0553,    0.0387,    0.0256,    0.0165,    0.0096,    0.0000,    0.0259,    0.0466,    0.0527,    0.0482,    0.0546,    0.0607,    0.0540,    0.0744,    0.0658,    0.0721,    0.0882,    0.0716,    0.1034,    0.1129,    0.0917,    0.0587,    0.0070,    0.0156,    0.0776,    0.0933,    0.1508,    0.1583,    0.1960,    0.2096,    0.2170,    0.2305,    0.2360,    0.2414,    0.2484,    0.2252,    0.1983,    0.2372,    0.3305,    0.3353,    0.5878,    0.6422,    0.6723,    0.6820,    0.6695,    0.7479,    0.7185,    0.7640,    0.7019,    0.7944,    0.7512,    0.7994,    1.7314,    1.6895,    1.7544,    1.7819,    1.7935,    1.0550,    1.0921,    1.1200,    1.1428,    1.0620,    1.0473,    1.0876,    2.7491,    2.6195,    2.5902,    2.5120,    2.3206,    2.1768,    1.9112,    1.7586,    1.2823,    1.1241,    0.8636,    0.8022,    0.6187,    0.5689,    0.4340,    0.4145,    0.2796,    0.2031,    0.1642,    0.0660,    0.0582,    0.0414,    0.0144,    0.0117
    2,    2.0000,  227.5722,    0.3156,   59.5180,  101.5524,   42.5384,   22.1448,  158.4330,  163.5827,  163.6723,  163.8293,  164.1029,  164.5732,  165.3648,  166.6602,  168.4872,  170.9519,  174.2721,  178.5564,  183.8814,  190.3071,  197.9049,  205.8548,  212.8059,  218.1105,  222.1140,  224.8330,  226.3589,  227.0949,  227.3721,  227.5098,  227.5598,    0.0532,    0.1997,    0.4176,    0.6826,    0.9744,    1.2760,    1.5735,    1.8901,    2.0269,    2.0911,    2.3228,    2.7029,    2.4272,    2.3115,    1.9382,    1.5985,    1.4119,    1.3428,    1.3340,    1.3218,    1.2836,    1.2876,    1.3380,    1.3789,    0.4872,    0.4887,    0.4831,    0.4950,    0.4903,    0.4856,    0.5002,    0.4948,    0.4945,    0.4730,    0.4743,    0.4500,    0.3232,    0.2974,    0.2663,    0.2580,    0.2440,    0.2144,    0.2366,    0.2362,    0.2443,    0.2572,    0.2736,    0.2839,    0.3073,    0.3062,    0.2855,    0.2980,    0.2938,    0.2705,    0.2653,    0.2636,    0.2594,    0.2551,    0.2361,    0.2316,    0.6150,    0.6353,    0.6016,    0.5685,    0.5567,    0.5247,    0.4985,    0.4692,    0.4413,    0.4587,    0.4313,    0.4058,    0.5511,    0.4983,    0.4741,    0.4267,    0.4404,    0.3981,    0.3583,    0.2395,    0.2137,    0.1904,    0.1843,    0.1640,    0.5032,    0.3564,    0.2976,    0.1791,    0.1244,    0.0946,    0.0652,    0.0534,    0.0361,    0.0239,    0.0173,    0.0123,    0.0733,    0.0459,    0.0558,    0.0573,    0.0642,    0.0599,    0.0660,    0.0743,    0.0651,    0.0896,    0.0793,    0.0868,    0.0973,    0.0794,    0.1155,    0.1286,    0.1058,    0.1331,    0.1757,    0.1852,    0.1773,    0.1079,    0.1721,    0.1818,    0.2231,    0.2384,    0.2468,    0.2624,    0.2695,    0.2836,    0.3022,    0.3478,    0.3826,    0.3589,    0.3630,    0.3703,    0.6301,    0.6881,    0.7221,    0.7481,    0.7684,    0.8619,    0.8071,    0.8605,    0.8420,    0.8788,    0.8337,    0.8946,    1.9255,    1.9013,    1.9409,    1.9716,    1.9925,    2.1244,    2.1989,    2.2551,    2.3009,    2.1395,    2.1088,    2.1899,    5.5361,    5.2751,    5.2165,    5.0596,    4.6748,    4.3857,    3.8514,    3.5447,    4.2880,    3.7605,    2.8907,    2.6868,    2.0737,    1.9090,    1.4581,    1.3945,    0.9424,    0.6858,    0.5558,    0.2239,    0.1981,    0.1413,    0.0492,    0.0403,    0.0633,    0.2392,    0.5042,    0.8318,    1.1985,    1.5849,    1.9744,    2.4920,    2.9761,    3.4161,    3.5058,    3.1570,    2.8420,    3.3062,    3.8558,    4.1135,    4.2217,    4.2648,    4.2613,    4.2307,    4.1965,    4.1106,    3.9526,    3.7615,    1.2830,    1.2368,    1.2299,    1.2108,    1.2154,    1.2193,    1.2483,    1.2364,    1.2327,    1.2519,    1.2455,    1.2659,    0.9708,    0.9645,    0.9572,    0.9473,    0.9379,    0.9287,    0.9178,    0.9075,    0.8967,    0.8847,    0.8701,    0.8524,    0.8693,    0.8387,    0.8446,    0.7925,    0.7828,    0.7850,    0.7696,    0.7400,    0.7233,    0.7054,    0.7121,    0.7004,    1.8738,    1.7496,    1.6681,    1.5916,    1.5153,    1.4438,    1.3595,    1.2929,    1.2287,    1.1068,    1.0512,    0.9953,    1.5145,    1.3827,    1.2335,    1.1275,    0.9642,    0.8696,    0.7882,    0.8016,    0.7249,    0.6548,    0.5736,    0.5169,    1.1406,    0.8215,    0.5362,    0.4093,    0.2874,    0.1924,    0.1335,    0.0842,    0.0583,    0.0406,    0.0269,    0.0174,    0.0087,    0.0000,    0.0234,    0.0422,    0.0477,    0.0436,    0.0494,    0.0550,    0.0489,    0.0674,    0.0596,    0.0653,    0.0810,    0.0657,    0.0949,    0.1036,    0.0841,    0.0538,    0.0064,    0.0142,    0.0712,    0.0856,    0.1383,    0.1452,    0.1798,    0.1923,    0.1990,    0.2115,    0.2164,    0.2214,    0.2304,    0.2087,    0.1838,    0.2198,    0.3065,    0.3110,    0.5453,    0.5957,    0.6236,    0.6326,    0.6209,    0.6934,    0.6661,    0.7083,    0.6507,    0.7365,    0.6965,    0.7412,    1.6054,    1.5665,    1.6267,    1.6522,    1.6629,    0.9142,    0.9464,    0.9706,    0.9903,    0.9203,    0.9076,    0.9425,    2.3823,    2.2700,    2.2446,    2.1769,    2.0111,    1.8864,    1.6563,    1.5241,    1.0631,    0.9319,    0.7160,    0.6652,    0.5130,    0.4717,    0.3599,    0.3437,    0.2319,    0.1684,    0.1362,    0.0547,    0.0483,    0.0343,    0.0119,    0.0097
