Particle       ,data/QEXT_96IR_84_VIS_NC5v1_2umrod
Ncase          ,  14
dt (sols)      ,  0.020833
Qext 0.67um    ,  1.655881
Alb sfc        ,  0.220000
Conrath nu     ,  0.002000
Sun Flux (W/m2),148.389262
BWN IR (cm-1)  ,     10.0000,     34.1670,     58.3330,     82.5000,    106.6670,    130.8330,    155.0000,    179.1670,    203.3330,    227.5000,    251.6670,    275.8330,    300.0000,    320.7880,    341.5750,    362.3630,    383.1500,    403.9380,    424.7250,    445.5130,    466.3010,    487.0880,    507.8760,    528.6630,    549.4510,    556.7420,    564.0330,    571.3240,    578.6150,    585.9060,    593.1970,    600.4880,    607.7790,    615.0700,    622.3610,    629.6520,    636.9430,    642.5500,    648.1570,    653.7640,    659.3700,    664.9770,    670.5840,    676.1910,    681.7980,    687.4050,    693.0110,    698.6180,    704.2250,    710.1390,    716.0530,    721.9670,    727.8810,    733.7950,    739.7090,    745.6240,    751.5380,    757.4520,    763.3660,    769.2800,    775.1940,    791.5010,    807.8070,    824.1140,    840.4210,    856.7270,    873.0340,    889.3410,    905.6470,    921.9540,    938.2610,    954.5670,    970.8740,    996.8050,   1022.7370,   1048.6680,   1074.6000,   1100.5310,   1126.4630,   1152.3940,   1178.3250,   1204.2570,   1230.1880,   1256.1200,   1282.0510,   1360.3990,   1438.7460,   1517.0940,   1595.4410,   1673.7890,   1752.1370,   1830.4840,   1908.8320,   1987.1790,   2065.5270,   2143.8740,   2222.2220
BWN VIS (cm-1) ,   2222.2200,   2294.3160,   2366.4120,   2438.5080,   2510.6030,   2582.6990,   2654.7950,   2726.8910,   2798.9870,   2871.0820,   2943.1780,   3015.2740,   3087.3700,   3165.9750,   3244.5800,   3323.1850,   3401.7900,   3480.3950,   3559.0000,   3637.6050,   3716.2100,   3794.8150,   3873.4200,   3952.0250,   4030.6300,   4142.2920,   4253.9530,   4365.6150,   4477.2770,   4588.9380,   4700.6000,   4812.2620,   4923.9230,   5035.5850,   5147.2470,   5258.9080,   5370.5700,   5560.6150,   5750.6600,   5940.7050,   6130.7500,   6320.7950,   6510.8400,   6700.8850,   6890.9300,   7080.9750,   7271.0200,   7461.0650,   7651.1100,   8055.1840,   8459.2580,   8863.3330,   9267.4070,   9671.4810,  10075.5550,  10479.6290,  10883.7030,  11287.7780,  11691.8520,  12095.9260,  12500.0000,  13541.6670,  14583.3330,  15625.0000,  16666.6670,  17708.3330,  18750.0000,  19791.6670,  20833.3330,  21875.0000,  22916.6670,  23958.3330,  25000.0000,  26388.8890,  27777.7780,  29166.6670,  30555.5570,  31944.4460,  33333.3350,  34722.2240,  36111.1130,  37500.0030,  38888.8920,  40277.7810,  41666.6700
SUN VIS (W/m2) ,      0.1008,      0.0862,      0.0968,      0.1089,      0.1224,      0.1136,      0.1248,      0.1400,      0.1233,      0.1698,      0.1502,      0.1645,      0.1814,      0.1477,      0.2144,      0.2377,      0.1946,      0.2106,      0.2276,      0.2472,      0.2683,      0.1918,      0.3072,      0.3239,      0.3986,      0.4261,      0.4410,      0.4688,      0.4810,      0.5017,      0.5013,      0.5485,      0.5772,      0.5665,      0.6183,      0.6303,      1.0809,      1.1806,      1.2379,      1.2751,      1.2949,      1.4092,      1.3262,      1.4132,      1.3634,      1.4505,      1.3747,      1.4716,      3.1730,      3.1258,      3.2038,      3.2543,      3.2846,      3.1576,      3.2685,      3.3520,      3.4202,      3.1800,      3.1347,      3.2554,      8.2299,      7.8425,      7.7561,      7.5237,      6.9524,      6.5235,      5.7299,      5.2748,      5.0739,      4.4511,      3.4228,      3.1828,      2.4579,      2.2644,      1.7312,      1.6575,      1.1215,      0.8173,      0.6634,      0.2677,      0.2374,      0.1697,      0.0593,      0.0486
================
wavelenght [um],    0.244068,    0.252632,    0.261818,    0.271698,    0.282353,    0.293878,    0.306383,    0.320000,    0.334884,    0.351220,    0.369231,    0.389189,    0.408511,    0.426667,    0.446512,    0.468293,    0.492308,    0.518919,    0.548571,    0.581818,    0.619355,    0.662069,    0.711111,    0.768000,    0.813143,    0.840768,    0.870336,    0.902060,    0.936184,    0.972991,    1.012810,    1.056028,    1.103099,    1.154562,    1.211061,    1.273375,    1.323436,    1.357581,    1.393534,    1.431444,    1.471474,    1.513807,    1.558648,    1.606226,    1.656801,    1.710664,    1.768147,    1.829628,    1.881560,    1.921939,    1.964090,    2.008131,    2.054193,    2.102417,    2.152960,    2.205992,    2.261704,    2.320302,    2.382017,    2.447105,    2.505432,    2.555765,    2.608162,    2.662752,    2.719677,    2.779088,    2.841153,    2.906054,    2.973989,    3.045176,    3.119855,    3.198288,    3.277268,    3.356577,    3.439819,    3.527294,    3.619334,    3.716307,    3.818620,    3.926726,    4.041130,    4.162400,    4.291175,    4.428172,    4.580751,    4.751270,    4.934974,    5.133456,    5.348572,    5.582505,    5.837838,    6.117648,    6.425631,    6.766266,    7.145039,    7.568734,    7.879690,    8.044056,    8.215425,    8.394255,    8.581043,    8.776330,    8.980716,    9.194848,    9.419442,    9.655282,    9.903235,   10.164260,   10.387231,   10.566200,   10.751445,   10.943308,   11.142136,   11.348323,   11.562291,   11.784476,   12.015368,   12.255495,   12.505409,   12.765727,   12.949392,   13.049328,   13.150818,   13.253898,   13.358608,   13.464994,   13.573088,   13.682923,   13.794549,   13.908012,   14.023357,   14.140631,   14.256763,   14.371646,   14.488386,   14.607038,   14.727660,   14.850291,   14.974981,   15.101782,   15.230738,   15.361915,   15.495384,   15.631191,   15.790367,   15.974275,   16.162517,   16.355249,   16.552633,   16.754839,   16.962047,   17.174443,   17.392227,   17.615605,   17.844795,   18.080028,   18.550914,   19.294981,   20.101230,   20.977796,   21.934298,   22.982219,   24.135264,   25.410119,   26.827165,   28.411593,   30.194923,   32.217118,   34.732292,   37.914692,   41.739101,   46.421699,   52.287582,   59.850314,   69.970927,   84.210526,  105.726686,  142.012170,  216.216216,  452.826771
Qext           ,      1.2461,      1.2461,      1.2461,      1.2461,      1.2461,      1.2461,      1.2461,      1.2461,      1.2461,      1.2461,      1.2461,      1.6559,      1.6559,      1.6559,      1.6559,      1.6559,      1.6559,      1.6559,      1.6559,      1.6559,      1.6559,      1.6559,      1.6559,      1.1859,      1.1859,      1.1859,      1.1859,      1.1859,      1.1859,      1.1859,      1.1859,      1.1859,      1.1859,      1.0735,      1.0735,      1.0735,      1.0735,      1.0735,      1.0735,      1.0735,      1.0735,      1.3457,      1.3457,      1.3457,      1.3457,      1.3457,      1.3457,      1.3457,      1.0789,      1.0789,      1.0789,      1.0789,      1.0789,      1.0789,      1.0789,      1.0789,      1.1670,      1.1670,      1.1670,      1.1670,      1.1670,      1.1670,      1.2981,      1.2981,      1.2981,      1.2981,      1.2981,      1.2981,      1.2974,      1.2974,      1.2974,      1.2974,      1.2974,      1.8337,      1.8337,      1.8337,      1.8337,      2.5768,      2.5768,      2.5768,      2.5768,      3.4463,      3.4463,      3.4463,      3.5605,      3.5605,      3.1467,      3.1467,      3.2356,      4.0196,      4.0196,      4.1317,      2.9029,      1.8398,      1.4847,      1.8254,      2.5365,      2.5365,      2.9572,      2.9572,      2.7435,      2.7435,      2.1880,      2.1880,      1.8499,      2.0704,      2.0704,      2.8082,      3.7696,      3.7696,      4.6204,      4.6204,      5.1314,      5.1314,      5.2215,      4.9313,      4.9313,      4.3687,      4.3687,      3.6598,      2.9159,      2.9159,      2.9159,      2.9159,      2.2181,      2.2181,      2.2181,      1.6150,      1.6150,      1.6150,      1.1274,      1.1274,      1.1274,      0.7560,      0.7560,      0.7560,      0.4891,      0.4891,      0.4891,      0.3090,      0.3090,      0.3090,      0.1963,      0.1963,      0.1963,      0.1328,      0.1328,      0.1028,      0.1028,      0.0940,      0.0970,      0.0970,      0.1051,      0.1051,      0.1142,      0.1216,      0.1239,      0.1260,      0.1119,      0.0883,      0.0629,      0.0372,      0.0197,      0.0092,      0.0057,      0.0076,      0.0115,      0.0148,      0.0162,      0.0149,      0.0116,      0.0078,      0.0051,      0.0044,      0.0044,      0.0044,      0.0044,      0.0044,      0.0044,      0.0044
Qscat          ,      0.5695,      0.5695,      0.5695,      0.5695,      0.5695,      0.5695,      0.5695,      0.5695,      0.5695,      0.5695,      0.5695,      0.3920,      0.3920,      0.3920,      0.3920,      0.3920,      0.3920,      0.3920,      0.3920,      0.3920,      0.3920,      0.3920,      0.3920,      0.1535,      0.1535,      0.1535,      0.1535,      0.1535,      0.1535,      0.1535,      0.1535,      0.1535,      0.1535,      0.1463,      0.1463,      0.1463,      0.1463,      0.1463,      0.1463,      0.1463,      0.1463,      0.1363,      0.1363,      0.1363,      0.1363,      0.1363,      0.1363,      0.1363,      0.1104,      0.1104,      0.1104,      0.1104,      0.1104,      0.1104,      0.1104,      0.1104,      0.0368,      0.0368,      0.0368,      0.0368,      0.0368,      0.0368,      0.1637,      0.1637,      0.1637,      0.1637,      0.1637,      0.1637,      0.1693,      0.1693,      0.1693,      0.1693,      0.1693,      0.0178,      0.0178,      0.0178,      0.0178,      0.0647,      0.0647,      0.0647,      0.0647,      0.0931,      0.0931,      0.0931,      0.1009,      0.1009,      0.2318,      0.2318,      0.3347,      0.2421,      0.2421,      0.6098,      0.5409,      0.1801,      0.4846,      0.3987,      0.3259,      0.3259,      0.7832,      0.7832,      1.1288,      1.1288,      0.7623,      0.7623,      0.0015,     -0.4178,     -0.4178,     -0.1042,      0.8033,      0.8033,      1.8932,      1.8932,      2.7753,      2.7753,      3.2250,      3.1939,      3.1939,      2.7618,      2.7618,      2.0755,      1.2970,      1.2970,      1.2970,      1.2970,      0.5669,      0.5669,      0.5669,     -0.0170,     -0.0170,     -0.0170,     -0.4052,     -0.4052,     -0.4052,     -0.5918,     -0.5918,     -0.5918,     -0.6028,     -0.6028,     -0.6028,     -0.4826,     -0.4826,     -0.4826,     -0.2820,     -0.2820,     -0.2820,     -0.0488,     -0.0488,      0.1028,      0.1028,      0.0940,      0.0970,      0.0970,      0.1051,      0.1051,      0.1142,      0.1216,      0.1238,      0.1260,      0.0349,     -0.2477,     -0.4144,     -0.4555,     -0.3525,     -0.1307,      0.0057,      0.0076,      0.0115,      0.0148,      0.0162,     -0.0961,     -0.3766,     -0.5032,     -0.4016,     -0.3026,     -0.3026,     -0.3026,     -0.3026,     -0.3026,     -0.3026,     -0.3026
G factor       ,      0.4590,      0.4590,      0.4590,      0.4590,      0.4590,      0.4590,      0.4590,      0.4590,      0.4590,      0.4590,      0.4590,      0.3850,      0.3850,      0.3850,      0.3850,      0.3850,      0.3850,      0.3850,      0.3850,      0.3850,      0.3850,      0.3850,      0.3850,      0.1610,      0.1610,      0.1610,      0.1610,      0.1610,      0.1610,      0.1610,      0.1610,      0.1610,      0.1610,      0.1400,      0.1400,      0.1400,      0.1400,      0.1400,      0.1400,      0.1400,      0.1400,      0.1380,      0.1380,      0.1380,      0.1380,      0.1380,      0.1380,      0.1380,      0.0440,      0.0440,      0.0440,      0.0440,      0.0440,      0.0440,      0.0440,      0.0440,      0.1040,      0.1040,      0.1040,      0.1040,      0.1040,      0.1040,      0.2020,      0.2020,      0.2020,      0.2020,      0.2020,      0.2020,      0.1040,      0.1040,      0.1040,      0.1040,      0.1040,     -0.0000,     -0.0000,     -0.0000,     -0.0000,      0.0020,      0.0020,      0.0020,      0.0020,      0.0280,      0.0280,      0.0280,      0.0010,      0.0010,      0.0470,      0.0470,      0.1310,      0.1540,      0.1540,      0.0920,     -0.0050,     -0.1280,     -0.1830,     -0.0770,      0.0310,      0.0310,      0.0840,      0.0840,      0.1040,      0.1040,      0.1020,      0.1020,      0.0770,      0.0450,      0.0450,      0.0310,      0.0280,      0.0280,      0.0280,      0.0280,      0.0270,      0.0270,      0.0250,      0.0230,      0.0230,      0.0200,      0.0200,      0.0170,      0.0130,      0.0130,      0.0130,      0.0130,      0.0100,      0.0100,      0.0100,      0.0050,      0.0050,      0.0050,      0.0010,      0.0010,      0.0010,     -0.0030,     -0.0030,     -0.0030,     -0.0060,     -0.0060,     -0.0060,     -0.0080,     -0.0080,     -0.0080,     -0.0070,     -0.0070,     -0.0070,      0.0010,      0.0010,      0.0130,      0.0130,      0.0230,      0.0270,      0.0270,      0.0260,      0.0260,      0.0220,      0.0170,      0.0150,      0.0060,     -0.0030,     -0.0110,     -0.0180,     -0.0260,     -0.0330,     -0.0260,      0.0130,      0.0260,      0.0150,      0.0050,     -0.0020,     -0.0070,     -0.0110,     -0.0120,     -0.0090,     -0.0050,     -0.0050,     -0.0050,     -0.0050,     -0.0050,     -0.0050,     -0.0050
================
P [mbar]       ,    0.1004,    0.1015,    0.1034,    0.1069,    0.1130,    0.1239,    0.1432,    0.1740,    0.2226,    0.3028,    0.4349,    0.6529,    1.0121,    1.6044,    2.4646,    3.4606,    4.3994,    5.2226,    5.8426,    6.2132,    6.3980,    6.4686,    6.5039,    6.5168
Temp initial[K],  163.5827,  163.6723,  163.8293,  164.1029,  164.5732,  165.3648,  166.6602,  168.4872,  170.9519,  174.2721,  178.5564,  183.8814,  190.3071,  197.9049,  205.8548,  212.8059,  218.1105,  222.1140,  224.8330,  226.3589,  227.0949,  227.3721,  227.5098,  227.5598
================
it   ,   tau    ,  Tsfc    ,   alb    ,   OLR    ,    ASR   ,  NET top ,  NET bot , T lev  01, T lev  02, T lev  03, T lev  04, T lev  05, T lev  06, T lev  07, T lev  08, T lev  09, T lev  10, T lev  11, T lev  12, T lev  13, T lev  14, T lev  15, T lev  16, T lev  17, T lev  18, T lev  19, T lev  20, T lev  21, T lev  22, T lev  23, T lev  24, T lev  25,  OLR IR01,  OLR IR02,  OLR IR03,  OLR IR04,  OLR IR05,  OLR IR06,  OLR IR07,  OLR IR08,  OLR IR09,  OLR IR10,  OLR IR11,  OLR IR12,  OLR IR13,  OLR IR14,  OLR IR15,  OLR IR16,  OLR IR17,  OLR IR18,  OLR IR19,  OLR IR20,  OLR IR21,  OLR IR22,  OLR IR23,  OLR IR24,  OLR IR25,  OLR IR26,  OLR IR27,  OLR IR28,  OLR IR29,  OLR IR30,  OLR IR31,  OLR IR32,  OLR IR33,  OLR IR34,  OLR IR35,  OLR IR36,  OLR IR37,  OLR IR38,  OLR IR39,  OLR IR40,  OLR IR41,  OLR IR42,  OLR IR43,  OLR IR44,  OLR IR45,  OLR IR46,  OLR IR47,  OLR IR48,  OLR IR49,  OLR IR50,  OLR IR51,  OLR IR52,  OLR IR53,  OLR IR54,  OLR IR55,  OLR IR56,  OLR IR57,  OLR IR58,  OLR IR59,  OLR IR60,  OLR IR61,  OLR IR62,  OLR IR63,  OLR IR64,  OLR IR65,  OLR IR66,  OLR IR67,  OLR IR68,  OLR IR69,  OLR IR70,  OLR IR71,  OLR IR72,  OLR IR73,  OLR IR74,  OLR IR75,  OLR IR76,  OLR IR77,  OLR IR78,  OLR IR79,  OLR IR80,  OLR IR81,  OLR IR82,  OLR IR83,  OLR IR84,  OLR IR85,  OLR IR86,  OLR IR87,  OLR IR88,  OLR IR89,  OLR IR90,  OLR IR91,  OLR IR92,  OLR IR93,  OLR IR94,  OLR IR95,  OLR IR96, ASR VIS01, ASR VIS02, ASR VIS03, ASR VIS04, ASR VIS05, ASR VIS06, ASR VIS07, ASR VIS08, ASR VIS09, ASR VIS10, ASR VIS11, ASR VIS12, ASR VIS13, ASR VIS14, ASR VIS15, ASR VIS16, ASR VIS17, ASR VIS18, ASR VIS19, ASR VIS20, ASR VIS21, ASR VIS22, ASR VIS23, ASR VIS24, ASR VIS25, ASR VIS26, ASR VIS27, ASR VIS28, ASR VIS29, ASR VIS30, ASR VIS31, ASR VIS32, ASR VIS33, ASR VIS34, ASR VIS35, ASR VIS36, ASR VIS37, ASR VIS38, ASR VIS39, ASR VIS40, ASR VIS41, ASR VIS42, ASR VIS43, ASR VIS44, ASR VIS45, ASR VIS46, ASR VIS47, ASR VIS48, ASR VIS49, ASR VIS50, ASR VIS51, ASR VIS52, ASR VIS53, ASR VIS54, ASR VIS55, ASR VIS56, ASR VIS57, ASR VIS58, ASR VIS59, ASR VIS60, ASR VIS61, ASR VIS62, ASR VIS63, ASR VIS64, ASR VIS65, ASR VIS66, ASR VIS67, ASR VIS68, ASR VIS69, ASR VIS70, ASR VIS71, ASR VIS72, ASR VIS73, ASR VIS74, ASR VIS75, ASR VIS76, ASR VIS77, ASR VIS78, ASR VIS79, ASR VIS80, ASR VIS81, ASR VIS82, ASR VIS83, ASR VIS84, SFC DIR01, SFC DIR02, SFC DIR03, SFC DIR04, SFC DIR05, SFC DIR06, SFC DIR07, SFC DIR08, SFC DIR09, SFC DIR10, SFC DIR11, SFC DIR12, SFC DIR13, SFC DIR14, SFC DIR15, SFC DIR16, SFC DIR17, SFC DIR18, SFC DIR19, SFC DIR20, SFC DIR21, SFC DIR22, SFC DIR23, SFC DIR24, SFC DIR25, SFC DIR26, SFC DIR27, SFC DIR28, SFC DIR29, SFC DIR30, SFC DIR31, SFC DIR32, SFC DIR33, SFC DIR34, SFC DIR35, SFC DIR36, SFC DIR37, SFC DIR38, SFC DIR39, SFC DIR40, SFC DIR41, SFC DIR42, SFC DIR43, SFC DIR44, SFC DIR45, SFC DIR46, SFC DIR47, SFC DIR48, SFC DIR49, SFC DIR50, SFC DIR51, SFC DIR52, SFC DIR53, SFC DIR54, SFC DIR55, SFC DIR56, SFC DIR57, SFC DIR58, SFC DIR59, SFC DIR60, SFC DIR61, SFC DIR62, SFC DIR63, SFC DIR64, SFC DIR65, SFC DIR66, SFC DIR67, SFC DIR68, SFC DIR69, SFC DIR70, SFC DIR71, SFC DIR72, SFC DIR73, SFC DIR74, SFC DIR75, SFC DIR76, SFC DIR77, SFC DIR78, SFC DIR79, SFC DIR80, SFC DIR81, SFC DIR82, SFC DIR83, SFC DIR84, SFC DIR85, SFC DIR86, SFC DIR87, SFC DIR88, SFC DIR89, SFC DIR90, SFC DIR91, SFC DIR92, SFC DIR93, SFC DIR94, SFC DIR95, SFC DIR96,SFC DVIS01,SFC DVIS02,SFC DVIS03,SFC DVIS04,SFC DVIS05,SFC DVIS06,SFC DVIS07,SFC DVIS08,SFC DVIS09,SFC DVIS10,SFC DVIS11,SFC DVIS12,SFC DVIS13,SFC DVIS14,SFC DVIS15,SFC DVIS16,SFC DVIS17,SFC DVIS18,SFC DVIS19,SFC DVIS20,SFC DVIS21,SFC DVIS22,SFC DVIS23,SFC DVIS24,SFC DVIS25,SFC DVIS26,SFC DVIS27,SFC DVIS28,SFC DVIS29,SFC DVIS30,SFC DVIS31,SFC DVIS32,SFC DVIS33,SFC DVIS34,SFC DVIS35,SFC DVIS36,SFC DVIS37,SFC DVIS38,SFC DVIS39,SFC DVIS40,SFC DVIS41,SFC DVIS42,SFC DVIS43,SFC DVIS44,SFC DVIS45,SFC DVIS46,SFC DVIS47,SFC DVIS48,SFC DVIS49,SFC DVIS50,SFC DVIS51,SFC DVIS52,SFC DVIS53,SFC DVIS54,SFC DVIS55,SFC DVIS56,SFC DVIS57,SFC DVIS58,SFC DVIS59,SFC DVIS60,SFC DVIS61,SFC DVIS62,SFC DVIS63,SFC DVIS64,SFC DVIS65,SFC DVIS66,SFC DVIS67,SFC DVIS68,SFC DVIS69,SFC DVIS70,SFC DVIS71,SFC DVIS72,SFC DVIS73,SFC DVIS74,SFC DVIS75,SFC DVIS76,SFC DVIS77,SFC DVIS78,SFC DVIS79,SFC DVIS80,SFC DVIS81,SFC DVIS82,SFC DVIS83,SFC DVIS84
    2,    0.0000,  227.5722,    0.2192,  139.8688,  115.8602,  -23.5218,  -14.0680,  158.4330,  163.5827,  163.6723,  163.8293,  164.1029,  164.5732,  165.3648,  166.6602,  168.4872,  170.9519,  174.2721,  178.5564,  183.8814,  190.3071,  197.9049,  205.8548,  212.8059,  218.1105,  222.1140,  224.8330,  226.3589,  227.0949,  227.3721,  227.5098,  227.5598,    0.0705,    0.2675,    0.5658,    0.9364,    1.3541,    1.7971,    2.2470,    2.6886,    3.1100,    3.5012,    3.8550,    4.1668,    3.7991,    3.9662,    4.1036,    4.2111,    4.2902,    4.3412,    4.3666,    4.3674,    4.3455,    4.3031,    4.2365,    4.1377,    1.4329,    1.4160,    1.3937,    1.3544,    1.3064,    1.2531,    1.1042,    1.0903,    1.0331,    0.8812,    0.8657,    0.6804,    0.4286,    0.3613,    0.2973,    0.2859,    0.2660,    0.2237,    0.2586,    0.2615,    0.2793,    0.3166,    0.3804,    0.4522,    0.5746,    0.6344,    0.5305,    0.6851,    0.6744,    0.6698,    0.6769,    0.7426,    0.7550,    0.7683,    0.7700,    0.7628,    2.0538,    1.9716,    1.9052,    1.8274,    1.7484,    1.6691,    1.5919,    1.5151,    1.4407,    1.3665,    1.2937,    1.2291,    1.8278,    1.6842,    1.5339,    1.3924,    1.2741,    1.1725,    1.0662,    0.9681,    0.8777,    0.7928,    0.7079,    0.6374,    1.5840,    1.1437,    0.8293,    0.5901,    0.4167,    0.2922,    0.2036,    0.1383,    0.0940,    0.0622,    0.0416,    0.0303,    0.0906,    0.0482,    0.0759,    0.0854,    0.0957,    0.0892,    0.0975,    0.1096,    0.0962,    0.1325,    0.1172,    0.1283,    0.1417,    0.1155,    0.1680,    0.1868,    0.1536,    0.1833,    0.2065,    0.2237,    0.2252,    0.1502,    0.2398,    0.2533,    0.3110,    0.3324,    0.3440,    0.3658,    0.3756,    0.3940,    0.4010,    0.4565,    0.4953,    0.4717,    0.4852,    0.4943,    0.8433,    0.9209,    0.9663,    0.9993,    1.0234,    1.1077,    1.0381,    1.1064,    1.0804,    1.1314,    1.0733,    1.1507,    2.4780,    2.4450,    2.4989,    2.5384,    2.5644,    2.4626,    2.5489,    2.6139,    2.6670,    2.4800,    2.4441,    2.5380,    6.4157,    6.1123,    6.0433,    5.8603,    5.4132,    5.0767,    4.4565,    4.0997,    3.9404,    3.4535,    2.6528,    2.4637,    1.8993,    1.7458,    1.3311,    1.2705,    0.8565,    0.6215,    0.5021,    0.2015,    0.1776,    0.1261,    0.0437,    0.0355,    0.0000,    0.0000,    0.0000,    0.0000,    0.0000,    0.0000,    0.0000,    0.0000,    0.0000,    0.0000,    0.0000,    0.0000,    0.0000,    0.0000,    0.0000,    0.0000,    0.0000,    0.0000,    0.0000,    0.0004,    0.0013,    0.0042,    0.0316,    0.1224,    0.0337,    0.0553,    0.0951,    0.1939,    0.3170,    0.4390,    0.7874,    0.8078,    0.8986,    1.0611,    1.1127,    1.2540,    0.9696,    0.9641,    0.9572,    0.9473,    0.9378,    0.9287,    0.9178,    0.9074,    0.8966,    0.8844,    0.8683,    0.8421,    0.8025,    0.6764,    0.7395,    0.4977,    0.5022,    0.4908,    0.4247,    0.2470,    0.1814,    0.1031,    0.0612,    0.0469,    0.0933,    0.0788,    0.0260,    0.0119,    0.0030,    0.0028,    0.0017,    0.0056,    0.0100,    0.0182,    0.0292,    0.0235,    0.0278,    0.0056,    0.0259,    0.0458,    0.0328,    0.0004,    0.0000,    0.0000,    0.0000,    0.0031,    0.0165,    0.0171,    0.0171,    0.0171,    0.0000,    0.0000,    0.0000,    0.0000,    0.0000,    0.0035,    0.0040,    0.0054,    0.0048,    0.0010,    0.0230,    0.0000,    0.0598,    0.1073,    0.1213,    0.1109,    0.1245,    0.1385,    0.1233,    0.1698,    0.1501,    0.1645,    0.1806,    0.1466,    0.2118,    0.2312,    0.1878,    0.1215,    0.0145,    0.0325,    0.1583,    0.1897,    0.3065,    0.3218,    0.3984,    0.4260,    0.4410,    0.4686,    0.4796,    0.4909,    0.4572,    0.4157,    0.3661,    0.4375,    0.6076,    0.6165,    1.0804,    1.1803,    1.2358,    1.2540,    1.2316,    1.3659,    1.3119,    1.3949,    1.2823,    1.4502,    1.3714,    1.4595,    3.1611,    3.0848,    3.2030,    3.2531,    3.2743,    3.1567,    3.2678,    3.3511,    3.4192,    3.1776,    3.1334,    3.2539,    8.2247,    7.8363,    7.7478,    7.5132,    6.9399,    6.5086,    5.7135,    5.2561,    5.0518,    4.4276,    3.4010,    3.1586,    2.4350,    2.2382,    1.7066,    1.6288,    1.0981,    0.7968,    0.6438,    0.2584,    0.2277,    0.1616,    0.0560,    0.0455
    2,    0.0500,  227.5722,    0.1966,  136.4388,  119.2087,  -16.7433,  -17.1884,  158.4330,  163.5827,  163.6723,  163.8293,  164.1029,  164.5732,  165.3648,  166.6602,  168.4872,  170.9519,  174.2721,  178.5564,  183.8814,  190.3071,  197.9049,  205.8548,  212.8059,  218.1105,  222.1140,  224.8330,  226.3589,  227.0949,  227.3721,  227.5098,  227.5598,    0.0711,    0.2695,    0.5699,    0.9431,    1.3635,    1.8094,    2.2621,    2.7119,    3.1428,    3.5280,    3.8619,    4.1648,    3.7974,    3.9648,    4.1027,    4.2104,    4.2995,    4.3661,    4.3972,    4.3926,    4.3567,    4.2935,    4.2203,    4.1225,    1.4277,    1.4113,    1.3894,    1.3504,    1.3030,    1.2500,    1.1021,    1.0881,    1.0311,    0.8802,    0.8648,    0.6802,    0.4286,    0.3613,    0.2973,    0.2859,    0.2660,    0.2237,    0.2585,    0.2614,    0.2792,    0.3163,    0.3796,    0.4495,    0.5690,    0.6268,    0.5218,    0.6690,    0.6587,    0.6463,    0.6518,    0.7113,    0.7091,    0.7195,    0.7200,    0.7128,    1.8799,    1.7709,    1.7086,    1.6157,    1.5447,    1.4658,    1.4039,    1.3354,    1.2888,    1.2219,    1.1837,    1.1236,    1.7128,    1.6064,    1.4619,    1.3307,    1.2054,    1.1082,    0.9931,    0.9011,    0.8117,    0.7328,    0.6610,    0.5948,    1.5027,    1.0923,    0.7845,    0.5404,    0.3676,    0.2576,    0.1790,    0.1245,    0.0846,    0.0560,    0.0368,    0.0267,    0.0918,    0.0481,    0.0799,    0.0911,    0.1023,    0.0951,    0.1042,    0.1152,    0.1013,    0.1394,    0.1233,    0.1323,    0.1460,    0.1190,    0.1730,    0.1922,    0.1581,    0.1856,    0.2065,    0.2239,    0.2287,    0.1547,    0.2478,    0.2616,    0.3213,    0.3435,    0.3555,    0.3780,    0.3857,    0.4042,    0.4102,    0.4642,    0.5016,    0.4799,    0.4979,    0.5072,    0.8716,    0.9518,    0.9986,    1.0319,    1.0549,    1.1430,    1.0723,    1.1338,    1.1050,    1.1601,    1.1003,    1.1794,    2.5403,    2.5055,    2.5620,    2.6100,    2.6365,    2.5321,    2.6209,    2.6878,    2.7424,    2.5500,    2.5132,    2.6098,    6.5971,    6.3073,    6.2362,    6.0475,    5.5862,    5.2391,    4.5993,    4.2312,    4.0670,    3.5647,    2.7384,    2.5434,    1.9610,    1.7691,    1.3490,    1.2877,    0.8683,    0.6302,    0.5092,    0.2044,    0.1802,    0.1280,    0.0444,    0.0361,    0.0005,    0.0020,    0.0043,    0.0069,    0.0098,    0.0128,    0.0156,    0.0241,    0.0343,    0.0294,    0.0105,    0.0021,    0.0017,    0.0014,    0.0009,    0.0007,    0.0118,    0.0301,    0.0406,    0.0424,    0.0360,    0.0240,    0.0477,    0.1374,    0.0388,    0.0600,    0.0992,    0.1977,    0.3200,    0.4416,    0.7888,    0.8093,    0.8997,    1.0625,    1.1137,    1.2542,    0.9696,    0.9641,    0.9572,    0.9473,    0.9378,    0.9287,    0.9178,    0.9074,    0.8966,    0.8844,    0.8683,    0.8426,    0.8061,    0.6856,    0.7471,    0.5196,    0.5230,    0.5169,    0.4557,    0.2920,    0.2421,    0.1709,    0.1323,    0.1183,    0.3236,    0.3330,    0.2758,    0.2776,    0.2576,    0.2598,    0.2478,    0.2385,    0.2176,    0.2134,    0.1885,    0.1745,    0.2070,    0.1327,    0.1392,    0.1334,    0.1187,    0.0804,    0.0880,    0.0794,    0.0797,    0.0744,    0.0724,    0.0669,    0.1079,    0.0713,    0.0462,    0.0490,    0.0464,    0.0311,    0.0212,    0.0149,    0.0114,    0.0101,    0.0082,    0.0035,    0.0187,    0.0000,    0.0486,    0.0918,    0.1038,    0.0949,    0.1065,    0.1239,    0.1102,    0.1518,    0.1342,    0.1529,    0.1679,    0.1363,    0.1969,    0.2149,    0.1746,    0.1130,    0.0135,    0.0302,    0.1471,    0.1764,    0.2858,    0.3000,    0.3714,    0.3971,    0.4111,    0.4368,    0.4508,    0.4614,    0.4297,    0.3907,    0.3441,    0.4112,    0.5710,    0.5794,    1.0002,    1.0926,    1.1440,    1.1608,    1.1401,    1.2644,    1.2144,    1.3136,    1.2075,    1.3657,    1.2915,    1.3744,    2.9768,    2.9050,    3.0162,    3.0434,    3.0633,    2.9532,    3.0572,    3.1351,    3.1988,    2.9728,    2.9315,    3.0442,    7.6946,    7.2056,    7.1242,    6.9084,    6.3813,    5.9846,    5.2535,    4.8328,    4.6449,    4.0709,    3.1270,    2.9041,    2.2388,    2.1294,    1.6235,    1.5495,    1.0447,    0.7581,    0.6124,    0.2458,    0.2166,    0.1538,    0.0533,    0.0433
    2,    0.1000,  227.5722,    0.1770,  133.5917,  122.1188,  -10.9860,  -20.4401,  158.4330,  163.5827,  163.6723,  163.8293,  164.1029,  164.5732,  165.3648,  166.6602,  168.4872,  170.9519,  174.2721,  178.5564,  183.8814,  190.3071,  197.9049,  205.8548,  212.8059,  218.1105,  222.1140,  224.8330,  226.3589,  227.0949,  227.3721,  227.5098,  227.5598,    0.0716,    0.2714,    0.5739,    0.9496,    1.3728,    1.8214,    2.2768,    2.7346,    3.1745,    3.5542,    3.8688,    4.1627,    3.7957,    3.9634,    4.1018,    4.2096,    4.3088,    4.3904,    4.4267,    4.4167,    4.3675,    4.2840,    4.2043,    4.1074,    1.4225,    1.4066,    1.3852,    1.3465,    1.2997,    1.2470,    1.1000,    1.0858,    1.0292,    0.8793,    0.8640,    0.6799,    0.4285,    0.3613,    0.2973,    0.2859,    0.2661,    0.2237,    0.2585,    0.2614,    0.2791,    0.3160,    0.3789,    0.4468,    0.5636,    0.6194,    0.5135,    0.6538,    0.6437,    0.6247,    0.6289,    0.6829,    0.6694,    0.6775,    0.6771,    0.6700,    1.7369,    1.6118,    1.5528,    1.4524,    1.3875,    1.3105,    1.2588,    1.1966,    1.1673,    1.1060,    1.0906,    1.0343,    1.6092,    1.5334,    1.3943,    1.2732,    1.1432,    1.0500,    0.9287,    0.8422,    0.7539,    0.6801,    0.6189,    0.5565,    1.4280,    1.0446,    0.7431,    0.4966,    0.3262,    0.2283,    0.1582,    0.1125,    0.0765,    0.0505,    0.0327,    0.0236,    0.0927,    0.0481,    0.0825,    0.0954,    0.1071,    0.0995,    0.1092,    0.1198,    0.1054,    0.1451,    0.1283,    0.1357,    0.1497,    0.1220,    0.1774,    0.1969,    0.1620,    0.1876,    0.2065,    0.2241,    0.2318,    0.1587,    0.2548,    0.2690,    0.3304,    0.3532,    0.3656,    0.3887,    0.3947,    0.4134,    0.4185,    0.4710,    0.5073,    0.4871,    0.5092,    0.5187,    0.8961,    0.9786,    1.0266,    1.0601,    1.0822,    1.1736,    1.1019,    1.1582,    1.1270,    1.1856,    1.1244,    1.2050,    2.5959,    2.5596,    2.6185,    2.6733,    2.7001,    2.5936,    2.6845,    2.7530,    2.8089,    2.6118,    2.5742,    2.6732,    6.7574,    6.4742,    6.4013,    6.2077,    5.7344,    5.3782,    4.7216,    4.3439,    4.1755,    3.6600,    2.8118,    2.6118,    2.0139,    1.7907,    1.3656,    1.3037,    0.8792,    0.6382,    0.5158,    0.2071,    0.1826,    0.1297,    0.0450,    0.0366,    0.0011,    0.0041,    0.0084,    0.0137,    0.0194,    0.0253,    0.0310,    0.0476,    0.0675,    0.0581,    0.0209,    0.0041,    0.0034,    0.0027,    0.0019,    0.0015,    0.0234,    0.0597,    0.0801,    0.0834,    0.0702,    0.0437,    0.0636,    0.1523,    0.0439,    0.0646,    0.1033,    0.2014,    0.3230,    0.4442,    0.7903,    0.8107,    0.9009,    1.0639,    1.1146,    1.2543,    0.9696,    0.9641,    0.9572,    0.9473,    0.9378,    0.9287,    0.9178,    0.9074,    0.8966,    0.8844,    0.8683,    0.8430,    0.8094,    0.6942,    0.7541,    0.5400,    0.5423,    0.5404,    0.4837,    0.3326,    0.2951,    0.2301,    0.1942,    0.1804,    0.5175,    0.5402,    0.4794,    0.4891,    0.4601,    0.4620,    0.4425,    0.4228,    0.3857,    0.3715,    0.3224,    0.3015,    0.3643,    0.2480,    0.2422,    0.2138,    0.1965,    0.1528,    0.1658,    0.1496,    0.1496,    0.1369,    0.1223,    0.1115,    0.1914,    0.1217,    0.0889,    0.0921,    0.0855,    0.0577,    0.0394,    0.0249,    0.0180,    0.0143,    0.0113,    0.0057,    0.0152,    0.0000,    0.0395,    0.0786,    0.0889,    0.0812,    0.0912,    0.1107,    0.0986,    0.1358,    0.1200,    0.1422,    0.1560,    0.1267,    0.1830,    0.1998,    0.1623,    0.1050,    0.0126,    0.0281,    0.1368,    0.1639,    0.2664,    0.2797,    0.3462,    0.3702,    0.3833,    0.4072,    0.4236,    0.4336,    0.4038,    0.3671,    0.3234,    0.3865,    0.5367,    0.5445,    0.9259,    1.0114,    1.0590,    1.0746,    1.0554,    1.1705,    1.1242,    1.2370,    1.1371,    1.2860,    1.2161,    1.2942,    2.8032,    2.7355,    2.8403,    2.8472,    2.8658,    2.7628,    2.8601,    2.9330,    2.9926,    2.7812,    2.7425,    2.8479,    7.1985,    6.6259,    6.5510,    6.3526,    5.8679,    5.5031,    4.8308,    4.4440,    4.2712,    3.7434,    2.8754,    2.6704,    2.0586,    2.0263,    1.5449,    1.4745,    0.9941,    0.7214,    0.5828,    0.2339,    0.2061,    0.1463,    0.0507,    0.0412
    2,    0.1500,  227.5722,    0.1600,  131.1867,  124.6473,   -6.0524,  -23.7159,  158.4330,  163.5827,  163.6723,  163.8293,  164.1029,  164.5732,  165.3648,  166.6602,  168.4872,  170.9519,  174.2721,  178.5564,  183.8814,  190.3071,  197.9049,  205.8548,  212.8059,  218.1105,  222.1140,  224.8330,  226.3589,  227.0949,  227.3721,  227.5098,  227.5598,    0.0721,    0.2733,    0.5779,    0.9560,    1.3818,    1.8332,    2.2913,    2.7567,    3.2053,    3.5798,    3.8756,    4.1606,    3.7939,    3.9621,    4.1009,    4.2089,    4.3179,    4.4140,    4.4552,    4.4399,    4.3778,    4.2745,    4.1884,    4.0925,    1.4174,    1.4019,    1.3811,    1.3426,    1.2964,    1.2440,    1.0979,    1.0836,    1.0272,    0.8783,    0.8631,    0.6797,    0.4284,    0.3612,    0.2973,    0.2859,    0.2661,    0.2237,    0.2585,    0.2614,    0.2789,    0.3157,    0.3781,    0.4441,    0.5583,    0.6120,    0.5055,    0.6393,    0.6296,    0.6049,    0.6079,    0.6571,    0.6349,    0.6411,    0.6399,    0.6328,    1.6175,    1.4830,    1.4268,    1.3231,    1.2630,    1.1886,    1.1438,    1.0865,    1.0682,    1.0114,    1.0109,    0.9579,    1.5156,    1.4649,    1.3311,    1.2197,    1.0868,    0.9973,    0.8717,    0.7900,    0.7028,    0.6336,    0.5809,    0.5219,    1.3591,    1.0003,    0.7048,    0.4579,    0.2913,    0.2033,    0.1405,    0.1020,    0.0693,    0.0457,    0.0292,    0.0210,    0.0932,    0.0481,    0.0843,    0.0986,    0.1108,    0.1028,    0.1129,    0.1235,    0.1087,    0.1496,    0.1323,    0.1386,    0.1530,    0.1246,    0.1812,    0.2011,    0.1654,    0.1893,    0.2065,    0.2243,    0.2344,    0.1622,    0.2609,    0.2754,    0.3384,    0.3617,    0.3744,    0.3981,    0.4027,    0.4215,    0.4258,    0.4770,    0.5122,    0.4936,    0.5192,    0.5289,    0.9173,    1.0017,    1.0508,    1.0845,    1.1059,    1.2000,    1.1275,    1.1801,    1.1466,    1.2085,    1.1460,    1.2279,    2.6456,    2.6080,    2.6690,    2.7292,    2.7563,    2.6478,    2.7407,    2.8106,    2.8677,    2.6664,    2.6281,    2.7291,    6.8988,    6.6169,    6.5425,    6.3447,    5.8610,    5.4972,    4.8262,    4.4403,    4.2684,    3.7416,    2.8746,    2.6703,    2.0593,    1.8104,    1.3808,    1.3183,    0.8892,    0.6456,    0.5218,    0.2096,    0.1848,    0.1313,    0.0456,    0.0371,    0.0016,    0.0060,    0.0125,    0.0204,    0.0289,    0.0376,    0.0460,    0.0706,    0.0998,    0.0862,    0.0312,    0.0062,    0.0051,    0.0041,    0.0028,    0.0022,    0.0350,    0.0886,    0.1186,    0.1236,    0.1040,    0.0633,    0.0795,    0.1671,    0.0489,    0.0692,    0.1074,    0.2051,    0.3260,    0.4467,    0.7918,    0.8122,    0.9020,    1.0653,    1.1155,    1.2544,    0.9696,    0.9641,    0.9572,    0.9473,    0.9378,    0.9287,    0.9178,    0.9074,    0.8966,    0.8844,    0.8684,    0.8433,    0.8125,    0.7023,    0.7607,    0.5588,    0.5601,    0.5617,    0.5090,    0.3692,    0.3417,    0.2820,    0.2485,    0.2349,    0.6825,    0.7119,    0.6481,    0.6607,    0.6244,    0.6245,    0.5993,    0.5712,    0.5234,    0.5010,    0.4356,    0.4089,    0.5025,    0.3528,    0.3358,    0.2877,    0.2672,    0.2185,    0.2349,    0.2119,    0.2111,    0.1920,    0.1671,    0.1514,    0.2683,    0.1685,    0.1283,    0.1303,    0.1188,    0.0805,    0.0550,    0.0338,    0.0238,    0.0181,    0.0139,    0.0077,    0.0123,    0.0000,    0.0321,    0.0672,    0.0760,    0.0695,    0.0780,    0.0990,    0.0881,    0.1214,    0.1073,    0.1321,    0.1450,    0.1178,    0.1701,    0.1857,    0.1509,    0.0976,    0.0117,    0.0261,    0.1272,    0.1524,    0.2484,    0.2607,    0.3227,    0.3451,    0.3573,    0.3796,    0.3981,    0.4075,    0.3795,    0.3450,    0.3039,    0.3632,    0.5043,    0.5117,    0.8571,    0.9363,    0.9803,    0.9947,    0.9770,    1.0835,    1.0406,    1.1648,    1.0708,    1.2110,    1.1452,    1.2187,    2.6396,    2.5759,    2.6746,    2.6636,    2.6810,    2.5847,    2.6757,    2.7439,    2.7996,    2.6018,    2.5657,    2.6643,    6.7344,    6.0930,    6.0242,    5.8417,    5.3960,    5.0605,    4.4423,    4.0866,    3.9277,    3.4423,    2.6442,    2.4556,    1.8931,    1.9284,    1.4703,    1.4033,    0.9461,    0.6865,    0.5546,    0.2226,    0.1962,    0.1393,    0.0483,    0.0392
    2,    0.2000,  227.5722,    0.1452,  129.1262,  126.8452,   -1.7940,  -26.9464,  158.4330,  163.5827,  163.6723,  163.8293,  164.1029,  164.5732,  165.3648,  166.6602,  168.4872,  170.9519,  174.2721,  178.5564,  183.8814,  190.3071,  197.9049,  205.8548,  212.8059,  218.1105,  222.1140,  224.8330,  226.3589,  227.0949,  227.3721,  227.5098,  227.5598,    0.0726,    0.2752,    0.5817,    0.9623,    1.3908,    1.8448,    2.3054,    2.7783,    3.2352,    3.6048,    3.8824,    4.1585,    3.7922,    3.9607,    4.0999,    4.2082,    4.3270,    4.4371,    4.4827,    4.4623,    4.3877,    4.2650,    4.1726,    4.0776,    1.4124,    1.3973,    1.3769,    1.3387,    1.2931,    1.2410,    1.0958,    1.0814,    1.0253,    0.8774,    0.8622,    0.6794,    0.4284,    0.3612,    0.2973,    0.2859,    0.2661,    0.2237,    0.2585,    0.2614,    0.2788,    0.3154,    0.3774,    0.4415,    0.5530,    0.6048,    0.4979,    0.6256,    0.6161,    0.5867,    0.5886,    0.6335,    0.6045,    0.6092,    0.6073,    0.6003,    1.5166,    1.3770,    1.3231,    1.2187,    1.1623,    1.0907,    1.0508,    0.9973,    0.9859,    0.9329,    0.9421,    0.8920,    1.4311,    1.4009,    1.2720,    1.1697,    1.0354,    0.9492,    0.8209,    0.7435,    0.6575,    0.5923,    0.5465,    0.4907,    1.2954,    0.9590,    0.6693,    0.4235,    0.2615,    0.1820,    0.1254,    0.0928,    0.0630,    0.0415,    0.0261,    0.0187,    0.0936,    0.0481,    0.0856,    0.1010,    0.1135,    0.1053,    0.1157,    0.1265,    0.1114,    0.1534,    0.1356,    0.1412,    0.1558,    0.1269,    0.1845,    0.2046,    0.1684,    0.1908,    0.2065,    0.2244,    0.2367,    0.1653,    0.2663,    0.2811,    0.3454,    0.3692,    0.3822,    0.4063,    0.4099,    0.4287,    0.4323,    0.4824,    0.5167,    0.4993,    0.5282,    0.5379,    0.9356,    1.0218,    1.0718,    1.1056,    1.1263,    1.2229,    1.1497,    1.1996,    1.1642,    1.2289,    1.1653,    1.2484,    2.6901,    2.6512,    2.7141,    2.7785,    2.8059,    2.6957,    2.7902,    2.8614,    2.9196,    2.7147,    2.6756,    2.7785,    7.0237,    6.7388,    6.6632,    6.4619,    5.9694,    5.5990,    4.9156,    4.5228,    4.3478,    3.8114,    2.9284,    2.7205,    2.0981,    1.8284,    1.3947,    1.3317,    0.8983,    0.6523,    0.5274,    0.2118,    0.1869,    0.1328,    0.0461,    0.0375,    0.0021,    0.0080,    0.0165,    0.0269,    0.0382,    0.0497,    0.0608,    0.0931,    0.1312,    0.1137,    0.0415,    0.0083,    0.0069,    0.0055,    0.0037,    0.0029,    0.0465,    0.1170,    0.1562,    0.1628,    0.1374,    0.0828,    0.0952,    0.1818,    0.0539,    0.0738,    0.1114,    0.2087,    0.3290,    0.4493,    0.7932,    0.8137,    0.9032,    1.0667,    1.1165,    1.2545,    0.9696,    0.9641,    0.9572,    0.9473,    0.9378,    0.9287,    0.9178,    0.9074,    0.8966,    0.8844,    0.8684,    0.8437,    0.8154,    0.7100,    0.7667,    0.5762,    0.5766,    0.5810,    0.5320,    0.4023,    0.3826,    0.3277,    0.2963,    0.2829,    0.8241,    0.8559,    0.7895,    0.8021,    0.7598,    0.7570,    0.7273,    0.6924,    0.6374,    0.6083,    0.5318,    0.5002,    0.6242,    0.4481,    0.4210,    0.3558,    0.3315,    0.2784,    0.2965,    0.2675,    0.2654,    0.2406,    0.2073,    0.1873,    0.3393,    0.2122,    0.1647,    0.1643,    0.1472,    0.1002,    0.0685,    0.0417,    0.0290,    0.0214,    0.0163,    0.0094,    0.0100,    0.0000,    0.0260,    0.0575,    0.0651,    0.0595,    0.0668,    0.0886,    0.0788,    0.1086,    0.0959,    0.1228,    0.1348,    0.1095,    0.1581,    0.1726,    0.1403,    0.0908,    0.0109,    0.0243,    0.1182,    0.1417,    0.2315,    0.2431,    0.3009,    0.3218,    0.3331,    0.3539,    0.3742,    0.3830,    0.3567,    0.3243,    0.2856,    0.3413,    0.4740,    0.4809,    0.7934,    0.8667,    0.9074,    0.9208,    0.9044,    1.0030,    0.9633,    1.0969,    1.0083,    1.1404,    1.0784,    1.1476,    2.4856,    2.4256,    2.5185,    2.4919,    2.5081,    2.4180,    2.5031,    2.5670,    2.6191,    2.4341,    2.4002,    2.4925,    6.3001,    5.6033,    5.5400,    5.3722,    4.9623,    4.6538,    4.0853,    3.7581,    3.6120,    3.1657,    2.4316,    2.2583,    1.7409,    1.8353,    1.3994,    1.3356,    0.9005,    0.6534,    0.5279,    0.2119,    0.1867,    0.1326,    0.0460,    0.0374
    2,    0.3000,  227.5722,    0.1211,  125.7759,  130.4198,    5.1310,  -33.1088,  158.4330,  163.5827,  163.6723,  163.8293,  164.1029,  164.5732,  165.3648,  166.6602,  168.4872,  170.9519,  174.2721,  178.5564,  183.8814,  190.3071,  197.9049,  205.8548,  212.8059,  218.1105,  222.1140,  224.8330,  226.3589,  227.0949,  227.3721,  227.5098,  227.5598,    0.0736,    0.2788,    0.5893,    0.9746,    1.4081,    1.8674,    2.3330,    2.8200,    3.2923,    3.6529,    3.8958,    4.1544,    3.7888,    3.9579,    4.0981,    4.2067,    4.3449,    4.4815,    4.5349,    4.5044,    4.4063,    4.2464,    4.1414,    4.0482,    1.4023,    1.3880,    1.3687,    1.3310,    1.2865,    1.2351,    1.0916,    1.0770,    1.0215,    0.8755,    0.8605,    0.6789,    0.4282,    0.3611,    0.2973,    0.2859,    0.2661,    0.2237,    0.2585,    0.2613,    0.2785,    0.3148,    0.3759,    0.4363,    0.5429,    0.5909,    0.4836,    0.6001,    0.5910,    0.5542,    0.5545,    0.5922,    0.5536,    0.5559,    0.5531,    0.5462,    1.3556,    1.2132,    1.1629,    1.0607,    1.0099,    0.9434,    0.9096,    0.8619,    0.8577,    0.8103,    0.8299,    0.7844,    1.2852,    1.2853,    1.1654,    1.0796,    0.9454,    0.8651,    0.7345,    0.6643,    0.5809,    0.5225,    0.4871,    0.4368,    1.1819,    0.8844,    0.6059,    0.3654,    0.2141,    0.1481,    0.1014,    0.0775,    0.0525,    0.0345,    0.0212,    0.0150,    0.0940,    0.0481,    0.0870,    0.1041,    0.1170,    0.1085,    0.1194,    0.1310,    0.1154,    0.1588,    0.1404,    0.1455,    0.1605,    0.1307,    0.1899,    0.2105,    0.1732,    0.1933,    0.2064,    0.2246,    0.2405,    0.1702,    0.2752,    0.2903,    0.3570,    0.3816,    0.3950,    0.4199,    0.4218,    0.4409,    0.4433,    0.4914,    0.5241,    0.5090,    0.5433,    0.5532,    0.9652,    1.0542,    1.1056,    1.1398,    1.1593,    1.2599,    1.1855,    1.2327,    1.1939,    1.2634,    1.1979,    1.2831,    2.7653,    2.7243,    2.7904,    2.8605,    2.8883,    2.7753,    2.8726,    2.9459,    3.0058,    2.7948,    2.7547,    2.8606,    7.2313,    6.9322,    6.8546,    6.6477,    6.1412,    5.7604,    5.0576,    4.6537,    4.4739,    3.9223,    3.0139,    2.8002,    2.1599,    1.8600,    1.4190,    1.3553,    0.9144,    0.6642,    0.5371,    0.2158,    0.1905,    0.1354,    0.0470,    0.0383,    0.0031,    0.0117,    0.0244,    0.0396,    0.0563,    0.0732,    0.0896,    0.1364,    0.1913,    0.1669,    0.0619,    0.0124,    0.0103,    0.0082,    0.0056,    0.0044,    0.0693,    0.1721,    0.2287,    0.2389,    0.2027,    0.1215,    0.1263,    0.2109,    0.0639,    0.0828,    0.1194,    0.2160,    0.3349,    0.4544,    0.7961,    0.8166,    0.9054,    1.0694,    1.1183,    1.2547,    0.9696,    0.9641,    0.9572,    0.9473,    0.9378,    0.9287,    0.9178,    0.9074,    0.8966,    0.8844,    0.8685,    0.8444,    0.8209,    0.7240,    0.7775,    0.6072,    0.6060,    0.6145,    0.5716,    0.4594,    0.4510,    0.4039,    0.3760,    0.3628,    1.0527,    1.0821,    1.0115,    1.0194,    0.9679,    0.9580,    0.9210,    0.8758,    0.8121,    0.7728,    0.6842,    0.6450,    0.8264,    0.6135,    0.5692,    0.4763,    0.4440,    0.3831,    0.4012,    0.3621,    0.3565,    0.3223,    0.2760,    0.2488,    0.4655,    0.2910,    0.2299,    0.2218,    0.1929,    0.1320,    0.0904,    0.0550,    0.0378,    0.0271,    0.0202,    0.0123,    0.0066,    0.0000,    0.0172,    0.0421,    0.0477,    0.0436,    0.0489,    0.0708,    0.0630,    0.0868,    0.0767,    0.1061,    0.1165,    0.0946,    0.1366,    0.1491,    0.1212,    0.0784,    0.0094,    0.0210,    0.1022,    0.1224,    0.2012,    0.2112,    0.2615,    0.2796,    0.2895,    0.3076,    0.3305,    0.3382,    0.3150,    0.2864,    0.2523,    0.3014,    0.4186,    0.4247,    0.6798,    0.7427,    0.7776,    0.7890,    0.7749,    0.8594,    0.8255,    0.9726,    0.8941,    1.0112,    0.9562,    1.0176,    2.2041,    2.1509,    2.2332,    2.1809,    2.1951,    2.1162,    2.1907,    2.2466,    2.2922,    2.1303,    2.1007,    2.1814,    5.5139,    4.7397,    4.6862,    4.5442,    4.1975,    3.9366,    3.4557,    3.1790,    3.0554,    2.6779,    2.0569,    1.9103,    1.4727,    1.6629,    1.2679,    1.2102,    0.8159,    0.5921,    0.4784,    0.1920,    0.1692,    0.1201,    0.0416,    0.0339
    2,    0.4000,  227.5722,    0.1028,  123.1670,  133.1289,   10.4491,  -38.7344,  158.4330,  163.5827,  163.6723,  163.8293,  164.1029,  164.5732,  165.3648,  166.6602,  168.4872,  170.9519,  174.2721,  178.5564,  183.8814,  190.3071,  197.9049,  205.8548,  212.8059,  218.1105,  222.1140,  224.8330,  226.3589,  227.0949,  227.3721,  227.5098,  227.5598,    0.0745,    0.2823,    0.5965,    0.9864,    1.4248,    1.8891,    2.3597,    2.8597,    3.3461,    3.6989,    3.9089,    4.1503,    3.7854,    3.9552,    4.0962,    4.2053,    4.3624,    4.5238,    4.5837,    4.5433,    4.4234,    4.2279,    4.1106,    4.0192,    1.3925,    1.3790,    1.3606,    1.3234,    1.2800,    1.2292,    1.0875,    1.0727,    1.0177,    0.8736,    0.8588,    0.6784,    0.4280,    0.3611,    0.2973,    0.2859,    0.2661,    0.2237,    0.2584,    0.2613,    0.2783,    0.3142,    0.3744,    0.4313,    0.5331,    0.5776,    0.4705,    0.5770,    0.5684,    0.5262,    0.5253,    0.5570,    0.5127,    0.5134,    0.5099,    0.5031,    1.2330,    1.0927,    1.0452,    0.9470,    0.9002,    0.8381,    0.8077,    0.7641,    0.7626,    0.7194,    0.7429,    0.7010,    1.1650,    1.1847,    1.0728,    1.0009,    0.8693,    0.7940,    0.6639,    0.5996,    0.5190,    0.4661,    0.4379,    0.3921,    1.0839,    0.8190,    0.5512,    0.3187,    0.1787,    0.1228,    0.0836,    0.0656,    0.0443,    0.0291,    0.0174,    0.0123,    0.0942,    0.0481,    0.0876,    0.1059,    0.1190,    0.1103,    0.1214,    0.1339,    0.1180,    0.1624,    0.1436,    0.1487,    0.1640,    0.1336,    0.1940,    0.2150,    0.1769,    0.1951,    0.2063,    0.2247,    0.2434,    0.1740,    0.2820,    0.2975,    0.3659,    0.3911,    0.4048,    0.4303,    0.4314,    0.4505,    0.4520,    0.4986,    0.5299,    0.5166,    0.5552,    0.5653,    0.9874,    1.0784,    1.1310,    1.1653,    1.1840,    1.2875,    1.2123,    1.2591,    1.2175,    1.2910,    1.2240,    1.3107,    2.8253,    2.7826,    2.8514,    2.9244,    2.9525,    2.8373,    2.9368,    3.0118,    3.0730,    2.8572,    2.8163,    2.9246,    7.3930,    7.0736,    6.9944,    6.7835,    6.2669,    5.8784,    5.1615,    4.7495,    4.5663,    4.0035,    3.0766,    2.8587,    2.2053,    1.8864,    1.4394,    1.3750,    0.9279,    0.6741,    0.5453,    0.2192,    0.1935,    0.1376,    0.0478,    0.0390,    0.0041,    0.0154,    0.0320,    0.0520,    0.0737,    0.0959,    0.1175,    0.1778,    0.2481,    0.2179,    0.0821,    0.0165,    0.0137,    0.0110,    0.0074,    0.0058,    0.0917,    0.2252,    0.2979,    0.3119,    0.2663,    0.1597,    0.1570,    0.2396,    0.0737,    0.0918,    0.1273,    0.2232,    0.3407,    0.4594,    0.7989,    0.8195,    0.9077,    1.0721,    1.1201,    1.2549,    0.9696,    0.9641,    0.9572,    0.9473,    0.9378,    0.9287,    0.9178,    0.9074,    0.8966,    0.8844,    0.8685,    0.8450,    0.8258,    0.7365,    0.7868,    0.6339,    0.6313,    0.6422,    0.6043,    0.5065,    0.5052,    0.4641,    0.4390,    0.4261,    1.2270,    1.2491,    1.1755,    1.1758,    1.1178,    1.1002,    1.0572,    1.0050,    0.9367,    0.8903,    0.7970,    0.7522,    0.9848,    0.7507,    0.6923,    0.5789,    0.5383,    0.4710,    0.4862,    0.4388,    0.4290,    0.3873,    0.3322,    0.2991,    0.5739,    0.3602,    0.2861,    0.2681,    0.2275,    0.1562,    0.1072,    0.0657,    0.0450,    0.0317,    0.0234,    0.0146,    0.0044,    0.0000,    0.0113,    0.0309,    0.0349,    0.0319,    0.0358,    0.0566,    0.0504,    0.0694,    0.0613,    0.0917,    0.1007,    0.0817,    0.1180,    0.1289,    0.1048,    0.0678,    0.0081,    0.0181,    0.0883,    0.1058,    0.1749,    0.1836,    0.2272,    0.2430,    0.2516,    0.2673,    0.2918,    0.2987,    0.2782,    0.2529,    0.2228,    0.2662,    0.3697,    0.3751,    0.5826,    0.6364,    0.6663,    0.6762,    0.6641,    0.7365,    0.7074,    0.8625,    0.7928,    0.8967,    0.8479,    0.9024,    1.9544,    1.9073,    1.9803,    1.9088,    1.9213,    1.8522,    1.9174,    1.9663,    2.0063,    1.8645,    1.8386,    1.9093,    4.8260,    4.0105,    3.9652,    3.8452,    3.5518,    3.3310,    2.9241,    2.6900,    2.5855,    2.2660,    1.7406,    1.6165,    1.2462,    1.5071,    1.1492,    1.0969,    0.7396,    0.5367,    0.4336,    0.1741,    0.1534,    0.1089,    0.0378,    0.0307
    2,    0.5000,  227.5722,    0.0890,  121.0791,  135.1864,   14.5946,  -43.7601,  158.4330,  163.5827,  163.6723,  163.8293,  164.1029,  164.5732,  165.3648,  166.6602,  168.4872,  170.9519,  174.2721,  178.5564,  183.8814,  190.3071,  197.9049,  205.8548,  212.8059,  218.1105,  222.1140,  224.8330,  226.3589,  227.0949,  227.3721,  227.5098,  227.5598,    0.0754,    0.2857,    0.6035,    0.9978,    1.4410,    1.9101,    2.3853,    2.8976,    3.3969,    3.7428,    3.9218,    4.1462,    3.7820,    3.9525,    4.0944,    4.2038,    4.3797,    4.5642,    4.6293,    4.5793,    4.4389,    4.2097,    4.0804,    3.9906,    1.3827,    1.3700,    1.3525,    1.3158,    1.2736,    1.2234,    1.0835,    1.0684,    1.0139,    0.8718,    0.8570,    0.6778,    0.4279,    0.3610,    0.2973,    0.2859,    0.2661,    0.2237,    0.2584,    0.2612,    0.2780,    0.3136,    0.3729,    0.4265,    0.5238,    0.5649,    0.4584,    0.5560,    0.5478,    0.5017,    0.4999,    0.5268,    0.4791,    0.4786,    0.4746,    0.4680,    1.1366,    1.0004,    0.9551,    0.8613,    0.8175,    0.7590,    0.7307,    0.6902,    0.6895,    0.6496,    0.6739,    0.6349,    1.0653,    1.0973,    0.9923,    0.9319,    0.8043,    0.7334,    0.6054,    0.5460,    0.4683,    0.4199,    0.3968,    0.3547,    0.9988,    0.7613,    0.5037,    0.2808,    0.1518,    0.1036,    0.0701,    0.0561,    0.0378,    0.0247,    0.0145,    0.0102,    0.0943,    0.0481,    0.0879,    0.1069,    0.1201,    0.1113,    0.1225,    0.1358,    0.1197,    0.1648,    0.1457,    0.1511,    0.1667,    0.1357,    0.1971,    0.2184,    0.1797,    0.1965,    0.2062,    0.2248,    0.2455,    0.1769,    0.2873,    0.3030,    0.3727,    0.3984,    0.4124,    0.4384,    0.4389,    0.4582,    0.4589,    0.5042,    0.5345,    0.5226,    0.5647,    0.5749,    1.0040,    1.0966,    1.1500,    1.1844,    1.2025,    1.3082,    1.2323,    1.2801,    1.2364,    1.3130,    1.2448,    1.3328,    2.8732,    2.8292,    2.9000,    2.9742,    3.0025,    2.8856,    2.9869,    3.0631,    3.1253,    2.9058,    2.8643,    2.9744,    7.5191,    7.1769,    7.0967,    6.8828,    6.3588,    5.9648,    5.2375,    4.8196,    4.6340,    4.0631,    3.1225,    2.9016,    2.2386,    1.9085,    1.4564,    1.3915,    0.9392,    0.6825,    0.5522,    0.2220,    0.1961,    0.1395,    0.0485,    0.0395,    0.0051,    0.0189,    0.0393,    0.0638,    0.0906,    0.1179,    0.1444,    0.2175,    0.3020,    0.2669,    0.1021,    0.0207,    0.0171,    0.0137,    0.0093,    0.0073,    0.1138,    0.2763,    0.3641,    0.3820,    0.3283,    0.1976,    0.1872,    0.2679,    0.0833,    0.1006,    0.1351,    0.2302,    0.3465,    0.4644,    0.8018,    0.8223,    0.9099,    1.0747,    1.1219,    1.2551,    0.9697,    0.9641,    0.9572,    0.9473,    0.9378,    0.9287,    0.9178,    0.9074,    0.8966,    0.8844,    0.8686,    0.8456,    0.8302,    0.7477,    0.7949,    0.6569,    0.6532,    0.6653,    0.6315,    0.5456,    0.5485,    0.5123,    0.4894,    0.4766,    1.3621,    1.3753,    1.2995,    1.2915,    1.2287,    1.2037,    1.1557,    1.0985,    1.0276,    0.9761,    0.8817,    0.8329,    1.1099,    0.8648,    0.7949,    0.6665,    0.6181,    0.5454,    0.5559,    0.5019,    0.4874,    0.4397,    0.3784,    0.3405,    0.6676,    0.4211,    0.3348,    0.3059,    0.2541,    0.1751,    0.1203,    0.0744,    0.0508,    0.0355,    0.0260,    0.0165,    0.0029,    0.0000,    0.0075,    0.0226,    0.0256,    0.0234,    0.0262,    0.0453,    0.0403,    0.0555,    0.0490,    0.0792,    0.0870,    0.0706,    0.1020,    0.1114,    0.0906,    0.0586,    0.0070,    0.0157,    0.0763,    0.0915,    0.1520,    0.1595,    0.1975,    0.2112,    0.2186,    0.2323,    0.2578,    0.2638,    0.2457,    0.2234,    0.1968,    0.2351,    0.3265,    0.3313,    0.4993,    0.5454,    0.5711,    0.5795,    0.5692,    0.6312,    0.6062,    0.7648,    0.7031,    0.7951,    0.7519,    0.8002,    1.7332,    1.6914,    1.7561,    1.6708,    1.6817,    1.6213,    1.6783,    1.7212,    1.7561,    1.6320,    1.6093,    1.6712,    4.2242,    3.3949,    3.3566,    3.2550,    3.0066,    2.8197,    2.4753,    2.2771,    2.1887,    1.9182,    1.4735,    1.3685,    1.0550,    1.3664,    1.0419,    0.9945,    0.6706,    0.4867,    0.3932,    0.1578,    0.1391,    0.0988,    0.0342,    0.0278
    2,    0.7500,  227.5722,    0.0671,  117.3321,  138.4340,   21.5894,  -53.7682,  158.4330,  163.5827,  163.6723,  163.8293,  164.1029,  164.5732,  165.3648,  166.6602,  168.4872,  170.9519,  174.2721,  178.5564,  183.8814,  190.3071,  197.9049,  205.8548,  212.8059,  218.1105,  222.1140,  224.8330,  226.3589,  227.0949,  227.3721,  227.5098,  227.5598,    0.0775,    0.2936,    0.6200,    1.0245,    1.4789,    1.9594,    2.4457,    2.9852,    3.5121,    3.8441,    3.9532,    4.1359,    3.7735,    3.9457,    4.0898,    4.2002,    4.4213,    4.6570,    4.7309,    4.6577,    4.4720,    4.1652,    4.0066,    3.9209,    1.3590,    1.3481,    1.3329,    1.2974,    1.2579,    1.2091,    1.0735,    1.0578,    1.0047,    0.8671,    0.8527,    0.6763,    0.4275,    0.3609,    0.2973,    0.2859,    0.2661,    0.2237,    0.2583,    0.2611,    0.2773,    0.3120,    0.3692,    0.4151,    0.5022,    0.5360,    0.4321,    0.5114,    0.5038,    0.4526,    0.4491,    0.4673,    0.4165,    0.4142,    0.4096,    0.4032,    0.9663,    0.8418,    0.8006,    0.7167,    0.6780,    0.6266,    0.6014,    0.5662,    0.5652,    0.5308,    0.5528,    0.5191,    0.8806,    0.9249,    0.8338,    0.7932,    0.6776,    0.6152,    0.4961,    0.4458,    0.3755,    0.3355,    0.3195,    0.2847,    0.8296,    0.6436,    0.4096,    0.2126,    0.1080,    0.0725,    0.0484,    0.0398,    0.0266,    0.0173,    0.0098,    0.0067,    0.0943,    0.0481,    0.0881,    0.1078,    0.1212,    0.1123,    0.1236,    0.1382,    0.1219,    0.1678,    0.1483,    0.1550,    0.1709,    0.1392,    0.2021,    0.2237,    0.1841,    0.1986,    0.2059,    0.2247,    0.2489,    0.1814,    0.2957,    0.3118,    0.3836,    0.4101,    0.4245,    0.4513,    0.4516,    0.4710,    0.4704,    0.5136,    0.5421,    0.5326,    0.5807,    0.5911,    1.0296,    1.1244,    1.1791,    1.2137,    1.2309,    1.3400,    1.2631,    1.3160,    1.2685,    1.3506,    1.2802,    1.3705,    2.9549,    2.9086,    2.9829,    3.0556,    3.0844,    2.9647,    3.0688,    3.1471,    3.2111,    2.9855,    2.9429,    3.0561,    7.7255,    7.3296,    7.2479,    7.0297,    6.4947,    6.0927,    5.3501,    4.9237,    4.7344,    4.1516,    3.1910,    2.9656,    2.2884,    1.9492,    1.4879,    1.4220,    0.9602,    0.6980,    0.5651,    0.2273,    0.2009,    0.1430,    0.0498,    0.0406,    0.0073,    0.0272,    0.0565,    0.0919,    0.1304,    0.1697,    0.2078,    0.3094,    0.4250,    0.3811,    0.1510,    0.0309,    0.0256,    0.0205,    0.0139,    0.0109,    0.1676,    0.3964,    0.5174,    0.5461,    0.4767,    0.2903,    0.2608,    0.3367,    0.1068,    0.1222,    0.1542,    0.2476,    0.3606,    0.4765,    0.8087,    0.8293,    0.9153,    1.0812,    1.1262,    1.2557,    0.9697,    0.9641,    0.9572,    0.9473,    0.9378,    0.9287,    0.9178,    0.9074,    0.8966,    0.8845,    0.8687,    0.8469,    0.8393,    0.7707,    0.8107,    0.7017,    0.6958,    0.7081,    0.6818,    0.6174,    0.6243,    0.5964,    0.5773,    0.5649,    1.5884,    1.5794,    1.5002,    1.4735,    1.4034,    1.3632,    1.3057,    1.2412,    1.1676,    1.1087,    1.0172,    0.9621,    1.3236,    1.0752,    0.9845,    0.8350,    0.7700,    0.6869,    0.6830,    0.6170,    0.5907,    0.5327,    0.4627,    0.4162,    0.8518,    0.5451,    0.4311,    0.3743,    0.2987,    0.2068,    0.1425,    0.0901,    0.0615,    0.0425,    0.0305,    0.0199,    0.0010,    0.0000,    0.0027,    0.0104,    0.0118,    0.0107,    0.0121,    0.0259,    0.0230,    0.0317,    0.0280,    0.0550,    0.0604,    0.0491,    0.0708,    0.0773,    0.0630,    0.0408,    0.0049,    0.0109,    0.0531,    0.0636,    0.1070,    0.1123,    0.1391,    0.1487,    0.1539,    0.1636,    0.1890,    0.1934,    0.1802,    0.1638,    0.1443,    0.1724,    0.2394,    0.2429,    0.3397,    0.3711,    0.3885,    0.3943,    0.3872,    0.4294,    0.4125,    0.5666,    0.5209,    0.5891,    0.5570,    0.5928,    1.2840,    1.2530,    1.3010,    1.1982,    1.2061,    1.1627,    1.2037,    1.2344,    1.2594,    1.1704,    1.1542,    1.1985,    3.0295,    2.2427,    2.2174,    2.1503,    1.9862,    1.8628,    1.6353,    1.5044,    1.4460,    1.2674,    0.9736,    0.9042,    0.6971,    1.0710,    0.8167,    0.7797,    0.5258,    0.3816,    0.3084,    0.1238,    0.1091,    0.0775,    0.0269,    0.0219
    2,    1.0000,  227.5722,    0.0559,  114.8608,  140.0968,   25.7238,  -60.6543,  158.4330,  163.5827,  163.6723,  163.8293,  164.1029,  164.5732,  165.3648,  166.6602,  168.4872,  170.9519,  174.2721,  178.5564,  183.8814,  190.3071,  197.9049,  205.8548,  212.8059,  218.1105,  222.1140,  224.8330,  226.3589,  227.0949,  227.3721,  227.5098,  227.5598,    0.0795,    0.3009,    0.6352,    1.0491,    1.5138,    2.0048,    2.5011,    3.0638,    3.6131,    3.9350,    3.9833,    4.1257,    3.7651,    3.9389,    4.0852,    4.1966,    4.4610,    4.7397,    4.8171,    4.7218,    4.4976,    4.1221,    3.9354,    3.8536,    1.3360,    1.3269,    1.3138,    1.2795,    1.2426,    1.1952,    1.0637,    1.0474,    0.9956,    0.8625,    0.8485,    0.6748,    0.4270,    0.3607,    0.2973,    0.2859,    0.2661,    0.2237,    0.2582,    0.2610,    0.2766,    0.3105,    0.3655,    0.4045,    0.4828,    0.5105,    0.4102,    0.4755,    0.4685,    0.4155,    0.4111,    0.4235,    0.3732,    0.3699,    0.3649,    0.3589,    0.8543,    0.7405,    0.7021,    0.6261,    0.5908,    0.5444,    0.5214,    0.4896,    0.4878,    0.4570,    0.4756,    0.4454,    0.7570,    0.8011,    0.7201,    0.6903,    0.5862,    0.5303,    0.4211,    0.3772,    0.3139,    0.2794,    0.2670,    0.2371,    0.7054,    0.5540,    0.3413,    0.1688,    0.0828,    0.0549,    0.0362,    0.0300,    0.0199,    0.0128,    0.0071,    0.0048,    0.0943,    0.0481,    0.0881,    0.1080,    0.1214,    0.1126,    0.1239,    0.1391,    0.1226,    0.1688,    0.1493,    0.1569,    0.1730,    0.1409,    0.2045,    0.2264,    0.1864,    0.1996,    0.2056,    0.2245,    0.2505,    0.1837,    0.3001,    0.3164,    0.3893,    0.4162,    0.4308,    0.4579,    0.4586,    0.4782,    0.4769,    0.5188,    0.5462,    0.5381,    0.5896,    0.6001,    1.0419,    1.1380,    1.1932,    1.2280,    1.2446,    1.3554,    1.2781,    1.3364,    1.2868,    1.3720,    1.3004,    1.3919,    3.0014,    2.9538,    3.0302,    3.0993,    3.1282,    3.0071,    3.1127,    3.1921,    3.2570,    3.0282,    2.9850,    3.0998,    7.8362,    7.3996,    7.3173,    7.0972,    6.5573,    6.1516,    5.4021,    4.9718,    4.7810,    4.1928,    3.2229,    2.9955,    2.3118,    1.9753,    1.5082,    1.4417,    0.9738,    0.7082,    0.5735,    0.2308,    0.2041,    0.1454,    0.0506,    0.0413,    0.0093,    0.0348,    0.0725,    0.1178,    0.1671,    0.2175,    0.2664,    0.3924,    0.5338,    0.4850,    0.1987,    0.0411,    0.0340,    0.0273,    0.0185,    0.0145,    0.2196,    0.5066,    0.6561,    0.6963,    0.6164,    0.3805,    0.3318,    0.4032,    0.1296,    0.1430,    0.1727,    0.2645,    0.3744,    0.4884,    0.8155,    0.8361,    0.9206,    1.0874,    1.1304,    1.2561,    0.9697,    0.9641,    0.9572,    0.9473,    0.9378,    0.9287,    0.9178,    0.9074,    0.8966,    0.8845,    0.8689,    0.8479,    0.8464,    0.7883,    0.8221,    0.7334,    0.7260,    0.7366,    0.7149,    0.6644,    0.6710,    0.6481,    0.6312,    0.6191,    1.7207,    1.6941,    1.6132,    1.5725,    1.4988,    1.4480,    1.3846,    1.3166,    1.2422,    1.1796,    1.0924,    1.0341,    1.4512,    1.2131,    1.1092,    0.9520,    0.8747,    0.7847,    0.7663,    0.6926,    0.6557,    0.5915,    0.5177,    0.4658,    0.9848,    0.6390,    0.5009,    0.4189,    0.3253,    0.2258,    0.1559,    0.1003,    0.0685,    0.0471,    0.0335,    0.0221,    0.0004,    0.0000,    0.0009,    0.0048,    0.0054,    0.0049,    0.0056,    0.0148,    0.0132,    0.0181,    0.0160,    0.0383,    0.0420,    0.0341,    0.0493,    0.0538,    0.0438,    0.0284,    0.0034,    0.0076,    0.0369,    0.0443,    0.0754,    0.0791,    0.0979,    0.1047,    0.1084,    0.1152,    0.1387,    0.1419,    0.1322,    0.1202,    0.1059,    0.1265,    0.1756,    0.1782,    0.2313,    0.2527,    0.2646,    0.2685,    0.2637,    0.2925,    0.2809,    0.4201,    0.3862,    0.4367,    0.4130,    0.4395,    0.9519,    0.9289,    0.9645,    0.8601,    0.8657,    0.8346,    0.8640,    0.8861,    0.9040,    0.8402,    0.8285,    0.8603,    2.1747,    1.4862,    1.4694,    1.4250,    1.3163,    1.2345,    1.0838,    0.9970,    0.9584,    0.8400,    0.6453,    0.5993,    0.4621,    0.8413,    0.6416,    0.6126,    0.4131,    0.2999,    0.2424,    0.0973,    0.0858,    0.0609,    0.0211,    0.0172
    2,    1.2500,  227.5722,    0.0500,  113.1197,  140.9604,   28.3287,  -65.1804,  158.4330,  163.5827,  163.6723,  163.8293,  164.1029,  164.5732,  165.3648,  166.6602,  168.4872,  170.9519,  174.2721,  178.5564,  183.8814,  190.3071,  197.9049,  205.8548,  212.8059,  218.1105,  222.1140,  224.8330,  226.3589,  227.0949,  227.3721,  227.5098,  227.5598,    0.0813,    0.3076,    0.6491,    1.0718,    1.5459,    2.0465,    2.5522,    3.1347,    3.7021,    4.0168,    4.0122,    4.1156,    3.7567,    3.9321,    4.0806,    4.1930,    4.4989,    4.8136,    4.8904,    4.7739,    4.5167,    4.0802,    3.8667,    3.7886,    1.3138,    1.3063,    1.2953,    1.2621,    1.2277,    1.1817,    1.0541,    1.0373,    0.9868,    0.8579,    0.8442,    0.6731,    0.4265,    0.3605,    0.2972,    0.2859,    0.2661,    0.2236,    0.2581,    0.2608,    0.2759,    0.3090,    0.3619,    0.3948,    0.4656,    0.4882,    0.3918,    0.4463,    0.4397,    0.3866,    0.3816,    0.3900,    0.3414,    0.3375,    0.3324,    0.3266,    0.7748,    0.6697,    0.6335,    0.5637,    0.5308,    0.4884,    0.4671,    0.4377,    0.4354,    0.4071,    0.4228,    0.3951,    0.6702,    0.7100,    0.6366,    0.6124,    0.5180,    0.4669,    0.3671,    0.3279,    0.2709,    0.2404,    0.2297,    0.2034,    0.6118,    0.4843,    0.2907,    0.1393,    0.0672,    0.0441,    0.0287,    0.0237,    0.0156,    0.0100,    0.0054,    0.0036,    0.0943,    0.0481,    0.0881,    0.1081,    0.1215,    0.1126,    0.1240,    0.1394,    0.1229,    0.1692,    0.1496,    0.1579,    0.1741,    0.1417,    0.2058,    0.2277,    0.1875,    0.2000,    0.2053,    0.2243,    0.2512,    0.1848,    0.3023,    0.3188,    0.3923,    0.4193,    0.4340,    0.4614,    0.4626,    0.4822,    0.4804,    0.5216,    0.5484,    0.5411,    0.5945,    0.6051,    1.0480,    1.1445,    1.2001,    1.2349,    1.2512,    1.3628,    1.2854,    1.3480,    1.2971,    1.3841,    1.3119,    1.4041,    3.0279,    2.9795,    3.0571,    3.1227,    3.1518,    3.0298,    3.1362,    3.2163,    3.2817,    3.0511,    3.0076,    3.1233,    7.8957,    7.4318,    7.3493,    7.1284,    6.5863,    6.1790,    5.4263,    4.9942,    4.8028,    4.2121,    3.2379,    3.0098,    2.3230,    1.9922,    1.5213,    1.4546,    0.9827,    0.7149,    0.5791,    0.2332,    0.2062,    0.1470,    0.0512,    0.0418,    0.0112,    0.0419,    0.0872,    0.1417,    0.2011,    0.2617,    0.3206,    0.4677,    0.6308,    0.5799,    0.2452,    0.0513,    0.0424,    0.0341,    0.0231,    0.0181,    0.2698,    0.6084,    0.7824,    0.8345,    0.7483,    0.4682,    0.4003,    0.4675,    0.1515,    0.1633,    0.1907,    0.2808,    0.3878,    0.5000,    0.8221,    0.8428,    0.9258,    1.0933,    1.1345,    1.2566,    0.9697,    0.9642,    0.9572,    0.9473,    0.9378,    0.9287,    0.9178,    0.9074,    0.8966,    0.8845,    0.8690,    0.8488,    0.8521,    0.8018,    0.8304,    0.7562,    0.7478,    0.7561,    0.7374,    0.6962,    0.7010,    0.6812,    0.6658,    0.6538,    1.8027,    1.7634,    1.6816,    1.6312,    1.5555,    1.4978,    1.4307,    1.3609,    1.2863,    1.2216,    1.1379,    1.0778,    1.5321,    1.3064,    1.1939,    1.0353,    0.9491,    0.8543,    0.8231,    0.7443,    0.6989,    0.6307,    0.5552,    0.4996,    1.0831,    0.7116,    0.5526,    0.4494,    0.3425,    0.2382,    0.1647,    0.1073,    0.0733,    0.0503,    0.0355,    0.0236,    0.0001,    0.0000,    0.0003,    0.0022,    0.0025,    0.0023,    0.0026,    0.0085,    0.0075,    0.0104,    0.0092,    0.0266,    0.0292,    0.0237,    0.0343,    0.0374,    0.0305,    0.0198,    0.0024,    0.0053,    0.0257,    0.0308,    0.0531,    0.0557,    0.0690,    0.0738,    0.0764,    0.0812,    0.1018,    0.1042,    0.0970,    0.0883,    0.0778,    0.0929,    0.1289,    0.1308,    0.1577,    0.1723,    0.1804,    0.1831,    0.1798,    0.1994,    0.1915,    0.3117,    0.2866,    0.3240,    0.3064,    0.3261,    0.7063,    0.6893,    0.7157,    0.6181,    0.6221,    0.5998,    0.6209,    0.6367,    0.6496,    0.6037,    0.5954,    0.6182,    1.5627,    0.9881,    0.9770,    0.9474,    0.8752,    0.8208,    0.7206,    0.6630,    0.6372,    0.5586,    0.4291,    0.3986,    0.3073,    0.6623,    0.5052,    0.4823,    0.3253,    0.2362,    0.1909,    0.0766,    0.0676,    0.0480,    0.0167,    0.0135
    2,    1.5000,  227.5722,    0.0470,  111.8276,  141.4159,   30.0766,  -68.0044,  158.4330,  163.5827,  163.6723,  163.8293,  164.1029,  164.5732,  165.3648,  166.6602,  168.4872,  170.9519,  174.2721,  178.5564,  183.8814,  190.3071,  197.9049,  205.8548,  212.8059,  218.1105,  222.1140,  224.8330,  226.3589,  227.0949,  227.3721,  227.5098,  227.5598,    0.0830,    0.3138,    0.6620,    1.0927,    1.5756,    2.0851,    2.5994,    3.1989,    3.7811,    4.0907,    4.0399,    4.1055,    3.7483,    3.9254,    4.0760,    4.1894,    4.5350,    4.8797,    4.9526,    4.8158,    4.5301,    4.0397,    3.8004,    3.7257,    1.2924,    1.2864,    1.2773,    1.2452,    1.2131,    1.1684,    1.0447,    1.0275,    0.9781,    0.8533,    0.8401,    0.6714,    0.4261,    0.3603,    0.2972,    0.2859,    0.2661,    0.2236,    0.2580,    0.2607,    0.2752,    0.3075,    0.3584,    0.3858,    0.4501,    0.4686,    0.3761,    0.4221,    0.4158,    0.3634,    0.3581,    0.3637,    0.3171,    0.3128,    0.3077,    0.3020,    0.7154,    0.6174,    0.5828,    0.5181,    0.4869,    0.4478,    0.4279,    0.4003,    0.3976,    0.3712,    0.3847,    0.3588,    0.6066,    0.6412,    0.5735,    0.5522,    0.4656,    0.4184,    0.3269,    0.2912,    0.2396,    0.2121,    0.2024,    0.1787,    0.5397,    0.4291,    0.2522,    0.1185,    0.0567,    0.0369,    0.0238,    0.0195,    0.0127,    0.0081,    0.0044,    0.0029,    0.0942,    0.0480,    0.0881,    0.1081,    0.1215,    0.1126,    0.1240,    0.1395,    0.1230,    0.1693,    0.1497,    0.1584,    0.1746,    0.1422,    0.2064,    0.2284,    0.1881,    0.2002,    0.2051,    0.2241,    0.2516,    0.1854,    0.3035,    0.3200,    0.3938,    0.4210,    0.4357,    0.4632,    0.4648,    0.4845,    0.4824,    0.5231,    0.5495,    0.5428,    0.5973,    0.6079,    1.0509,    1.1477,    1.2035,    1.2382,    1.2544,    1.3664,    1.2889,    1.3547,    1.3030,    1.3911,    1.3184,    1.4110,    3.0430,    2.9942,    3.0724,    3.1353,    3.1644,    3.0420,    3.1489,    3.2293,    3.2949,    3.0634,    3.0198,    3.1360,    7.9277,    7.4468,    7.3642,    7.1429,    6.5998,    6.1918,    5.4377,    5.0049,    4.8132,    4.2214,    3.2452,    3.0167,    2.3285,    2.0032,    1.5299,    1.4630,    0.9886,    0.7193,    0.5829,    0.2347,    0.2077,    0.1481,    0.0516,    0.0422,    0.0130,    0.0485,    0.1009,    0.1640,    0.2327,    0.3028,    0.3709,    0.5364,    0.7179,    0.6671,    0.2904,    0.0614,    0.0508,    0.0408,    0.0276,    0.0217,    0.3183,    0.7027,    0.8983,    0.9627,    0.8732,    0.5536,    0.4664,    0.5296,    0.1728,    0.1828,    0.2082,    0.2967,    0.4008,    0.5113,    0.8286,    0.8493,    0.9309,    1.0991,    1.1384,    1.2570,    0.9698,    0.9642,    0.9572,    0.9473,    0.9378,    0.9287,    0.9178,    0.9074,    0.8966,    0.8845,    0.8691,    0.8496,    0.8566,    0.8125,    0.8366,    0.7731,    0.7639,    0.7700,    0.7533,    0.7183,    0.7212,    0.7035,    0.6890,    0.6772,    1.8565,    1.8081,    1.7258,    1.6689,    1.5919,    1.5297,    1.4603,    1.3893,    1.3147,    1.2488,    1.1677,    1.1064,    1.5864,    1.3717,    1.2534,    1.0961,    1.0034,    0.9053,    0.8635,    0.7812,    0.7289,    0.6579,    0.5817,    0.5236,    1.1575,    0.7688,    0.5919,    0.4712,    0.3544,    0.2468,    0.1708,    0.1124,    0.0769,    0.0527,    0.0370,    0.0247,    0.0000,    0.0000,    0.0001,    0.0010,    0.0012,    0.0011,    0.0012,    0.0048,    0.0043,    0.0059,    0.0052,    0.0186,    0.0204,    0.0166,    0.0239,    0.0261,    0.0213,    0.0138,    0.0017,    0.0037,    0.0180,    0.0215,    0.0374,    0.0393,    0.0486,    0.0520,    0.0538,    0.0572,    0.0748,    0.0765,    0.0713,    0.0649,    0.0572,    0.0683,    0.0947,    0.0961,    0.1077,    0.1176,    0.1232,    0.1250,    0.1228,    0.1362,    0.1308,    0.2315,    0.2129,    0.2407,    0.2276,    0.2422,    0.5246,    0.5119,    0.5315,    0.4447,    0.4476,    0.4315,    0.4467,    0.4581,    0.4674,    0.4344,    0.4283,    0.4448,    1.1243,    0.6591,    0.6517,    0.6320,    0.5838,    0.5475,    0.4807,    0.4422,    0.4251,    0.3726,    0.2863,    0.2659,    0.2051,    0.5225,    0.3985,    0.3805,    0.2567,    0.1864,    0.1506,    0.0605,    0.0534,    0.0379,    0.0132,    0.0107
    2,    1.7500,  227.5722,    0.0453,  110.8253,  141.6602,   31.3234,  -69.6297,  158.4330,  163.5827,  163.6723,  163.8293,  164.1029,  164.5732,  165.3648,  166.6602,  168.4872,  170.9519,  174.2721,  178.5564,  183.8814,  190.3071,  197.9049,  205.8548,  212.8059,  218.1105,  222.1140,  224.8330,  226.3589,  227.0949,  227.3721,  227.5098,  227.5598,    0.0845,    0.3195,    0.6740,    1.1121,    1.6031,    2.1208,    2.6431,    3.2573,    3.8515,    4.1577,    4.0664,    4.0954,    3.7400,    3.9186,    4.0714,    4.1858,    4.5696,    4.9390,    5.0056,    4.8489,    4.5385,    4.0003,    3.7363,    3.6650,    1.2716,    1.2671,    1.2597,    1.2287,    1.1989,    1.1555,    1.0355,    1.0178,    0.9696,    0.8488,    0.8359,    0.6697,    0.4255,    0.3601,    0.2972,    0.2859,    0.2661,    0.2236,    0.2579,    0.2605,    0.2745,    0.3060,    0.3550,    0.3774,    0.4362,    0.4513,    0.3626,    0.4019,    0.3958,    0.3445,    0.3390,    0.3426,    0.2978,    0.2934,    0.2883,    0.2828,    0.6692,    0.5771,    0.5438,    0.4832,    0.4534,    0.4169,    0.3982,    0.3720,    0.3691,    0.3440,    0.3558,    0.3314,    0.5582,    0.5879,    0.5247,    0.5046,    0.4243,    0.3802,    0.2960,    0.2630,    0.2159,    0.1907,    0.1817,    0.1601,    0.4830,    0.3846,    0.2225,    0.1032,    0.0493,    0.0319,    0.0204,    0.0165,    0.0107,    0.0068,    0.0036,    0.0024,    0.0942,    0.0480,    0.0881,    0.1081,    0.1215,    0.1126,    0.1240,    0.1395,    0.1230,    0.1693,    0.1497,    0.1587,    0.1749,    0.1424,    0.2067,    0.2287,    0.1883,    0.2003,    0.2049,    0.2239,    0.2517,    0.1857,    0.3041,    0.3206,    0.3946,    0.4218,    0.4366,    0.4642,    0.4661,    0.4857,    0.4835,    0.5239,    0.5501,    0.5437,    0.5989,    0.6095,    1.0523,    1.1493,    1.2051,    1.2399,    1.2560,    1.3682,    1.2906,    1.3584,    1.3063,    1.3951,    1.3222,    1.4150,    3.0516,    3.0025,    3.0812,    3.1421,    3.1712,    3.0486,    3.1557,    3.2363,    3.3021,    3.0701,    3.0263,    3.1428,    7.9449,    7.4538,    7.3711,    7.1497,    6.6062,    6.1979,    5.4432,    5.0100,    4.8183,    4.2260,    3.2488,    3.0202,    2.3314,    2.0104,    1.5356,    1.4687,    0.9926,    0.7223,    0.5854,    0.2358,    0.2087,    0.1488,    0.0519,    0.0424,    0.0146,    0.0546,    0.1136,    0.1847,    0.2621,    0.3411,    0.4178,    0.5993,    0.7966,    0.7475,    0.3346,    0.0714,    0.0591,    0.0476,    0.0322,    0.0253,    0.3653,    0.7905,    1.0053,    1.0821,    0.9917,    0.6367,    0.5303,    0.5896,    0.1934,    0.2018,    0.2252,    0.3122,    0.4136,    0.5223,    0.8349,    0.8556,    0.9358,    1.1047,    1.1421,    1.2574,    0.9698,    0.9642,    0.9572,    0.9473,    0.9378,    0.9287,    0.9178,    0.9074,    0.8966,    0.8845,    0.8692,    0.8502,    0.8603,    0.8209,    0.8414,    0.7858,    0.7761,    0.7802,    0.7648,    0.7343,    0.7354,    0.7190,    0.7052,    0.6935,    1.8936,    1.8387,    1.7561,    1.6946,    1.6169,    1.5516,    1.4807,    1.4090,    1.3345,    1.2677,    1.1884,    1.1263,    1.6246,    1.4190,    1.2967,    1.1415,    1.0441,    0.9434,    0.8931,    0.8083,    0.7506,    0.6777,    0.6012,    0.5413,    1.2149,    0.8145,    0.6223,    0.4874,    0.3631,    0.2531,    0.1753,    0.1162,    0.0795,    0.0545,    0.0381,    0.0255,    0.0000,    0.0000,    0.0000,    0.0005,    0.0005,    0.0005,    0.0005,    0.0028,    0.0025,    0.0034,    0.0030,    0.0130,    0.0142,    0.0116,    0.0167,    0.0182,    0.0149,    0.0097,    0.0012,    0.0026,    0.0126,    0.0150,    0.0264,    0.0277,    0.0343,    0.0367,    0.0380,    0.0403,    0.0550,    0.0563,    0.0524,    0.0477,    0.0421,    0.0502,    0.0696,    0.0707,    0.0736,    0.0804,    0.0842,    0.0855,    0.0839,    0.0931,    0.0894,    0.1721,    0.1583,    0.1789,    0.1692,    0.1801,    0.3900,    0.3806,    0.3952,    0.3203,    0.3224,    0.3108,    0.3217,    0.3300,    0.3367,    0.3129,    0.3085,    0.3204,    0.8098,    0.4410,    0.4361,    0.4229,    0.3906,    0.3664,    0.3217,    0.2959,    0.2845,    0.2494,    0.1916,    0.1780,    0.1372,    0.4130,    0.3150,    0.3008,    0.2029,    0.1473,    0.1191,    0.0478,    0.0422,    0.0300,    0.0104,    0.0085
    2,    2.0000,  227.5722,    0.0444,  110.0171,  141.7937,   32.2653,  -70.4235,  158.4330,  163.5827,  163.6723,  163.8293,  164.1029,  164.5732,  165.3648,  166.6602,  168.4872,  170.9519,  174.2721,  178.5564,  183.8814,  190.3071,  197.9049,  205.8548,  212.8059,  218.1105,  222.1140,  224.8330,  226.3589,  227.0949,  227.3721,  227.5098,  227.5598,    0.0859,    0.3249,    0.6851,    1.1301,    1.6286,    2.1540,    2.6837,    3.3105,    3.9147,    4.2186,    4.0919,    4.0854,    3.7317,    3.9119,    4.0669,    4.1822,    4.6026,    4.9922,    5.0504,    4.8745,    4.5426,    3.9622,    3.6743,    3.6061,    1.2515,    1.2483,    1.2427,    1.2127,    1.1851,    1.1429,    1.0265,    1.0084,    0.9613,    0.8443,    0.8318,    0.6679,    0.4250,    0.3599,    0.2971,    0.2858,    0.2661,    0.2236,    0.2578,    0.2603,    0.2738,    0.3045,    0.3516,    0.3697,    0.4237,    0.4360,    0.3508,    0.3846,    0.3787,    0.3287,    0.3231,    0.3252,    0.2822,    0.2777,    0.2726,    0.2673,    0.6322,    0.5449,    0.5128,    0.4555,    0.4269,    0.3925,    0.3748,    0.3497,    0.3467,    0.3228,    0.3331,    0.3099,    0.5201,    0.5455,    0.4860,    0.4663,    0.3911,    0.3496,    0.2715,    0.2408,    0.1976,    0.1742,    0.1656,    0.1456,    0.4377,    0.3482,    0.1990,    0.0917,    0.0438,    0.0281,    0.0179,    0.0144,    0.0093,    0.0058,    0.0031,    0.0020,    0.0942,    0.0480,    0.0881,    0.1081,    0.1215,    0.1126,    0.1240,    0.1395,    0.1230,    0.1694,    0.1498,    0.1588,    0.1751,    0.1425,    0.2069,    0.2289,    0.1885,    0.2003,    0.2047,    0.2237,    0.2517,    0.1859,    0.3044,    0.3210,    0.3950,    0.4223,    0.4371,    0.4646,    0.4668,    0.4864,    0.4841,    0.5243,    0.5503,    0.5441,    0.5997,    0.6104,    1.0530,    1.1501,    1.2059,    1.2406,    1.2567,    1.3690,    1.2914,    1.3606,    1.3081,    1.3973,    1.3243,    1.4173,    3.0565,    3.0073,    3.0862,    3.1457,    3.1748,    3.0522,    3.1594,    3.2400,    3.3059,    3.0737,    3.0299,    3.1465,    7.9543,    7.4571,    7.3744,    7.1530,    6.6093,    6.2009,    5.4459,    5.0126,    4.8208,    4.2283,    3.2507,    3.0220,    2.3329,    2.0151,    1.5393,    1.4724,    0.9952,    0.7243,    0.5871,    0.2365,    0.2094,    0.1494,    0.0521,    0.0426,    0.0162,    0.0603,    0.1255,    0.2041,    0.2896,    0.3768,    0.4616,    0.6572,    0.8681,    0.8219,    0.3776,    0.0814,    0.0674,    0.0543,    0.0368,    0.0289,    0.4108,    0.8726,    1.1047,    1.1938,    1.1043,    0.7176,    0.5921,    0.6477,    0.2133,    0.2203,    0.2418,    0.3273,    0.4260,    0.5330,    0.8411,    0.8618,    0.9407,    1.1100,    1.1458,    1.2578,    0.9698,    0.9642,    0.9572,    0.9473,    0.9378,    0.9287,    0.9178,    0.9074,    0.8966,    0.8846,    0.8693,    0.8508,    0.8633,    0.8277,    0.8451,    0.7955,    0.7855,    0.7879,    0.7735,    0.7461,    0.7458,    0.7304,    0.7170,    0.7053,    1.9203,    1.8608,    1.7780,    1.7132,    1.6350,    1.5676,    1.4956,    1.4233,    1.3489,    1.2816,    1.2037,    1.1410,    1.6529,    1.4545,    1.3292,    1.1762,    1.0753,    0.9728,    0.9155,    0.8288,    0.7669,    0.6926,    0.6159,    0.5548,    1.2601,    0.8516,    0.6463,    0.4998,    0.3696,    0.2578,    0.1787,    0.1191,    0.0815,    0.0558,    0.0389,    0.0261,    0.0000,    0.0000,    0.0000,    0.0002,    0.0002,    0.0002,    0.0003,    0.0016,    0.0014,    0.0019,    0.0017,    0.0091,    0.0100,    0.0081,    0.0117,    0.0128,    0.0104,    0.0068,    0.0008,    0.0018,    0.0088,    0.0105,    0.0186,    0.0195,    0.0242,    0.0259,    0.0268,    0.0284,    0.0405,    0.0414,    0.0386,    0.0351,    0.0310,    0.0370,    0.0512,    0.0520,    0.0504,    0.0551,    0.0576,    0.0585,    0.0575,    0.0637,    0.0612,    0.1281,    0.1178,    0.1332,    0.1259,    0.1340,    0.2903,    0.2833,    0.2941,    0.2310,    0.2325,    0.2242,    0.2320,    0.2380,    0.2428,    0.2257,    0.2225,    0.2311,    0.5841,    0.2960,    0.2927,    0.2838,    0.2622,    0.2459,    0.2159,    0.1986,    0.1910,    0.1674,    0.1286,    0.1195,    0.0921,    0.3271,    0.2495,    0.2383,    0.1607,    0.1167,    0.0944,    0.0379,    0.0334,    0.0238,    0.0082,    0.0067
