Particle       ,data/QEXT_96IR_84_VIS_Al_9um_160um
Ncase          ,  14
dt (sols)      ,  0.020833
Qext 0.67um    ,  7.713000
Alb sfc        ,  0.220000
Conrath nu     ,  0.002000
Sun Flux (W/m2),148.389262
BWN IR (cm-1)  ,     10.0000,     34.1670,     58.3330,     82.5000,    106.6670,    130.8330,    155.0000,    179.1670,    203.3330,    227.5000,    251.6670,    275.8330,    300.0000,    320.7880,    341.5750,    362.3630,    383.1500,    403.9380,    424.7250,    445.5130,    466.3010,    487.0880,    507.8760,    528.6630,    549.4510,    556.7420,    564.0330,    571.3240,    578.6150,    585.9060,    593.1970,    600.4880,    607.7790,    615.0700,    622.3610,    629.6520,    636.9430,    642.5500,    648.1570,    653.7640,    659.3700,    664.9770,    670.5840,    676.1910,    681.7980,    687.4050,    693.0110,    698.6180,    704.2250,    710.1390,    716.0530,    721.9670,    727.8810,    733.7950,    739.7090,    745.6240,    751.5380,    757.4520,    763.3660,    769.2800,    775.1940,    791.5010,    807.8070,    824.1140,    840.4210,    856.7270,    873.0340,    889.3410,    905.6470,    921.9540,    938.2610,    954.5670,    970.8740,    996.8050,   1022.7370,   1048.6680,   1074.6000,   1100.5310,   1126.4630,   1152.3940,   1178.3250,   1204.2570,   1230.1880,   1256.1200,   1282.0510,   1360.3990,   1438.7460,   1517.0940,   1595.4410,   1673.7890,   1752.1370,   1830.4840,   1908.8320,   1987.1790,   2065.5270,   2143.8740,   2222.2220
BWN VIS (cm-1) ,   2222.2200,   2294.3160,   2366.4120,   2438.5080,   2510.6030,   2582.6990,   2654.7950,   2726.8910,   2798.9870,   2871.0820,   2943.1780,   3015.2740,   3087.3700,   3165.9750,   3244.5800,   3323.1850,   3401.7900,   3480.3950,   3559.0000,   3637.6050,   3716.2100,   3794.8150,   3873.4200,   3952.0250,   4030.6300,   4142.2920,   4253.9530,   4365.6150,   4477.2770,   4588.9380,   4700.6000,   4812.2620,   4923.9230,   5035.5850,   5147.2470,   5258.9080,   5370.5700,   5560.6150,   5750.6600,   5940.7050,   6130.7500,   6320.7950,   6510.8400,   6700.8850,   6890.9300,   7080.9750,   7271.0200,   7461.0650,   7651.1100,   8055.1840,   8459.2580,   8863.3330,   9267.4070,   9671.4810,  10075.5550,  10479.6290,  10883.7030,  11287.7780,  11691.8520,  12095.9260,  12500.0000,  13541.6670,  14583.3330,  15625.0000,  16666.6670,  17708.3330,  18750.0000,  19791.6670,  20833.3330,  21875.0000,  22916.6670,  23958.3330,  25000.0000,  26388.8890,  27777.7780,  29166.6670,  30555.5570,  31944.4460,  33333.3350,  34722.2240,  36111.1130,  37500.0030,  38888.8920,  40277.7810,  41666.6700
SUN VIS (W/m2) ,      0.1008,      0.0862,      0.0968,      0.1089,      0.1224,      0.1136,      0.1248,      0.1400,      0.1233,      0.1698,      0.1502,      0.1645,      0.1814,      0.1477,      0.2144,      0.2377,      0.1946,      0.2106,      0.2276,      0.2472,      0.2683,      0.1918,      0.3072,      0.3239,      0.3986,      0.4261,      0.4410,      0.4688,      0.4810,      0.5017,      0.5013,      0.5485,      0.5772,      0.5665,      0.6183,      0.6303,      1.0809,      1.1806,      1.2379,      1.2751,      1.2949,      1.4092,      1.3262,      1.4132,      1.3634,      1.4505,      1.3747,      1.4716,      3.1730,      3.1258,      3.2038,      3.2543,      3.2846,      3.1576,      3.2685,      3.3520,      3.4202,      3.1800,      3.1347,      3.2554,      8.2299,      7.8425,      7.7561,      7.5237,      6.9524,      6.5235,      5.7299,      5.2748,      5.0739,      4.4511,      3.4228,      3.1828,      2.4579,      2.2644,      1.7312,      1.6575,      1.1215,      0.8173,      0.6634,      0.2677,      0.2374,      0.1697,      0.0593,      0.0486
================
wavelenght [um],    0.244068,    0.252632,    0.261818,    0.271698,    0.282353,    0.293878,    0.306383,    0.320000,    0.334884,    0.351220,    0.369231,    0.389189,    0.408511,    0.426667,    0.446512,    0.468293,    0.492308,    0.518919,    0.548571,    0.581818,    0.619355,    0.662069,    0.711111,    0.768000,    0.813143,    0.840768,    0.870336,    0.902060,    0.936184,    0.972991,    1.012810,    1.056028,    1.103099,    1.154562,    1.211061,    1.273375,    1.323436,    1.357581,    1.393534,    1.431444,    1.471474,    1.513807,    1.558648,    1.606226,    1.656801,    1.710664,    1.768147,    1.829628,    1.881560,    1.921939,    1.964090,    2.008131,    2.054193,    2.102417,    2.152960,    2.205992,    2.261704,    2.320302,    2.382017,    2.447105,    2.505432,    2.555765,    2.608162,    2.662752,    2.719677,    2.779088,    2.841153,    2.906054,    2.973989,    3.045176,    3.119855,    3.198288,    3.277268,    3.356577,    3.439819,    3.527294,    3.619334,    3.716307,    3.818620,    3.926726,    4.041130,    4.162400,    4.291175,    4.428172,    4.580751,    4.751270,    4.934974,    5.133456,    5.348572,    5.582505,    5.837838,    6.117648,    6.425631,    6.766266,    7.145039,    7.568734,    7.879690,    8.044056,    8.215425,    8.394255,    8.581043,    8.776330,    8.980716,    9.194848,    9.419442,    9.655282,    9.903235,   10.164260,   10.387231,   10.566200,   10.751445,   10.943308,   11.142136,   11.348323,   11.562291,   11.784476,   12.015368,   12.255495,   12.505409,   12.765727,   12.949392,   13.049328,   13.150818,   13.253898,   13.358608,   13.464994,   13.573088,   13.682923,   13.794549,   13.908012,   14.023357,   14.140631,   14.256763,   14.371646,   14.488386,   14.607038,   14.727660,   14.850291,   14.974981,   15.101782,   15.230738,   15.361915,   15.495384,   15.631191,   15.790367,   15.974275,   16.162517,   16.355249,   16.552633,   16.754839,   16.962047,   17.174443,   17.392227,   17.615605,   17.844795,   18.080028,   18.550914,   19.294981,   20.101230,   20.977796,   21.934298,   22.982219,   24.135264,   25.410119,   26.827165,   28.411593,   30.194923,   32.217118,   34.732292,   37.914692,   41.739101,   46.421699,   52.287582,   59.850314,   69.970927,   84.210526,  105.726686,  142.012170,  216.216216,  452.826771
Qext           ,      9.0720,      9.1410,      9.2120,      9.2860,      9.3710,      9.4610,      9.5540,      9.6620,      9.7750,      9.8560,      9.9380,     10.0330,     10.1240,     10.1380,      9.8460,      9.4720,      9.0430,      8.6390,      8.4100,      8.1710,      7.9220,      7.7130,      7.4820,      7.2830,      7.1340,      7.0320,      6.9120,      6.7670,      6.5580,      6.3270,      6.0300,      6.0000,      5.9820,      5.9620,      5.9400,      5.9170,      5.8990,      5.8850,      5.8710,      5.8570,      5.8420,      5.8240,      5.8060,      5.8600,      6.0210,      6.2120,      6.4090,      6.5870,      6.7450,      6.8790,      7.0160,      7.1570,      7.3010,      7.4770,      7.6280,      7.8020,      8.0240,      8.2530,      8.4870,      8.7280,      8.9340,      9.1440,      9.3590,      9.5340,      9.7580,     10.0170,     10.3110,     10.6110,     10.9180,     11.2950,     11.6170,     11.9470,     12.3520,     12.8110,     13.3730,     13.8530,     14.3440,     14.9470,     15.6730,     15.8900,     14.5590,     13.1170,     11.3830,      9.3370,      8.9790,      9.7680,     10.5850,     11.1730,     10.8640,     10.5630,     11.9550,     14.0980,     15.7290,     16.6790,     14.6980,     13.1240,     13.9640,     14.6860,     15.8330,     17.0340,     18.4530,     21.0350,     23.7590,     27.0860,     33.5790,     40.4660,     45.2090,     42.7760,     38.6160,     34.3800,     30.0700,     25.9230,     23.5370,     20.9570,     18.3250,     16.3010,     15.8550,     15.8160,     15.7660,     15.8250,     16.2000,     16.4760,     16.7540,     17.0350,     17.0350,     17.3180,     17.6040,     17.8930,     18.3920,     18.9270,     19.4650,     20.0090,     20.5570,     21.1110,     21.6690,     22.3760,     23.2320,     23.2320,     24.0950,     24.9660,     25.8450,     26.7320,     27.6260,     28.7580,     30.7240,     32.7140,     34.0560,     36.1130,     38.9290,     41.0610,     44.2940,     47.5670,     51.5130,     56.9160,     62.4800,     68.1100,     80.4060,    107.0240,    137.5110,    146.8490,    122.1870,     83.0490,     49.6520,     28.7720,     17.4540,     11.0250,      6.9940,      4.5910,      2.9440,      1.8410,      1.1270,      0.7400,      0.3970,      0.4300,      0.4300,      0.4300,      0.4300,      0.4300,      0.4300,      0.4300
Qscat          ,      6.1870,      6.3960,      6.6140,      6.8430,      7.1150,      7.4010,      7.7030,      8.0590,      8.4040,      8.5420,      8.6640,      8.8060,      8.9430,      9.0020,      8.7560,      8.4340,      8.0630,      7.7110,      7.5030,      7.2840,      7.0430,      6.7980,      6.5030,      6.1700,      5.9710,      5.8790,      5.7710,      5.6880,      5.6420,      5.6010,      5.7060,      5.6960,      5.6790,      5.6620,      5.6410,      5.6200,      5.6030,      5.5910,      5.5780,      5.5640,      5.5510,      5.5340,      5.5170,      5.5640,      5.7040,      5.8670,      6.0360,      6.1880,      6.3210,      6.4340,      6.5490,      6.6660,      6.7850,      6.9300,      7.0540,      7.2060,      7.4040,      7.6070,      7.8150,      8.0280,      8.2090,      8.3940,      8.5830,      8.7370,      8.9330,      9.1580,      9.4130,      9.6730,      9.9370,     10.2610,     10.5370,     10.8180,     11.1620,     11.5540,     12.0400,     12.4540,     12.8760,     13.3930,     14.0110,     14.2000,     13.0760,     11.8450,     10.3460,      8.5510,      8.2230,      8.8960,      9.5840,     10.1080,      9.9750,      9.8470,     11.0860,     12.8920,     14.1970,     14.8880,     13.2290,     11.9600,     12.7740,     13.4680,     14.5620,     15.7150,     17.0490,     19.2750,     21.5750,     24.3880,     30.0590,     36.0170,     39.7660,     37.4220,     33.7170,     29.9600,     26.1510,     22.5170,     20.5420,     18.4310,     16.2430,     14.5380,     14.2000,     14.2160,     14.2360,     14.3480,     14.6950,     14.9490,     15.2050,     15.4630,     15.4630,     15.7240,     15.9870,     16.2530,     16.7000,     17.1780,     17.6590,     18.1430,     18.6320,     19.1240,     19.6200,     20.2490,     21.0090,     21.0090,     21.7740,     22.5450,     23.3220,     24.1050,     24.8930,     25.8960,     27.6420,     29.4070,     30.5950,     32.4130,     34.8790,     36.7350,     39.5390,     42.3650,     45.7780,     50.4840,     55.3090,     60.1750,     70.7750,     93.6020,    119.5390,    126.4270,    104.4240,     70.4640,     41.5680,     23.9260,     14.3800,      8.8980,      5.5840,      3.5270,      2.1900,      1.3040,      0.7640,      0.4570,      0.2550,      0.2070,      0.2070,      0.2070,      0.2070,      0.2070,      0.2070,      0.2070
G factor       ,      0.5160,      0.5070,      0.4970,      0.4870,      0.4750,      0.4630,      0.4500,      0.4350,      0.4230,      0.4260,      0.4300,      0.4360,      0.4410,      0.4440,      0.4370,      0.4290,      0.4190,      0.4080,      0.3960,      0.3810,      0.3680,      0.3610,      0.3550,      0.3540,      0.3520,      0.3500,      0.3470,      0.3440,      0.3400,      0.3350,      0.3180,      0.3140,      0.3110,      0.3080,      0.3050,      0.3010,      0.2980,      0.2960,      0.2940,      0.2920,      0.2890,      0.2870,      0.2840,      0.2820,      0.2800,      0.2790,      0.2770,      0.2750,      0.2740,      0.2730,      0.2720,      0.2700,      0.2690,      0.2680,      0.2660,      0.2640,      0.2620,      0.2590,      0.2560,      0.2530,      0.2510,      0.2490,      0.2460,      0.2440,      0.2410,      0.2310,      0.2130,      0.1940,      0.1750,      0.1520,      0.1320,      0.1120,      0.0870,      0.0700,      0.0710,      0.0710,      0.0720,      0.0730,      0.0740,      0.0780,      0.0900,      0.1020,      0.1160,      0.1340,      0.1420,      0.1450,      0.1490,      0.1520,      0.1570,      0.1610,      0.1650,      0.1680,      0.1390,      0.0790,      0.0480,      0.0410,      0.0590,      0.0670,      0.0730,      0.0780,      0.0820,      0.0820,      0.0820,      0.0800,      0.0670,      0.0530,      0.0350,      0.0140,     -0.0050,     -0.0240,     -0.0440,     -0.0640,     -0.0760,     -0.0900,     -0.1040,     -0.1150,     -0.1160,     -0.1130,     -0.1100,     -0.1060,     -0.1020,     -0.0980,     -0.0950,     -0.0920,     -0.0920,     -0.0880,     -0.0850,     -0.0810,     -0.0780,     -0.0750,     -0.0720,     -0.0690,     -0.0660,     -0.0630,     -0.0590,     -0.0570,     -0.0550,     -0.0550,     -0.0530,     -0.0500,     -0.0480,     -0.0460,     -0.0440,     -0.0420,     -0.0400,     -0.0380,     -0.0360,     -0.0340,     -0.0330,     -0.0320,     -0.0310,     -0.0290,     -0.0280,     -0.0270,     -0.0270,     -0.0260,     -0.0250,     -0.0240,     -0.0240,     -0.0240,     -0.0240,     -0.0250,     -0.0250,     -0.0270,     -0.0280,     -0.0290,     -0.0300,     -0.0310,     -0.0320,     -0.0340,     -0.0340,     -0.0350,     -0.0280,      0.0000,      0.0000,      0.0000,      0.0000,      0.0000,      0.0000,      0.0000
================
P [mbar]       ,    0.1004,    0.1015,    0.1034,    0.1069,    0.1130,    0.1239,    0.1432,    0.1740,    0.2226,    0.3028,    0.4349,    0.6529,    1.0121,    1.6044,    2.4646,    3.4606,    4.3994,    5.2226,    5.8426,    6.2132,    6.3980,    6.4686,    6.5039,    6.5168
Temp initial[K],  163.5827,  163.6723,  163.8293,  164.1029,  164.5732,  165.3648,  166.6602,  168.4872,  170.9519,  174.2721,  178.5564,  183.8814,  190.3071,  197.9049,  205.8548,  212.8059,  218.1105,  222.1140,  224.8330,  226.3589,  227.0949,  227.3721,  227.5098,  227.5598
================
it   ,   tau    ,  Tsfc    ,   alb    ,   OLR    ,    ASR   ,  NET top ,  NET bot , T lev  01, T lev  02, T lev  03, T lev  04, T lev  05, T lev  06, T lev  07, T lev  08, T lev  09, T lev  10, T lev  11, T lev  12, T lev  13, T lev  14, T lev  15, T lev  16, T lev  17, T lev  18, T lev  19, T lev  20, T lev  21, T lev  22, T lev  23, T lev  24, T lev  25,  OLR IR01,  OLR IR02,  OLR IR03,  OLR IR04,  OLR IR05,  OLR IR06,  OLR IR07,  OLR IR08,  OLR IR09,  OLR IR10,  OLR IR11,  OLR IR12,  OLR IR13,  OLR IR14,  OLR IR15,  OLR IR16,  OLR IR17,  OLR IR18,  OLR IR19,  OLR IR20,  OLR IR21,  OLR IR22,  OLR IR23,  OLR IR24,  OLR IR25,  OLR IR26,  OLR IR27,  OLR IR28,  OLR IR29,  OLR IR30,  OLR IR31,  OLR IR32,  OLR IR33,  OLR IR34,  OLR IR35,  OLR IR36,  OLR IR37,  OLR IR38,  OLR IR39,  OLR IR40,  OLR IR41,  OLR IR42,  OLR IR43,  OLR IR44,  OLR IR45,  OLR IR46,  OLR IR47,  OLR IR48,  OLR IR49,  OLR IR50,  OLR IR51,  OLR IR52,  OLR IR53,  OLR IR54,  OLR IR55,  OLR IR56,  OLR IR57,  OLR IR58,  OLR IR59,  OLR IR60,  OLR IR61,  OLR IR62,  OLR IR63,  OLR IR64,  OLR IR65,  OLR IR66,  OLR IR67,  OLR IR68,  OLR IR69,  OLR IR70,  OLR IR71,  OLR IR72,  OLR IR73,  OLR IR74,  OLR IR75,  OLR IR76,  OLR IR77,  OLR IR78,  OLR IR79,  OLR IR80,  OLR IR81,  OLR IR82,  OLR IR83,  OLR IR84,  OLR IR85,  OLR IR86,  OLR IR87,  OLR IR88,  OLR IR89,  OLR IR90,  OLR IR91,  OLR IR92,  OLR IR93,  OLR IR94,  OLR IR95,  OLR IR96, ASR VIS01, ASR VIS02, ASR VIS03, ASR VIS04, ASR VIS05, ASR VIS06, ASR VIS07, ASR VIS08, ASR VIS09, ASR VIS10, ASR VIS11, ASR VIS12, ASR VIS13, ASR VIS14, ASR VIS15, ASR VIS16, ASR VIS17, ASR VIS18, ASR VIS19, ASR VIS20, ASR VIS21, ASR VIS22, ASR VIS23, ASR VIS24, ASR VIS25, ASR VIS26, ASR VIS27, ASR VIS28, ASR VIS29, ASR VIS30, ASR VIS31, ASR VIS32, ASR VIS33, ASR VIS34, ASR VIS35, ASR VIS36, ASR VIS37, ASR VIS38, ASR VIS39, ASR VIS40, ASR VIS41, ASR VIS42, ASR VIS43, ASR VIS44, ASR VIS45, ASR VIS46, ASR VIS47, ASR VIS48, ASR VIS49, ASR VIS50, ASR VIS51, ASR VIS52, ASR VIS53, ASR VIS54, ASR VIS55, ASR VIS56, ASR VIS57, ASR VIS58, ASR VIS59, ASR VIS60, ASR VIS61, ASR VIS62, ASR VIS63, ASR VIS64, ASR VIS65, ASR VIS66, ASR VIS67, ASR VIS68, ASR VIS69, ASR VIS70, ASR VIS71, ASR VIS72, ASR VIS73, ASR VIS74, ASR VIS75, ASR VIS76, ASR VIS77, ASR VIS78, ASR VIS79, ASR VIS80, ASR VIS81, ASR VIS82, ASR VIS83, ASR VIS84, SFC DIR01, SFC DIR02, SFC DIR03, SFC DIR04, SFC DIR05, SFC DIR06, SFC DIR07, SFC DIR08, SFC DIR09, SFC DIR10, SFC DIR11, SFC DIR12, SFC DIR13, SFC DIR14, SFC DIR15, SFC DIR16, SFC DIR17, SFC DIR18, SFC DIR19, SFC DIR20, SFC DIR21, SFC DIR22, SFC DIR23, SFC DIR24, SFC DIR25, SFC DIR26, SFC DIR27, SFC DIR28, SFC DIR29, SFC DIR30, SFC DIR31, SFC DIR32, SFC DIR33, SFC DIR34, SFC DIR35, SFC DIR36, SFC DIR37, SFC DIR38, SFC DIR39, SFC DIR40, SFC DIR41, SFC DIR42, SFC DIR43, SFC DIR44, SFC DIR45, SFC DIR46, SFC DIR47, SFC DIR48, SFC DIR49, SFC DIR50, SFC DIR51, SFC DIR52, SFC DIR53, SFC DIR54, SFC DIR55, SFC DIR56, SFC DIR57, SFC DIR58, SFC DIR59, SFC DIR60, SFC DIR61, SFC DIR62, SFC DIR63, SFC DIR64, SFC DIR65, SFC DIR66, SFC DIR67, SFC DIR68, SFC DIR69, SFC DIR70, SFC DIR71, SFC DIR72, SFC DIR73, SFC DIR74, SFC DIR75, SFC DIR76, SFC DIR77, SFC DIR78, SFC DIR79, SFC DIR80, SFC DIR81, SFC DIR82, SFC DIR83, SFC DIR84, SFC DIR85, SFC DIR86, SFC DIR87, SFC DIR88, SFC DIR89, SFC DIR90, SFC DIR91, SFC DIR92, SFC DIR93, SFC DIR94, SFC DIR95, SFC DIR96,SFC DVIS01,SFC DVIS02,SFC DVIS03,SFC DVIS04,SFC DVIS05,SFC DVIS06,SFC DVIS07,SFC DVIS08,SFC DVIS09,SFC DVIS10,SFC DVIS11,SFC DVIS12,SFC DVIS13,SFC DVIS14,SFC DVIS15,SFC DVIS16,SFC DVIS17,SFC DVIS18,SFC DVIS19,SFC DVIS20,SFC DVIS21,SFC DVIS22,SFC DVIS23,SFC DVIS24,SFC DVIS25,SFC DVIS26,SFC DVIS27,SFC DVIS28,SFC DVIS29,SFC DVIS30,SFC DVIS31,SFC DVIS32,SFC DVIS33,SFC DVIS34,SFC DVIS35,SFC DVIS36,SFC DVIS37,SFC DVIS38,SFC DVIS39,SFC DVIS40,SFC DVIS41,SFC DVIS42,SFC DVIS43,SFC DVIS44,SFC DVIS45,SFC DVIS46,SFC DVIS47,SFC DVIS48,SFC DVIS49,SFC DVIS50,SFC DVIS51,SFC DVIS52,SFC DVIS53,SFC DVIS54,SFC DVIS55,SFC DVIS56,SFC DVIS57,SFC DVIS58,SFC DVIS59,SFC DVIS60,SFC DVIS61,SFC DVIS62,SFC DVIS63,SFC DVIS64,SFC DVIS65,SFC DVIS66,SFC DVIS67,SFC DVIS68,SFC DVIS69,SFC DVIS70,SFC DVIS71,SFC DVIS72,SFC DVIS73,SFC DVIS74,SFC DVIS75,SFC DVIS76,SFC DVIS77,SFC DVIS78,SFC DVIS79,SFC DVIS80,SFC DVIS81,SFC DVIS82,SFC DVIS83,SFC DVIS84
    2,    0.0000,  227.5722,    0.2192,  139.8688,  115.8602,  -23.5218,  -14.0680,  158.4330,  163.5827,  163.6723,  163.8293,  164.1029,  164.5732,  165.3648,  166.6602,  168.4872,  170.9519,  174.2721,  178.5564,  183.8814,  190.3071,  197.9049,  205.8548,  212.8059,  218.1105,  222.1140,  224.8330,  226.3589,  227.0949,  227.3721,  227.5098,  227.5598,    0.0705,    0.2675,    0.5658,    0.9364,    1.3541,    1.7971,    2.2470,    2.6886,    3.1100,    3.5012,    3.8550,    4.1668,    3.7991,    3.9662,    4.1036,    4.2111,    4.2902,    4.3412,    4.3666,    4.3674,    4.3455,    4.3031,    4.2365,    4.1377,    1.4329,    1.4160,    1.3937,    1.3544,    1.3064,    1.2531,    1.1042,    1.0903,    1.0331,    0.8812,    0.8657,    0.6804,    0.4286,    0.3613,    0.2973,    0.2859,    0.2660,    0.2237,    0.2586,    0.2615,    0.2793,    0.3166,    0.3804,    0.4522,    0.5746,    0.6344,    0.5305,    0.6851,    0.6744,    0.6698,    0.6769,    0.7426,    0.7550,    0.7683,    0.7700,    0.7628,    2.0538,    1.9716,    1.9052,    1.8274,    1.7484,    1.6691,    1.5919,    1.5151,    1.4407,    1.3665,    1.2937,    1.2291,    1.8278,    1.6842,    1.5339,    1.3924,    1.2741,    1.1725,    1.0662,    0.9681,    0.8777,    0.7928,    0.7079,    0.6374,    1.5840,    1.1437,    0.8293,    0.5901,    0.4167,    0.2922,    0.2036,    0.1383,    0.0940,    0.0622,    0.0416,    0.0303,    0.0906,    0.0482,    0.0759,    0.0854,    0.0957,    0.0892,    0.0975,    0.1096,    0.0962,    0.1325,    0.1172,    0.1283,    0.1417,    0.1155,    0.1680,    0.1868,    0.1536,    0.1833,    0.2065,    0.2237,    0.2252,    0.1502,    0.2398,    0.2533,    0.3110,    0.3324,    0.3440,    0.3658,    0.3756,    0.3940,    0.4010,    0.4565,    0.4953,    0.4717,    0.4852,    0.4943,    0.8433,    0.9209,    0.9663,    0.9993,    1.0234,    1.1077,    1.0381,    1.1064,    1.0804,    1.1314,    1.0733,    1.1507,    2.4780,    2.4450,    2.4989,    2.5384,    2.5644,    2.4626,    2.5489,    2.6139,    2.6670,    2.4800,    2.4441,    2.5380,    6.4157,    6.1123,    6.0433,    5.8603,    5.4132,    5.0767,    4.4565,    4.0997,    3.9404,    3.4535,    2.6528,    2.4637,    1.8993,    1.7458,    1.3311,    1.2705,    0.8565,    0.6215,    0.5021,    0.2015,    0.1776,    0.1261,    0.0437,    0.0355,    0.0000,    0.0000,    0.0000,    0.0000,    0.0000,    0.0000,    0.0000,    0.0000,    0.0000,    0.0000,    0.0000,    0.0000,    0.0000,    0.0000,    0.0000,    0.0000,    0.0000,    0.0000,    0.0000,    0.0004,    0.0013,    0.0042,    0.0316,    0.1224,    0.0337,    0.0553,    0.0951,    0.1939,    0.3170,    0.4390,    0.7874,    0.8078,    0.8986,    1.0611,    1.1127,    1.2540,    0.9696,    0.9641,    0.9572,    0.9473,    0.9378,    0.9287,    0.9178,    0.9074,    0.8966,    0.8844,    0.8683,    0.8421,    0.8025,    0.6764,    0.7395,    0.4977,    0.5022,    0.4908,    0.4247,    0.2470,    0.1814,    0.1031,    0.0612,    0.0469,    0.0933,    0.0788,    0.0260,    0.0119,    0.0030,    0.0028,    0.0017,    0.0056,    0.0100,    0.0182,    0.0292,    0.0235,    0.0278,    0.0056,    0.0259,    0.0458,    0.0328,    0.0004,    0.0000,    0.0000,    0.0000,    0.0031,    0.0165,    0.0171,    0.0171,    0.0171,    0.0000,    0.0000,    0.0000,    0.0000,    0.0000,    0.0035,    0.0040,    0.0054,    0.0048,    0.0010,    0.0230,    0.0000,    0.0598,    0.1073,    0.1213,    0.1109,    0.1245,    0.1385,    0.1233,    0.1698,    0.1501,    0.1645,    0.1806,    0.1466,    0.2118,    0.2312,    0.1878,    0.1215,    0.0145,    0.0325,    0.1583,    0.1897,    0.3065,    0.3218,    0.3984,    0.4260,    0.4410,    0.4686,    0.4796,    0.4909,    0.4572,    0.4157,    0.3661,    0.4375,    0.6076,    0.6165,    1.0804,    1.1803,    1.2358,    1.2540,    1.2316,    1.3659,    1.3119,    1.3949,    1.2823,    1.4502,    1.3714,    1.4595,    3.1611,    3.0848,    3.2030,    3.2531,    3.2743,    3.1567,    3.2678,    3.3511,    3.4192,    3.1776,    3.1334,    3.2539,    8.2247,    7.8363,    7.7478,    7.5132,    6.9399,    6.5086,    5.7135,    5.2561,    5.0518,    4.4276,    3.4010,    3.1586,    2.4350,    2.2382,    1.7066,    1.6288,    1.0981,    0.7968,    0.6438,    0.2584,    0.2277,    0.1616,    0.0560,    0.0455
    2,    0.0500,  227.5722,    0.2334,  119.0626,  113.7597,   -4.8152,    5.7513,  158.4330,  163.5827,  163.6723,  163.8293,  164.1029,  164.5732,  165.3648,  166.6602,  168.4872,  170.9519,  174.2721,  178.5564,  183.8814,  190.3071,  197.9049,  205.8548,  212.8059,  218.1105,  222.1140,  224.8330,  226.3589,  227.0949,  227.3721,  227.5098,  227.5598,    0.0704,    0.2671,    0.5649,    0.9349,    1.3517,    1.7940,    2.2431,    2.6833,    3.0986,    3.4805,    3.8167,    4.0991,    3.7017,    3.8099,    3.8536,    3.8161,    3.6675,    3.3717,    2.9734,    2.6255,    2.4349,    2.4488,    2.6230,    2.8070,    1.0163,    1.0291,    1.0402,    1.0437,    1.0346,    1.0174,    0.9406,    0.9387,    0.9073,    0.7968,    0.7923,    0.6483,    0.4169,    0.3551,    0.2947,    0.2838,    0.2645,    0.2231,    0.2571,    0.2597,    0.2769,    0.3121,    0.3711,    0.4355,    0.5430,    0.5914,    0.5007,    0.6309,    0.6230,    0.6187,    0.6225,    0.6749,    0.6831,    0.6926,    0.6935,    0.6873,    1.8529,    1.7784,    1.7158,    1.6445,    1.5689,    1.4806,    1.3920,    1.3073,    1.2282,    1.1417,    1.0598,    0.9877,    1.4425,    1.3167,    1.2314,    1.1598,    1.0977,    1.0263,    0.9466,    0.8713,    0.7957,    0.7232,    0.6500,    0.5872,    1.4634,    1.0475,    0.7524,    0.5409,    0.3862,    0.2738,    0.1922,    0.1302,    0.0883,    0.0587,    0.0394,    0.0288,    0.0892,    0.0480,    0.0734,    0.0812,    0.0906,    0.0845,    0.0925,    0.1041,    0.0916,    0.1262,    0.1118,    0.1227,    0.1359,    0.1109,    0.1617,    0.1802,    0.1484,    0.1785,    0.2043,    0.2208,    0.2206,    0.1458,    0.2330,    0.2463,    0.3025,    0.3236,    0.3351,    0.3566,    0.3665,    0.3847,    0.3920,    0.4472,    0.4862,    0.4624,    0.4745,    0.4837,    0.8252,    0.9015,    0.9464,    0.9795,    1.0039,    1.0865,    1.0181,    1.0851,    1.0602,    1.1095,    1.0525,    1.1285,    2.4301,    2.3981,    2.4506,    2.4894,    2.5152,    2.4157,    2.5096,    2.5770,    2.6322,    2.4482,    2.4123,    2.5045,    6.3247,    6.0132,    5.9377,    5.7530,    5.3125,    4.9821,    4.3732,    4.0218,    3.8643,    3.3859,    2.6006,    2.4162,    1.8638,    1.7142,    1.3077,    1.2492,    0.8449,    0.6153,    0.4986,    0.2007,    0.1773,    0.1262,    0.0438,    0.0357,    0.0003,    0.0011,    0.0023,    0.0037,    0.0053,    0.0070,    0.0088,    0.0089,    0.0195,    0.0321,    0.0563,    0.0945,    0.1309,    0.2014,    0.3186,    0.4935,    0.7751,    1.2145,    1.7534,    2.2152,    2.4244,    2.3012,    1.9678,    1.6621,    0.5103,    0.4920,    0.4863,    0.5241,    0.5904,    0.6625,    0.9111,    0.9169,    0.9787,    1.1040,    1.1408,    1.2558,    0.9697,    0.9641,    0.9572,    0.9473,    0.9378,    0.9287,    0.9178,    0.9074,    0.8966,    0.8844,    0.8684,    0.8432,    0.8110,    0.6983,    0.7534,    0.5373,    0.5389,    0.5272,    0.4678,    0.3091,    0.2502,    0.1791,    0.1400,    0.1252,    0.3030,    0.2810,    0.2264,    0.2059,    0.1940,    0.2038,    0.2157,    0.2285,    0.2378,    0.2585,    0.2780,    0.2804,    0.4376,    0.3966,    0.3430,    0.2866,    0.2148,    0.1518,    0.1232,    0.0992,    0.0839,    0.0741,    0.0753,    0.0679,    0.1391,    0.1139,    0.0772,    0.0491,    0.0303,    0.0182,    0.0113,    0.0113,    0.0095,    0.0088,    0.0069,    0.0024,    0.0219,    0.0000,    0.0556,    0.0988,    0.1108,    0.1014,    0.1143,    0.1276,    0.1139,    0.1574,    0.1395,    0.1535,    0.1691,    0.1377,    0.1994,    0.2184,    0.1779,    0.1153,    0.0138,    0.0310,    0.1511,    0.1813,    0.2933,    0.3083,    0.3820,    0.4091,    0.4240,    0.4511,    0.4623,    0.4736,    0.4415,    0.4018,    0.3542,    0.4236,    0.5887,    0.5978,    1.0486,    1.1467,    1.2019,    1.2208,    1.2001,    1.3314,    1.2787,    1.3597,    1.2499,    1.4136,    1.3368,    1.4226,    3.0812,    3.0068,    3.1220,    3.1707,    3.1914,    3.0762,    3.1704,    3.2431,    3.3016,    3.0652,    3.0212,    3.1361,    7.9271,    7.5574,    7.4722,    7.2449,    6.6890,    6.2704,    5.5017,    5.0542,    4.8504,    4.2454,    3.2576,    3.0238,    2.3302,    2.1410,    1.6320,    1.5570,    1.0482,    0.7594,    0.6127,    0.2456,    0.2161,    0.1533,    0.0531,    0.0431
    2,    0.1000,  227.5722,    0.2464,  107.8218,  111.8242,    4.4910,   15.5779,  158.4330,  163.5827,  163.6723,  163.8293,  164.1029,  164.5732,  165.3648,  166.6602,  168.4872,  170.9519,  174.2721,  178.5564,  183.8814,  190.3071,  197.9049,  205.8548,  212.8059,  218.1105,  222.1140,  224.8330,  226.3589,  227.0949,  227.3721,  227.5098,  227.5598,    0.0703,    0.2666,    0.5639,    0.9333,    1.3494,    1.7909,    2.2392,    2.6780,    3.0874,    3.4601,    3.7795,    4.0341,    3.6105,    3.6683,    3.6385,    3.5023,    3.2329,    2.8239,    2.3804,    2.0596,    1.8950,    1.8893,    2.0271,    2.2069,    0.8094,    0.8272,    0.8459,    0.8628,    0.8686,    0.8670,    0.8282,    0.8317,    0.8151,    0.7322,    0.7341,    0.6203,    0.4061,    0.3493,    0.2922,    0.2817,    0.2629,    0.2225,    0.2557,    0.2581,    0.2745,    0.3078,    0.3625,    0.4204,    0.5155,    0.5550,    0.4752,    0.5860,    0.5800,    0.5760,    0.5774,    0.6195,    0.6246,    0.6313,    0.6315,    0.6261,    1.6894,    1.6212,    1.5619,    1.4961,    1.4239,    1.3318,    1.2383,    1.1515,    1.0724,    0.9828,    0.9001,    0.8282,    1.1956,    1.0844,    1.0308,    0.9950,    0.9648,    0.9127,    0.8512,    0.7921,    0.7277,    0.6649,    0.6007,    0.5443,    1.3597,    0.9659,    0.6881,    0.4990,    0.3596,    0.2575,    0.1819,    0.1231,    0.0833,    0.0555,    0.0374,    0.0274,    0.0880,    0.0479,    0.0712,    0.0776,    0.0864,    0.0806,    0.0883,    0.0995,    0.0876,    0.1208,    0.1072,    0.1179,    0.1308,    0.1069,    0.1561,    0.1743,    0.1438,    0.1742,    0.2022,    0.2182,    0.2165,    0.1419,    0.2268,    0.2399,    0.2948,    0.3155,    0.3270,    0.3482,    0.3581,    0.3761,    0.3836,    0.4386,    0.4776,    0.4536,    0.4645,    0.4737,    0.8081,    0.8833,    0.9278,    0.9607,    0.9854,    1.0665,    0.9991,    1.0649,    1.0410,    1.0887,    1.0328,    1.1075,    2.3849,    2.3538,    2.4050,    2.4432,    2.4686,    2.3714,    2.4729,    2.5427,    2.6000,    2.4188,    2.3829,    2.4736,    6.2409,    5.9217,    5.8403,    5.6541,    5.2198,    4.8952,    4.2968,    3.9507,    3.7951,    3.3247,    2.5536,    2.3735,    1.8319,    1.6858,    1.2869,    1.2302,    0.8348,    0.6099,    0.4956,    0.2000,    0.1772,    0.1263,    0.0440,    0.0359,    0.0006,    0.0021,    0.0045,    0.0074,    0.0106,    0.0141,    0.0175,    0.0178,    0.0387,    0.0638,    0.1115,    0.1859,    0.2551,    0.3874,    0.6002,    0.9016,    1.3512,    1.9759,    2.6295,    3.1034,    3.2843,    3.1549,    2.8083,    2.4398,    0.7702,    0.7392,    0.7167,    0.7270,    0.7640,    0.8086,    0.9955,    0.9931,    1.0363,    1.1356,    1.1619,    1.2573,    0.9698,    0.9642,    0.9572,    0.9473,    0.9378,    0.9287,    0.9178,    0.9074,    0.8966,    0.8844,    0.8685,    0.8441,    0.8181,    0.7165,    0.7649,    0.5700,    0.5694,    0.5574,    0.5033,    0.3600,    0.3064,    0.2413,    0.2045,    0.1893,    0.4755,    0.4474,    0.3912,    0.3653,    0.3501,    0.3648,    0.3829,    0.3987,    0.4083,    0.4323,    0.4519,    0.4546,    0.7074,    0.6506,    0.5577,    0.4597,    0.3534,    0.2705,    0.2222,    0.1807,    0.1538,    0.1339,    0.1254,    0.1114,    0.2444,    0.1962,    0.1418,    0.0909,    0.0566,    0.0343,    0.0215,    0.0183,    0.0143,    0.0118,    0.0087,    0.0037,    0.0209,    0.0000,    0.0519,    0.0914,    0.1017,    0.0932,    0.1054,    0.1181,    0.1057,    0.1463,    0.1301,    0.1437,    0.1588,    0.1297,    0.1882,    0.2068,    0.1688,    0.1097,    0.0132,    0.0296,    0.1444,    0.1735,    0.2810,    0.2956,    0.3668,    0.3933,    0.4081,    0.4347,    0.4460,    0.4573,    0.4266,    0.3886,    0.3429,    0.4104,    0.5709,    0.5801,    1.0184,    1.1147,    1.1696,    1.1893,    1.1700,    1.2985,    1.2471,    1.3261,    1.2190,    1.3787,    1.3037,    1.3874,    3.0049,    2.9324,    3.0447,    3.0922,    3.1124,    2.9994,    3.0774,    3.1401,    3.1897,    2.9583,    2.9145,    3.0242,    7.6446,    7.2931,    7.2113,    6.9914,    6.4521,    6.0459,    5.3022,    4.8645,    4.6615,    4.0749,    3.1237,    2.8980,    2.2324,    2.0504,    1.5624,    1.4901,    1.0016,    0.7245,    0.5837,    0.2336,    0.2054,    0.1455,    0.0503,    0.0408
    2,    0.1500,  227.5722,    0.2585,  100.2219,  110.0324,   10.2999,   21.3568,  158.4330,  163.5827,  163.6723,  163.8293,  164.1029,  164.5732,  165.3648,  166.6602,  168.4872,  170.9519,  174.2721,  178.5564,  183.8814,  190.3071,  197.9049,  205.8548,  212.8059,  218.1105,  222.1140,  224.8330,  226.3589,  227.0949,  227.3721,  227.5098,  227.5598,    0.0702,    0.2662,    0.5630,    0.9317,    1.3472,    1.7878,    2.2353,    2.6727,    3.0763,    3.4401,    3.7433,    3.9719,    3.5250,    3.5395,    3.4522,    3.2488,    2.9174,    2.4843,    2.0718,    1.7989,    1.6563,    1.6372,    1.7357,    1.8802,    0.6900,    0.7069,    0.7260,    0.7464,    0.7580,    0.7637,    0.7463,    0.7522,    0.7444,    0.6809,    0.6865,    0.5955,    0.3961,    0.3438,    0.2897,    0.2797,    0.2614,    0.2219,    0.2543,    0.2564,    0.2721,    0.3037,    0.3545,    0.4067,    0.4914,    0.5239,    0.4531,    0.5482,    0.5436,    0.5397,    0.5395,    0.5735,    0.5762,    0.5808,    0.5803,    0.5755,    1.5540,    1.4911,    1.4348,    1.3735,    1.3047,    1.2115,    1.1169,    1.0308,    0.9538,    0.8650,    0.7848,    0.7158,    1.0252,    0.9255,    0.8887,    0.8725,    0.8612,    0.8221,    0.7734,    0.7262,    0.6704,    0.6152,    0.5584,    0.5072,    1.2695,    0.8959,    0.6337,    0.4629,    0.3364,    0.2430,    0.1726,    0.1166,    0.0788,    0.0526,    0.0356,    0.0261,    0.0868,    0.0477,    0.0692,    0.0746,    0.0828,    0.0773,    0.0847,    0.0956,    0.0842,    0.1162,    0.1032,    0.1137,    0.1263,    0.1034,    0.1512,    0.1690,    0.1396,    0.1702,    0.2003,    0.2157,    0.2126,    0.1383,    0.2212,    0.2340,    0.2877,    0.3081,    0.3195,    0.3404,    0.3502,    0.3682,    0.3759,    0.4304,    0.4696,    0.4453,    0.4552,    0.4643,    0.7922,    0.8661,    0.9101,    0.9430,    0.9679,    1.0475,    0.9811,    1.0457,    1.0228,    1.0690,    1.0141,    1.0877,    2.3420,    2.3119,    2.3617,    2.3994,    2.4245,    2.3295,    2.4384,    2.5107,    2.5702,    2.3917,    2.3557,    2.4450,    6.1634,    5.8370,    5.7502,    5.5626,    5.1342,    4.8151,    4.2265,    3.8854,    3.7318,    3.2689,    2.5108,    2.3347,    1.8029,    1.6602,    1.2680,    1.2131,    0.8256,    0.6052,    0.4931,    0.1994,    0.1771,    0.1265,    0.0441,    0.0361,    0.0008,    0.0032,    0.0067,    0.0111,    0.0159,    0.0210,    0.0261,    0.0267,    0.0579,    0.0950,    0.1655,    0.2743,    0.3731,    0.5596,    0.8509,    1.2449,    1.7968,    2.4971,    3.1468,    3.5589,    3.6932,    3.5771,    3.2683,    2.9072,    0.9339,    0.8986,    0.8689,    0.8645,    0.8841,    0.9117,    1.0565,    1.0491,    1.0797,    1.1598,    1.1784,    1.2586,    0.9699,    0.9642,    0.9572,    0.9473,    0.9378,    0.9287,    0.9178,    0.9074,    0.8966,    0.8844,    0.8686,    0.8449,    0.8242,    0.7318,    0.7747,    0.5973,    0.5950,    0.5829,    0.5331,    0.4026,    0.3534,    0.2932,    0.2583,    0.2430,    0.6200,    0.5869,    0.5291,    0.4986,    0.4802,    0.4968,    0.5174,    0.5331,    0.5408,    0.5639,    0.5806,    0.5805,    0.8987,    0.8289,    0.7129,    0.5902,    0.4626,    0.3660,    0.3034,    0.2490,    0.2129,    0.1850,    0.1686,    0.1492,    0.3360,    0.2669,    0.1966,    0.1269,    0.0796,    0.0487,    0.0306,    0.0245,    0.0186,    0.0145,    0.0104,    0.0049,    0.0199,    0.0000,    0.0485,    0.0848,    0.0937,    0.0859,    0.0975,    0.1096,    0.0983,    0.1365,    0.1217,    0.1348,    0.1494,    0.1223,    0.1780,    0.1961,    0.1605,    0.1045,    0.0126,    0.0283,    0.1382,    0.1662,    0.2695,    0.2839,    0.3525,    0.3784,    0.3932,    0.4193,    0.4306,    0.4419,    0.4126,    0.3762,    0.3322,    0.3979,    0.5540,    0.5633,    0.9898,    1.0844,    1.1389,    1.1592,    1.1413,    1.2670,    1.2170,    1.2939,    1.1894,    1.3453,    1.2721,    1.3537,    2.9321,    2.8613,    2.9709,    3.0172,    3.0369,    2.9261,    2.9886,    3.0417,    3.0830,    2.8564,    2.8130,    2.9177,    7.3760,    7.0422,    6.9639,    6.7512,    6.2279,    5.8334,    5.1135,    4.6854,    4.4837,    3.9146,    2.9980,    2.7799,    2.1405,    1.9652,    1.4971,    1.4271,    0.9577,    0.6916,    0.5564,    0.2224,    0.1952,    0.1382,    0.0477,    0.0387
    2,    0.2000,  227.5722,    0.2697,   94.5278,  108.3704,   14.3328,   24.9513,  158.4330,  163.5827,  163.6723,  163.8293,  164.1029,  164.5732,  165.3648,  166.6602,  168.4872,  170.9519,  174.2721,  178.5564,  183.8814,  190.3071,  197.9049,  205.8548,  212.8059,  218.1105,  222.1140,  224.8330,  226.3589,  227.0949,  227.3721,  227.5098,  227.5598,    0.0701,    0.2658,    0.5621,    0.9302,    1.3449,    1.7848,    2.2315,    2.6675,    3.0653,    3.4205,    3.7081,    3.9123,    3.4448,    3.4220,    3.2898,    3.0411,    2.6813,    2.2589,    1.8873,    1.6483,    1.5181,    1.4919,    1.5654,    1.6796,    0.6141,    0.6287,    0.6461,    0.6665,    0.6799,    0.6887,    0.6839,    0.6908,    0.6885,    0.6390,    0.6469,    0.5735,    0.3868,    0.3385,    0.2874,    0.2778,    0.2599,    0.2213,    0.2529,    0.2548,    0.2699,    0.2997,    0.3469,    0.3941,    0.4701,    0.4968,    0.4337,    0.5159,    0.5123,    0.5086,    0.5070,    0.5346,    0.5356,    0.5385,    0.5375,    0.5331,    1.4402,    1.3817,    1.3281,    1.2707,    1.2052,    1.1126,    1.0188,    0.9349,    0.8608,    0.7747,    0.6981,    0.6328,    0.9011,    0.8105,    0.7833,    0.7782,    0.7784,    0.7482,    0.7088,    0.6705,    0.6215,    0.5724,    0.5217,    0.4748,    1.1904,    0.8351,    0.5869,    0.4314,    0.3158,    0.2300,    0.1642,    0.1107,    0.0747,    0.0500,    0.0340,    0.0250,    0.0857,    0.0476,    0.0675,    0.0720,    0.0798,    0.0745,    0.0817,    0.0923,    0.0813,    0.1123,    0.0997,    0.1100,    0.1223,    0.1003,    0.1468,    0.1643,    0.1359,    0.1666,    0.1984,    0.2133,    0.2091,    0.1350,    0.2160,    0.2287,    0.2812,    0.3013,    0.3126,    0.3332,    0.3430,    0.3608,    0.3686,    0.4228,    0.4620,    0.4376,    0.4464,    0.4555,    0.7772,    0.8500,    0.8935,    0.9262,    0.9513,    1.0295,    0.9641,    1.0276,    1.0056,    1.0503,    0.9965,    1.0688,    2.3014,    2.2721,    2.3208,    2.3579,    2.3827,    2.2897,    2.4061,    2.4809,    2.5425,    2.3665,    2.3306,    2.4186,    6.0917,    5.7586,    5.6667,    5.4779,    5.0550,    4.7410,    4.1615,    3.8253,    3.6737,    3.2178,    2.4718,    2.2993,    1.7766,    1.6368,    1.2508,    1.1976,    0.8174,    0.6009,    0.4908,    0.1990,    0.1770,    0.1267,    0.0443,    0.0363,    0.0011,    0.0043,    0.0090,    0.0147,    0.0212,    0.0280,    0.0348,    0.0355,    0.0769,    0.1259,    0.2185,    0.3599,    0.4854,    0.7196,    1.0757,    1.5378,    2.1513,    2.8731,    3.4769,    3.8158,    3.9093,    3.8093,    3.5464,    3.2137,    1.0455,    1.0092,    0.9765,    0.9636,    0.9720,    0.9882,    1.1026,    1.0920,    1.1134,    1.1789,    1.1916,    1.2597,    0.9700,    0.9642,    0.9572,    0.9473,    0.9378,    0.9287,    0.9178,    0.9074,    0.8966,    0.8845,    0.8687,    0.8457,    0.8295,    0.7448,    0.7830,    0.6206,    0.6169,    0.6046,    0.5585,    0.4387,    0.3931,    0.3371,    0.3039,    0.2885,    0.7430,    0.7055,    0.6462,    0.6118,    0.5903,    0.6071,    0.6279,    0.6421,    0.6468,    0.6671,    0.6796,    0.6758,    1.0413,    0.9610,    0.8303,    0.6922,    0.5508,    0.4447,    0.3713,    0.3070,    0.2635,    0.2291,    0.2062,    0.1822,    0.4165,    0.3284,    0.2436,    0.1582,    0.1000,    0.0615,    0.0388,    0.0302,    0.0225,    0.0169,    0.0119,    0.0060,    0.0190,    0.0000,    0.0455,    0.0789,    0.0866,    0.0794,    0.0905,    0.1020,    0.0917,    0.1276,    0.1141,    0.1267,    0.1409,    0.1156,    0.1687,    0.1863,    0.1528,    0.0996,    0.0121,    0.0271,    0.1324,    0.1594,    0.2588,    0.2728,    0.3392,    0.3645,    0.3792,    0.4048,    0.4161,    0.4274,    0.3994,    0.3644,    0.3220,    0.3860,    0.5379,    0.5473,    0.9625,    1.0555,    1.1097,    1.1304,    1.1139,    1.2369,    1.1881,    1.2632,    1.1611,    1.3133,    1.2419,    1.3216,    2.8625,    2.7934,    2.9003,    2.9454,    2.9647,    2.8560,    2.9035,    2.9477,    2.9811,    2.7593,    2.7162,    2.8163,    7.1204,    6.8036,    6.7290,    6.5233,    6.0154,    5.6322,    4.9349,    4.5162,    4.3158,    3.7635,    2.8796,    2.6686,    2.0540,    1.8849,    1.4355,    1.3679,    0.9164,    0.6605,    0.5306,    0.2118,    0.1857,    0.1312,    0.0453,    0.0367
    2,    0.3000,  227.5722,    0.2898,   86.2870,  105.3897,   19.5946,   28.6146,  158.4330,  163.5827,  163.6723,  163.8293,  164.1029,  164.5732,  165.3648,  166.6602,  168.4872,  170.9519,  174.2721,  178.5564,  183.8814,  190.3071,  197.9049,  205.8548,  212.8059,  218.1105,  222.1140,  224.8330,  226.3589,  227.0949,  227.3721,  227.5098,  227.5598,    0.0699,    0.2649,    0.5602,    0.9271,    1.3404,    1.7788,    2.2238,    2.6571,    3.0437,    3.3821,    3.6404,    3.8001,    3.2984,    3.2162,    3.0219,    2.7245,    2.3579,    1.9844,    1.6751,    1.4719,    1.3544,    1.3218,    1.3698,    1.4469,    0.5242,    0.5346,    0.5479,    0.5652,    0.5780,    0.5882,    0.5954,    0.6022,    0.6056,    0.5747,    0.5843,    0.5358,    0.3702,    0.3288,    0.2829,    0.2741,    0.2571,    0.2201,    0.2502,    0.2517,    0.2655,    0.2923,    0.3332,    0.3719,    0.4339,    0.4522,    0.4012,    0.4636,    0.4615,    0.4579,    0.4546,    0.4727,    0.4712,    0.4717,    0.4700,    0.4662,    1.2602,    1.2086,    1.1596,    1.1086,    1.0488,    0.9600,    0.8707,    0.7928,    0.7251,    0.6461,    0.5771,    0.5191,    0.7339,    0.6565,    0.6382,    0.6431,    0.6546,    0.6353,    0.6080,    0.5816,    0.5426,    0.5027,    0.4610,    0.4211,    1.0584,    0.7349,    0.5109,    0.3794,    0.2811,    0.2075,    0.1495,    0.1005,    0.0676,    0.0455,    0.0311,    0.0230,    0.0837,    0.0473,    0.0646,    0.0678,    0.0751,    0.0701,    0.0768,    0.0869,    0.0765,    0.1058,    0.0940,    0.1038,    0.1157,    0.0950,    0.1393,    0.1563,    0.1295,    0.1602,    0.1949,    0.2089,    0.2028,    0.1293,    0.2069,    0.2192,    0.2697,    0.2892,    0.3003,    0.3203,    0.3300,    0.3474,    0.3555,    0.4089,    0.4480,    0.4234,    0.4305,    0.4395,    0.7497,    0.8204,    0.8629,    0.8952,    0.9206,    0.9961,    0.9325,    0.9940,    0.9736,    1.0158,    0.9638,    1.0340,    2.2262,    2.1985,    2.2450,    2.2811,    2.3055,    2.2163,    2.3472,    2.4270,    2.4928,    2.3215,    2.2858,    2.3716,    5.9639,    5.6184,    5.5173,    5.3263,    4.9136,    4.6089,    4.0459,    3.7188,    3.5712,    3.1282,    2.4034,    2.2376,    1.7306,    1.5961,    1.2209,    1.1706,    0.8032,    0.5937,    0.4870,    0.1982,    0.1770,    0.1271,    0.0445,    0.0366,    0.0017,    0.0064,    0.0134,    0.0220,    0.0316,    0.0418,    0.0519,    0.0530,    0.1143,    0.1866,    0.3212,    0.5230,    0.6944,    1.0078,    1.4619,    2.0109,    2.6774,    3.3671,    3.8477,    4.0639,    4.1049,    4.0287,    3.8407,    3.5751,    1.1840,    1.1498,    1.1165,    1.0954,    1.0910,    1.0932,    1.1671,    1.1527,    1.1620,    1.2069,    1.2113,    1.2615,    0.9702,    0.9643,    0.9572,    0.9473,    0.9378,    0.9287,    0.9178,    0.9074,    0.8966,    0.8845,    0.8689,    0.8470,    0.8382,    0.7658,    0.7965,    0.6580,    0.6522,    0.6398,    0.5994,    0.4968,    0.4568,    0.4074,    0.3771,    0.3616,    0.9411,    0.8966,    0.8349,    0.7939,    0.7668,    0.7809,    0.7988,    0.8078,    0.8059,    0.8184,    0.8216,    0.8100,    1.2389,    1.1427,    0.9958,    0.8413,    0.6847,    0.5664,    0.4784,    0.4002,    0.3459,    0.3015,    0.2686,    0.2373,    0.5515,    0.4299,    0.3203,    0.2101,    0.1343,    0.0836,    0.0532,    0.0400,    0.0293,    0.0212,    0.0146,    0.0079,    0.0174,    0.0000,    0.0402,    0.0689,    0.0745,    0.0685,    0.0786,    0.0890,    0.0803,    0.1123,    0.1009,    0.1127,    0.1260,    0.1038,    0.1521,    0.1688,    0.1390,    0.0909,    0.0111,    0.0249,    0.1220,    0.1471,    0.2393,    0.2528,    0.3148,    0.3391,    0.3535,    0.3781,    0.3895,    0.4007,    0.3750,    0.3426,    0.3032,    0.3640,    0.5081,    0.5177,    0.9118,    1.0016,    1.0550,    1.0767,    1.0625,    1.1806,    1.1340,    1.2056,    1.1081,    1.2535,    1.1853,    1.2613,    2.7319,    2.6659,    2.7680,    2.8109,    2.8293,    2.7245,    2.7441,    2.7717,    2.7907,    2.5779,    2.5356,    2.6272,    6.6444,    6.3600,    6.2930,    6.1008,    5.6217,    5.2597,    4.6046,    4.2038,    4.0067,    3.4859,    2.6623,    2.4646,    1.8954,    1.7377,    1.3226,    1.2590,    0.8404,    0.6035,    0.4833,    0.1923,    0.1681,    0.1186,    0.0408,    0.0330
    2,    0.4000,  227.5722,    0.3072,   80.4425,  102.8013,   22.8523,   29.8193,  158.4330,  163.5827,  163.6723,  163.8293,  164.1029,  164.5732,  165.3648,  166.6602,  168.4872,  170.9519,  174.2721,  178.5564,  183.8814,  190.3071,  197.9049,  205.8548,  212.8059,  218.1105,  222.1140,  224.8330,  226.3589,  227.0949,  227.3721,  227.5098,  227.5598,    0.0697,    0.2641,    0.5585,    0.9241,    1.3360,    1.7728,    2.2163,    2.6468,    3.0226,    3.3451,    3.5762,    3.6967,    3.1686,    3.0426,    2.8118,    2.4982,    2.1514,    1.8242,    1.5505,    1.3654,    1.2552,    1.2195,    1.2543,    1.3125,    0.4724,    0.4800,    0.4902,    0.5041,    0.5149,    0.5242,    0.5354,    0.5413,    0.5470,    0.5273,    0.5369,    0.5048,    0.3556,    0.3200,    0.2786,    0.2706,    0.2544,    0.2190,    0.2477,    0.2488,    0.2614,    0.2854,    0.3209,    0.3528,    0.4043,    0.4169,    0.3749,    0.4231,    0.4218,    0.4183,    0.4141,    0.4258,    0.4228,    0.4217,    0.4195,    0.4161,    1.1248,    1.0784,    1.0333,    0.9871,    0.9322,    0.8485,    0.7650,    0.6933,    0.6315,    0.5594,    0.4973,    0.4453,    0.6268,    0.5584,    0.5435,    0.5514,    0.5669,    0.5533,    0.5331,    0.5140,    0.4817,    0.4482,    0.4131,    0.3783,    0.9525,    0.6558,    0.4517,    0.3381,    0.2530,    0.1888,    0.1371,    0.0919,    0.0616,    0.0416,    0.0286,    0.0212,    0.0819,    0.0471,    0.0623,    0.0646,    0.0716,    0.0668,    0.0732,    0.0828,    0.0729,    0.1008,    0.0896,    0.0990,    0.1105,    0.0908,    0.1333,    0.1498,    0.1242,    0.1547,    0.1917,    0.2050,    0.1974,    0.1245,    0.1992,    0.2112,    0.2599,    0.2788,    0.2897,    0.3092,    0.3187,    0.3358,    0.3441,    0.3966,    0.4356,    0.4108,    0.4164,    0.4252,    0.7253,    0.7939,    0.8355,    0.8674,    0.8928,    0.9659,    0.9040,    0.9637,    0.9447,    0.9846,    0.9343,    1.0025,    2.1583,    2.1320,    2.1766,    2.2118,    2.2357,    2.1501,    2.2952,    2.3799,    2.4497,    2.2828,    2.2472,    2.3311,    5.8540,    5.4974,    5.3882,    5.1954,    4.7916,    4.4953,    3.9466,    3.6278,    3.4843,    3.0525,    2.3460,    2.1858,    1.6922,    1.5621,    1.1961,    1.1482,    0.7916,    0.5878,    0.4840,    0.1977,    0.1771,    0.1275,    0.0448,    0.0369,    0.0022,    0.0084,    0.0177,    0.0292,    0.0420,    0.0554,    0.0689,    0.0704,    0.1512,    0.2457,    0.4199,    0.6764,    0.8848,    1.2601,    1.7816,    2.3753,    3.0441,    3.6622,    4.0291,    4.1676,    4.1831,    4.1195,    3.9766,    3.7656,    1.2621,    1.2315,    1.2004,    1.1769,    1.1661,    1.1608,    1.2094,    1.1930,    1.1949,    1.2262,    1.2252,    1.2630,    0.9704,    0.9643,    0.9572,    0.9473,    0.9378,    0.9287,    0.9178,    0.9074,    0.8966,    0.8845,    0.8691,    0.8480,    0.8450,    0.7820,    0.8069,    0.6867,    0.6795,    0.6670,    0.6309,    0.5414,    0.5056,    0.4614,    0.4333,    0.4179,    1.0939,    1.0440,    0.9802,    0.9341,    0.9020,    0.9119,    0.9250,    0.9278,    0.9192,    0.9235,    0.9180,    0.8992,    1.3679,    1.2604,    1.1062,    0.9447,    0.7815,    0.6564,    0.5591,    0.4719,    0.4100,    0.3585,    0.3182,    0.2813,    0.6602,    0.5104,    0.3800,    0.2512,    0.1620,    0.1019,    0.0654,    0.0483,    0.0349,    0.0247,    0.0169,    0.0095,    0.0160,    0.0000,    0.0358,    0.0605,    0.0647,    0.0595,    0.0687,    0.0782,    0.0709,    0.0995,    0.0898,    0.1008,    0.1133,    0.0938,    0.1379,    0.1538,    0.1271,    0.0833,    0.0102,    0.0229,    0.1128,    0.1363,    0.2221,    0.2350,    0.2932,    0.3164,    0.3305,    0.3542,    0.3655,    0.3766,    0.3529,    0.3229,    0.2862,    0.3441,    0.4810,    0.4907,    0.8655,    0.9523,    1.0049,    1.0273,    1.0152,    1.1287,    1.0842,    1.1526,    1.0594,    1.1984,    1.1332,    1.2058,    2.6117,    2.5486,    2.6462,    2.6871,    2.7047,    2.6034,    2.5972,    2.6100,    2.6163,    2.4120,    2.3706,    2.4546,    6.2105,    5.9562,    5.8967,    5.7175,    5.2650,    4.9224,    4.3059,    3.9220,    3.7287,    3.2368,    2.4677,    2.2819,    1.7532,    1.6059,    1.2213,    1.1615,    0.7723,    0.5523,    0.4408,    0.1749,    0.1525,    0.1072,    0.0369,    0.0297
    2,    0.5000,  227.5722,    0.3225,   76.0001,  100.5410,   25.0361,   29.7946,  158.4330,  163.5827,  163.6723,  163.8293,  164.1029,  164.5732,  165.3648,  166.6602,  168.4872,  170.9519,  174.2721,  178.5564,  183.8814,  190.3071,  197.9049,  205.8548,  212.8059,  218.1105,  222.1140,  224.8330,  226.3589,  227.0949,  227.3721,  227.5098,  227.5598,    0.0694,    0.2632,    0.5567,    0.9211,    1.3316,    1.7670,    2.2088,    2.6367,    3.0020,    3.3092,    3.5152,    3.6012,    3.0530,    2.8948,    2.6443,    2.3308,    2.0100,    1.7169,    1.4647,    1.2916,    1.1869,    1.1490,    1.1750,    1.2215,    0.4378,    0.4436,    0.4517,    0.4630,    0.4719,    0.4798,    0.4921,    0.4969,    0.5033,    0.4907,    0.4997,    0.4787,    0.3427,    0.3120,    0.2746,    0.2672,    0.2518,    0.2179,    0.2452,    0.2460,    0.2575,    0.2791,    0.3099,    0.3363,    0.3796,    0.3881,    0.3532,    0.3908,    0.3899,    0.3866,    0.3818,    0.3890,    0.3851,    0.3830,    0.3805,    0.3773,    1.0198,    0.9775,    0.9355,    0.8930,    0.8423,    0.7638,    0.6861,    0.6200,    0.5634,    0.4974,    0.4408,    0.3936,    0.5524,    0.4905,    0.4771,    0.4853,    0.5018,    0.4913,    0.4754,    0.4609,    0.4334,    0.4046,    0.3743,    0.3434,    0.8658,    0.5918,    0.4044,    0.3045,    0.2297,    0.1731,    0.1265,    0.0846,    0.0565,    0.0383,    0.0264,    0.0197,    0.0804,    0.0469,    0.0604,    0.0622,    0.0690,    0.0644,    0.0705,    0.0796,    0.0701,    0.0969,    0.0861,    0.0952,    0.1063,    0.0874,    0.1284,    0.1444,    0.1198,    0.1500,    0.1887,    0.2014,    0.1928,    0.1203,    0.1927,    0.2043,    0.2514,    0.2698,    0.2805,    0.2995,    0.3088,    0.3257,    0.3339,    0.3857,    0.4244,    0.3995,    0.4039,    0.4125,    0.7035,    0.7702,    0.8108,    0.8422,    0.8676,    0.9385,    0.8782,    0.9362,    0.9184,    0.9563,    0.9075,    0.9740,    2.0967,    2.0717,    2.1146,    2.1490,    2.1724,    2.0901,    2.2490,    2.3385,    2.4123,    2.2492,    2.2139,    2.2963,    5.7592,    5.3924,    5.2762,    5.0817,    4.6860,    4.3970,    3.8610,    3.5497,    3.4101,    2.9883,    2.2974,    2.1421,    1.6598,    1.5336,    1.1752,    1.1295,    0.7820,    0.5831,    0.4817,    0.1973,    0.1772,    0.1278,    0.0450,    0.0371,    0.0028,    0.0105,    0.0221,    0.0363,    0.0523,    0.0690,    0.0857,    0.0876,    0.1875,    0.3034,    0.5148,    0.8207,    1.0591,    1.4829,    2.0502,    2.6630,    3.3087,    3.8466,    4.1254,    4.2189,    4.2222,    4.1651,    4.0473,    3.8737,    1.3090,    1.2820,    1.2538,    1.2302,    1.2162,    1.2066,    1.2386,    1.2213,    1.2184,    1.2402,    1.2354,    1.2643,    0.9705,    0.9644,    0.9572,    0.9473,    0.9379,    0.9287,    0.9178,    0.9075,    0.8966,    0.8846,    0.8693,    0.8489,    0.8505,    0.7948,    0.8151,    0.7093,    0.7011,    0.6885,    0.6559,    0.5767,    0.5443,    0.5041,    0.4778,    0.4626,    1.2154,    1.1613,    1.0957,    1.0454,    1.0090,    1.0140,    1.0216,    1.0184,    1.0035,    1.0001,    0.9870,    0.9619,    1.4572,    1.3416,    1.1843,    1.0202,    0.8546,    0.7255,    0.6221,    0.5288,    0.4614,    0.4045,    0.3586,    0.3174,    0.7496,    0.5757,    0.4278,    0.2846,    0.1849,    0.1173,    0.0757,    0.0553,    0.0396,    0.0278,    0.0188,    0.0109,    0.0148,    0.0000,    0.0320,    0.0535,    0.0566,    0.0521,    0.0605,    0.0692,    0.0630,    0.0887,    0.0804,    0.0907,    0.1024,    0.0851,    0.1256,    0.1406,    0.1166,    0.0766,    0.0094,    0.0212,    0.1046,    0.1266,    0.2067,    0.2191,    0.2738,    0.2961,    0.3098,    0.3326,    0.3438,    0.3548,    0.3329,    0.3050,    0.2706,    0.3258,    0.4563,    0.4660,    0.8232,    0.9072,    0.9589,    0.9818,    0.9716,    1.0808,    1.0382,    1.1037,    1.0143,    1.1475,    1.0851,    1.1545,    2.5007,    2.4403,    2.5337,    2.5727,    2.5897,    2.4916,    2.4616,    2.4610,    2.4559,    2.2597,    2.2194,    2.2966,    5.8134,    5.5871,    5.5349,    5.3679,    4.9400,    4.6154,    4.0341,    3.6664,    3.4771,    3.0119,    2.2923,    2.1173,    1.6252,    1.4871,    1.1301,    1.0736,    0.7110,    0.5063,    0.4027,    0.1592,    0.1384,    0.0971,    0.0333,    0.0268
    2,    0.7500,  227.5722,    0.3530,   68.3190,   96.0109,   28.1913,   27.4283,  158.4330,  163.5827,  163.6723,  163.8293,  164.1029,  164.5732,  165.3648,  166.6602,  168.4872,  170.9519,  174.2721,  178.5564,  183.8814,  190.3071,  197.9049,  205.8548,  212.8059,  218.1105,  222.1140,  224.8330,  226.3589,  227.0949,  227.3721,  227.5098,  227.5598,    0.0689,    0.2612,    0.5524,    0.9139,    1.3210,    1.7526,    2.1907,    2.6119,    2.9523,    3.2245,    3.3758,    3.3921,    2.8140,    2.6096,    2.3487,    2.0614,    1.7956,    1.5499,    1.3285,    1.1757,    1.0802,    1.0390,    1.0510,    1.0798,    0.3842,    0.3877,    0.3929,    0.4004,    0.4059,    0.4109,    0.4220,    0.4244,    0.4306,    0.4275,    0.4338,    0.4285,    0.3162,    0.2946,    0.2656,    0.2594,    0.2457,    0.2154,    0.2395,    0.2394,    0.2486,    0.2650,    0.2868,    0.3031,    0.3327,    0.3351,    0.3121,    0.3329,    0.3325,    0.3292,    0.3240,    0.3249,    0.3199,    0.3166,    0.3137,    0.3108,    0.8394,    0.8039,    0.7677,    0.7319,    0.6889,    0.6219,    0.5564,    0.5012,    0.4540,    0.3990,    0.3522,    0.3132,    0.4375,    0.3861,    0.3738,    0.3802,    0.3948,    0.3874,    0.3767,    0.3680,    0.3477,    0.3262,    0.3037,    0.2795,    0.7055,    0.4751,    0.3194,    0.2429,    0.1860,    0.1428,    0.1057,    0.0702,    0.0466,    0.0318,    0.0221,    0.0166,    0.0770,    0.0463,    0.0570,    0.0582,    0.0648,    0.0605,    0.0660,    0.0745,    0.0654,    0.0903,    0.0802,    0.0885,    0.0989,    0.0814,    0.1195,    0.1345,    0.1117,    0.1408,    0.1822,    0.1937,    0.1834,    0.1124,    0.1800,    0.1909,    0.2350,    0.2523,    0.2623,    0.2802,    0.2891,    0.3052,    0.3133,    0.3630,    0.4009,    0.3759,    0.3780,    0.3863,    0.6581,    0.7207,    0.7589,    0.7889,    0.8140,    0.8800,    0.8231,    0.8775,    0.8624,    0.8961,    0.8505,    0.9132,    1.9657,    1.9433,    1.9826,    2.0153,    2.0379,    1.9628,    2.1543,    2.2553,    2.3384,    2.1834,    2.1487,    2.2282,    5.5736,    5.1854,    5.0547,    4.8567,    4.4774,    4.2035,    3.6929,    3.3979,    3.2671,    2.8654,    2.2051,    2.0594,    1.5988,    1.4801,    1.1362,    1.0946,    0.7645,    0.5748,    0.4778,    0.1968,    0.1776,    0.1286,    0.0454,    0.0376,    0.0041,    0.0156,    0.0327,    0.0539,    0.0775,    0.1023,    0.1271,    0.1299,    0.2758,    0.4418,    0.7369,    1.1471,    1.4360,    1.9394,    2.5621,    3.1635,    3.7098,    4.0745,    4.2283,    4.2754,    4.2674,    4.2166,    4.1247,    3.9971,    1.3655,    1.3448,    1.3227,    1.3016,    1.2855,    1.2717,    1.2814,    1.2633,    1.2541,    1.2621,    1.2519,    1.2667,    0.9709,    0.9645,    0.9572,    0.9473,    0.9379,    0.9287,    0.9178,    0.9075,    0.8967,    0.8846,    0.8697,    0.8508,    0.8604,    0.8172,    0.8297,    0.7491,    0.7393,    0.7268,    0.7001,    0.6392,    0.6126,    0.5797,    0.5569,    0.5421,    1.4324,    1.3706,    1.3014,    1.2435,    1.1984,    1.1913,    1.1855,    1.1685,    1.1406,    1.1211,    1.0930,    1.0562,    1.5890,    1.4607,    1.3031,    1.1404,    0.9762,    0.8434,    0.7319,    0.6300,    0.5538,    0.4882,    0.4330,    0.3843,    0.9162,    0.6952,    0.5139,    0.3459,    0.2279,    0.1468,    0.0958,    0.0689,    0.0489,    0.0337,    0.0227,    0.0138,    0.0122,    0.0000,    0.0247,    0.0401,    0.0412,    0.0380,    0.0448,    0.0518,    0.0476,    0.0677,    0.0620,    0.0707,    0.0808,    0.0677,    0.1008,    0.1140,    0.0953,    0.0629,    0.0077,    0.0176,    0.0876,    0.1065,    0.1746,    0.1857,    0.2330,    0.2531,    0.2659,    0.2868,    0.2976,    0.3080,    0.2899,    0.2664,    0.2371,    0.2865,    0.4028,    0.4125,    0.7312,    0.8088,    0.8583,    0.8822,    0.8757,    0.9754,    0.9370,    0.9960,    0.9152,    1.0357,    0.9792,    1.0418,    2.2566,    2.2020,    2.2863,    2.3213,    2.3365,    2.2455,    2.1636,    2.1352,    2.1070,    1.9293,    1.8916,    1.9545,    4.9546,    4.7893,    4.7543,    4.6147,    4.2410,    3.9557,    3.4510,    3.1197,    2.9413,    2.5346,    1.9209,    1.7691,    1.3544,    1.2359,    0.9374,    0.8879,    0.5816,    0.4096,    0.3227,    0.1265,    0.1091,    0.0761,    0.0259,    0.0207
    2,    1.0000,  227.5722,    0.3756,   63.2899,   92.6556,   29.8692,   23.9652,  158.4330,  163.5827,  163.6723,  163.8293,  164.1029,  164.5732,  165.3648,  166.6602,  168.4872,  170.9519,  174.2721,  178.5564,  183.8814,  190.3071,  197.9049,  205.8548,  212.8059,  218.1105,  222.1140,  224.8330,  226.3589,  227.0949,  227.3721,  227.5098,  227.5598,    0.0684,    0.2593,    0.5482,    0.9069,    1.3107,    1.7388,    2.1731,    2.5878,    2.9054,    3.1464,    3.2528,    3.2180,    2.6294,    2.4075,    2.1601,    1.9029,    1.6703,    1.4481,    1.2459,    1.1063,    1.0168,    0.9737,    0.9770,    0.9950,    0.3522,    0.3544,    0.3580,    0.3634,    0.3670,    0.3703,    0.3794,    0.3803,    0.3855,    0.3865,    0.3903,    0.3923,    0.2954,    0.2803,    0.2576,    0.2525,    0.2403,    0.2130,    0.2343,    0.2335,    0.2408,    0.2531,    0.2683,    0.2780,    0.2993,    0.2987,    0.2829,    0.2944,    0.2940,    0.2908,    0.2858,    0.2838,    0.2785,    0.2749,    0.2718,    0.2691,    0.7259,    0.6947,    0.6625,    0.6308,    0.5931,    0.5346,    0.4777,    0.4298,    0.3886,    0.3408,    0.3002,    0.2664,    0.3710,    0.3260,    0.3139,    0.3181,    0.3300,    0.3234,    0.3146,    0.3081,    0.2917,    0.2742,    0.2562,    0.2360,    0.5956,    0.3966,    0.2631,    0.2011,    0.1554,    0.1210,    0.0904,    0.0597,    0.0393,    0.0269,    0.0189,    0.0143,    0.0744,    0.0458,    0.0547,    0.0560,    0.0626,    0.0583,    0.0636,    0.0715,    0.0628,    0.0865,    0.0766,    0.0845,    0.0943,    0.0775,    0.1138,    0.1280,    0.1062,    0.1340,    0.1768,    0.1874,    0.1765,    0.1069,    0.1711,    0.1814,    0.2232,    0.2396,    0.2491,    0.2661,    0.2745,    0.2899,    0.2978,    0.3454,    0.3823,    0.3575,    0.3581,    0.3659,    0.6227,    0.6818,    0.7179,    0.7463,    0.7707,    0.8329,    0.7787,    0.8304,    0.8171,    0.8477,    0.8047,    0.8644,    1.8604,    1.8401,    1.8767,    1.9081,    1.9298,    1.8609,    2.0825,    2.1939,    2.2852,    2.1365,    2.1024,    2.1800,    5.4418,    5.0363,    4.8945,    4.6938,    4.3268,    4.0644,    3.5726,    3.2904,    3.1672,    2.7805,    2.1420,    2.0033,    1.5576,    1.4442,    1.1102,    1.0716,    0.7534,    0.5698,    0.4757,    0.1966,    0.1780,    0.1292,    0.0457,    0.0379,    0.0054,    0.0205,    0.0432,    0.0710,    0.1022,    0.1348,    0.1676,    0.1714,    0.3606,    0.5723,    0.9394,    1.4315,    1.7461,    2.2902,    2.9196,    3.4722,    3.9135,    4.1659,    4.2684,    4.3001,    4.2880,    4.2398,    4.1573,    4.0468,    1.3885,    1.3711,    1.3523,    1.3337,    1.3179,    1.3031,    1.3031,    1.2852,    1.2733,    1.2744,    1.2615,    1.2684,    0.9712,    0.9646,    0.9572,    0.9473,    0.9379,    0.9287,    0.9178,    0.9075,    0.8967,    0.8847,    0.8701,    0.8521,    0.8670,    0.8316,    0.8391,    0.7746,    0.7639,    0.7515,    0.7288,    0.6797,    0.6568,    0.6289,    0.6085,    0.5940,    1.5749,    1.5079,    1.4362,    1.3729,    1.3214,    1.3035,    1.2859,    1.2576,    1.2199,    1.1886,    1.1504,    1.1060,    1.6572,    1.5222,    1.3671,    1.2089,    1.0496,    0.9169,    0.8022,    0.6966,    0.6154,    0.5446,    0.4837,    0.4303,    1.0314,    0.7763,    0.5712,    0.3875,    0.2577,    0.1680,    0.1105,    0.0788,    0.0555,    0.0381,    0.0256,    0.0159,    0.0102,    0.0000,    0.0193,    0.0305,    0.0304,    0.0282,    0.0337,    0.0394,    0.0366,    0.0524,    0.0486,    0.0560,    0.0646,    0.0546,    0.0820,    0.0936,    0.0788,    0.0523,    0.0064,    0.0147,    0.0742,    0.0906,    0.1490,    0.1591,    0.2003,    0.2185,    0.2306,    0.2496,    0.2600,    0.2699,    0.2548,    0.2347,    0.2094,    0.2540,    0.3585,    0.3681,    0.6547,    0.7267,    0.7741,    0.7985,    0.7948,    0.8864,    0.8516,    0.9052,    0.8315,    0.9413,    0.8899,    0.9467,    2.0506,    2.0008,    2.0775,    2.1089,    2.1228,    2.0377,    1.9130,    1.8631,    1.8177,    1.6564,    1.6215,    1.6730,    4.2485,    4.1327,    4.1124,    3.9961,    3.6679,    3.4157,    2.9744,    2.6750,    2.5076,    2.1499,    1.6227,    1.4899,    1.1375,    1.0351,    0.7833,    0.7397,    0.4789,    0.3333,    0.2601,    0.1011,    0.0864,    0.0598,    0.0203,    0.0161
    2,    1.2500,  227.5722,    0.3927,   59.6710,   90.1151,   30.9518,   20.3873,  158.4330,  163.5827,  163.6723,  163.8293,  164.1029,  164.5732,  165.3648,  166.6602,  168.4872,  170.9519,  174.2721,  178.5564,  183.8814,  190.3071,  197.9049,  205.8548,  212.8059,  218.1105,  222.1140,  224.8330,  226.3589,  227.0949,  227.3721,  227.5098,  227.5598,    0.0679,    0.2574,    0.5441,    0.9001,    1.3008,    1.7254,    2.1561,    2.5644,    2.8609,    3.0742,    3.1436,    3.0718,    2.4843,    2.2593,    2.0308,    1.7971,    1.5840,    1.3773,    1.1892,    1.0590,    0.9738,    0.9294,    0.9269,    0.9374,    0.3304,    0.3316,    0.3342,    0.3383,    0.3407,    0.3428,    0.3503,    0.3502,    0.3544,    0.3575,    0.3592,    0.3648,    0.2787,    0.2682,    0.2506,    0.2463,    0.2353,    0.2108,    0.2295,    0.2282,    0.2337,    0.2428,    0.2531,    0.2583,    0.2743,    0.2721,    0.2611,    0.2669,    0.2663,    0.2632,    0.2585,    0.2551,    0.2500,    0.2463,    0.2433,    0.2407,    0.6484,    0.6200,    0.5906,    0.5617,    0.5276,    0.4754,    0.4246,    0.3817,    0.3446,    0.3018,    0.2656,    0.2354,    0.3272,    0.2866,    0.2745,    0.2769,    0.2864,    0.2800,    0.2720,    0.2665,    0.2523,    0.2374,    0.2221,    0.2047,    0.5159,    0.3402,    0.2232,    0.1710,    0.1330,    0.1046,    0.0787,    0.0517,    0.0338,    0.0232,    0.0164,    0.0124,    0.0722,    0.0453,    0.0532,    0.0546,    0.0614,    0.0572,    0.0622,    0.0698,    0.0612,    0.0842,    0.0745,    0.0820,    0.0914,    0.0750,    0.1101,    0.1236,    0.1025,    0.1289,    0.1721,    0.1821,    0.1712,    0.1029,    0.1646,    0.1744,    0.2146,    0.2302,    0.2393,    0.2555,    0.2635,    0.2782,    0.2857,    0.3314,    0.3673,    0.3427,    0.3424,    0.3498,    0.5947,    0.6508,    0.6848,    0.7118,    0.7354,    0.7944,    0.7425,    0.7918,    0.7800,    0.8081,    0.7673,    0.8245,    1.7744,    1.7558,    1.7902,    1.8206,    1.8417,    1.7780,    2.0272,    2.1480,    2.2463,    2.1026,    2.0691,    2.1454,    5.3468,    4.9273,    4.7766,    4.5736,    4.2160,    3.9625,    3.4848,    3.2128,    3.0959,    2.7206,    2.0978,    1.9642,    1.5292,    1.4196,    1.0925,    1.0561,    0.7461,    0.5667,    0.4745,    0.1966,    0.1783,    0.1296,    0.0460,    0.0382,    0.0067,    0.0253,    0.0533,    0.0878,    0.1263,    0.1666,    0.2072,    0.2120,    0.4422,    0.6955,    1.1247,    1.6813,    2.0047,    2.5659,    3.1773,    3.6702,    4.0241,    4.2104,    4.2899,    4.3143,    4.3000,    4.2531,    4.1755,    4.0732,    1.4005,    1.3846,    1.3677,    1.3505,    1.3352,    1.3204,    1.3156,    1.2980,    1.2849,    1.2820,    1.2677,    1.2698,    0.9715,    0.9647,    0.9573,    0.9473,    0.9379,    0.9287,    0.9179,    0.9075,    0.8967,    0.8848,    0.8704,    0.8532,    0.8717,    0.8415,    0.8456,    0.7920,    0.7808,    0.7685,    0.7485,    0.7076,    0.6874,    0.6629,    0.6442,    0.6302,    1.6744,    1.6036,    1.5299,    1.4628,    1.4063,    1.3792,    1.3518,    1.3146,    1.2696,    1.2299,    1.1847,    1.1353,    1.6970,    1.5581,    1.4055,    1.2517,    1.0976,    0.9663,    0.8505,    0.7434,    0.6591,    0.5851,    0.5204,    0.4637,    1.1156,    0.8347,    0.6118,    0.4175,    0.2796,    0.1838,    0.1217,    0.0862,    0.0605,    0.0414,    0.0278,    0.0175,    0.0086,    0.0000,    0.0152,    0.0234,    0.0227,    0.0211,    0.0256,    0.0303,    0.0283,    0.0410,    0.0384,    0.0447,    0.0522,    0.0445,    0.0673,    0.0775,    0.0658,    0.0438,    0.0054,    0.0124,    0.0633,    0.0776,    0.1282,    0.1374,    0.1736,    0.1901,    0.2013,    0.2188,    0.2287,    0.2382,    0.2254,    0.2081,    0.1861,    0.2266,    0.3212,    0.3306,    0.5899,    0.6569,    0.7023,    0.7269,    0.7255,    0.8100,    0.7783,    0.8272,    0.7596,    0.8602,    0.8132,    0.8650,    1.8736,    1.8280,    1.8981,    1.9265,    1.9392,    1.8591,    1.6990,    1.6327,    1.5748,    1.4282,    1.3959,    1.4384,    3.6595,    3.5835,    3.5755,    3.4789,    3.1894,    2.9652,    2.5775,    2.3062,    2.1496,    1.8338,    1.3784,    1.2616,    0.9605,    0.8714,    0.6579,    0.6193,    0.3962,    0.2724,    0.2105,    0.0811,    0.0687,    0.0473,    0.0159,    0.0126
    2,    1.5000,  227.5722,    0.4059,   56.9048,   88.1567,   31.7637,   17.0058,  158.4330,  163.5827,  163.6723,  163.8293,  164.1029,  164.5732,  165.3648,  166.6602,  168.4872,  170.9519,  174.2721,  178.5564,  183.8814,  190.3071,  197.9049,  205.8548,  212.8059,  218.1105,  222.1140,  224.8330,  226.3589,  227.0949,  227.3721,  227.5098,  227.5598,    0.0674,    0.2556,    0.5402,    0.8935,    1.2912,    1.7124,    2.1397,    2.5418,    2.8188,    3.0073,    3.0464,    2.9479,    2.3681,    2.1470,    1.9365,    1.7197,    1.5193,    1.3245,    1.1472,    1.0243,    0.9424,    0.8971,    0.8901,    0.8950,    0.3143,    0.3149,    0.3167,    0.3198,    0.3214,    0.3227,    0.3289,    0.3282,    0.3315,    0.3357,    0.3358,    0.3431,    0.2650,    0.2579,    0.2443,    0.2406,    0.2308,    0.2087,    0.2251,    0.2233,    0.2274,    0.2338,    0.2404,    0.2424,    0.2548,    0.2518,    0.2439,    0.2462,    0.2454,    0.2423,    0.2379,    0.2340,    0.2290,    0.2255,    0.2226,    0.2200,    0.5921,    0.5656,    0.5382,    0.5113,    0.4799,    0.4322,    0.3859,    0.3467,    0.3127,    0.2737,    0.2407,    0.2133,    0.2961,    0.2586,    0.2465,    0.2475,    0.2550,    0.2486,    0.2410,    0.2358,    0.2232,    0.2099,    0.1965,    0.1811,    0.4555,    0.2979,    0.1936,    0.1483,    0.1158,    0.0918,    0.0694,    0.0454,    0.0295,    0.0203,    0.0144,    0.0110,    0.0703,    0.0448,    0.0521,    0.0538,    0.0607,    0.0565,    0.0614,    0.0688,    0.0603,    0.0828,    0.0731,    0.0804,    0.0894,    0.0734,    0.1075,    0.1206,    0.0999,    0.1250,    0.1680,    0.1776,    0.1670,    0.1000,    0.1599,    0.1693,    0.2081,    0.2232,    0.2318,    0.2474,    0.2551,    0.2692,    0.2762,    0.3202,    0.3549,    0.3307,    0.3300,    0.3369,    0.5722,    0.6257,    0.6579,    0.6834,    0.7061,    0.7624,    0.7125,    0.7599,    0.7492,    0.7755,    0.7363,    0.7915,    1.7034,    1.6861,    1.7188,    1.7483,    1.7689,    1.7097,    1.9841,    2.1132,    2.2176,    2.0779,    2.0448,    2.1203,    5.2774,    4.8465,    4.6887,    4.4836,    4.1333,    3.8867,    3.4198,    3.1559,    3.0443,    2.6777,    2.0664,    1.9367,    1.5093,    1.4025,    1.0803,    1.0455,    0.7414,    0.5648,    0.4740,    0.1966,    0.1786,    0.1300,    0.0461,    0.0383,    0.0080,    0.0301,    0.0633,    0.1042,    0.1498,    0.1978,    0.2458,    0.2517,    0.5208,    0.8119,    1.2949,    1.9020,    2.2228,    2.7861,    3.3667,    3.8009,    4.0882,    4.2362,    4.3035,    4.3235,    4.3079,    4.2619,    4.1873,    4.0899,    1.4078,    1.3928,    1.3769,    1.3606,    1.3456,    1.3309,    1.3235,    1.3063,    1.2925,    1.2871,    1.2720,    1.2709,    0.9718,    0.9648,    0.9573,    0.9474,    0.9379,    0.9287,    0.9179,    0.9075,    0.8967,    0.8848,    0.8707,    0.8541,    0.8752,    0.8486,    0.8504,    0.8044,    0.7929,    0.7807,    0.7627,    0.7277,    0.7093,    0.6874,    0.6701,    0.6564,    1.7466,    1.6731,    1.5978,    1.5278,    1.4674,    1.4325,    1.3970,    1.3530,    1.3026,    1.2568,    1.2069,    1.1542,    1.7226,    1.5812,    1.4305,    1.2803,    1.1307,    1.0012,    0.8854,    0.7778,    0.6916,    0.6153,    0.5481,    0.4890,    1.1797,    0.8785,    0.6420,    0.4401,    0.2964,    0.1961,    0.1305,    0.0921,    0.0644,    0.0439,    0.0295,    0.0188,    0.0073,    0.0000,    0.0121,    0.0180,    0.0170,    0.0158,    0.0195,    0.0233,    0.0221,    0.0322,    0.0305,    0.0359,    0.0424,    0.0364,    0.0556,    0.0646,    0.0552,    0.0368,    0.0045,    0.0105,    0.0543,    0.0669,    0.1109,    0.1192,    0.1512,    0.1662,    0.1767,    0.1928,    0.2022,    0.2112,    0.2004,    0.1854,    0.1663,    0.2031,    0.2891,    0.2984,    0.5340,    0.5966,    0.6401,    0.6647,    0.6652,    0.7435,    0.7145,    0.7593,    0.6970,    0.7896,    0.7464,    0.7938,    1.7195,    1.6774,    1.7418,    1.7677,    1.7792,    1.7035,    1.5143,    1.4356,    1.3688,    1.2354,    1.2056,    1.2406,    3.1627,    3.1186,    3.1205,    3.0405,    2.7842,    2.5843,    2.2422,    1.9960,    1.8499,    1.5701,    1.1753,    1.0723,    0.8140,    0.7363,    0.5546,    0.5203,    0.3288,    0.2232,    0.1708,    0.0652,    0.0548,    0.0374,    0.0125,    0.0098
    2,    1.7500,  227.5722,    0.4162,   54.6998,   86.6246,   32.4407,   13.9190,  158.4330,  163.5827,  163.6723,  163.8293,  164.1029,  164.5732,  165.3648,  166.6602,  168.4872,  170.9519,  174.2721,  178.5564,  183.8814,  190.3071,  197.9049,  205.8548,  212.8059,  218.1105,  222.1140,  224.8330,  226.3589,  227.0949,  227.3721,  227.5098,  227.5598,    0.0670,    0.2538,    0.5365,    0.8872,    1.2819,    1.6999,    2.1237,    2.5197,    2.7788,    2.9454,    2.9596,    2.8422,    2.2736,    2.0595,    1.8642,    1.6593,    1.4683,    1.2832,    1.1147,    0.9976,    0.9182,    0.8722,    0.8617,    0.8623,    0.3019,    0.3020,    0.3032,    0.3056,    0.3066,    0.3072,    0.3125,    0.3112,    0.3139,    0.3186,    0.3175,    0.3256,    0.2534,    0.2490,    0.2386,    0.2355,    0.2266,    0.2067,    0.2211,    0.2188,    0.2217,    0.2259,    0.2295,    0.2292,    0.2392,    0.2357,    0.2301,    0.2299,    0.2289,    0.2259,    0.2219,    0.2177,    0.2129,    0.2096,    0.2067,    0.2042,    0.5490,    0.5240,    0.4982,    0.4728,    0.4433,    0.3992,    0.3563,    0.3199,    0.2884,    0.2524,    0.2219,    0.1966,    0.2727,    0.2377,    0.2255,    0.2253,    0.2312,    0.2247,    0.2174,    0.2124,    0.2007,    0.1887,    0.1766,    0.1627,    0.4082,    0.2650,    0.1708,    0.1307,    0.1023,    0.0815,    0.0620,    0.0402,    0.0260,    0.0179,    0.0128,    0.0097,    0.0688,    0.0444,    0.0513,    0.0534,    0.0603,    0.0561,    0.0609,    0.0682,    0.0597,    0.0819,    0.0722,    0.0794,    0.0882,    0.0723,    0.1058,    0.1185,    0.0980,    0.1219,    0.1644,    0.1737,    0.1636,    0.0978,    0.1564,    0.1655,    0.2033,    0.2178,    0.2261,    0.2412,    0.2485,    0.2621,    0.2687,    0.3110,    0.3447,    0.3209,    0.3199,    0.3265,    0.5539,    0.6051,    0.6357,    0.6599,    0.6816,    0.7356,    0.6874,    0.7332,    0.7233,    0.7481,    0.7105,    0.7639,    1.6440,    1.6279,    1.6592,    1.6880,    1.7081,    1.6528,    1.9503,    2.0867,    2.1962,    2.0596,    2.0269,    2.1019,    5.2262,    4.7859,    4.6225,    4.4157,    4.0710,    3.8298,    3.3711,    3.1138,    3.0065,    2.6465,    2.0439,    1.9171,    1.4952,    1.3905,    1.0718,    1.0381,    0.7382,    0.5637,    0.4737,    0.1968,    0.1789,    0.1303,    0.0463,    0.0385,    0.0092,    0.0347,    0.0730,    0.1202,    0.1729,    0.2282,    0.2836,    0.2906,    0.5964,    0.9221,    1.4515,    2.0980,    2.4083,    2.9640,    3.5079,    3.8892,    4.1280,    4.2531,    4.3130,    4.3300,    4.3134,    4.2680,    4.1956,    4.1014,    1.4128,    1.3983,    1.3830,    1.3673,    1.3526,    1.3379,    1.3289,    1.3120,    1.2978,    1.2908,    1.2752,    1.2719,    0.9720,    0.9649,    0.9573,    0.9474,    0.9379,    0.9287,    0.9179,    0.9075,    0.8967,    0.8849,    0.8709,    0.8549,    0.8779,    0.8539,    0.8539,    0.8136,    0.8019,    0.7898,    0.7732,    0.7425,    0.7255,    0.7056,    0.6893,    0.6759,    1.8006,    1.7250,    1.6483,    1.5762,    1.5125,    1.4713,    1.4292,    1.3799,    1.3256,    1.2753,    1.2222,    1.1672,    1.7403,    1.5972,    1.4479,    1.3003,    1.1545,    1.0268,    0.9115,    0.8040,    0.7164,    0.6386,    0.5696,    0.5088,    1.2299,    0.9126,    0.6653,    0.4577,    0.3096,    0.2059,    0.1375,    0.0968,    0.0675,    0.0460,    0.0309,    0.0198,    0.0063,    0.0000,    0.0096,    0.0139,    0.0127,    0.0119,    0.0149,    0.0180,    0.0172,    0.0254,    0.0243,    0.0290,    0.0345,    0.0299,    0.0460,    0.0540,    0.0465,    0.0311,    0.0038,    0.0090,    0.0468,    0.0578,    0.0962,    0.1038,    0.1321,    0.1459,    0.1557,    0.1705,    0.1795,    0.1879,    0.1789,    0.1659,    0.1490,    0.1827,    0.2612,    0.2703,    0.4852,    0.5439,    0.5855,    0.6101,    0.6121,    0.6849,    0.6582,    0.6995,    0.6418,    0.7274,    0.6876,    0.7311,    1.5837,    1.5448,    1.6041,    1.6276,    1.6382,    1.5663,    1.3533,    1.2655,    1.1926,    1.0712,    1.0438,    1.0727,    2.7403,    2.7213,    2.7311,    2.6649,    2.4374,    2.2586,    1.9561,    1.7323,    1.5963,    1.3480,    1.0047,    0.9137,    0.6916,    0.6237,    0.4686,    0.4381,    0.2735,    0.1834,    0.1389,    0.0525,    0.0438,    0.0297,    0.0099,    0.0077
    2,    2.0000,  227.5722,    0.4244,   52.8871,   85.4110,   33.0440,   11.1477,  158.4330,  163.5827,  163.6723,  163.8293,  164.1029,  164.5732,  165.3648,  166.6602,  168.4872,  170.9519,  174.2721,  178.5564,  183.8814,  190.3071,  197.9049,  205.8548,  212.8059,  218.1105,  222.1140,  224.8330,  226.3589,  227.0949,  227.3721,  227.5098,  227.5598,    0.0665,    0.2521,    0.5328,    0.8811,    1.2729,    1.6878,    2.1083,    2.4984,    2.7408,    2.8878,    2.8818,    2.7512,    2.1957,    1.9894,    1.8063,    1.6101,    1.4267,    1.2498,    1.0885,    0.9761,    0.8990,    0.8523,    0.8391,    0.8361,    0.2920,    0.2917,    0.2924,    0.2942,    0.2947,    0.2948,    0.2993,    0.2976,    0.2998,    0.3048,    0.3027,    0.3111,    0.2436,    0.2412,    0.2335,    0.2308,    0.2228,    0.2049,    0.2173,    0.2147,    0.2164,    0.2189,    0.2202,    0.2182,    0.2264,    0.2226,    0.2187,    0.2168,    0.2157,    0.2127,    0.2089,    0.2046,    0.2001,    0.1969,    0.1941,    0.1917,    0.5149,    0.4910,    0.4664,    0.4421,    0.4143,    0.3729,    0.3328,    0.2987,    0.2692,    0.2356,    0.2071,    0.1835,    0.2544,    0.2215,    0.2092,    0.2080,    0.2125,    0.2059,    0.1987,    0.1938,    0.1829,    0.1718,    0.1607,    0.1479,    0.3703,    0.2388,    0.1528,    0.1167,    0.0914,    0.0731,    0.0558,    0.0360,    0.0231,    0.0160,    0.0114,    0.0087,    0.0674,    0.0440,    0.0506,    0.0531,    0.0601,    0.0558,    0.0606,    0.0679,    0.0593,    0.0814,    0.0717,    0.0787,    0.0873,    0.0715,    0.1046,    0.1170,    0.0967,    0.1195,    0.1612,    0.1703,    0.1609,    0.0962,    0.1537,    0.1625,    0.1996,    0.2137,    0.2217,    0.2363,    0.2433,    0.2565,    0.2626,    0.3034,    0.3361,    0.3127,    0.3117,    0.3179,    0.5388,    0.5881,    0.6172,    0.6401,    0.6609,    0.7130,    0.6662,    0.7107,    0.7014,    0.7251,    0.6887,    0.7407,    1.5939,    1.5787,    1.6089,    1.6372,    1.6568,    1.6051,    1.9235,    2.0663,    2.1801,    2.0460,    2.0137,    2.0882,    5.1882,    4.7403,    4.5721,    4.3638,    4.0235,    3.7866,    3.3344,    3.0823,    2.9786,    2.6238,    2.0275,    1.9029,    1.4851,    1.3820,    1.0658,    1.0331,    0.7362,    0.5630,    0.4736,    0.1969,    0.1791,    0.1305,    0.0464,    0.0386,    0.0104,    0.0392,    0.0825,    0.1359,    0.1954,    0.2579,    0.3206,    0.3287,    0.6693,    1.0266,    1.5960,    2.2730,    2.5670,    3.1091,    3.6146,    3.9505,    4.1545,    4.2651,    4.3200,    4.3348,    4.3175,    4.2726,    4.2017,    4.1099,    1.4164,    1.4023,    1.3875,    1.3722,    1.3575,    1.3429,    1.3329,    1.3162,    1.3018,    1.2935,    1.2777,    1.2727,    0.9722,    0.9650,    0.9573,    0.9474,    0.9379,    0.9287,    0.9179,    0.9075,    0.8968,    0.8850,    0.8712,    0.8555,    0.8800,    0.8580,    0.8566,    0.8206,    0.8088,    0.7967,    0.7812,    0.7538,    0.7378,    0.7194,    0.7039,    0.6907,    1.8419,    1.7646,    1.6869,    1.6130,    1.5468,    1.5002,    1.4529,    1.3995,    1.3422,    1.2888,    1.2333,    1.1766,    1.7532,    1.6089,    1.4606,    1.3151,    1.1723,    1.0461,    0.9315,    0.8244,    0.7360,    0.6571,    0.5867,    0.5245,    1.2702,    0.9396,    0.6837,    0.4718,    0.3203,    0.2139,    0.1434,    0.1007,    0.0701,    0.0478,    0.0321,    0.0207,    0.0053,    0.0000,    0.0077,    0.0108,    0.0095,    0.0090,    0.0114,    0.0140,    0.0135,    0.0201,    0.0194,    0.0234,    0.0282,    0.0247,    0.0382,    0.0453,    0.0393,    0.0264,    0.0032,    0.0076,    0.0404,    0.0501,    0.0838,    0.0907,    0.1158,    0.1284,    0.1376,    0.1512,    0.1597,    0.1677,    0.1601,    0.1488,    0.1340,    0.1649,    0.2367,    0.2455,    0.4422,    0.4973,    0.5372,    0.5616,    0.5648,    0.6327,    0.6081,    0.6462,    0.5928,    0.6720,    0.6352,    0.6753,    1.4628,    1.4267,    1.4815,    1.5029,    1.5126,    1.4442,    1.2121,    1.1178,    1.0410,    0.9305,    0.9053,    0.9292,    2.3788,    2.3793,    2.3951,    2.3407,    2.1383,    1.9781,    1.7099,    1.5064,    1.3801,    1.1594,    0.8605,    0.7800,    0.5886,    0.5291,    0.3966,    0.3695,    0.2278,    0.1509,    0.1131,    0.0424,    0.0350,    0.0236,    0.0078,    0.0061
