Aluminium rod 9um length, 160nm diameter, r_eq = 0.351um 
Created from file Al_terraforming_nanoparticles_9um.dat
Bin  Qext    Qscat     W0      g     L1     L2
 1    9.337   8.551   0.916  0.134  4.50  4.36 
 2    11.383   10.346   0.909  0.116  4.36  4.23 
 3    13.117   11.845   0.903  0.102  4.23  4.10 
 4    14.559   13.076   0.898  0.090  4.10  3.98 
 5    15.890   14.200   0.894  0.078  3.98  3.87 
 6    15.673   14.011   0.894  0.074  3.87  3.77 
 7    14.947   13.393   0.896  0.073  3.77  3.67 
 8    14.344   12.876   0.898  0.072  3.67  3.57 
 9    13.853   12.454   0.899  0.071  3.57  3.48 
10    13.373   12.040   0.900  0.071  3.48  3.40 
11    12.811   11.554   0.902  0.070  3.40  3.32 
12    12.352   11.162   0.904  0.087  3.32  3.24 
13    11.947   10.818   0.905  0.112  3.24  3.16 
14    11.617   10.537   0.907  0.132  3.16  3.08 
15    11.295   10.261   0.908  0.152  3.08  3.01 
16    10.918   9.937   0.910  0.175  3.01  2.94 
17    10.611   9.673   0.912  0.194  2.94  2.87 
18    10.311   9.413   0.913  0.213  2.87  2.81 
19    10.017   9.158   0.914  0.231  2.81  2.75 
20    9.758   8.933   0.915  0.241  2.75  2.69 
21    9.534   8.737   0.916  0.244  2.69  2.64 
22    9.359   8.583   0.917  0.246  2.64  2.58 
23    9.144   8.394   0.918  0.249  2.58  2.53 
24    8.934   8.209   0.919  0.251  2.53  2.48 
25    8.728   8.028   0.920  0.253  2.48  2.41 
26    8.487   7.815   0.921  0.256  2.41  2.35 
27    8.253   7.607   0.922  0.259  2.35  2.29 
28    8.024   7.404   0.923  0.262  2.29  2.23 
29    7.802   7.206   0.924  0.264  2.23  2.18 
30    7.628   7.054   0.925  0.266  2.18  2.13 
31    7.477   6.930   0.927  0.268  2.13  2.08 
32    7.301   6.785   0.929  0.269  2.08  2.03 
33    7.157   6.666   0.931  0.270  2.03  1.99 
34    7.016   6.549   0.933  0.272  1.99  1.94 
35    6.879   6.434   0.935  0.273  1.94  1.90 
36    6.745   6.321   0.937  0.274  1.90  1.86 
37    6.587   6.188   0.939  0.275  1.86  1.80 
38    6.409   6.036   0.942  0.277  1.80  1.74 
39    6.212   5.867   0.945  0.279  1.74  1.68 
40    6.021   5.704   0.947  0.280  1.68  1.63 
41    5.860   5.564   0.950  0.282  1.63  1.58 
42    5.806   5.517   0.950  0.284  1.58  1.54 
43    5.824   5.534   0.950  0.287  1.54  1.49 
44    5.842   5.551   0.950  0.289  1.49  1.45 
45    5.857   5.564   0.950  0.292  1.45  1.41 
46    5.871   5.578   0.950  0.294  1.41  1.38 
47    5.885   5.591   0.950  0.296  1.38  1.34 
48    5.899   5.603   0.950  0.298  1.34  1.31 
49    5.917   5.620   0.950  0.301  1.31  1.24 
50    5.940   5.641   0.950  0.305  1.24  1.18 
51    5.962   5.662   0.950  0.308  1.18  1.13 
52    5.982   5.679   0.949  0.311  1.13  1.08 
53    6.000   5.696   0.949  0.314  1.08  1.03 
54    6.030   5.706   0.946  0.318  1.03  0.99 
55    6.327   5.601   0.885  0.335  0.99  0.95 
56    6.558   5.642   0.860  0.340  0.95  0.92 
57    6.767   5.688   0.840  0.344  0.92  0.89 
58    6.912   5.771   0.835  0.347  0.89  0.86 
59    7.032   5.879   0.836  0.350  0.86  0.83 
60    7.134   5.971   0.837  0.352  0.83  0.80 
61    7.283   6.170   0.847  0.354  0.80  0.74 
62    7.482   6.503   0.869  0.355  0.74  0.69 
63    7.713   6.798   0.881  0.361  0.69  0.64 
64    7.922   7.043   0.889  0.368  0.64  0.60 
65    8.171   7.284   0.891  0.381  0.60  0.56 
66    8.410   7.503   0.892  0.396  0.56  0.53 
67    8.639   7.711   0.893  0.408  0.53  0.51 
68    9.043   8.063   0.892  0.419  0.51  0.48 
69    9.472   8.434   0.890  0.429  0.48  0.46 
70    9.846   8.756   0.889  0.437  0.46  0.44 
71    10.138   9.002   0.888  0.444  0.44  0.42 
72    10.124   8.943   0.883  0.441  0.42  0.40 
73    10.033   8.806   0.878  0.436  0.40  0.38 
74    9.938   8.664   0.872  0.430  0.38  0.36 
75    9.856   8.542   0.867  0.426  0.36  0.34 
76    9.775   8.404   0.860  0.423  0.34  0.33 
77    9.662   8.059   0.834  0.435  0.33  0.31 
78    9.554   7.703   0.806  0.450  0.31  0.30 
79    9.461   7.401   0.782  0.463  0.30  0.29 
80    9.371   7.115   0.759  0.475  0.29  0.28 
81    9.286   6.843   0.737  0.487  0.28  0.27 
82    9.212   6.614   0.718  0.497  0.27  0.26 
83    9.141   6.396   0.700  0.507  0.26  0.25 
84    9.072   6.187   0.682  0.516  0.25  0.24 

IR: 
Bin  Qext    Qscat     W0      g        L1       L2
 1    0.430   0.207   0.483  0.000  1000.00  292.68 
 2    0.430   0.207   0.483  0.000  292.68  171.43 
 3    0.430   0.207   0.483  0.000  171.43  121.21 
 4    0.430   0.207   0.483  0.000  121.21  93.75 
 5    0.430   0.207   0.483  0.000  93.75  76.43 
 6    0.430   0.207   0.483  0.000  76.43  64.52 
 7    0.430   0.207   0.483  0.000  64.52  55.81 
 8    0.397   0.255   0.643  -0.028  55.81  49.18 
 9    0.740   0.457   0.618  -0.035  49.18  43.96 
10    1.127   0.764   0.679  -0.034  43.96  39.74 
11    1.841   1.304   0.708  -0.034  39.74  36.25 
12    2.944   2.190   0.744  -0.032  36.25  33.33 
13    4.591   3.527   0.768  -0.031  33.33  31.17 
14    6.994   5.584   0.798  -0.030  31.17  29.28 
15    11.025   8.898   0.807  -0.029  29.28  27.60 
16    17.454   14.380   0.824  -0.028  27.60  26.10 
17    28.772   23.926   0.832  -0.027  26.10  24.76 
18    49.652   41.568   0.837  -0.025  24.76  23.54 
19    83.049   70.464   0.848  -0.025  23.54  22.45 
20    122.187   104.424   0.855  -0.024  22.45  21.45 
21    146.849   126.427   0.861  -0.024  21.45  20.53 
22    137.511   119.539   0.869  -0.024  20.53  19.69 
23    107.024   93.602   0.875  -0.024  19.69  18.92 
24    80.406   70.775   0.880  -0.025  18.92  18.20 
25    68.110   60.175   0.884  -0.026  18.20  17.96 
26    62.480   55.309   0.885  -0.027  17.96  17.73 
27    56.916   50.484   0.887  -0.027  17.73  17.50 
28    51.513   45.778   0.889  -0.028  17.50  17.28 
29    47.567   42.365   0.891  -0.029  17.28  17.07 
30    44.294   39.539   0.893  -0.031  17.07  16.86 
31    41.061   36.735   0.895  -0.032  16.86  16.65 
32    38.929   34.879   0.896  -0.033  16.65  16.45 
33    36.113   32.413   0.898  -0.034  16.45  16.26 
34    34.056   30.595   0.898  -0.036  16.26  16.07 
35    32.714   29.407   0.899  -0.038  16.07  15.88 
36    30.724   27.642   0.900  -0.040  15.88  15.70 
37    28.758   25.896   0.900  -0.042  15.70  15.56 
38    27.626   24.893   0.901  -0.044  15.56  15.43 
39    26.732   24.105   0.902  -0.046  15.43  15.30 
40    25.845   23.322   0.902  -0.048  15.30  15.17 
41    24.966   22.545   0.903  -0.050  15.17  15.04 
42    24.095   21.774   0.904  -0.053  15.04  14.91 
43    23.232   21.009   0.904  -0.055  14.91  14.79 
44    23.232   21.009   0.904  -0.055  14.79  14.67 
45    22.376   20.249   0.905  -0.057  14.67  14.55 
46    21.669   19.620   0.905  -0.059  14.55  14.43 
47    21.111   19.124   0.906  -0.063  14.43  14.31 
48    20.557   18.632   0.906  -0.066  14.31  14.20 
49    20.009   18.143   0.907  -0.069  14.20  14.08 
50    19.465   17.659   0.907  -0.072  14.08  13.97 
51    18.927   17.178   0.908  -0.075  13.97  13.85 
52    18.392   16.700   0.908  -0.078  13.85  13.74 
53    17.893   16.253   0.908  -0.081  13.74  13.63 
54    17.604   15.987   0.908  -0.085  13.63  13.52 
55    17.318   15.724   0.908  -0.088  13.52  13.41 
56    17.035   15.463   0.908  -0.092  13.41  13.31 
57    17.035   15.463   0.908  -0.092  13.31  13.20 
58    16.754   15.205   0.908  -0.095  13.20  13.10 
59    16.476   14.949   0.907  -0.098  13.10  13.00 
60    16.200   14.695   0.907  -0.102  13.00  12.90 
61    15.825   14.348   0.907  -0.106  12.90  12.63 
62    15.766   14.236   0.903  -0.110  12.63  12.38 
63    15.816   14.216   0.899  -0.113  12.38  12.13 
64    15.855   14.200   0.896  -0.116  12.13  11.90 
65    16.301   14.538   0.892  -0.115  11.90  11.67 
66    18.325   16.243   0.886  -0.104  11.67  11.45 
67    20.957   18.431   0.879  -0.090  11.45  11.24 
68    23.537   20.542   0.873  -0.076  11.24  11.04 
69    25.923   22.517   0.869  -0.064  11.04  10.85 
70    30.070   26.151   0.870  -0.044  10.85  10.66 
71    34.380   29.960   0.871  -0.024  10.66  10.48 
72    38.616   33.717   0.873  -0.005  10.48  10.30 
73    42.776   37.422   0.875  0.014  10.30  10.03 
74    45.209   39.766   0.880  0.035  10.03  9.78 
75    40.466   36.017   0.890  0.053  9.78  9.54 
76    33.579   30.059   0.895  0.067  9.54  9.31 
77    27.086   24.388   0.900  0.080  9.31  9.09 
78    23.759   21.575   0.908  0.082  9.09  8.88 
79    21.035   19.275   0.916  0.082  8.88  8.68 
80    18.453   17.049   0.924  0.082  8.68  8.49 
81    17.034   15.715   0.923  0.078  8.49  8.30 
82    15.833   14.562   0.920  0.073  8.30  8.13 
83    14.686   13.468   0.917  0.067  8.13  7.96 
84    13.964   12.774   0.915  0.059  7.96  7.80 
85    13.124   11.960   0.911  0.041  7.80  7.35 
86    14.698   13.229   0.900  0.048  7.35  6.95 
87    16.679   14.888   0.893  0.079  6.95  6.59 
88    15.729   14.197   0.903  0.139  6.59  6.27 
89    14.098   12.892   0.914  0.168  6.27  5.97 
90    11.955   11.086   0.927  0.165  5.97  5.71 
91    10.563   9.847   0.932  0.161  5.71  5.46 
92    10.864   9.975   0.918  0.157  5.46  5.24 
93    11.173   10.108   0.905  0.152  5.24  5.03 
94    10.585   9.584   0.905  0.149  5.03  4.84 
95    9.768   8.896   0.911  0.145  4.84  4.66 
96    8.979   8.223   0.916  0.142  4.66  4.50 
