Aluminium rod 9um length, 160nm diameter, r_eq = 0.952um 
Created from file agregate_5um_spacing_average_Al8um_60nm.mat
Bin  Qext    Qscat     W0      g     L1     L2
 1    27.585   25.357   0.919  0.308  4.50  4.36 
 2    27.585   25.357   0.919  0.308  4.36  4.23 
 3    27.585   25.357   0.919  0.308  4.23  4.10 
 4    29.352   27.175   0.926  0.319  4.10  3.98 
 5    29.352   27.175   0.926  0.319  3.98  3.87 
 6    29.352   27.175   0.926  0.319  3.87  3.77 
 7    29.352   27.175   0.926  0.319  3.77  3.67 
 8    24.422   22.791   0.933  0.310  3.67  3.57 
 9    24.422   22.791   0.933  0.310  3.57  3.48 
10    24.422   22.791   0.933  0.310  3.48  3.40 
11    24.422   22.791   0.933  0.310  3.40  3.32 
12    24.712   23.162   0.937  0.345  3.32  3.24 
13    24.712   23.162   0.937  0.345  3.24  3.16 
14    24.712   23.162   0.937  0.345  3.16  3.08 
15    24.712   23.162   0.937  0.345  3.08  3.01 
16    24.712   23.162   0.937  0.345  3.01  2.94 
17    22.499   20.968   0.932  0.331  2.94  2.87 
18    22.499   20.968   0.932  0.331  2.87  2.81 
19    22.499   20.968   0.932  0.331  2.81  2.75 
20    22.499   20.968   0.932  0.331  2.75  2.69 
21    22.499   20.968   0.932  0.331  2.69  2.64 
22    22.499   20.968   0.932  0.331  2.64  2.58 
23    19.511   18.236   0.935  0.325  2.58  2.53 
24    19.511   18.236   0.935  0.325  2.53  2.48 
25    19.511   18.236   0.935  0.325  2.48  2.41 
26    19.511   18.236   0.935  0.325  2.41  2.35 
27    19.511   18.236   0.935  0.325  2.35  2.29 
28    19.511   18.236   0.935  0.325  2.29  2.23 
29    17.683   16.340   0.924  0.301  2.23  2.18 
30    17.683   16.340   0.924  0.301  2.18  2.13 
31    17.683   16.340   0.924  0.301  2.13  2.08 
32    17.683   16.340   0.924  0.301  2.08  2.03 
33    17.683   16.340   0.924  0.301  2.03  1.99 
34    17.683   16.340   0.924  0.301  1.99  1.94 
35    17.683   16.340   0.924  0.301  1.94  1.90 
36    17.683   16.340   0.924  0.301  1.90  1.86 
37    16.688   15.242   0.913  0.292  1.86  1.80 
38    16.688   15.242   0.913  0.292  1.80  1.74 
39    16.688   15.242   0.913  0.292  1.74  1.68 
40    16.688   15.242   0.913  0.292  1.68  1.63 
41    16.688   15.242   0.913  0.292  1.63  1.58 
42    16.688   15.242   0.913  0.292  1.58  1.54 
43    16.688   15.242   0.913  0.292  1.54  1.49 
44    15.292   14.005   0.916  0.294  1.49  1.45 
45    15.292   14.005   0.916  0.294  1.45  1.41 
46    15.292   14.005   0.916  0.294  1.41  1.38 
47    15.292   14.005   0.916  0.294  1.38  1.34 
48    15.292   14.005   0.916  0.294  1.34  1.31 
49    15.292   14.005   0.916  0.294  1.31  1.24 
50    15.292   14.005   0.916  0.294  1.24  1.18 
51    15.292   14.005   0.916  0.294  1.18  1.13 
52    17.002   15.201   0.894  0.299  1.13  1.08 
53    17.002   15.201   0.894  0.299  1.08  1.03 
54    17.002   15.201   0.894  0.299  1.03  0.99 
55    17.002   15.201   0.894  0.299  0.99  0.95 
56    17.002   15.201   0.894  0.299  0.95  0.92 
57    17.002   15.201   0.894  0.299  0.92  0.89 
58    17.002   15.201   0.894  0.299  0.89  0.86 
59    17.002   15.201   0.894  0.299  0.86  0.83 
60    17.002   15.201   0.894  0.299  0.83  0.80 
61    17.002   15.201   0.894  0.299  0.80  0.74 
62    21.964   18.236   0.830  0.391  0.74  0.69 
63    21.964   18.236   0.830  0.391  0.69  0.64 
64    21.964   18.236   0.830  0.391  0.64  0.60 
65    21.964   18.236   0.830  0.391  0.60  0.56 
66    21.964   18.236   0.830  0.391  0.56  0.53 
67    21.964   18.236   0.830  0.391  0.53  0.51 
68    21.964   18.236   0.830  0.391  0.51  0.48 
69    21.964   18.236   0.830  0.391  0.48  0.46 
70    21.964   18.236   0.830  0.391  0.46  0.44 
71    21.964   18.236   0.830  0.391  0.44  0.42 
72    21.964   18.236   0.830  0.391  0.42  0.40 
73    21.964   18.236   0.830  0.391  0.40  0.38 
74    21.497   14.019   0.652  0.651  0.38  0.36 
75    21.497   14.019   0.652  0.651  0.36  0.34 
76    21.497   14.019   0.652  0.651  0.34  0.33 
77    21.497   14.019   0.652  0.651  0.33  0.31 
78    21.497   14.019   0.652  0.651  0.31  0.30 
79    21.497   14.019   0.652  0.651  0.30  0.29 
80    21.497   14.019   0.652  0.651  0.29  0.28 
81    21.497   14.019   0.652  0.651  0.28  0.27 
82    21.497   14.019   0.652  0.651  0.27  0.26 
83    21.497   14.019   0.652  0.651  0.26  0.25 
84    21.497   14.019   0.652  0.651  0.25  0.24 

IR: 
Bin  Qext    Qscat     W0      g        L1       L2
 1    5.688   4.654   0.818  0.061  1000.00  292.68 
 2    5.688   4.654   0.818  0.061  292.68  171.43 
 3    5.688   4.654   0.818  0.061  171.43  121.21 
 4    5.688   4.654   0.818  0.061  121.21  93.75 
 5    5.688   4.654   0.818  0.061  93.75  76.43 
 6    5.688   4.654   0.818  0.061  76.43  64.52 
 7    5.688   4.654   0.818  0.061  64.52  55.81 
 8    7.175   6.186   0.862  0.069  55.81  49.18 
 9    14.188   12.027   0.848  0.086  49.18  43.96 
10    29.691   24.959   0.841  0.102  43.96  39.74 
11    58.697   43.827   0.747  0.109  39.74  36.25 
12    61.320   48.771   0.795  0.093  36.25  33.33 
13    70.413   60.279   0.856  0.130  33.33  31.17 
14    94.129   79.479   0.844  0.172  31.17  29.28 
15    101.834   83.369   0.819  0.189  29.28  27.60 
16    112.576   88.974   0.790  0.236  27.60  26.10 
17    124.259   100.138   0.806  0.260  26.10  24.76 
18    125.025   101.313   0.810  0.245  24.76  23.54 
19    131.907   103.466   0.784  0.287  23.54  22.45 
20    131.692   99.416   0.755  0.269  22.45  21.45 
21    118.348   90.873   0.768  0.214  21.45  20.53 
22    122.751   98.353   0.801  0.222  20.53  19.69 
23    110.759   93.136   0.841  0.216  19.69  18.92 
24    99.054   85.213   0.860  0.198  18.92  18.20 
25    96.714   83.955   0.868  0.193  18.20  17.96 
26    91.772   81.228   0.885  0.189  17.96  17.73 
27    87.161   78.328   0.899  0.197  17.73  17.50 
28    87.161   78.328   0.899  0.197  17.50  17.28 
29    82.268   74.835   0.910  0.208  17.28  17.07 
30    82.268   74.835   0.910  0.208  17.07  16.86 
31    77.112   70.439   0.913  0.217  16.86  16.65 
32    72.832   66.592   0.914  0.225  16.65  16.45 
33    72.832   66.592   0.914  0.225  16.45  16.26 
34    69.149   63.355   0.916  0.236  16.26  16.07 
35    69.149   63.355   0.916  0.236  16.07  15.88 
36    66.001   60.014   0.909  0.248  15.88  15.70 
37    66.001   60.014   0.909  0.248  15.70  15.56 
38    66.001   60.014   0.909  0.248  15.56  15.43 
39    63.263   57.298   0.906  0.261  15.43  15.30 
40    63.263   57.298   0.906  0.261  15.30  15.17 
41    63.263   57.298   0.906  0.261  15.17  15.04 
42    60.322   54.416   0.902  0.271  15.04  14.91 
43    60.322   54.416   0.902  0.271  14.91  14.79 
44    60.322   54.416   0.902  0.271  14.79  14.67 
45    57.039   51.141   0.897  0.277  14.67  14.55 
46    57.039   51.141   0.897  0.277  14.55  14.43 
47    57.039   51.141   0.897  0.277  14.43  14.31 
48    53.353   47.881   0.897  0.264  14.31  14.20 
49    53.353   47.881   0.897  0.264  14.20  14.08 
50    53.353   47.881   0.897  0.264  14.08  13.97 
51    50.841   45.432   0.894  0.245  13.97  13.85 
52    50.841   45.432   0.894  0.245  13.85  13.74 
53    50.841   45.432   0.894  0.245  13.74  13.63 
54    50.151   44.468   0.887  0.222  13.63  13.52 
55    50.151   44.468   0.887  0.222  13.52  13.41 
56    50.151   44.468   0.887  0.222  13.41  13.31 
57    51.241   44.500   0.868  0.203  13.31  13.20 
58    51.241   44.500   0.868  0.203  13.20  13.10 
59    51.241   44.500   0.868  0.203  13.10  13.00 
60    51.241   44.500   0.868  0.203  13.00  12.90 
61    53.118   45.536   0.857  0.205  12.90  12.63 
62    53.375   46.040   0.863  0.202  12.63  12.38 
63    53.375   46.040   0.863  0.202  12.38  12.13 
64    53.191   46.199   0.869  0.182  12.13  11.90 
65    53.191   46.199   0.869  0.182  11.90  11.67 
66    54.374   46.962   0.864  0.185  11.67  11.45 
67    56.699   48.649   0.858  0.218  11.45  11.24 
68    56.699   48.649   0.858  0.218  11.24  11.04 
69    61.199   52.162   0.852  0.228  11.04  10.85 
70    61.199   52.162   0.852  0.228  10.85  10.66 
71    68.008   57.547   0.846  0.257  10.66  10.48 
72    68.008   57.547   0.846  0.257  10.48  10.30 
73    72.304   61.953   0.857  0.297  10.30  10.03 
74    69.665   61.218   0.879  0.362  10.03  9.78 
75    69.665   61.218   0.879  0.362  9.78  9.54 
76    63.115   56.353   0.893  0.386  9.54  9.31 
77    56.052   50.657   0.904  0.412  9.31  9.09 
78    56.052   50.657   0.904  0.412  9.09  8.88 
79    47.640   43.400   0.911  0.423  8.88  8.68 
80    47.640   43.400   0.911  0.423  8.68  8.49 
81    39.838   36.459   0.915  0.387  8.49  8.30 
82    39.838   36.459   0.915  0.387  8.30  8.13 
83    36.667   33.166   0.905  0.334  8.13  7.96 
84    36.667   33.166   0.905  0.334  7.96  7.80 
85    34.890   31.245   0.896  0.281  7.80  7.35 
86    38.417   33.986   0.885  0.248  7.35  6.95 
87    47.868   42.154   0.881  0.316  6.95  6.59 
88    46.195   41.640   0.901  0.371  6.59  6.27 
89    36.708   33.768   0.920  0.357  6.27  5.97 
90    31.590   29.082   0.921  0.347  5.97  5.71 
91    31.590   29.082   0.921  0.347  5.71  5.46 
92    31.811   28.923   0.909  0.325  5.46  5.24 
93    38.498   34.774   0.903  0.336  5.24  5.03 
94    38.498   34.774   0.903  0.336  5.03  4.84 
95    30.114   27.993   0.930  0.343  4.84  4.66 
96    30.114   27.993   0.930  0.343  4.66  4.50 
